"issue_key","issuetype","created","sp_change","text_multinomial","text_gaussian","text_bernoulli","text_complement","GROUP"
"MULE-10220","Improvement","2016-08-08T10:42:32.000-0500",False,0.010680095554800461,0.0,0.0002762457415459389,0.07582399652980126,"A"
"MULE-11765","Bug","2017-02-08T13:58:58.000-0600",True,0.10448796142761847,1.0,1.0,0.46999221748421305,"A"
"MULE-11739","Improvement","2017-02-07T13:16:43.000-0600",False,0.02255213129454906,0.0,3.208015405126632e-05,0.14919013191596225,"A"
"MULE-13874","Bug","2017-10-24T20:20:24.000-0500",False,0.06544991542965196,0.0,0.0007207446234105099,0.3473672990030378,"A"
"MULE-14615","Bug","2018-02-20T14:29:41.000-0600",False,0.03733772298816269,1.0,2.9636319783844945e-05,0.22766375072141362,"A"
"MULE-14709","Task","2018-03-13T15:35:43.000-0500",False,0.048596771400939626,0.0,2.321894244743476e-05,0.2796431005581064,"A"
"MULE-16567","Task","2019-03-18T14:22:45.000-0500",False,0.03616766460078622,1.0,0.00028399458332546766,0.22190424592199592,"A"
"MULE-14324","Bug","2017-12-27T10:09:22.000-0600",False,0.05429618848031015,0.0,0.00017907097057705046,0.3037873603367933,"A"
"MULE-12949","Improvement","2017-06-27T10:52:07.000-0500",False,0.05141101276134455,1.0,6.228099064076691e-05,0.29173448559725257,"A"
"MULE-12097","Task","2017-03-30T12:44:47.000-0500",False,0.04774713778867648,0.0,0.00011682047175559791,0.27592552909652074,"A"
"MULE-16361","Task","2019-01-21T11:03:55.000-0600",False,0.08963325560976378,0.0,0.03342807565200507,0.42801050666201457,"A"
"MULE-14960","Task","2018-05-03T05:52:43.000-0500",True,0.04932453104909779,1.0,0.06069948722882169,0.2828024029874966,"A"
"MULE-15616","Bug","2018-08-28T14:29:35.000-0500",False,0.04374089003116429,0.0,0.9999999997994564,0.2579602516406435,"A"
"MULE-15747","Enhancement Request","2018-09-26T10:24:47.000-0500",False,0.05926215045822128,0.0,8.838940325282108e-05,0.323760023138703,"A"
"MULE-14364","Task","2018-01-03T20:17:26.000-0600",False,0.04689303162802362,0.0,0.0007194590602107965,0.27215629700707683,"A"
"MULE-7419","Bug","2014-03-07T13:32:20.000-0600",False,0.0250895884401304,0.0,7.1245309451719435e-06,0.16359153917049604,"A"
"MULE-13777","Task","2017-10-12T08:46:37.000-0500",False,0.02192254278530789,1.0,0.00012115681563620074,0.1455516361586825,"A"
"MULE-14569","Enhancement Request","2018-01-31T09:43:58.000-0600",False,0.036035562575980395,0.0,0.0006976934888579293,0.2212494711134541,"A"
"MULE-16238","Task","2018-12-19T11:29:57.000-0600",True,0.07185486836046295,1.0,0.00023922811118246235,0.3704255820600965,"A"
"MULE-7928","New Feature","2014-10-06T14:06:11.000-0500",False,0.042032009510443044,0.0,5.211941363293188e-05,0.25007081242335405,"A"
"MULE-9258","Story","2016-01-04T09:35:39.000-0600",True,0.027782967464711296,0.0,0.09657913242143698,0.1784319220507864,"A"
"MULE-14040","Task","2017-11-13T08:37:18.000-0600",True,0.10693599761143989,0.0,0.055952193423880935,0.4764475681694376,"A"
"MULE-10073","Improvement","2016-07-12T14:11:05.000-0500",False,0.037681300537415544,0.0,1.0811779359570854e-05,0.2293414492020933,"A"
"MULE-11632","Task","2017-02-03T14:18:56.000-0600",False,0.04047668214002789,0.0,0.059171194386012205,0.24276820466758164,"A"
"MULE-12573","Task","2017-05-24T08:50:49.000-0500",False,0.048368412883065544,0.0,0.00018857900299435053,0.2786470236173547,"A"
"MULE-7710","Task","2014-07-01T18:22:52.000-0500",False,0.13696051405798204,0.0,0.5062636644860977,0.5467085301068065,"A"
"MULE-12116","Bug","2017-04-02T13:00:00.000-0500",False,0.06472575982580145,1.0,0.003413724881273374,0.34467433877590103,"A"
"MULE-13016","Bug","2017-07-07T12:42:01.000-0500",False,0.05789750948258927,1.0,8.363326312887056e-05,0.31836594352293196,"A"
"MULE-11137","Bug","2016-12-02T14:34:06.000-0600",False,0.016355762796165765,0.0,8.803113899990087e-07,0.11219280452267776,"A"
"MULE-9752","New Feature","2016-05-26T11:03:08.000-0500",False,0.05210207798442069,0.0,7.683206041673895e-05,0.29465253196861985,"A"
"MULE-11466","Task","2017-01-19T10:00:53.000-0600",False,0.12503708183689247,0.0,5.2560217766161886e-05,0.5206325491978073,"A"
"MULE-9281","Task","2016-01-07T06:19:40.000-0600",False,0.0926469829738227,0.0,0.0005759785735326579,0.43694082565181924,"A"
"MULE-14874","Bug","2018-04-11T08:10:57.000-0500",False,0.046600386333960894,0.0,3.9531318698056685e-05,0.27085735683631607,"A"
"MULE-7748","Bug","2014-07-14T16:22:16.000-0500",False,0.061599536789407924,0.0,0.00021147171894623368,0.3328386255477102,"A"
"MULE-13902","Enhancement Request","2017-10-27T15:25:16.000-0500",False,0.022814922755041052,0.0,0.0008028142032980528,0.15070107291045748,"A"
"MULE-14477","Bug","2018-01-17T10:31:01.000-0600",False,0.05322111577177084,0.0,0.0001328214200772513,0.2993359310680893,"A"
"MULE-6954","Patch submission","2013-07-16T13:59:17.000-0500",False,0.09747628247460759,0.0,9.285104522518285e-05,0.4508003122207736,"A"
"MULE-14063","Bug","2017-11-14T12:28:48.000-0600",True,0.008340851681569419,0.0,5.599586183701638e-06,0.06008293023595909,"A"
"MULE-16400","Bug","2019-01-30T20:36:05.000-0600",False,0.09504039630862056,0.0,0.00020869617959740216,0.4438774844912634,"A"
"MULE-16320","Bug","2019-01-11T14:08:37.000-0600",False,0.026813669305142465,0.0,4.2098142611821037e-05,0.17314277260714378,"A"
"MULE-15186","Task","2018-06-21T10:31:56.000-0500",False,0.014427580370871712,0.0,8.299742653373257e-07,0.10011633054331244,"A"
"MULE-11689","Task","2017-02-07T09:09:20.000-0600",False,0.05366418455029398,0.0,2.6521818194862227e-05,0.3011761456507409,"A"
"MULE-7206","Bug","2014-01-02T11:15:30.000-0600",False,0.017164239981803848,0.0,1.8748576418702955e-05,0.11717425719813723,"A"
"MULE-16557","Bug","2019-03-13T12:54:13.000-0500",False,0.05860415880868525,0.0,4.620517928814573e-05,0.3211678960205774,"A"
"MULE-11295","Task","2016-12-29T05:56:00.000-0600",False,0.029894008039027878,0.0,4.748454995302217e-06,0.18975559602973377,"A"
"MULE-10679","Improvement","2016-09-30T15:28:31.000-0500",True,0.04802947683277878,0.0,2.5906238016140735e-05,0.27716441555047494,"A"
"MULE-6745","Bug","2013-03-19T14:47:01.000-0500",False,0.06868666497899369,0.0,7.809513862198648e-05,0.3591874794205406,"A"
"MULE-13937","Bug","2017-11-01T15:34:25.000-0500",False,0.028655358013284404,0.0,8.18760159900374e-05,0.18314361773606538,"A"
"MULE-8326","Task","2015-02-18T16:37:54.000-0600",False,0.06071233710997431,1.0,0.00012086880420453541,0.32941621520820435,"A"
"MULE-14498","Task","2018-01-18T09:57:10.000-0600",False,0.03402609906962878,1.0,0.00012418597694964086,0.21117443426808072,"A"
"MULE-12945","Task","2017-05-26T15:24:12.000-0500",False,0.0929979893375274,0.0,1.7725597857281006e-05,0.43796661974551804,"A"
"MULE-11014","Task","2016-11-18T10:45:32.000-0600",False,0.03475413740159778,1.0,0.0009804774168061187,0.21484978027518978,"A"
"MULE-14038","Enhancement Request","2017-11-13T08:26:00.000-0600",False,0.019003949395313892,0.0,0.03455000461328299,0.12833363271614626,"A"
"MULE-10449","Task","2016-09-01T12:06:15.000-0500",False,0.032801589961231566,1.0,7.54595895327087e-05,0.20492727644593953,"A"
"MULE-7101","New Feature","2013-11-04T13:54:41.000-0600",False,0.06594331060523642,0.0,0.0001761738438583036,0.3491918436402863,"A"
"MULE-10658","Bug","2016-09-29T09:25:04.000-0500",True,0.08358601379980375,1.0,0.999984097981998,0.4094006136306722,"A"
"MULE-9929","Task","2016-06-16T10:09:12.000-0500",False,0.03620934585637463,0.0,6.427464698573419e-06,0.22211065132084448,"A"
"MULE-13584","Task","2017-09-20T14:14:56.000-0500",False,0.13066825242983468,1.0,0.00022783095210756,0.5332222603859996,"A"
"MULE-7497","New Feature","2014-01-06T19:59:56.000-0600",False,0.10082134380039287,1.0,9.818062390092441e-05,0.4600892345639182,"A"
"MULE-13463","Bug","2017-09-04T13:17:16.000-0500",False,0.04355373887341252,0.0,1.8596470966161597e-05,0.2571029656136774,"A"
"MULE-11765","Bug","2017-02-08T13:58:58.000-0600",True,0.10448796142761847,1.0,1.0,0.46999221748421305,"A"
"MULE-12862","Bug","2017-06-19T11:45:03.000-0500",False,0.14438200661419096,0.0,0.0004091227886692855,0.5618778810634169,"A"
"MULE-9472","Task","2016-03-14T07:13:32.000-0500",True,0.31790209009895404,1.0,0.02113464305349193,0.7798372982392839,"A"
"MULE-10029","Improvement","2016-07-04T07:50:38.000-0500",False,0.052669711400754535,0.0,0.0026056402410878582,0.29703460794191217,"A"
"MULE-8215","Task","2015-01-09T07:50:44.000-0600",False,0.03643496848678189,0.0,4.137099918226435e-05,0.22322634461246887,"A"
"MULE-16673","Task","2019-04-05T18:37:39.000-0500",False,0.06782408433427167,1.0,2.051918332777155e-05,0.35607154573188826,"A"
"MULE-16281","Bug","2019-01-02T08:48:29.000-0600",False,0.04592806921782211,1.0,2.0220751295936948e-05,0.2678586146833788,"A"
"MULE-13007","Task","2017-07-06T11:25:08.000-0500",False,0.02785108411557869,0.0,0.0007321954956459052,0.17880146300911298,"A"
"MULE-7440","Bug","2014-03-17T14:28:47.000-0500",False,0.06293915082106008,0.0,0.11254512166689364,0.3379525847904158,"A"
"MULE-10057","Improvement","2016-07-07T17:18:52.000-0500",False,0.03635491068753335,1.0,0.00012749570283658885,0.2228307692979326,"A"
"MULE-16144","Task","2018-12-04T11:57:00.000-0600",False,0.020402357786481654,0.0,0.0003247121562500564,0.13665637789427768,"A"
"MULE-15189","Task","2018-06-21T11:15:33.000-0500",False,0.028445195656571144,0.0,3.842333514787432e-05,0.18201272836564986,"A"
"MULE-14345","Bug","2017-12-29T09:40:22.000-0600",False,0.013196238789442068,0.0,3.1051788314748953e-06,0.09225633321990567,"A"
"MULE-7983","Improvement","2014-10-17T09:48:32.000-0500",True,0.06818674192561691,1.0,0.9332168857212937,0.357384568836089,"A"
"MULE-14808","Bug","2018-03-26T18:20:19.000-0500",False,0.01924536724011961,0.0,9.581124394015502e-05,0.12978018651508005,"A"
"MULE-13168","Task","2017-07-24T10:16:11.000-0500",False,0.10032120072491044,1.0,0.00018987024854088356,0.4587160734555388,"A"
"MULE-13225","Task","2017-07-31T09:45:51.000-0500",False,0.01857502658897546,0.0,0.003927536003194976,0.1257534373554934,"A"
"MULE-9327","Improvement","2016-01-15T08:12:42.000-0600",False,0.011450491612296259,0.0,0.0005252668702097385,0.08090916791304757,"A"
"MULE-15413","Task","2018-07-20T12:58:31.000-0500",False,0.017473394183584068,0.0,0.00010654381098689278,0.11906652055970872,"A"
"MULE-10642","Bug","2016-09-26T22:09:16.000-0500",False,0.09858706439580286,0.0,0.00038529532533826004,0.45391240530066385,"A"
"MULE-15499","Task","2018-08-03T12:38:05.000-0500",False,0.054058927228715616,0.0,0.023162974058575238,0.3028089638484054,"A"
"MULE-15079","Task","2018-05-24T10:10:24.000-0500",True,0.11817358743372862,0.0,6.404666068486023e-05,0.5045767834771672,"A"
"MULE-11394","Task","2017-01-12T07:28:53.000-0600",True,0.3117435270479032,1.0,0.6408481946630928,0.7748962111102098,"A"
"MULE-10103","New Feature","2016-07-15T14:06:59.000-0500",False,0.02957555231692617,1.0,0.08795208069028343,0.18806430085417172,"A"
"MULE-15461","Bug","2018-07-27T11:22:35.000-0500",False,0.04071643437222531,0.0,9.722253373922039e-06,0.24390159857890845,"A"
"MULE-8833","Task","2015-08-12T10:02:42.000-0500",False,0.03705315091349915,0.0,1.1737211104018377e-05,0.22626954869265903,"A"
"MULE-13654","Task","2017-09-28T12:06:01.000-0500",False,0.05112416177241098,0.0,3.5413858030968455e-05,0.29051740224712025,"A"
"MULE-12918","Bug","2017-06-22T18:10:09.000-0500",False,0.03778599873124051,0.0,1.9223012089371715e-05,0.2298514826641157,"A"
"MULE-13609","Bug","2017-09-23T18:54:10.000-0500",False,0.01890755770684178,0.0,0.0007503368107077742,0.1277549176220093,"A"
"MULE-11456","Task","2017-01-18T15:35:53.000-0600",False,0.029009236579870267,0.0,0.00013285408938660327,0.18504189826155434,"A"
"MULE-10797","Bug","2016-10-19T09:29:14.000-0500",False,0.04090540431834826,0.0,0.9965685204556629,0.24479293621929527,"A"
"MULE-7459","Bug","2014-03-25T08:56:23.000-0500",False,0.1155161129310339,0.0,0.0006537580793931192,0.4981385028457148,"A"
"MULE-9250","Bug","2016-01-04T08:26:58.000-0600",False,0.030649335532537746,1.0,0.003873623095302418,0.19374343935846028,"A"
"MULE-15207","Bug","2018-06-25T15:43:35.000-0500",False,0.00881132336610515,0.0,0.011011092645153339,0.06328569482042383,"A"
"MULE-12585","Task","2017-05-24T14:49:26.000-0500",False,0.023609098100176685,0.0,4.3045001486690896e-05,0.1552396897384424,"A"
"MULE-12616","Task","2017-05-26T14:37:02.000-0500",False,0.0451392749629466,0.0,0.0005905049456059117,0.2643142083253868,"A"
"MULE-14983","Bug","2018-05-08T18:13:37.000-0500",False,0.041677688978677734,1.0,4.7762997071458805e-05,0.24841754081780587,"A"
"MULE-13800","Task","2017-10-16T10:48:36.000-0500",False,0.04636052237535714,0.0,0.00013858135900899867,0.26978982761125514,"A"
"MULE-13385","Bug","2017-08-24T20:05:47.000-0500",False,0.04103067947113359,0.0,0.00018018468030075684,0.2453828724618672,"A"
"MULE-14250","Task","2017-12-13T14:34:04.000-0600",False,0.04990024630227562,0.0,7.15575744715564e-05,0.2852854861349463,"A"
"MULE-12576","Bug","2017-05-24T09:48:36.000-0500",False,0.0636055886955679,1.0,0.0002582692286668466,0.34047297825511075,"A"
"MULE-10012","Bug","2016-06-30T11:42:25.000-0500",False,0.01495164487501823,0.0,9.189080100153925e-07,0.10342630474670517,"A"
"MULE-16632","Task","2019-03-29T15:41:13.000-0500",False,0.03715142677387867,1.0,1.407574482751075e-05,0.22675150637962532,"A"
"MULE-12005","Bug","2017-03-20T07:43:18.000-0500",False,0.028883584618945208,0.0,1.4862613759896458e-05,0.18436872691869743,"A"
"MULE-7128","New Feature","2013-11-19T11:04:24.000-0600",False,0.0687303853717731,0.0,0.4242042010098371,0.3593447624126215,"A"
"MULE-10991","Task","2016-11-17T07:48:03.000-0600",False,0.00397629564323415,0.0,3.3361992687852514e-07,0.029447051678822087,"A"
"MULE-10798","Bug","2016-10-19T09:52:25.000-0500",False,0.1156830809567307,0.0,0.9999998152801652,0.4985467877660737,"A"
"MULE-6844","Story","2013-05-22T01:14:43.000-0500",True,0.11627435065270024,0.0,0.00017598395964359327,0.49998851868825683,"A"
"MULE-12444","Task","2017-05-11T08:52:20.000-0500",False,0.07758482198240757,0.0,0.015371726191210473,0.38996118889250003,"A"
"MULE-16564","Task","2019-03-14T19:58:21.000-0500",False,0.049876161417853754,1.0,7.192290719294519e-05,0.2851818915902281,"A"
"MULE-14875","Enhancement Request","2018-04-11T09:11:38.000-0500",False,0.03264987265493825,0.0,3.0275166225581216e-05,0.20414746625547267,"A"
"MULE-10452","Bug","2016-09-01T16:08:28.000-0500",False,0.047641092985810735,0.0,1.8303267348213264e-05,0.2754593035501753,"A"
"MULE-15450","Task","2018-07-26T09:55:13.000-0500",False,0.029769041283026022,1.0,5.04502027522878e-05,0.18909261505026959,"A"
"MULE-11278","Task","2016-12-26T05:49:40.000-0600",False,0.11621430040022285,0.0,0.0001106033276630415,0.4998423848261926,"A"
"MULE-8627","Task","2015-05-21T11:50:07.000-0500",False,0.16549052113530388,1.0,3.456628030160637e-05,0.6011401654933985,"A"
"MULE-7031","New Feature","2013-09-23T16:05:42.000-0500",False,0.06261228347018222,1.0,2.2773069976593774e-05,0.33671067461212917,"A"
"MULE-15059","Task","2018-05-21T09:24:16.000-0500",False,0.06657183839230912,0.0,0.08841506876530228,0.3515041433947532,"A"
"MULE-14978","Bug","2018-05-08T14:14:04.000-0500",False,0.059847328779552074,1.0,3.9383196330342465e-05,0.3260517466074133,"A"
"MULE-14380","Bug","2018-01-04T14:21:25.000-0600",False,0.03826768115695216,0.0,0.00432237345207914,0.23219073108533364,"A"
"MULE-14858","Task","2018-04-06T11:23:56.000-0500",False,0.0423249168273135,0.0,0.000579496183472433,0.2514329644537845,"A"
"MULE-13720","Bug","2017-10-05T09:31:19.000-0500",False,0.050235342554762946,1.0,0.00018878325252426009,0.2867242450138301,"A"
"MULE-16682","Task","2019-04-08T16:32:03.000-0500",False,0.05125714355137614,0.0,6.688887713697026e-05,0.29108206031515194,"A"
"MULE-7288","New Feature","2014-02-05T20:07:18.000-0600",False,0.025449822198939293,1.0,4.68548429833699e-05,0.16560257801519832,"A"
"MULE-8503","Bug","2015-04-16T17:28:50.000-0500",False,0.013090311093915254,0.0,2.890845396343979e-06,0.09157467391279688,"A"
"MULE-12314","Bug","2017-04-26T15:06:48.000-0500",False,0.023586317489655798,0.0,0.02530000583459249,0.1551100748163329,"A"
"MULE-12826","Improvement","2017-06-15T17:25:42.000-0500",False,0.05708952219478553,0.0,0.0002134271840253679,0.3151389114678529,"A"
"MULE-14687","Task","2018-03-09T06:12:50.000-0600",True,0.04556445750181346,1.0,0.00749234814983874,0.2662282691021083,"A"
"MULE-12999","Task","2017-07-05T09:28:08.000-0500",False,0.04532767301329308,1.0,3.199128350773474e-05,0.265163347370018,"A"
"MULE-12856","Improvement","2017-06-19T06:28:38.000-0500",False,0.034853875138779654,0.0,0.0012259167285770792,0.21535104857229587,"A"
"MULE-11092","Task","2016-11-25T15:41:12.000-0600",False,0.05831807161185154,0.0,0.0003359576536722683,0.3200357982756004,"A"
"MULE-10129","Task","2016-07-21T10:25:46.000-0500",False,0.055233158066529314,0.0,0.00020362157374576633,0.3076292062959413,"A"
"MULE-11574","Bug","2017-01-31T08:26:06.000-0600",False,0.07660465737158667,0.0,0.9999984367283046,0.3866890125434329,"A"
"MULE-12126","Improvement","2017-04-03T14:43:06.000-0500",False,0.06380947761237743,0.0,0.13206307561259018,0.34124094665176946,"A"
"MULE-11636","Task","2017-02-03T15:15:53.000-0600",False,0.02255052876864757,1.0,0.0002254747405532244,0.14918090406700996,"A"
"MULE-14973","Bug","2018-05-07T09:27:25.000-0500",False,0.028295300281491534,0.0,3.251883799213056e-05,0.18120452212454072,"A"
"MULE-10748","Task","2016-10-12T15:47:57.000-0500",False,0.026363580766272002,1.0,0.0022559875675767114,0.17066718607217202,"A"
"MULE-15303","Bug","2018-07-05T12:38:10.000-0500",False,0.023124944036460517,0.0,0.011766756539441078,0.15247771911607963,"A"
"MULE-11904","Task","2017-03-02T10:19:49.000-0600",False,0.027257294320121445,1.0,2.044366085634474e-05,0.17557061018144246,"A"
"MULE-10985","Bug","2016-11-16T13:36:30.000-0600",False,0.017480357223459076,0.0,2.5133417811749094e-05,0.11910906003924819,"A"
"MULE-15365","Bug","2018-07-16T09:01:04.000-0500",False,0.06697281141086153,0.0,0.0005669195225740348,0.35297233790993554,"A"
"MULE-13998","Task","2017-11-08T06:32:14.000-0600",False,0.029848765910169356,1.0,3.34570655623316e-05,0.1895156803378041,"A"
"MULE-12610","Task","2017-05-26T13:46:10.000-0500",False,0.01640349917126189,0.0,8.872913017391008e-06,0.11248826593330061,"A"
"MULE-9142","Bug","2015-11-23T06:37:01.000-0600",False,0.01568693814575431,0.0,9.513900847833817e-05,0.10803541386564776,"A"
"MULE-15634","Task","2018-08-31T13:55:35.000-0500",False,0.08374221530797128,0.0,0.018354999873234665,0.4098933480840769,"A"
"MULE-10262","Task","2016-08-17T13:11:55.000-0500",False,0.032377593340136866,0.0,0.00021008543594926832,0.20274475390588909,"A"
"MULE-6845","Story","2013-05-22T01:45:12.000-0500",False,0.08472572369805585,0.0,3.1614946706177264e-05,0.4129808377713943,"A"
"MULE-7909","Bug","2014-09-30T09:12:42.000-0500",False,0.01238173270225267,0.0,0.008597651259452188,0.08699221389554994,"A"
"MULE-13780","Bug","2017-10-12T11:38:00.000-0500",False,0.12874812976567382,0.0,0.9993361742262754,0.5289862499178395,"A"
"MULE-11716","Task","2017-02-07T12:34:29.000-0600",True,0.06306327583840032,1.0,0.002371917012040037,0.3384231981178965,"A"
"MULE-15812","Task","2018-10-10T10:13:22.000-0500",False,0.43928094507923293,0.0,0.9999999986618633,0.8561983854438339,"A"
"MULE-16259","Bug","2018-12-27T08:24:24.000-0600",False,0.03596076179864362,0.0,1.0599762194098087e-05,0.22087830558720875,"A"
"MULE-11362","Bug","2017-01-09T06:25:59.000-0600",False,0.0516644409700358,0.0,0.10256065101883355,0.2928068997672318,"A"
"MULE-13175","Story","2017-07-24T13:59:07.000-0500",False,0.25534174827238415,0.0,0.00047309873319241057,0.7226862616894607,"A"
"MULE-10790","Task","2016-10-17T13:15:24.000-0500",False,0.051563058823736775,0.0,0.00015422956911915296,0.29237820933578523,"A"
"MULE-12123","Improvement","2017-04-03T11:16:05.000-0500",False,0.014921922172092589,0.0,1.695455690002764e-06,0.10323913470855219,"A"
"MULE-14763","Task","2018-03-19T16:55:27.000-0500",False,0.05925004057788744,0.0,0.00014471185587264866,0.32371246302950774,"A"
"MULE-7638","Bug","2014-06-02T13:27:57.000-0500",False,0.08485482329413813,0.0,5.5403079359458266e-05,0.41338420745349713,"A"
"MULE-13445","Task","2017-03-15T09:55:01.000-0500",True,0.03738466178234339,0.0,0.01643012429079891,0.22789331405447535,"A"
"MULE-14513","Bug","2018-01-19T08:50:05.000-0600",False,0.14091285256133537,1.0,0.005911306664588816,0.5548828515245664,"A"
"MULE-10208","Task","2016-08-05T10:12:28.000-0500",False,0.01048693096337911,1.0,2.488067210276593e-06,0.07454138682954778,"A"
"MULE-7206","Bug","2014-01-02T11:15:30.000-0600",False,0.017164239981803848,0.0,1.8748576418702955e-05,0.11717425719813723,"A"
"MULE-11786","Task","2017-02-10T12:52:24.000-0600",False,0.0264335272659987,0.0,0.0006907355511512688,0.1710527291535636,"A"
"MULE-7719","New Feature","2014-07-03T10:47:24.000-0500",False,0.031602981522825445,0.0,8.355111017710107e-05,0.19873134054419206,"A"
"MULE-12523","Bug","2017-05-19T13:36:24.000-0500",False,0.18588568424792157,0.0,1.0,0.6344091631460916,"A"
"MULE-15285","Bug","2018-07-04T10:56:55.000-0500",False,0.01875721227544561,0.0,4.101108913251967e-06,0.12685096779372024,"A"
"MULE-13015","Task","2017-07-07T12:23:41.000-0500",False,0.06886924442741164,4.426394104157578e-70,0.00018713822132615548,0.3598438904550819,"A"
"MULE-13755","Bug","2017-10-10T16:35:39.000-0500",False,0.019006927741043674,0.0,0.001302660697815972,0.1283515036471159,"A"
"MULE-16383","Task","2019-01-28T10:03:24.000-0600",False,0.06906624690485978,1.0,3.597036711472147e-05,0.36055093647469416,"A"
"MULE-9986","Task","2016-06-27T03:50:16.000-0500",False,0.12688185509236988,1.0,2.1153634335406314e-05,0.524813037222026,"A"
"MULE-7701","Bug","2014-06-26T14:38:22.000-0500",False,0.11575094998364588,0.0,0.9770834091497761,0.4987126012650735,"A"
"MULE-7162","Task","2013-12-02T15:12:31.000-0600",False,0.03623326299276666,0.0,1.8399500255613736e-05,0.2222290474961351,"A"
"MULE-8698","Bug","2015-06-09T16:49:32.000-0500",False,0.03664145350045936,1.0,2.1584474354809022e-05,0.22424505839598935,"A"
"MULE-15614","Task","2018-08-28T13:42:58.000-0500",False,0.04227149033532687,1.0,1.723545085575865e-05,0.2511848140482911,"A"
"MULE-16320","Bug","2019-01-11T14:08:37.000-0600",False,0.026813669305142465,0.0,4.2098142611821037e-05,0.17314277260714378,"A"
"MULE-11509","Task","2017-01-25T09:45:23.000-0600",False,0.050355381215907886,0.0,0.01122216756313436,0.287238477285288,"A"
"MULE-9258","Story","2016-01-04T09:35:39.000-0600",True,0.027782967464711296,0.0,0.09657913242143698,0.1784319220507864,"A"
"MULE-11750","Task","2017-02-07T14:25:55.000-0600",False,0.016542591822905503,0.0,7.403469614403757e-08,0.11334821443537015,"A"
"MULE-11459","New Feature","2017-01-18T16:13:09.000-0600",True,0.19479188567649294,1.0,0.0624778641108772,0.6477079113600558,"A"
"MULE-7230","Bug","2014-01-13T09:15:40.000-0600",False,0.07424972844015107,0.0,0.0069687779802774874,0.37871119419303323,"A"
"MULE-8007","Task","2014-10-29T13:25:07.000-0500",False,0.029717477527956185,0.0,0.0001083473719503822,0.1888187895244469,"A"
"MULE-12365","Task","2017-05-02T12:41:05.000-0500",False,0.040256442825500824,1.0,5.061118157262608e-05,0.24172455789945413,"A"
"MULE-12710","Improvement","2017-06-07T08:19:50.000-0500",False,0.05082439253071505,1.0,0.00034554806024185045,0.28924182043429725,"A"
"MULE-10345","Task","2016-08-23T16:24:50.000-0500",False,0.06329870148401245,1.0,0.0001795111986883644,0.33931430777119703,"A"
"MULE-13154","Bug","2017-07-21T06:43:19.000-0500",False,0.02987460980259841,0.0,0.9044046443151735,0.18965274326059212,"A"
"MULE-10616","Bug","2016-09-22T10:37:10.000-0500",False,0.022513469153676094,0.0,0.016569864692653508,0.14896745572075148,"A"
"MULE-12620","Bug","2017-05-26T20:54:46.000-0500",False,0.02410095541740019,0.0,0.9999999999914166,0.15803001110704615,"A"
"MULE-9676","New Feature","2016-05-09T09:20:45.000-0500",True,0.05202316993815466,1.0,0.00018196929864423928,0.2943203421640467,"A"
"MULE-12191","Improvement","2017-04-10T13:09:24.000-0500",False,0.0765513897982633,0.0,4.330390823766798e-05,0.38651037857019394,"A"
"MULE-9350","Improvement","2016-01-25T13:46:45.000-0600",False,0.04202974634045998,0.0,0.008142371992065271,0.2500602716041837,"A"
"MULE-10140","New Feature","2016-07-21T12:43:50.000-0500",False,0.09283944260285801,0.0,0.002775696689075965,0.437503641792725,"A"
"MULE-15458","Bug","2018-07-27T09:45:58.000-0500",True,0.08569014667734828,1.0,0.04727776948823767,0.41598355090047706,"A"
"MULE-7663","Bug","2014-06-10T16:16:50.000-0500",True,0.1088513261169157,1.0,0.11580370177566604,0.48141355379579,"A"
"MULE-13831","Task","2017-10-19T10:48:32.000-0500",True,0.031469290192168424,0.0,1.3501045260112856e-05,0.19803522160463238,"A"
"MULE-8496","Task","2015-04-15T16:56:01.000-0500",False,0.037885838504553265,0.0,0.001453475990379059,0.23033732327011855,"A"
"MULE-16356","Bug","2019-01-18T12:30:11.000-0600",False,0.03690758464016108,0.0,2.8610490988397026e-05,0.22555474878542234,"A"
"MULE-10969","Task","2016-11-14T13:12:21.000-0600",True,0.02883083450780398,0.0,4.9890282754951037e-05,0.1840858424336449,"A"
"MULE-13644","Task","2017-09-28T10:44:47.000-0500",False,0.02752161512968685,1.0,0.00014704795622262203,0.17701144524616405,"A"
"MULE-7870","Improvement","2014-09-11T09:57:37.000-0500",False,0.021313347503038153,1.0,2.8033553680099115e-05,0.1420057613106565,"A"
"MULE-11401","Task","2017-01-12T07:57:00.000-0600",False,0.2539798778699535,1.0,0.6161115044872398,0.7212460236336561,"A"
"MULE-15174","Enhancement Request","2018-06-18T09:53:18.000-0500",False,0.01620910012664046,1.0,5.602625138349558e-05,0.11128399265787466,"A"
"MULE-14648","Task","2018-02-28T08:56:27.000-0600",False,0.06268197661382784,1.0,0.0004059718862970838,0.3369757868755288,"A"
"MULE-12416","Bug","2017-05-08T13:14:11.000-0500",False,0.0130910807304733,0.0,0.00012300215184973825,0.09157962979405197,"A"
"MULE-12097","Task","2017-03-30T12:44:47.000-0500",False,0.04774713778867648,0.0,0.00011682047175559791,0.27592552909652074,"A"
"MULE-12472","Improvement","2017-05-15T08:40:07.000-0500",False,0.032018127774317104,0.0,0.0019136235040254886,0.20088650624023274,"A"
"MULE-11372","Task","2017-01-09T19:25:18.000-0600",False,0.017448604527362667,1.0,0.00010946353417426703,0.11891504401096799,"A"
"MULE-16298","Bug","2019-01-08T07:20:11.000-0600",False,0.02117397760998582,0.0,0.0023316409041754358,0.14119103014337978,"A"
"MULE-13146","Task","2017-07-20T10:24:24.000-0500",False,0.01984451941927607,0.0,0.0010234560485164975,0.13335264161762578,"A"
"MULE-12983","Bug","2017-07-03T13:33:45.000-0500",False,0.03023773888581765,0.0,0.0003788724075304179,0.191574474539374,"A"
"MULE-13422","Bug","2017-08-30T14:24:57.000-0500",False,0.032068373669769806,0.0,0.0018044613787777481,0.20114668856038737,"A"
"MULE-10135","Improvement","2016-07-21T10:53:05.000-0500",False,0.03871468811695526,0.0,0.0003337726914136297,0.23435098320575623,"A"
"MULE-10223","Task","2016-08-08T15:46:12.000-0500",False,0.11073959989085203,1.0,0.0003267805462459157,0.4862383863910525,"A"
"MULE-12207","Improvement","2017-04-12T10:56:54.000-0500",True,0.02910372220821634,1.0,0.00034191198287657735,0.18554748126476256,"A"
"MULE-11885","Task","2017-02-24T10:44:57.000-0600",False,0.06710470609312394,1.0,0.0004538788875341316,0.35345410361880253,"A"
"MULE-14589","Bug","2018-02-02T16:47:21.000-0600",False,0.04606609629750205,0.0,9.557153141043605e-05,0.2684759229176828,"A"
"MULE-9065","Bug","2015-11-16T12:24:32.000-0600",False,0.0441539925000629,0.0,2.6850482415155605e-05,0.2598467511042797,"A"
"MULE-8441","Improvement","2015-03-31T07:02:40.000-0500",False,0.01760617901149289,0.0,4.108656849241007e-05,0.1198771428115522,"A"
"MULE-8124","Bug","2014-12-03T15:30:18.000-0600",False,0.038652801188148324,0.0,2.824226039750152e-05,0.23405250771195477,"A"
"MULE-10842","Task","2016-10-27T09:18:50.000-0500",True,0.15725031676075535,1.0,0.9999433394804909,0.5864519868159646,"A"
"MULE-12610","Task","2017-05-26T13:46:10.000-0500",False,0.01640349917126189,0.0,8.872913017391008e-06,0.11248826593330061,"A"
"MULE-14721","Task","2018-03-14T09:35:55.000-0500",False,0.055411531165558976,1.0,3.1852712090468364e-05,0.30835664535467494,"A"
"MULE-10617","Task","2016-09-22T11:20:59.000-0500",True,0.030144831474407004,1.0,0.0001206731501942911,0.19108352654995997,"A"
"MULE-8834","Task","2015-08-12T10:16:23.000-0500",False,0.04549819091643447,0.0,5.1147857187990636e-05,0.2659304977021889,"A"
"MULE-7482","New Feature","2014-03-31T15:17:33.000-0500",False,0.07060791765561272,0.0,3.978407264668073e-05,0.36604071473038113,"A"
"MULE-11739","Improvement","2017-02-07T13:16:43.000-0600",False,0.02255213129454906,0.0,3.208015405126632e-05,0.14919013191596225,"A"
"MULE-11679","New Feature","2017-02-07T07:58:20.000-0600",False,0.03927448815471981,1.0,0.00011591398208973327,0.2370420545707652,"A"
"MULE-11290","Task","2016-12-27T12:12:37.000-0600",False,0.034151353284041785,0.0,0.00023489502933231912,0.21180880629951762,"A"
"MULE-11885","Task","2017-02-24T10:44:57.000-0600",False,0.06710470609312394,1.0,0.0004538788875341316,0.35345410361880253,"A"
"MULE-10519","Task","2016-09-09T12:16:45.000-0500",False,0.07207342720321226,0.0,0.00470246279301097,0.3711891006322991,"A"
"MULE-15082","Task","2018-05-24T12:33:06.000-0500",False,0.05842641237055322,1.0,2.2134511566667406e-05,0.3204648848381064,"A"
"MULE-14500","Task","2018-01-18T10:02:19.000-0600",False,0.22027720670362763,1.0,0.0013134174664294325,0.682242481442832,"A"
"MULE-11493","Task","2017-01-23T09:23:50.000-0600",False,0.0147327475748994,0.0,0.0014473837340216883,0.10204629441215017,"A"
"MULE-12003","Story","2017-03-17T19:00:23.000-0500",False,0.01792367264727452,1.0,3.5128420484879005e-05,0.1218102210408942,"A"
"MULE-14395","Task","2018-01-08T09:45:24.000-0600",True,0.03078489394243848,0.0,4.7896078072866135e-05,0.1944556389085045,"A"
"MULE-15479","Task","2018-07-31T13:35:06.000-0500",False,0.06702287370624377,0.0,2.565762403132638e-05,0.35315526665274566,"A"
"MULE-14173","Enhancement Request","2017-12-05T13:54:41.000-0600",False,0.02574963875266036,0.0,3.470997431334626e-05,0.1672700998598388,"A"
"MULE-7485","Bug","2014-04-01T15:38:40.000-0500",False,0.04944389641947694,0.0,0.00017341362775032877,0.2833183997542341,"A"
"MULE-7976","Task","2014-10-15T11:19:28.000-0500",False,0.09649851432163178,0.0,0.005561105507969951,0.4480378166467169,"A"
"MULE-9605","Task","2016-04-20T14:48:21.000-0500",False,0.19886711313046987,1.0,0.007311551895016112,0.6535675946367449,"A"
"MULE-15395","Task","2018-07-18T09:46:06.000-0500",False,0.019295985950853543,0.0,0.0020521652277188515,0.13008297067428293,"A"
"MULE-12634","Bug","2017-05-29T14:56:27.000-0500",False,0.043386405982656195,0.0,0.00012458792810679495,0.25633506730380123,"A"
"MULE-7414","Improvement","2014-03-06T10:53:00.000-0600",False,0.1352194182476241,1.0,0.15210946987151705,0.543036052541643,"A"
"MULE-14188","Bug","2017-12-07T13:38:50.000-0600",True,0.12145093592684905,1.0,1.0,0.5123442043516793,"A"
"MULE-13922","Bug","2017-10-31T14:32:04.000-0500",False,0.061097013095303625,0.0,0.8675208014790974,0.33090362642449817,"A"
"MULE-13966","Bug","2017-11-03T17:34:29.000-0500",False,0.044820667572996,0.0,6.550489842793298e-05,0.26287448745232306,"A"
"MULE-14513","Bug","2018-01-19T08:50:05.000-0600",False,0.14091285256133537,1.0,0.005911306664588816,0.5548828515245664,"A"
"MULE-16551","Bug","2019-03-11T20:09:00.000-0500",False,0.011776400068532753,0.0,0.00679922219123818,0.08304595661992892,"A"
"MULE-10571","Task","2016-09-15T12:24:41.000-0500",True,0.04301908465161227,0.0,3.718731735653323e-05,0.2546447800487876,"A"
"MULE-14323","Bug","2017-12-27T10:07:21.000-0600",False,0.05429618848031015,0.0,0.00017907097057705046,0.3037873603367933,"A"
"MULE-16209","Task","2018-12-14T07:57:57.000-0600",False,0.05566241085491366,1.0,0.0029443114426117387,0.30937766009045387,"A"
"MULE-7270","Bug","2014-01-31T12:33:45.000-0600",False,0.08401651978302557,0.0,0.004231263548273841,0.4107570543464114,"A"
"MULE-13656","Task","2017-09-28T12:10:06.000-0500",False,0.07510231243127251,0.0,0.0001715733482793379,0.38161865009168355,"A"
"MULE-9990","Bug","2016-06-27T10:42:28.000-0500",False,0.06370158913256048,0.0,5.067270083253161e-05,0.34083475495899657,"A"
"MULE-14363","Task","2018-01-03T20:14:58.000-0600",False,0.037653141800375114,0.0,0.0001582798287414298,0.2292041785932944,"A"
"MULE-16141","Bug","2018-12-04T08:40:38.000-0600",False,0.027256527322388247,0.0,2.8482455484073767e-05,0.1755664230123366,"A"
"MULE-7772","Task","2014-07-18T15:38:40.000-0500",False,0.09310655009503592,1.0,6.998644128307215e-05,0.43828328571839786,"A"
"MULE-10832","Bug","2016-10-25T13:20:28.000-0500",False,0.0411334832589185,1.0,0.00015542888518992347,0.24586641510742197,"A"
"MULE-7005","Bug","2013-09-05T11:07:22.000-0500",False,0.05709505529198521,0.0,0.010626002291362464,0.3151610951907992,"A"
"MULE-10215","Task","2016-08-08T10:19:23.000-0500",False,0.08148990996686113,0.0,0.0003262157487905529,0.4027245821425652,"A"
"MULE-11279","Task","2016-12-26T06:58:03.000-0600",False,0.06885219572696444,0.0,1.8344585709673717e-05,0.35978264287756423,"A"
"MULE-9820","Improvement","2016-06-04T19:41:59.000-0500",False,0.09991847016418087,0.0,0.027774906779222768,0.4576063914674409,"A"
"MULE-9069","Bug","2015-11-17T09:56:39.000-0600",False,0.052094243115938625,0.0,0.9531179930794138,0.2946195599834951,"A"
"MULE-14585","Bug","2018-02-01T23:50:46.000-0600",False,0.043835365961700345,0.0,3.8278402654236784e-05,0.2583923950090939,"A"
"MULE-13954","Bug","2017-11-03T11:49:58.000-0500",False,0.041482988689598446,1.0,0.0005262070464766486,0.24750647832941636,"A"
"MULE-8580","Task","2015-05-07T09:00:32.000-0500",True,0.023405066445019246,1.0,0.00016685634073901288,0.15407760719687355,"A"
"MULE-8064","Bug","2014-11-19T11:49:48.000-0600",True,0.10346666483144669,1.0,0.01178257847323315,0.46726246576029723,"A"
"MULE-12868","Bug","2017-06-19T16:09:41.000-0500",False,0.07561703614249984,1.0,8.91494684904413e-05,0.3833633785185981,"A"
"MULE-11457","Task","2017-01-18T15:36:12.000-0600",False,0.02340967693420586,0.0,5.1068903985796775e-05,0.1541038966324736,"A"
"MULE-8214","Task","2015-01-09T07:46:11.000-0600",False,0.03534079703992471,0.0,0.0003799978668309317,0.21779056847151995,"A"
"MULE-12585","Task","2017-05-24T14:49:26.000-0500",False,0.023609098100176685,0.0,4.3045001486690896e-05,0.1552396897384424,"A"
"MULE-13636","Bug","2017-09-27T16:19:59.000-0500",False,0.0962728929432344,0.0,7.409566854054632e-05,0.44739727110985933,"A"
"MULE-11349","Task","2017-01-05T10:18:53.000-0600",False,0.039387022842388236,0.0,2.3247329144253894e-06,0.2375811261905206,"A"
"MULE-13356","Bug","2017-08-18T13:57:11.000-0500",False,0.019969205080171835,0.0,4.549117012008925e-07,0.13409294392838084,"A"
"MULE-14078","Bug","2017-11-14T16:48:42.000-0600",False,0.008867666054446947,0.0,0.0006479830769984368,0.06366799121633489,"A"
"MULE-11855","Bug","2017-02-21T10:59:13.000-0600",False,0.011552099638846092,0.0,6.010077427386431e-06,0.08157626790054573,"A"
"MULE-14299","Task","2017-12-20T11:33:24.000-0600",False,0.02255094570892982,1.0,5.0862276406953385e-05,0.149183304956847,"A"
"MULE-12086","Task","2017-03-30T08:21:15.000-0500",False,0.03344085322490808,0.0,0.0004272159098574956,0.20819896722031514,"A"
"MULE-9958","Task","2016-06-22T13:33:19.000-0500",False,0.02635046308206962,0.0,5.2287591521985385e-06,0.17059484801014485,"A"
"MULE-16402","Bug","2019-01-30T20:44:22.000-0600",False,0.035693420910091984,0.0,5.012208037282039e-05,0.21954932113908154,"A"
"MULE-10140","New Feature","2016-07-21T12:43:50.000-0500",False,0.09283944260285801,0.0,0.002775696689075965,0.437503641792725,"A"
"MULE-10909","Bug","2016-11-08T11:41:37.000-0600",False,0.06344135647339448,0.0,0.015080425192262863,0.3398533214713369,"A"
"MULE-14209","Task","2017-12-13T13:38:20.000-0600",False,0.054569815123225576,1.0,5.7002437961444665e-05,0.3049129199221911,"A"
"MULE-14926","Task","2018-04-23T12:28:40.000-0500",False,0.09503258784361582,0.0,4.96166387538926e-05,0.4438550727507494,"A"
"MULE-11652","New Feature","2017-02-06T14:25:51.000-0600",False,0.0832896619394202,1.0,0.003111986269091402,0.4084639760009557,"A"
"MULE-12588","New Feature","2017-05-24T15:51:59.000-0500",False,0.0285837470038919,0.0,3.158102191884963e-05,0.18275857338781645,"A"
"MULE-11749","Task","2017-02-07T14:06:43.000-0600",False,0.023675304314716792,0.0,2.0295094322894237e-05,0.15561619213779404,"A"
"MULE-9899","Improvement","2016-06-13T09:56:16.000-0500",False,0.0825964285561856,1.0,0.006982456627208069,0.4062637094436134,"A"
"MULE-12449","Bug","2017-05-11T11:50:48.000-0500",False,0.030200170664373187,0.0,1.2256764077856301e-05,0.19137601431326975,"A"
"MULE-14382","Task","2018-01-05T07:17:55.000-0600",False,0.10610186931690062,0.0,0.00021697022908178206,0.4742617926714677,"A"
"MULE-9276","Improvement","2016-01-06T21:28:35.000-0600",False,0.0213086882149356,0.0,4.880445090581388e-06,0.1419785451864301,"A"
"MULE-9793","Bug","2016-06-01T13:56:00.000-0500",False,0.053272050195361666,0.0,1.4989799352484842e-05,0.29954788404672855,"A"
"MULE-10517","Task","2016-09-09T12:01:49.000-0500",False,0.017275607217904627,0.0,0.00010300601157354843,0.11785670976515285,"A"
"MULE-12334","Bug","2017-04-27T13:52:14.000-0500",False,0.06191588916193994,0.0,0.005923794636859254,0.3340520866286528,"A"
"MULE-10450","Task","2016-09-01T12:06:55.000-0500",False,0.06723965149068015,1.0,8.382748177824319e-05,0.35394641127972215,"A"
"MULE-11280","Improvement","2016-12-26T07:28:04.000-0600",False,0.025520173538626748,1.0,0.00047977670643745504,0.16599436575778276,"A"
"MULE-11466","Task","2017-01-19T10:00:53.000-0600",False,0.12503708183689247,0.0,5.2560217766161886e-05,0.5206325491978073,"A"
"MULE-10923","Improvement","2016-11-09T15:32:45.000-0600",False,0.08042605316424022,0.0,0.00044841543966647984,0.3992900654422381,"A"
"MULE-6889","Bug","2013-06-19T15:56:49.000-0500",False,0.009672121180983184,0.0,1.0946603639355476e-05,0.06909723020246826,"A"
"MULE-10243","Bug","2016-08-12T11:24:16.000-0500",False,0.08461104284309731,0.0,0.00015105891559672791,0.4126221492881169,"A"
"MULE-7128","New Feature","2013-11-19T11:04:24.000-0600",False,0.0687303853717731,0.0,0.4242042010098371,0.3593447624126215,"A"
"MULE-7757","Task","2014-07-17T10:50:16.000-0500",False,0.03950586089316726,0.0,0.00010529703028195612,0.2381497031064365,"A"
"MULE-12846","Bug","2017-06-16T20:06:15.000-0500",False,0.014730213001858108,0.0,2.2304360862244604e-06,0.10203029423385619,"A"
"MULE-10836","Task","2016-10-25T15:31:37.000-0500",False,0.0772524730523501,0.0,2.5563734375215436e-05,0.38885481885811485,"A"
"MULE-11558","Task","2017-01-29T09:23:26.000-0600",False,0.04083974642089773,1.0,9.323060899257679e-05,0.24448343812558077,"A"
"MULE-14849","Bug","2018-04-04T14:28:46.000-0500",False,0.01472948806933533,0.0,0.0017659277088662103,0.10202571781137862,"A"
"MULE-15902","Task","2018-10-23T14:05:31.000-0500",False,0.24492150777593383,1.0,0.9999999976493541,0.7114145993467306,"A"
"MULE-10749","Task","2016-10-12T15:49:20.000-0500",True,0.05680351652358983,1.0,5.388495634877299e-05,0.3139906305664859,"A"
"MULE-8139","Bug","2014-12-09T08:55:15.000-0600",False,0.033808297879475056,0.0,0.0002773978302480851,0.2100692998232203,"A"
"MULE-13289","Bug","2017-08-09T14:51:42.000-0500",False,0.05415624360402347,1.0,2.699853505214414e-05,0.3032105413737452,"A"
"MULE-10066","Task","2016-07-11T10:28:25.000-0500",False,0.09718702379744264,0.0,0.000729764389443365,0.4499853300147302,"A"
"MULE-7459","Bug","2014-03-25T08:56:23.000-0500",False,0.1155161129310339,0.0,0.0006537580793931192,0.4981385028457148,"A"
"MULE-13220","Task","2017-07-28T14:41:15.000-0500",False,0.021828055473186735,0.0,0.00025705564950820667,0.14500329745934984,"A"
"MULE-14323","Bug","2017-12-27T10:07:21.000-0600",False,0.05429618848031015,0.0,0.00017907097057705046,0.3037873603367933,"A"
"MULE-11069","Task","2016-11-24T10:18:15.000-0600",False,0.08608226811560364,1.0,0.0003820402850516375,0.41719744333063596,"A"
"MULE-8214","Task","2015-01-09T07:46:11.000-0600",False,0.03534079703992471,0.0,0.0003799978668309317,0.21779056847151995,"A"
"MULE-12513","Bug","2017-05-18T14:40:22.000-0500",True,0.07172929916621489,1.0,0.00909428797656975,0.36998623950276716,"A"
"MULE-12633","Task","2017-05-29T12:34:14.000-0500",False,0.05775774042574073,0.0,0.0005634813657292517,0.3178095003164801,"A"
"MULE-10398","Task","2016-08-30T12:07:20.000-0500",False,0.040368117771665483,0.0,0.011995919824705421,0.24225405073090617,"A"
"MULE-7490","Task","2014-04-04T12:41:34.000-0500",False,0.05470794011038436,1.0,0.012847457242963227,0.30547996079741846,"A"
"MULE-9736","Improvement","2016-05-23T19:53:39.000-0500",False,0.020642195686472967,0.0,0.0003938576363015456,0.1380702100716976,"A"
"MULE-8698","Bug","2015-06-09T16:49:32.000-0500",False,0.03664145350045936,1.0,2.1584474354809022e-05,0.22424505839598935,"A"
"MULE-9350","Improvement","2016-01-25T13:46:45.000-0600",False,0.04202974634045998,0.0,0.008142371992065271,0.2500602716041837,"A"
"MULE-13891","Bug","2017-10-26T11:46:43.000-0500",False,0.022691519886939484,0.0,0.0001402598075294649,0.14999212573442464,"A"
"MULE-13780","Bug","2017-10-12T11:38:00.000-0500",False,0.12874812976567382,0.0,0.9993361742262754,0.5289862499178395,"A"
"MULE-14527","Enhancement Request","2018-01-22T14:03:51.000-0600",False,0.042765963895627715,1.0,4.717926780024595e-05,0.2534762850771291,"A"
"MULE-7866","Improvement","2014-09-11T09:52:20.000-0500",False,0.03998858275915993,0.0,0.00025196790849214536,0.24045201577548111,"A"
"MULE-11267","Task","2016-12-22T15:52:24.000-0600",False,0.163898928449721,1.0,0.006648243736449316,0.59836295021443,"A"
"MULE-12684","Task","2017-06-03T18:44:20.000-0500",False,0.041214586083360025,0.0,0.00018220212348716064,0.2462475222027247,"A"
"MULE-10790","Task","2016-10-17T13:15:24.000-0500",False,0.051563058823736775,0.0,0.00015422956911915296,0.29237820933578523,"A"
"MULE-11481","Task","2017-01-20T07:42:42.000-0600",False,0.02384773771158144,0.0,0.009952073878837705,0.15659545429101596,"A"
"MULE-10992","Task","2016-11-17T08:00:44.000-0600",False,0.011893902489783247,0.0,1.5235116058463458e-06,0.08381425993210642,"A"
"MULE-16207","Enhancement Request","2018-12-13T11:17:48.000-0600",False,0.060648794172651274,0.0,4.842375122148933e-05,0.32916999721384366,"A"
"MULE-14497","Task","2018-01-18T09:54:10.000-0600",False,0.05997238619192831,1.0,0.0032916678333624427,0.32653986197604606,"A"
"MULE-13803","Bug","2017-10-17T09:10:39.000-0500",False,0.1142405093658975,1.0,2.7031444395075744e-05,0.4950023529715911,"A"
"MULE-10296","Task","2016-08-18T10:30:05.000-0500",False,0.02013674188592489,1.0,8.774312117680557e-06,0.13508597501812925,"A"
"MULE-14367","Task","2018-01-03T20:24:14.000-0600",False,0.04217037809792768,0.0,0.0003449683728988241,0.2507148026075729,"A"
"MULE-12937","Improvement","2017-06-26T14:03:47.000-0500",False,0.01688871305462276,0.0,0.0047824297249677485,0.11548196368102004,"A"
"MULE-11491","Bug","2017-01-20T17:35:59.000-0600",False,0.05191678971924576,0.0,4.599708218154035e-05,0.2938720911621979,"A"
"MULE-13341","Task","2017-08-17T10:35:04.000-0500",True,0.04581152151491741,1.0,0.02811102316164141,0.26733669771218066,"A"
"MULE-10931","Task","2016-11-10T07:05:45.000-0600",False,0.011219546948202621,0.0,6.704595542435697e-06,0.07938981929474768,"A"
"MULE-10628","Task","2016-09-26T08:08:19.000-0500",False,0.026952456422879884,1.0,0.0002474894315927214,0.1739036136589817,"A"
"MULE-14938","Task","2018-04-25T09:51:23.000-0500",False,0.021498481639136247,0.0,0.0001342859113226535,0.1430859920730005,"A"
"MULE-13463","Bug","2017-09-04T13:17:16.000-0500",False,0.04355373887341252,0.0,1.8596470966161597e-05,0.2571029656136774,"A"
"MULE-11047","Task","2016-11-22T13:47:40.000-0600",True,0.020109190350157666,1.0,0.08550549707235643,0.13492280361419715,"A"
"MULE-11779","Task","2017-02-09T08:15:40.000-0600",True,0.16578960910611443,1.0,0.0020473693935194543,0.6016589428903462,"A"
"MULE-12003","Story","2017-03-17T19:00:23.000-0500",False,0.01792367264727452,1.0,3.5128420484879005e-05,0.1218102210408942,"A"
"MULE-10748","Task","2016-10-12T15:47:57.000-0500",False,0.026363580766272002,1.0,0.0022559875675767114,0.17066718607217202,"A"
"MULE-9905","Bug","2016-06-13T13:29:18.000-0500",False,0.01598553145337713,0.0,7.86341730793754e-06,0.10989556190075057,"A"
"MULE-13301","Task","2017-08-11T10:34:07.000-0500",False,0.10081987608821387,1.0,6.395595216893161e-05,0.460085212870027,"A"
"MULE-6760","Bug","2013-03-27T07:26:13.000-0500",False,0.06951808215650185,1.0,0.0004852174759207692,0.36216782235744494,"A"
"MULE-13777","Task","2017-10-12T08:46:37.000-0500",False,0.02192254278530789,1.0,0.00012115681563620074,0.1455516361586825,"A"
"MULE-8078","Task","2014-11-20T10:15:29.000-0600",False,0.051124227323201696,0.0,0.004789028102046826,0.29051768076694046,"A"
"MULE-8068","Task","2014-11-19T12:19:18.000-0600",False,0.03206300822075798,0.0,0.0003348180621668342,0.20111891208884253,"A"
"MULE-9470","Task","2016-03-14T07:06:29.000-0500",False,0.12091717458351568,1.0,0.0004074874006032821,0.5110919126421626,"A"
"MULE-13175","Story","2017-07-24T13:59:07.000-0500",False,0.25534174827238415,0.0,0.00047309873319241057,0.7226862616894607,"A"
"MULE-13792","Enhancement Request","2017-10-13T12:21:24.000-0500",False,0.028117792395213424,1.0,2.2377074054088565e-05,0.18024569026938722,"A"
"MULE-16706","Task","2019-04-11T12:33:29.000-0500",False,0.06796369591444662,0.0,0.0004912628691696631,0.356577531343003,"A"
"MULE-8861","Task","2015-08-25T07:37:17.000-0500",True,0.08282143817397518,1.0,3.777870871637197e-05,0.40697929868368754,"A"
"MULE-10132","Task","2016-07-21T10:32:34.000-0500",False,0.038768637593904066,1.0,3.6803479285920386e-05,0.23461101863698383,"A"
"MULE-10044","Bug","2016-07-06T08:22:14.000-0500",False,0.01854609139587173,0.0,3.829282934205576e-06,0.12557890838716707,"A"
"MULE-7207","Improvement","2014-01-02T15:23:04.000-0600",False,0.05362943232693503,0.0,0.0005392504778332037,0.30103209519369595,"A"
"MULE-12408","Task","2017-05-06T07:51:44.000-0500",False,0.043827048752569785,0.0,0.0002956365146310828,0.2583543679533178,"A"
"MULE-13998","Task","2017-11-08T06:32:14.000-0600",False,0.029848765910169356,1.0,3.34570655623316e-05,0.1895156803378041,"A"
"MULE-8104","Bug","2014-12-01T09:17:18.000-0600",False,0.016561843709255814,0.0,1.1490906308378795e-07,0.11346712822162959,"A"
"MULE-9852","Bug","2016-06-08T15:50:48.000-0500",False,0.010174524273096194,0.0,1.423663005132197e-05,0.07246052540344385,"A"
"MULE-12210","Bug","2017-04-12T16:47:52.000-0500",False,0.036882041066759,0.0,0.0006128170415773843,0.22542920372187594,"A"
"MULE-11512","Task","2017-01-25T11:41:09.000-0600",True,0.030507521858542552,1.0,1.7310646789789287e-05,0.1929972404216345,"A"
"MULE-11777","New Feature","2017-02-09T08:01:22.000-0600",True,0.10332218729066607,1.0,0.0011118147593551985,0.46687453538175366,"A"
"MULE-13090","Bug","2017-07-15T21:14:13.000-0500",False,0.04430533974078185,0.0,0.546620049252793,0.2605359106052761,"A"
"MULE-7368","Bug","2014-02-21T14:11:55.000-0600",False,0.04035940723341461,0.0,0.002219012312823322,0.24221277296250454,"A"
"MULE-16651","Task","2019-04-03T17:55:12.000-0500",False,0.12728491456453853,1.0,0.0001503628307477415,0.525719056459919,"A"
"MULE-10097","Bug","2016-07-15T09:45:26.000-0500",False,0.010201557862950825,0.0,4.1829299320065943e-07,0.07264090701215546,"A"
"MULE-11418","Improvement","2017-01-13T10:29:07.000-0600",False,0.011401161273397253,0.0,0.9859735452651097,0.08058499315672983,"A"
"MULE-14029","Bug","2017-11-10T11:38:02.000-0600",False,0.030344449023214138,1.0,0.00016963331336357072,0.19213774093405045,"A"
"MULE-15961","Task","2018-10-31T06:37:07.000-0500",True,0.02567953774536499,1.0,3.938269795490884e-05,0.16688071702994395,"A"
"MULE-12754","Task","2017-06-09T15:16:51.000-0500",False,0.10020878881763037,1.0,3.913316310384571e-05,0.45840669141732965,"A"
"MULE-7364","New Feature","2014-02-20T16:18:30.000-0600",False,0.05606687279809453,0.0,0.16752262640749122,0.3110185178060195,"A"
"MULE-12271","Improvement","2017-04-21T04:22:34.000-0500",False,0.0433377297711045,0.0,9.016367556590162e-05,0.2561114423059656,"A"
"MULE-8206","Bug","2015-01-06T20:23:07.000-0600",False,0.04141967346983847,0.0,0.0003423278713355823,0.24720981074847173,"A"
"MULE-10632","Task","2016-09-26T10:46:56.000-0500",False,0.07365578989352134,0.0,0.0004808995704965888,0.37667275150424745,"A"
"MULE-10798","Bug","2016-10-19T09:52:25.000-0500",False,0.1156830809567307,0.0,0.9999998152801652,0.4985467877660737,"A"
"MULE-14271","Enhancement Request","2017-12-15T15:32:39.000-0600",False,0.0395022766772228,1.0,4.2039962989231565e-05,0.23813256488489196,"A"
"MULE-16022","Task","2018-11-08T09:20:12.000-0600",False,0.11758990203719212,1.0,0.0006485628193400079,0.5031735824859606,"A"
"MULE-12826","Improvement","2017-06-15T17:25:42.000-0500",False,0.05708952219478553,0.0,0.0002134271840253679,0.3151389114678529,"A"
"MULE-7384","Bug","2014-02-26T10:00:20.000-0600",False,0.04700997898612905,0.0,6.68158863781431e-06,0.2726743104928347,"A"
"MULE-13002","Task","2017-07-05T14:11:20.000-0500",False,0.12969594750531546,1.0,0.8410898263868414,0.531084474128865,"A"
"MULE-9430","New Feature","2016-03-03T08:34:44.000-0600",False,0.022363896749855797,1.0,0.0012195938830642356,0.1481050546994628,"A"
"MULE-14449","Bug","2018-01-15T09:05:00.000-0600",False,0.04656606230441246,0.0,0.0002648878579498025,0.2707047541559112,"A"
"MULE-7983","Improvement","2014-10-17T09:48:32.000-0500",True,0.06818674192561691,1.0,0.9332168857212937,0.357384568836089,"A"
"MULE-15187","Task","2018-06-21T10:48:28.000-0500",False,0.088346143573322,1.0,0.00024250315519812367,0.4241281314898649,"A"
"MULE-7970","Improvement","2014-10-08T14:43:54.000-0500",False,0.009165363182796855,1.0,1.766648610794074e-05,0.06568347502476898,"A"
"MULE-12857","Improvement","2017-06-19T06:33:03.000-0500",True,0.04703906010523972,0.0,0.000796227011490202,0.2728030293700042,"A"
"MULE-13538","Task","2017-09-14T10:39:38.000-0500",False,0.028480737685516695,0.0,0.00010962856424958228,0.18220416653315144,"A"
"MULE-10638","Bug","2016-09-26T13:18:26.000-0500",False,0.028990130804461577,0.0,0.999968166284931,0.18493960086240002,"A"
"MULE-10210","Task","2016-08-05T16:02:13.000-0500",False,0.021411745959989365,0.0,0.003786347937515952,0.14258018997227234,"A"
"MULE-10693","Improvement","2016-10-03T12:30:02.000-0500",False,0.04078642377849704,0.0,1.0,0.24423193042146854,"A"
"MULE-13497","Bug","2017-09-08T16:32:04.000-0500",False,0.08273851108948442,0.0,0.0003621105559477647,0.40671572889832064,"A"
"MULE-10476","New Feature","2016-09-06T10:31:12.000-0500",False,0.03575641567409976,1.7116326085843208e-90,0.002251097757426131,0.21986281756797843,"A"
"MULE-15434","Task","2018-07-24T14:49:56.000-0500",False,0.024395751356809856,1.0,4.574767265976663e-05,0.1596949186282671,"A"
"MULE-16355","Task","2019-01-18T10:59:33.000-0600",False,0.12259123565315319,0.0,0.0009913826135027337,0.5150031954961088,"A"
"MULE-15040","Bug","2018-05-14T14:02:14.000-0500",False,0.025034433727455115,0.0,0.00014097215688365795,0.1632829083520809,"A"
"MULE-11619","Bug","2017-02-03T11:47:50.000-0600",False,0.01596340305519081,1.0,0.0003118015143699254,0.10975793608294508,"A"
"MULE-12781","Task","2017-06-13T11:35:05.000-0500",False,0.05069820039329072,0.0,5.749086236894299e-06,0.28870371494489,"A"
"MULE-10663","Improvement","2016-09-29T10:39:59.000-0500",False,0.03559342833064223,0.0,0.00020811495018735717,0.2190512698609666,"A"
"MULE-14365","Task","2018-01-03T20:19:06.000-0600",False,0.06227727964153484,0.0,0.0013316265388296255,0.3354339099582789,"A"
"MULE-14371","Task","2018-01-03T20:35:33.000-0600",False,0.023791235881532896,0.0,6.36575908570921e-05,0.1562747883730232,"A"
"MULE-9771","Task","2016-05-27T16:04:53.000-0500",False,0.029644732036300737,1.0,0.00016599103018723557,0.1884322148656695,"A"
"MULE-11851","Task","2017-02-21T09:43:07.000-0600",False,0.019490877381931053,3.623283545952435e-42,0.00016302369432353894,0.1312470722019123,"A"
"MULE-13789","Bug","2017-10-13T09:01:31.000-0500",False,0.045640108523840824,0.0,0.0009765647810017991,0.26656796512355097,"A"
"MULE-11400","Task","2017-01-12T07:55:34.000-0600",True,0.25137138978190027,1.0,0.5065981364382744,0.7184602470447367,"A"
"MULE-11402","Task","2017-01-12T07:57:33.000-0600",False,0.2984497082454501,0.0,0.5388767936082342,0.7637693334380772,"A"
"MULE-10993","Bug","2016-11-17T08:48:22.000-0600",False,0.06861390327676006,0.0,0.017139371052321408,0.35892558255189183,"A"
"MULE-11254","New Feature","2016-12-22T07:52:47.000-0600",False,0.04420326249384719,0.0,7.970352010969256e-05,0.2600712189795609,"A"
"MULE-10616","Bug","2016-09-22T10:37:10.000-0500",False,0.022513469153676094,0.0,0.016569864692653508,0.14896745572075148,"A"
"MULE-11533","Improvement","2017-01-26T10:49:07.000-0600",False,0.07029924044899755,0.0,0.00010478822434721045,0.3649476474462103,"A"
"MULE-15254","Task","2018-07-02T08:24:17.000-0500",False,0.04178901425338879,0.0,0.0010560486275816138,0.24893764129883691,"A"
"MULE-10806","Task","2016-10-20T08:31:28.000-0500",False,0.037234444013177506,0.0,0.0013644232550871689,0.2271582427469698,"A"
"MULE-14145","Bug","2017-11-28T18:07:51.000-0600",False,0.0375843805374674,0.0,1.6834443926019878e-05,0.2288688035312644,"A"
"MULE-10422","Task","2016-09-01T08:19:36.000-0500",False,0.006185411641168316,0.0,1.5523457354425826e-05,0.04516531254300751,"A"
"MULE-7864","New Feature","2014-09-11T09:45:54.000-0500",False,0.02298954644196719,0.0,1.7631661819510146e-05,0.1517025694110071,"A"
"MULE-14590","Bug","2018-02-04T06:56:33.000-0600",False,0.13460869135612433,1.0,0.0002799112451779982,0.5417372633707372,"A"
"MULE-12166","Bug","2017-04-06T10:15:01.000-0500",False,0.10150383117217444,0.0,0.012470341176461444,0.4619542703483091,"A"
"MULE-14023","Task","2017-11-10T07:05:19.000-0600",False,0.09655207339084892,0.0,0.012058168553461496,0.44818970124689206,"A"
"MULE-13784","Task","2017-10-12T12:49:21.000-0500",False,0.03403107647442927,0.0,0.001510157368022932,0.21119965955264033,"A"
"MULE-10936","Task","2016-11-10T08:12:48.000-0600",False,0.026194498261486975,0.0,0.029997415743061518,0.1697339546409084,"A"
"MULE-13407","Task","2017-08-29T12:57:08.000-0500",False,0.07544671394259593,0.0,5.117143745316262e-05,0.38278692352880006,"A"
"MULE-11352","Task","2017-01-05T11:21:50.000-0600",False,0.02598692246389018,1.0,0.0002571588660669386,0.1685858327601993,"A"
"MULE-16400","Bug","2019-01-30T20:36:05.000-0600",False,0.09504039630862056,0.0,0.00020869617959740216,0.4438774844912634,"A"
"MULE-12516","Bug","2017-05-18T15:24:51.000-0500",False,0.03530357841030535,0.0,0.00010624364593972123,0.21760454885005753,"A"
"MULE-15915","Task","2018-10-24T09:59:33.000-0500",False,0.05677854966764783,0.0,9.850769204005247e-05,0.313890241769592,"A"
"MULE-15634","Task","2018-08-31T13:55:35.000-0500",False,0.08374221530797128,0.0,0.018354999873234665,0.4098933480840769,"A"
"MULE-14881","Enhancement Request","2018-04-11T12:43:01.000-0500",False,0.06632494147688145,0.0,0.00010350753534814437,0.35059742210437816,"A"
"MULE-13383","Bug","2017-08-24T16:28:45.000-0500",True,0.047587472138505046,1.0,0.019030906681755035,0.2752233706629394,"A"
"MULE-15096","Task","2018-05-31T16:20:29.000-0500",True,0.10729373073412098,1.0,0.01026000925067341,0.4773806661083965,"A"
"MULE-14590","Bug","2018-02-04T06:56:33.000-0600",False,0.13460869135612433,1.0,0.0002799112451779982,0.5417372633707372,"A"
"MULE-10553","Task","2016-09-14T16:07:55.000-0500",False,0.08887047231639186,0.0,3.1969344467024456e-05,0.4257147069092098,"A"
"MULE-11114","Task","2016-11-30T12:52:27.000-0600",False,0.0751186849454859,1.0,0.00016588105835247196,0.3816742690654833,"A"
"MULE-11065","Task","2016-11-24T08:46:02.000-0600",True,0.022565805248860475,0.0,5.426476750214622e-05,0.14926886394258854,"A"
"MULE-7909","Bug","2014-09-30T09:12:42.000-0500",False,0.01238173270225267,0.0,0.008597651259452188,0.08699221389554994,"A"
"MULE-7501","Improvement","2014-04-09T09:49:55.000-0500",False,0.054660142815218235,0.0,0.001551334264567491,0.3052838257858845,"A"
"MULE-13347","Task","2017-08-17T11:15:06.000-0500",False,0.01995666625281516,0.0,2.154890012392173e-06,0.1340185452220762,"A"
"MULE-7222","New Feature","2014-01-07T16:10:09.000-0600",False,0.017718291249571357,0.0,6.684606465567887e-07,0.12056057301395741,"A"
"MULE-8180","Bug","2014-12-29T10:07:13.000-0600",False,0.058119118243307163,0.0,0.0019749591206188206,0.3192466829349044,"A"
"MULE-8039","Task","2014-11-11T20:50:37.000-0600",False,0.015902353897744904,0.0,4.113475658099228e-06,0.10937805704873912,"A"
"MULE-12104","Bug","2017-03-31T10:12:22.000-0500",False,0.027458826656707198,0.0,3.684064827716689e-05,0.17666956538041784,"A"
"MULE-12576","Bug","2017-05-24T09:48:36.000-0500",False,0.0636055886955679,1.0,0.0002582692286668466,0.34047297825511075,"A"
"MULE-7885","New Feature","2014-09-17T13:12:05.000-0500",False,0.019878200411347396,0.0,3.494535245702689e-05,0.13355272361052592,"A"
"MULE-11788","Task","2017-02-10T13:02:17.000-0600",True,0.18399615541052697,1.0,0.0019658756079972656,0.6314969314065236,"A"
"MULE-8833","Task","2015-08-12T10:02:42.000-0500",False,0.03705315091349915,0.0,1.1737211104018377e-05,0.22626954869265903,"A"
"MULE-13891","Bug","2017-10-26T11:46:43.000-0500",False,0.022691519886939484,0.0,0.0001402598075294649,0.14999212573442464,"A"
"MULE-10941","Task","2016-11-10T09:43:36.000-0600",False,0.03472774988390007,0.0,2.4967556545160167e-05,0.21471707039000804,"A"
"MULE-11267","Task","2016-12-22T15:52:24.000-0600",False,0.163898928449721,1.0,0.006648243736449316,0.59836295021443,"A"
"MULE-8584","Task","2015-05-07T12:12:28.000-0500",False,0.13808222253469588,0.0,0.00016171156144795576,0.5490511504991077,"A"
"MULE-9784","Bug","2016-05-31T11:43:42.000-0500",False,0.023751535537717618,0.0,0.0898267189390368,0.1560493525799479,"A"
"MULE-12154","Bug","2017-04-05T12:39:34.000-0500",False,0.02264072996571368,1.0,4.569666917181694e-06,0.14970004673512521,"A"
"MULE-7030","Improvement","2013-09-23T14:47:51.000-0500",False,0.04389365526079294,0.0,0.0002763803390353575,0.2586588082805298,"A"
"MULE-15646","Task","2018-09-03T15:39:02.000-0500",False,0.07540117232709452,0.0,5.079417537738488e-05,0.38263264143577574,"A"
"MULE-8649","Improvement","2015-05-27T14:09:58.000-0500",False,0.05262959801571557,0.0,0.0028716425535430545,0.2968667069445498,"A"
"MULE-16308","Bug","2019-01-09T13:58:06.000-0600",False,0.08426270171500108,1.0,0.00024617275498738637,0.4115304995915406,"A"
"MULE-11866","Task","2017-02-22T10:36:24.000-0600",False,0.08350498972949104,1.0,0.0046383979392027345,0.4091447668756708,"A"
"MULE-13278","Task","2017-08-07T10:16:01.000-0500",False,0.13274540972269996,1.0,0.0001869330779207065,0.5377402687313819,"A"
"MULE-13404","Bug","2017-08-29T11:58:40.000-0500",False,0.018263073943385895,0.0,3.249732249339687e-06,0.12386868988795251,"A"
"MULE-11048","Bug","2016-11-22T14:22:12.000-0600",False,0.022678768598334904,0.0,5.167913284731456e-05,0.14991881256059292,"A"
"MULE-13263","Bug","2017-08-04T10:05:51.000-0500",False,0.018121533423602666,0.0,0.0008128980897793977,0.12301124791197539,"A"
"MULE-7280","Bug","2014-02-05T07:10:12.000-0600",False,0.02514360011023114,0.0,6.373241334590176e-06,0.16389358706647247,"A"
"MULE-11331","Bug","2017-01-03T13:30:31.000-0600",False,0.05502253862852004,0.0,5.4500201133940195e-05,0.3067686428636563,"A"
"MULE-9485","Improvement","2016-03-15T09:07:30.000-0500",True,0.020216726319195563,0.0,0.0005913693349083935,0.1355593787488003,"A"
"MULE-11216","Bug","2016-12-16T09:01:58.000-0600",False,0.06388622171049459,1.0,2.7422232085012564e-05,0.3415296345192098,"A"
"MULE-7589","Improvement","2014-05-07T12:44:41.000-0500",False,0.04123684452194775,1.0,0.013298811998758799,0.24635205986950237,"A"
"MULE-16094","Enhancement Request","2018-11-21T13:26:41.000-0600",False,0.01934103797941241,0.0,0.0006065073293264165,0.1303523059083096,"A"
"MULE-12322","Bug","2017-04-27T10:38:12.000-0500",False,0.015427538986326107,1.0,2.901108307980967e-06,0.106414032504095,"A"
"MULE-13541","Task","2017-09-14T11:03:18.000-0500",True,0.05307368040868906,1.0,0.007520900004278457,0.2987218146884425,"A"
"MULE-10754","Task","2016-10-13T03:10:10.000-0500",False,0.015307391890087944,1.0,1.3687617314405244e-06,0.1056613412780688,"A"
"MULE-12952","Bug","2017-06-27T12:30:21.000-0500",False,0.04841343641742306,0.0,0.004653413476537563,0.2788435918448019,"A"
"MULE-7435","Task","2014-03-14T12:31:12.000-0500",False,0.12935717264959518,0.0,0.0006961094987114086,0.5303361401168152,"A"
"MULE-10914","Improvement","2016-11-09T07:12:38.000-0600",False,0.05090148318433868,0.0,3.591589266209491e-05,0.2895702184179602,"A"
"MULE-12613","Task","2017-05-26T14:11:10.000-0500",False,0.09768649861585828,0.0,0.21715940098828496,0.45139140609818573,"A"
"MULE-10773","Bug","2016-10-13T16:06:42.000-0500",False,0.06882578912081098,0.0,0.00039419632495540913,0.3596877582479806,"A"
"MULE-13593","Bug","2017-09-21T13:34:33.000-0500",False,0.03530977790487874,0.0,0.002097828338280945,0.2176355392201926,"A"
"MULE-9901","Improvement","2016-06-13T10:11:27.000-0500",True,0.10123061525235756,1.0,0.9999769601370103,0.46120886118546867,"A"
"MULE-15988","Bug","2018-11-05T10:16:31.000-0600",False,0.027206349687626998,0.0,1.2193136952490587e-05,0.17529241681545896,"A"
"MULE-13213","Task","2017-07-27T16:18:48.000-0500",False,0.01591658370177331,0.0,9.603248406182968e-07,0.10946662691636762,"A"
"MULE-11254","New Feature","2016-12-22T07:52:47.000-0600",False,0.04420326249384719,0.0,7.970352010969256e-05,0.2600712189795609,"A"
"MULE-7928","New Feature","2014-10-06T14:06:11.000-0500",False,0.042032009510443044,0.0,5.211941363293188e-05,0.25007081242335405,"A"
"MULE-11105","Task","2016-11-29T14:29:18.000-0600",False,0.054289585907978326,1.0,0.0005836696938594936,0.30376016376139514,"A"
"MULE-14029","Bug","2017-11-10T11:38:02.000-0600",False,0.030344449023214138,1.0,0.00016963331336357072,0.19213774093405045,"A"
"MULE-13795","Bug","2017-10-13T14:21:01.000-0500",False,0.052549336421062506,0.0,2.1208212012803947e-05,0.29653056101478564,"A"
"MULE-15881","Task","2018-10-19T10:24:43.000-0500",False,0.09678033418776369,1.0,0.0002657461876980132,0.4488362761425801,"A"
"MULE-7354","Improvement","2014-02-19T13:49:31.000-0600",False,0.04779841357321036,0.0,0.0009597268444077846,0.27615078493798334,"A"
"MULE-15141","Bug","2018-06-07T16:37:57.000-0500",False,0.0456723312847245,0.0,0.033569766173543396,0.26671257593340914,"A"
"MULE-11162","Improvement","2016-12-07T14:16:18.000-0600",False,0.061390837862692546,0.0,0.0007451265189429227,0.332036126224908,"A"
"MULE-16682","Task","2019-04-08T16:32:03.000-0500",False,0.05125714355137614,0.0,6.688887713697026e-05,0.29108206031515194,"A"
"MULE-11236","New Feature","2016-12-19T15:41:54.000-0600",False,0.02072610705080782,0.0,5.0399143849627566e-05,0.13856393351765242,"A"
"MULE-16430","Task","2019-02-05T14:03:11.000-0600",False,0.04429003774092922,0.0,0.00010070559298320433,0.2604662813770356,"A"
"MULE-8469","Bug","2015-04-12T06:59:54.000-0500",False,0.016579954161948074,1.0,0.000532629616356796,0.1135789668117091,"A"
"MULE-14656","Story","2018-02-28T13:09:41.000-0600",False,0.16058070737721733,1.0,0.0009638930824327691,0.5924818042832669,"A"
"MULE-12074","Task","2017-03-28T16:43:43.000-0500",False,0.0903289967875555,0.0,0.02129364243669708,0.43009189658722635,"A"
"MULE-10856","Improvement","2016-10-28T13:28:34.000-0500",False,0.009288130843940626,0.0,0.00022025180770406425,0.06651246939206643,"A"
"MULE-11442","Bug","2017-01-16T14:04:36.000-0600",False,0.020189553787531254,0.0,8.062027954435646e-05,0.1353986021972405,"A"
"MULE-10632","Task","2016-09-26T10:46:56.000-0500",False,0.07365578989352134,0.0,0.0004808995704965888,0.37667275150424745,"A"
"MULE-12092","Task","2017-03-30T10:26:40.000-0500",False,0.014704848152417604,0.0,7.742620052876743e-05,0.10187014488090063,"A"
"MULE-14350","Task","2017-12-29T21:11:42.000-0600",False,0.05936264111741681,0.0,6.049136155712128e-05,0.32415447746916853,"A"
"MULE-10338","Improvement","2016-08-22T13:41:31.000-0500",False,0.055020375327540234,1.0,0.00018194941841728852,0.30675979479292603,"A"
"MULE-16209","Task","2018-12-14T07:57:57.000-0600",False,0.05566241085491366,1.0,0.0029443114426117387,0.30937766009045387,"A"
"MULE-11816","Task","2017-02-11T12:11:25.000-0600",True,0.12397811935895049,1.0,0.0004506269478892262,0.5182075135455002,"A"
"MULE-9250","Bug","2016-01-04T08:26:58.000-0600",False,0.030649335532537746,1.0,0.003873623095302418,0.19374343935846028,"A"
"MULE-16511","Enhancement Request","2019-02-20T06:46:54.000-0600",False,0.0408894894953415,0.0,3.7369501554465546e-06,0.24471793634664876,"A"
"MULE-13003","Task","2017-07-05T14:34:55.000-0500",False,0.07073414866756335,1.0,0.0002834380166395908,0.3664868409181119,"A"
"MULE-13315","Bug","2017-08-15T09:26:11.000-0500",False,0.0241857723527246,0.0,2.705126834827777e-05,0.1585096008726825,"A"
"MULE-9860","Task","2016-06-09T08:55:48.000-0500",False,0.03705281997068651,0.0,7.001245465721369e-05,0.22626792485707609,"A"
"MULE-11263","Task","2016-12-22T12:40:31.000-0600",False,0.11556600480997559,1.0,0.0024253512614326096,0.49826055634101574,"A"
"MULE-13030","Bug","2017-07-11T10:39:45.000-0500",False,0.15365592113439938,0.0,1.0,0.5797965048589847,"A"
"MULE-14520","Bug","2018-01-22T07:54:04.000-0600",False,0.037822713833699964,0.0,1.287515993989515e-05,0.23003020537218452,"A"
"MULE-12509","Task","2017-05-18T10:41:55.000-0500",False,0.06279396573238837,0.0,0.00015988945211998053,0.33740143160147645,"A"
"MULE-9350","Improvement","2016-01-25T13:46:45.000-0600",False,0.04202974634045998,0.0,0.008142371992065271,0.2500602716041837,"A"
"MULE-8655","Task","2015-05-28T14:10:59.000-0500",False,0.07570811860789667,1.0,1.9794151240838606e-05,0.3836712922161942,"A"
"MULE-12323","Task","2017-04-27T11:03:54.000-0500",False,0.04671168211662068,0.0,0.0009083177354674804,0.271351808050204,"A"
"MULE-9986","Task","2016-06-27T03:50:16.000-0500",False,0.12688185509236988,1.0,2.1153634335406314e-05,0.524813037222026,"A"
"MULE-12781","Task","2017-06-13T11:35:05.000-0500",False,0.05069820039329072,0.0,5.749086236894299e-06,0.28870371494489,"A"
"MULE-13161","Bug","2017-07-21T15:44:17.000-0500",False,0.043064782097812684,1.0,1.2677739478052074e-05,0.25485541166319825,"A"
"MULE-7346","Bug","2014-02-18T09:57:27.000-0600",False,0.04749874909433269,0.0,0.9999998837953467,0.27483270813061145,"A"
"MULE-8512","New Feature","2015-04-20T08:26:52.000-0500",False,0.010552776357771331,0.0,2.984689212713128e-05,0.07497894263233008,"A"
"MULE-12029","Bug","2017-03-22T12:32:45.000-0500",False,0.01480368620992543,1.0,0.0004065192275878962,0.1024939159157846,"A"
"MULE-8650","Task","2015-05-27T15:50:14.000-0500",False,0.05208186982356159,1.0,7.004044687136562e-05,0.2945674834863969,"A"
"MULE-7440","Bug","2014-03-17T14:28:47.000-0500",False,0.06293915082106008,0.0,0.11254512166689364,0.3379525847904158,"A"
"MULE-12585","Task","2017-05-24T14:49:26.000-0500",False,0.023609098100176685,0.0,4.3045001486690896e-05,0.1552396897384424,"A"
"MULE-13134","Task","2017-07-17T08:22:18.000-0500",True,0.09864239546977102,1.0,0.00012286685824169287,0.45406670449977293,"A"
"MULE-16321","Task","2019-01-11T14:46:54.000-0600",False,0.04146988471231903,0.0,0.00010514567881703032,0.24744509476649437,"A"
"MULE-11347","Task","2017-01-05T10:15:39.000-0600",False,0.14218387140332883,0.0,0.002048906866399214,0.5574648515853574,"A"
"MULE-13795","Bug","2017-10-13T14:21:01.000-0500",False,0.052549336421062506,0.0,2.1208212012803947e-05,0.29653056101478564,"A"
"MULE-9700","Task","2016-05-12T11:18:02.000-0500",False,0.1844680594746237,0.0,0.08585220370336684,0.6322273212100824,"A"
"MULE-10150","Bug","2016-07-25T12:47:37.000-0500",False,0.06914101277067991,0.0,0.00018131765276053224,0.3608189422408677,"A"
"MULE-10781","Improvement","2016-10-14T14:10:54.000-0500",False,0.06816458209914421,1.0,0.00322997577719725,0.357304462239002,"A"
"MULE-10628","Task","2016-09-26T08:08:19.000-0500",False,0.026952456422879884,1.0,0.0002474894315927214,0.1739036136589817,"A"
"MULE-9754","Task","2016-05-26T11:21:52.000-0500",True,0.07921795629578966,0.0,0.0008282573959003325,0.39535148558485966,"A"
"MULE-11551","Task","2017-01-27T13:02:43.000-0600",False,0.04327837333405061,0.0,0.00017131272002637374,0.2558385996950802,"A"
"MULE-13589","Story","2017-09-05T12:47:45.000-0500",False,0.06920063218493307,0.0,0.10477426773037549,0.3610325239071129,"A"
"MULE-8698","Bug","2015-06-09T16:49:32.000-0500",False,0.03664145350045936,1.0,2.1584474354809022e-05,0.22424505839598935,"A"
"MULE-10498","Improvement","2016-09-08T10:32:30.000-0500",False,0.03458209614630846,1.0,0.0190244228891929,0.21398386157795274,"A"
"MULE-9820","Improvement","2016-06-04T19:41:59.000-0500",False,0.09991847016418087,0.0,0.027774906779222768,0.4576063914674409,"A"
"MULE-15546","Bug","2018-08-14T08:55:20.000-0500",False,0.04240412082909563,1.0,2.95150722372236e-05,0.2518005922315003,"A"
"MULE-15760","Enhancement Request","2018-09-27T16:34:01.000-0500",False,0.03786084182214585,0.0,6.523890015061481e-05,0.23021573241159612,"A"
"MULE-7627","Bug","2014-05-22T14:56:23.000-0500",False,0.028854207060328017,0.0,0.0003464260343429699,0.18421120348453757,"A"
"MULE-13432","Bug","2017-08-31T11:28:09.000-0500",False,0.03963732617209973,0.0,0.00034536184973766167,0.23877787096957506,"A"
"MULE-9541","New Feature","2016-04-01T15:47:26.000-0500",False,0.08916326605403073,1.0,0.0005008557830068051,0.4265976686101495,"A"
"MULE-14192","Task","2017-12-11T11:28:29.000-0600",False,0.07493078829474033,1.0,0.00013404879517709399,0.3810354829448728,"A"
"MULE-10240","Bug","2016-08-12T09:53:15.000-0500",False,0.025842567970430205,0.0,9.345431940685942e-05,0.16778580970889112,"A"
"MULE-13018","Enhancement Request","2017-07-07T13:23:05.000-0500",False,0.02159478825303976,0.0,9.840139051219254e-05,0.14364701357088636,"A"
"MULE-7864","New Feature","2014-09-11T09:45:54.000-0500",False,0.02298954644196719,0.0,1.7631661819510146e-05,0.1517025694110071,"A"
"MULE-14787","Enhancement Request","2018-03-23T08:12:15.000-0500",False,0.11956053447868228,1.0,0.8614216705578539,0.5078868157086742,"A"
"MULE-10970","Task","2016-11-15T06:45:33.000-0600",False,0.017689684844748102,0.0,2.212035555497718e-05,0.12038627596275348,"A"
"MULE-7931","New Feature","2014-10-06T14:10:16.000-0500",False,0.023786380736794288,0.0,1.0412086704026569e-05,0.15624722423282184,"A"
"MULE-12781","Task","2017-06-13T11:35:05.000-0500",False,0.05069820039329072,0.0,5.749086236894299e-06,0.28870371494489,"A"
"MULE-16085","Bug","2018-11-21T07:58:57.000-0600",False,0.0990788373209206,0.0,0.05572647708740096,0.4552814011998441,"A"
"MULE-15799","Task","2018-10-08T16:13:13.000-0500",False,0.023007447796187033,0.0,0.00014216620583772918,0.15180512345991654,"A"
"MULE-16238","Task","2018-12-19T11:29:57.000-0600",True,0.07185486836046295,1.0,0.00023922811118246235,0.3704255820600965,"A"
"MULE-11299","Improvement","2016-12-29T10:33:47.000-0600",True,0.0640627980245291,0.0,0.010026208504127108,0.34219308018848277,"A"
"MULE-14722","Bug","2018-03-14T10:02:40.000-0500",False,0.024800580288894494,0.0,1.0203088197556384e-05,0.1619721829517129,"A"
"MULE-10532","Task","2016-09-12T23:33:29.000-0500",False,0.04742870420281573,1.0,0.0003089863073945366,0.27452404252030543,"A"
"MULE-16047","Task","2018-11-13T20:50:54.000-0600",False,0.048793452908215316,1.8428478674112111e-233,0.00012161062751166928,0.28049918514632033,"A"
"MULE-8421","Task","2015-03-20T13:01:45.000-0500",False,0.052024471432696236,0.0,0.0002575023760388192,0.2943258233295778,"A"
"MULE-9861","New Feature","2016-06-09T08:58:40.000-0500",False,0.06405361732985566,0.0,0.003170776043567685,0.3421586125850845,"A"
"MULE-11468","Task","2017-01-19T10:37:35.000-0600",False,0.026811291097724614,0.0,5.903226766453919e-06,0.1731297247808384,"A"
"MULE-7931","New Feature","2014-10-06T14:10:16.000-0500",False,0.023786380736794288,0.0,1.0412086704026569e-05,0.15624722423282184,"A"
"MULE-12100","Bug","2017-03-30T15:02:43.000-0500",False,0.04175406378281045,0.0,9.128877916413984e-06,0.2487744207431634,"A"
"MULE-9348","Task","2016-01-25T11:07:16.000-0600",True,0.06148863755021038,1.0,4.640472019792568e-05,0.33241238616353375,"A"
"MULE-7982","Task","2014-10-16T17:36:56.000-0500",False,0.04231054159005022,0.0,0.0020043864095834036,0.25136620913983454,"A"
"MULE-13298","Task","2017-08-10T15:16:54.000-0500",False,0.03686367952061429,0.0,0.00012304094641225785,0.22533893683906991,"A"
"MULE-14043","Task","2017-11-13T08:58:28.000-0600",False,0.04113315452846312,1.0,4.123184887462365e-05,0.24586486973010863,"A"
"MULE-11220","Improvement","2016-12-16T10:48:37.000-0600",False,0.029773630690683662,0.0,0.00014027113820564634,0.18911697921282275,"A"
"MULE-15266","Bug","2018-07-03T09:58:34.000-0500",False,0.01575945907229036,0.0,0.001727816654801133,0.10848780838702896,"A"
"MULE-9966","Task","2016-06-23T10:19:56.000-0500",False,0.07788483857209284,0.0,2.884392477713089e-05,0.3909571733414981,"A"
"MULE-9901","Improvement","2016-06-13T10:11:27.000-0500",True,0.10123061525235756,1.0,0.9999769601370103,0.46120886118546867,"A"
"MULE-16157","Task","2018-12-04T12:39:08.000-0600",False,0.04777622300344486,0.0,0.0002482072558429078,0.27605331542083367,"A"
"MULE-10403","Bug","2016-08-30T15:09:43.000-0500",False,0.024545060298153686,0.0,0.0024689463573257056,0.16053603785361956,"A"
"MULE-8169","Improvement","2014-12-18T11:33:05.000-0600",False,0.05128534483594939,0.0,0.004002626105226164,0.29120171149400853,"A"
"MULE-7207","Improvement","2014-01-02T15:23:04.000-0600",False,0.05362943232693503,0.0,0.0005392504778332037,0.30103209519369595,"A"
"MULE-16632","Task","2019-03-29T15:41:13.000-0500",False,0.03715142677387867,1.0,1.407574482751075e-05,0.22675150637962532,"A"
"MULE-15894","Task","2018-10-23T13:46:08.000-0500",False,0.2942900232466095,1.0,0.9999999747498695,0.76015138426627,"A"
"MULE-9862","New Feature","2016-06-09T09:01:58.000-0500",False,0.025928407129884937,0.0,3.413509898661468e-05,0.16826169342355643,"A"
"MULE-8687","Bug","2015-06-08T09:23:18.000-0500",False,0.01661387567499648,0.0,1.612653079711199e-05,0.1137883795848701,"A"
"MULE-15043","Task","2018-05-17T13:25:04.000-0500",False,0.061017688206206545,0.0,0.02190818896128554,0.33059734473031394,"A"
"MULE-14196","Task","2017-12-12T09:19:47.000-0600",False,0.11205825368610034,0.0,7.441640072535446e-05,0.48956675607444844,"A"
"MULE-11789","Task","2017-02-10T13:03:23.000-0600",False,0.02303913120854172,0.0,2.7745386712691325e-05,0.15198658119650035,"A"
"MULE-11730","Task","2017-02-07T12:57:12.000-0600",False,0.032574529687804506,0.0,2.5590850141923784e-06,0.2037597340810906,"A"
"MULE-8543","Bug","2015-04-27T13:03:16.000-0500",False,0.18432746909709227,1.0,0.02889818051392916,0.6320099370318109,"A"
"MULE-14656","Story","2018-02-28T13:09:41.000-0600",False,0.16058070737721733,1.0,0.0009638930824327691,0.5924818042832669,"A"
"MULE-11855","Bug","2017-02-21T10:59:13.000-0600",False,0.011552099638846092,0.0,6.010077427386431e-06,0.08157626790054573,"A"
"MULE-10920","Task","2016-11-09T13:31:08.000-0600",False,0.028610301730585555,0.0,0.00017117588277469717,0.1829013908836294,"A"
"MULE-14342","Task","2017-12-28T14:20:03.000-0600",False,0.06801816998750206,0.0,0.0005046444851815266,0.356774783813378,"A"
"MULE-7369","Improvement","2014-02-21T16:19:04.000-0600",False,0.06377124207503533,0.0,0.00046330155460269314,0.34109703941685127,"A"
"MULE-9766","Bug","2016-05-27T14:51:08.000-0500",False,0.04871149216297669,0.0,3.828396850886224e-05,0.2801426435971689,"A"
"MULE-7261","New Feature","2014-01-29T11:20:43.000-0600",False,0.025501533632237155,0.0,4.49355306139003e-06,0.16589059014377122,"A"
"MULE-10638","Bug","2016-09-26T13:18:26.000-0500",False,0.028990130804461577,0.0,0.999968166284931,0.18493960086240002,"A"
"MULE-10544","Task","2016-09-14T14:58:06.000-0500",True,0.036806529441905114,0.0,1.329246534731314e-05,0.22505786966030278,"A"
"MULE-9349","Bug","2016-01-25T11:20:13.000-0600",False,0.017573089112827695,0.0,6.537938421613911e-05,0.11967525534119625,"A"
"MULE-12792","Bug","2017-06-13T16:07:59.000-0500",True,0.01156817060073049,0.0,1.813491309848667e-06,0.08168170447612015,"A"
"MULE-9859","Task","2016-06-09T05:17:50.000-0500",False,0.05268813206176689,1.0,0.0001759371319298946,0.2971116884675499,"A"
"MULE-10382","Task","2016-08-30T09:05:35.000-0500",False,0.027479967144044423,1.0,0.0030802499248061372,0.17678470098257107,"A"
"MULE-12498","Bug","2017-05-17T11:40:27.000-0500",False,0.0341245873383442,0.0,7.862745544358214e-05,0.21167331737261563,"A"
"MULE-8582","Bug","2015-05-07T12:04:21.000-0500",False,0.08133035721455834,0.0,0.9793907194207495,0.4022114883023893,"A"
"MULE-16006","Bug","2018-11-02T10:35:27.000-0500",False,0.01905787530214554,0.0,8.423396769202956e-06,0.128657107020872,"A"
"MULE-13534","Task","2017-09-14T09:30:38.000-0500",False,0.06504143819428297,1.0,4.4929540539494515e-05,0.3458504848896331,"A"
"MULE-14183","Enhancement Request","2017-12-07T09:25:03.000-0600",False,0.0312513025524191,0.0,0.000519645196277185,0.19689799518893436,"A"
"MULE-9753","Bug","2016-05-26T11:04:30.000-0500",False,0.09266355719507084,0.0,2.7720420585207587e-05,0.4369893291148693,"A"
"MULE-10625","Bug","2016-09-23T12:23:18.000-0500",False,0.03323260138214846,0.0,7.71696640175769e-05,0.2071356398964171,"A"
"MULE-10266","Task","2016-08-17T13:41:15.000-0500",False,0.017546339810438516,0.0,0.0005502665547933894,0.1195119952327967,"A"
"MULE-15670","Bug","2018-07-03T13:38:27.000-0500",False,0.010980516446609835,0.0,2.4119277543408625e-08,0.07781272706117927,"A"
"MULE-10767","Task","2016-10-13T11:17:27.000-0500",True,0.04695206527792439,1.0,0.00041790230412806534,0.2724178604208884,"A"
"MULE-9266","Bug","2016-01-05T13:34:07.000-0600",True,0.03237012513208488,0.0,0.09863263003564467,0.20270622110515377,"A"
"MULE-7062","Bug","2013-10-17T09:15:49.000-0500",False,0.03126583306175709,0.0,0.9947477537063748,0.19697388422923073,"A"
"MULE-12521","Task","2017-05-19T12:18:53.000-0500",False,0.06083610721692405,0.0,3.2397057515425202e-06,0.32989538012522734,"A"
"MULE-15291","Bug","2018-07-04T12:09:06.000-0500",False,0.04098545101850278,1.0,6.953951048033491e-05,0.2451699746302712,"A"
"MULE-7847","Improvement","2014-08-29T15:16:51.000-0500",False,0.05050773523157348,0.0,0.03840232315041013,0.2878902649321507,"A"
"MULE-13371","Bug","2017-08-23T12:00:53.000-0500",False,0.017305150413759803,0.0,0.00023534374216960754,0.11803759780671493,"A"
"MULE-14785","Bug","2018-03-23T05:35:53.000-0500",False,0.023415067716745983,0.0,3.3990645144602343e-05,0.1541346336154915,"A"
"MULE-11930","Bug","2017-03-02T16:26:50.000-0600",False,0.13136716737442763,0.0,0.9999999921579388,0.5347498713849558,"A"
"MULE-7976","Task","2014-10-15T11:19:28.000-0500",False,0.09649851432163178,0.0,0.005561105507969951,0.4480378166467169,"A"
"MULE-10473","Improvement","2016-09-06T09:56:29.000-0500",False,0.05939167638452522,1.0,0.00025068353008799734,0.3242683791308881,"A"
"MULE-10671","Bug","2016-09-29T16:26:14.000-0500",False,0.15006039640234353,1.0,0.00020119185906584085,0.572980207755248,"A"
"MULE-10991","Task","2016-11-17T07:48:03.000-0600",False,0.00397629564323415,0.0,3.3361992687852514e-07,0.029447051678822087,"A"
"MULE-6800","Bug","2013-04-22T14:23:24.000-0500",False,0.01865087237437993,0.0,9.853693897229855e-05,0.12621063616093056,"A"
"MULE-13776","Task","2017-10-12T08:43:47.000-0500",False,0.021837299844115685,0.0,2.7062931577396935e-05,0.14505697174460214,"A"
"MULE-11943","Task","2017-03-08T13:20:21.000-0600",True,0.022344381974018397,1.0,3.542846202740394e-05,0.1479924274381371,"A"
"MULE-11600","Bug","2017-02-01T13:28:34.000-0600",False,0.020239314654065425,0.0,6.243121113240609e-06,0.135692992445841,"A"
"MULE-10773","Bug","2016-10-13T16:06:42.000-0500",False,0.06882578912081098,0.0,0.00039419632495540913,0.3596877582479806,"A"
"MULE-11630","New Feature","2017-02-03T14:06:12.000-0600",False,0.01904028910983872,1.0,5.7327254588081006e-05,0.1285516388035751,"A"
"MULE-11519","Task","2017-01-26T04:55:37.000-0600",False,0.17765672632396307,1.0,0.000566334319579916,0.6214820460167375,"A"
"MULE-12218","Improvement","2017-04-17T10:30:53.000-0500",False,0.04183251935227297,0.0,0.00033697515652154295,0.24914072998181203,"A"
"MULE-12716","Improvement","2017-06-07T12:32:13.000-0500",False,0.10092899776591537,0.0,0.007765660207042647,0.46038409084019616,"A"
"MULE-10855","Task","2016-10-28T12:52:50.000-0500",False,0.08110212227526602,0.0,0.0009107700717133319,0.4014763009566771,"A"
"MULE-12104","Bug","2017-03-31T10:12:22.000-0500",False,0.027458826656707198,0.0,3.684064827716689e-05,0.17666956538041784,"A"
"MULE-16484","Bug","2019-02-14T12:48:47.000-0600",False,0.05791816329079146,0.0,3.391226684794391e-05,0.3184481066876697,"A"
"MULE-10172","Task","2016-07-29T08:43:36.000-0500",False,0.04808064250580086,1.0,0.0012193217323965828,0.2773885522567742,"A"
"MULE-8018","Task","2014-11-06T05:46:51.000-0600",True,0.07530880373497471,1.0,0.00036305389177620947,0.38231953255411694,"A"
"MULE-11871","Task","2017-02-22T12:43:31.000-0600",False,0.036190225787753744,0.0,1.885450451386894e-05,0.22201598020339602,"A"
"MULE-7741","New Feature","2014-07-03T12:27:47.000-0500",False,0.14072748807719845,1.0,0.0002031383761712401,0.5545044179097403,"A"
"MULE-16467","Task","2019-02-13T18:48:27.000-0600",False,0.47056584941502233,1.0,0.9999277513862157,0.8710500796146592,"A"
"MULE-12610","Task","2017-05-26T13:46:10.000-0500",False,0.01640349917126189,0.0,8.872913017391008e-06,0.11248826593330061,"A"
"MULE-14587","Bug","2018-02-02T12:02:43.000-0600",False,0.026493720433785495,0.0,3.2078087816673955e-06,0.17138426959001293,"A"
"MULE-7411","Bug","2014-03-05T10:39:23.000-0600",False,0.02854946401482654,0.0,4.520952543450422e-06,0.1825741292032808,"A"
"MULE-16447","Task","2019-02-07T15:08:14.000-0600",False,0.02355427746529725,0.0,2.4217779912888817e-05,0.15492771948956807,"A"
"MULE-9278","Task","2016-01-07T06:11:14.000-0600",False,0.06407039423259288,0.0,0.0012725173475126228,0.3422215968444704,"A"
"MULE-14366","Task","2018-01-03T20:21:31.000-0600",False,0.033826303554603504,0.0,0.0001196388365385586,0.21016076003189427,"A"
"MULE-14064","Task","2017-11-14T12:55:47.000-0600",False,0.02796512320118621,0.0,3.386832098155479e-05,0.17941951075709203,"A"
"MULE-11309","New Feature","2016-12-30T11:19:45.000-0600",False,0.010269304344705278,0.0,0.0009953086983033174,0.07309268053966812,"A"
"MULE-13133","Bug","2017-07-19T07:37:01.000-0500",False,0.03100595287989609,0.0,0.00038173902116548486,0.19561477368166683,"A"
"MULE-13428","Task","2017-08-31T07:39:15.000-0500",False,0.038025041999026565,0.0,4.9473574488275115e-06,0.23101386142461516,"A"
"MULE-13899","Bug","2017-10-27T14:08:13.000-0500",False,0.05687057262661956,0.0,0.9718412710169638,0.314260136219034,"A"
"MULE-8769","Bug","2015-07-08T07:00:21.000-0500",False,0.02489888581491053,0.0,9.440435110208696e-06,0.1625235990607267,"A"
"MULE-12903","Task","2017-06-22T10:21:22.000-0500",False,0.02785108411557869,0.0,0.0007321954956459052,0.17880146300911298,"A"
"MULE-6746","Task","2013-03-19T15:06:06.000-0500",False,0.024041563992212724,1.0,0.00018910802711919863,0.15769391175464884,"A"
"MULE-14409","Enhancement Request","2018-01-09T09:40:26.000-0600",False,0.08725282529501313,1.0,1.241164605843747e-05,0.4207974272010289,"A"
"MULE-9191","New Feature","2015-12-11T12:23:34.000-0600",False,0.059378134989673294,0.0,3.6408537794150556e-05,0.32421526186304905,"A"
"MULE-11042","Bug","2016-11-22T11:23:51.000-0600",False,0.04606146383126641,0.0,0.0032701517664516276,0.2684552188004285,"A"
"MULE-8185","Improvement","2014-12-29T16:37:43.000-0600",False,0.024124635575281807,0.0,8.26868324435724e-05,0.15816395504633102,"A"
"MULE-9074","Bug","2015-11-17T14:58:09.000-0600",False,0.028973556417247408,0.0,6.362737351095913e-05,0.18485083964496996,"A"
"MULE-7324","Bug","2014-02-13T16:42:13.000-0600",False,0.08923815887082753,0.0,2.423142988609756e-05,0.42682317376375656,"A"
"MULE-10523","Bug","2016-09-11T11:23:55.000-0500",False,0.024606081404496754,0.0,0.0027321716624545155,0.16087938454087675,"A"
"MULE-8655","Task","2015-05-28T14:10:59.000-0500",False,0.07570811860789667,1.0,1.9794151240838606e-05,0.3836712922161942,"A"
"MULE-16368","Task","2019-01-23T10:13:15.000-0600",False,0.04547044734798773,1.0,0.0003841122025047658,0.26580577143488693,"A"
"MULE-8165","New Feature","2014-12-18T10:06:47.000-0600",False,0.046885788374117485,1.0,7.334473799146427e-05,0.2721241932304447,"A"
"MULE-13306","Task","2017-08-11T12:28:49.000-0500",False,0.05300505238542407,0.0,2.6281959971959493e-05,0.2984356545935298,"A"
"MULE-12367","Improvement","2017-05-02T12:42:23.000-0500",False,0.0940411191766366,0.0,7.734933894244697e-05,0.4409977936717404,"A"
"MULE-11912","New Feature","2017-03-03T07:53:56.000-0600",True,0.028186347914527534,1.0,5.894822172716123e-05,0.1806162263112174,"A"
"MULE-8303","Bug","2015-02-09T07:14:16.000-0600",False,0.04387341321089215,0.0,0.9999971524082029,0.2585663093019959,"A"
"MULE-6844","Story","2013-05-22T01:14:43.000-0500",True,0.11627435065270024,0.0,0.00017598395964359327,0.49998851868825683,"A"
"MULE-10398","Task","2016-08-30T12:07:20.000-0500",False,0.040368117771665483,0.0,0.011995919824705421,0.24225405073090617,"A"
"MULE-7384","Bug","2014-02-26T10:00:20.000-0600",False,0.04700997898612905,0.0,6.68158863781431e-06,0.2726743104928347,"A"
"MULE-9392","New Feature","2016-02-18T11:04:39.000-0600",False,0.042598563412810445,0.0,0.003162650845296014,0.25270183109335914,"A"
"MULE-12579","Improvement","2017-05-24T11:34:16.000-0500",False,0.04224884745546531,0.0,0.0001449552295786003,0.25107960321565237,"A"
"MULE-16393","Task","2019-01-29T15:09:23.000-0600",False,0.02541331765671484,0.0,0.48469850642997037,0.16539916085267298,"A"
"MULE-10878","Bug","2016-11-01T15:46:53.000-0500",True,0.032100350380714404,0.0,0.00026054895558675175,0.2013121955971955,"A"
"MULE-11491","Bug","2017-01-20T17:35:59.000-0600",False,0.05191678971924576,0.0,4.599708218154035e-05,0.2938720911621979,"A"
"MULE-10266","Task","2016-08-17T13:41:15.000-0500",False,0.017546339810438516,0.0,0.0005502665547933894,0.1195119952327967,"A"
"MULE-12935","Bug","2017-06-26T09:03:31.000-0500",False,0.01792544672543351,0.0,2.8032224373774404e-05,0.12182100226479328,"A"
"MULE-15614","Task","2018-08-28T13:42:58.000-0500",False,0.04227149033532687,1.0,1.723545085575865e-05,0.2511848140482911,"A"
"MULE-8919","Bug","2015-09-02T12:54:50.000-0500",False,0.012405002111528583,0.0,4.260581233612154e-05,0.08714332905357677,"A"
"MULE-14589","Bug","2018-02-02T16:47:21.000-0600",False,0.04606609629750205,0.0,9.557153141043605e-05,0.2684759229176828,"A"
"MULE-9429","New Feature","2016-03-03T08:20:48.000-0600",False,0.032812962945820305,0.0,0.07020199367496288,0.20498568060933217,"A"
"MULE-15931","Bug","2018-10-25T15:57:01.000-0500",False,0.05251413499273539,0.0,1.7032686247732504e-05,0.2963830494526066,"A"
"MULE-12521","Task","2017-05-19T12:18:53.000-0500",False,0.06083610721692405,0.0,3.2397057515425202e-06,0.32989538012522734,"A"
"MULE-15398","Task","2018-07-18T09:52:39.000-0500",False,0.025784698178979337,0.0,0.17892878010487304,0.16746472533147858,"A"
"MULE-9465","Bug","2016-03-13T08:39:02.000-0500",True,0.20884415783801338,1.0,0.9999999999746194,0.6673539598229405,"A"
"MULE-13648","Bug","2017-09-28T11:40:53.000-0500",False,0.05536475664285591,0.0,0.000614584744003514,0.308166011392007,"A"
"MULE-10214","Bug","2016-08-08T10:15:15.000-0500",False,0.047636594007910996,1.0,0.001423598579062088,0.2754395128328577,"A"
"MULE-13869","Task","2017-10-24T13:01:05.000-0500",False,0.10184247503268895,0.0,0.0001492832607694336,0.4628759539069995,"A"
"MULE-16000","Task","2018-11-06T12:30:59.000-0600",False,0.07659466531420242,0.0,2.5525320756238976e-05,0.38665551031728485,"A"
"MULE-13894","Bug","2017-10-26T11:16:16.000-0500",False,0.08007190672119884,0.0,0.6193111874936713,0.3981397514280296,"A"
"MULE-9418","Improvement","2016-03-02T13:44:31.000-0600",True,0.024717652943401343,0.0,0.06205582389185909,0.16150654789650032,"A"
"MULE-11367","Task","2017-01-09T13:16:00.000-0600",False,0.029468803499315348,0.0,6.998170199960301e-05,0.18749603368857734,"A"
"MULE-9327","Improvement","2016-01-15T08:12:42.000-0600",False,0.011450491612296259,0.0,0.0005252668702097385,0.08090916791304757,"A"
"MULE-12878","Task","2017-06-20T15:36:48.000-0500",False,0.0924443576587075,0.0,5.570845888743504e-05,0.4363473220477111,"A"
"MULE-11836","Task","2017-02-15T23:16:40.000-0600",False,0.031024296124545176,1.0,0.0005188385453952306,0.19571083135422812,"A"
"MULE-10122","Improvement","2016-07-21T09:20:53.000-0500",False,0.031466108037797605,0.0,1.945681093884845e-06,0.1980186400140711,"A"
"MULE-9470","Task","2016-03-14T07:06:29.000-0500",False,0.12091717458351568,1.0,0.0004074874006032821,0.5110919126421626,"A"
"MULE-15289","Bug","2018-07-04T11:13:06.000-0500",False,0.0761236164194485,0.0,0.0008265849296818128,0.38507279972762243,"A"
"MULE-8620","New Feature","2015-05-20T06:41:55.000-0500",False,0.03463123025310945,0.0,0.012204262703544204,0.2142313268367001,"A"
"MULE-13998","Task","2017-11-08T06:32:14.000-0600",False,0.029848765910169356,1.0,3.34570655623316e-05,0.1895156803378041,"A"
"MULE-16084","Task","2018-11-21T07:48:00.000-0600",False,0.2536331615841791,0.0,0.9999999908173152,0.720877809552346,"A"
"MULE-7947","Task","2014-10-07T09:45:37.000-0500",False,0.05696865951230678,0.0,0.004172138768705892,0.3146540456385327,"A"
"MULE-11777","New Feature","2017-02-09T08:01:22.000-0600",True,0.10332218729066607,1.0,0.0011118147593551985,0.46687453538175366,"A"
"MULE-15268","Task","2018-07-03T13:07:18.000-0500",False,0.038268926931380336,1.0,8.345817286372529e-05,0.23219676568456704,"A"
"MULE-13561","Bug","2017-09-18T10:44:49.000-0500",False,0.031793824133289704,0.0,1.1413460943323699e-05,0.19972328187740135,"A"
"MULE-7318","Bug","2014-02-12T19:09:57.000-0600",True,0.021560428742482443,0.0,0.00010257115877099863,0.14344692840650522,"A"
"MULE-12562","Improvement","2017-05-23T10:46:27.000-0500",False,0.08920872918533618,1.0,0.00022408950998145224,0.4267345765837801,"A"
"MULE-7771","Bug","2014-07-18T14:39:10.000-0500",False,0.09050286744968278,1.0,5.046543668329477e-05,0.4306101817113873,"A"
"MULE-14321","Bug","2017-12-27T10:02:30.000-0600",False,0.05429618848031015,0.0,0.00017907097057705046,0.3037873603367933,"A"
"MULE-9861","New Feature","2016-06-09T08:58:40.000-0500",False,0.06405361732985566,0.0,0.003170776043567685,0.3421586125850845,"A"
"MULE-7071","Task","2013-10-21T09:43:14.000-0500",False,0.03532326479328482,0.0,9.34809287277788e-05,0.2177029511067025,"A"
"MULE-14315","Task","2017-12-26T10:55:07.000-0600",False,0.15420738854437607,0.0,0.0006855045593367441,0.5808277804765654,"A"
"MULE-7283","Task","2014-02-05T14:24:32.000-0600",False,0.05052228957488851,0.0,0.061726335975280364,0.28795247861406564,"A"
"MULE-12056","Bug","2017-03-27T10:06:03.000-0500",False,0.09622937813498443,1.0,0.0002912831094996965,0.4472735971195826,"A"
"MULE-14491","Bug","2018-01-17T13:58:09.000-0600",False,0.08682257815065506,0.0,6.219570773176148e-05,0.4194783359490521,"A"
"MULE-13894","Bug","2017-10-26T11:16:16.000-0500",False,0.08007190672119884,0.0,0.6193111874936713,0.3981397514280296,"A"
"MULE-15610","Task","2018-08-28T13:27:46.000-0500",False,0.050617471347895925,1.0,0.0006765798777697501,0.2883591196853855,"A"
"MULE-11531","Task","2017-01-26T08:58:01.000-0600",False,0.04038031667379312,0.0,0.00034471577635307346,0.24231185296710203,"A"
"MULE-12088","Task","2017-03-30T09:04:09.000-0500",False,0.052109571591595114,1.0,0.00028313194062349077,0.29468406542769804,"A"
"MULE-13322","Bug","2017-08-15T15:16:00.000-0500",True,0.0483353022773877,0.0,0.9998038619279562,0.278502409522949,"A"
"MULE-9344","Bug","2016-01-22T12:00:34.000-0600",False,0.05049840186764496,0.0,0.0002447585455250538,0.28785036401842884,"A"
"MULE-7398","Bug","2014-02-27T19:35:17.000-0600",False,0.015236936010472773,0.0,0.0007629048869171961,0.10521944845836011,"A"
"MULE-10894","Bug","2016-11-04T15:44:53.000-0500",False,0.02561056069868099,1.0,3.5018398804969675e-05,0.16649727650905455,"A"
"MULE-13779","Bug","2017-10-12T11:35:31.000-0500",False,0.13448620709339235,0.0,0.9470931346963242,0.5414761170761078,"A"
"MULE-16623","Bug","2019-03-28T18:21:01.000-0500",False,0.0646104188395949,0.0,5.6171861493356986e-05,0.34424374736138263,"A"
"MULE-10073","Improvement","2016-07-12T14:11:05.000-0500",False,0.037681300537415544,0.0,1.0811779359570854e-05,0.2293414492020933,"A"
"MULE-9069","Bug","2015-11-17T09:56:39.000-0600",False,0.052094243115938625,0.0,0.9531179930794138,0.2946195599834951,"A"
"MULE-12001","Bug","2017-03-17T18:46:50.000-0500",False,0.09132880217421063,0.0,3.57833638455432e-05,0.4330620461230795,"A"
"MULE-10064","Task","2016-07-11T10:03:03.000-0500",False,0.010309122518718333,1.0,7.495322323939974e-05,0.07335803512794103,"A"
"MULE-11432","Task","2017-01-16T08:58:20.000-0600",False,0.013602104250684895,1.0,0.00018446313663746236,0.09486003788341259,"A"
"MULE-11469","Task","2017-01-19T10:39:55.000-0600",False,0.04189083662427759,1.0,6.350343269472759e-05,0.2494128209087621,"A"
"MULE-11414","Task","2017-01-13T07:29:04.000-0600",False,0.04481611845210344,0.0,2.423609897676884e-05,0.26285389708069473,"A"
"MULE-12155","Bug","2017-04-05T12:43:59.000-0500",False,0.040063215869428674,0.0,8.261908894033597e-05,0.24080693828787053,"A"
"MULE-13401","Task","2017-08-29T08:56:55.000-0500",True,0.1089964797811805,1.0,0.999919390873805,0.4817869256174413,"A"
"MULE-10398","Task","2016-08-30T12:07:20.000-0500",False,0.040368117771665483,0.0,0.011995919824705421,0.24225405073090617,"A"
"MULE-7442","Bug","2014-03-17T15:11:47.000-0500",False,0.10034919385587802,0.0,0.07548736570902698,0.4587930736966723,"A"
"MULE-12467","Bug","2017-05-12T21:59:33.000-0500",False,0.038054097059997835,0.0,0.002971151692058579,0.23115494559996744,"A"
"MULE-11370","Improvement","2017-01-09T15:21:02.000-0600",False,0.09209221186914793,0.0,0.000872102335833173,0.4353135136419371,"A"
"MULE-16298","Bug","2019-01-08T07:20:11.000-0600",False,0.02117397760998582,0.0,0.0023316409041754358,0.14119103014337978,"A"
"MULE-15914","Task","2018-10-24T09:55:31.000-0500",False,0.08080236239957027,1.0,0.00034640901968661437,0.40050852393108066,"A"
"MULE-14861","Bug","2018-04-06T12:19:58.000-0500",False,0.05652087684072227,0.0,0.007343011682735649,0.3128527619633141,"A"
"MULE-9901","Improvement","2016-06-13T10:11:27.000-0500",True,0.10123061525235756,1.0,0.9999769601370103,0.46120886118546867,"A"
"MULE-6759","Bug","2013-03-27T06:43:24.000-0500",False,0.023115252304135567,0.0,0.00020815438813514666,0.15242227399790162,"A"
"MULE-13576","Bug","2017-09-19T16:35:59.000-0500",False,0.054147770940760204,1.0,0.0005271394738926515,0.30317559390134463,"A"
"MULE-13954","Bug","2017-11-03T11:49:58.000-0500",False,0.041482988689598446,1.0,0.0005262070464766486,0.24750647832941636,"A"
"MULE-8713","Task","2015-06-18T10:42:28.000-0500",False,0.042938264217380985,1.0,6.672712222007423e-05,0.2542720149183933,"A"
"MULE-10266","Task","2016-08-17T13:41:15.000-0500",False,0.017546339810438516,0.0,0.0005502665547933894,0.1195119952327967,"A"
"MULE-14577","Bug","2018-02-01T07:25:20.000-0600",False,0.04819185106770587,0.0,0.0008410817083967147,0.2778753171712186,"A"
"MULE-13570","Bug","2017-09-18T16:54:53.000-0500",True,0.01985425304855157,0.0,6.626528330488877e-05,0.13341047233973624,"A"
"MULE-15383","Task","2018-07-17T13:23:46.000-0500",True,0.12565644040864535,1.0,0.9998243109447843,0.5220422988218698,"A"
"MULE-16033","Bug","2018-11-09T14:15:25.000-0600",False,0.025190059378883228,0.0,0.9998960429183299,0.16415325216269386,"A"
"MULE-10567","Task","2016-09-15T11:35:14.000-0500",False,0.04182415237270661,0.0,6.133677915668783e-06,0.24910167869635394,"A"
"MULE-14797","Task","2018-03-23T17:40:49.000-0500",True,0.1708468734444446,1.0,0.13548549664154644,0.6102851704847293,"A"
"MULE-11808","Task","2017-02-10T18:18:37.000-0600",True,0.13024858731945924,1.0,0.0007671039358378436,0.5323013613538063,"A"
"MULE-10760","Task","2016-10-13T09:28:34.000-0500",False,0.006582449839443379,0.0,1.3076636264996444e-06,0.047943742721351844,"A"
"MULE-12629","Bug","2017-05-29T10:39:40.000-0500",False,0.14904694447280362,1.0,0.0003201740974638861,0.5710294715749817,"A"
"MULE-7386","Bug","2014-02-26T10:37:27.000-0600",False,0.032875598944874525,0.0,5.861049161871891e-06,0.20530720877111291,"A"
"MULE-7559","Bug","2014-04-26T10:56:16.000-0500",False,0.04817423402576003,0.0,0.00021185028105844567,0.2777982427209904,"A"
"MULE-11378","Improvement","2017-01-10T16:08:28.000-0600",False,0.020749025518481654,0.0,0.0004077647458090678,0.13869869914417204,"A"
"MULE-11432","Task","2017-01-16T08:58:20.000-0600",False,0.013602104250684895,1.0,0.00018446313663746236,0.09486003788341259,"A"
"MULE-7217","New Feature","2014-01-07T15:39:13.000-0600",False,0.048613820945398546,1.0,0.0010176417324548246,0.27971737776601013,"A"
"MULE-16674","Bug","2019-04-05T20:47:08.000-0500",False,0.04556758256204015,0.0,4.603195794322085e-05,0.2662423067337562,"A"
"MULE-8184","Bug","2014-12-29T14:19:12.000-0600",False,0.018108945859580207,0.0,1.5431297790309713e-05,0.12293492409398993,"A"
"MULE-9929","Task","2016-06-16T10:09:12.000-0500",False,0.03620934585637463,0.0,6.427464698573419e-06,0.22211065132084448,"A"
"MULE-14292","Task","2017-12-20T05:52:08.000-0600",True,0.08821450487285884,1.0,0.0004870625716130833,0.42372871373115756,"A"
"MULE-8512","New Feature","2015-04-20T08:26:52.000-0500",False,0.010552776357771331,0.0,2.984689212713128e-05,0.07497894263233008,"A"
"MULE-14711","Bug","2018-03-13T16:02:29.000-0500",False,0.019406872594001038,0.0,0.00015977411052726622,0.13074563065813682,"A"
"MULE-6849","Bug","2013-05-23T08:55:50.000-0500",False,0.013389254260930355,0.0,1.728991193815823e-07,0.09349616267915636,"A"
"MULE-6355","Bug","2012-07-24T17:50:10.000-0500",False,0.08332410413499455,0.0,0.04156006413185839,0.40857295400737187,"A"
"MULE-12984","Bug","2017-07-03T17:23:58.000-0500",False,0.04460992552982957,0.0,0.9999201859138583,0.2619196174682961,"A"
"MULE-13273","Bug","2017-08-05T18:00:39.000-0500",False,0.1185868367394098,0.0,0.0002353308620374072,0.5055665830456121,"A"
"MULE-14885","Bug","2018-04-12T13:26:07.000-0500",True,0.04136608243350774,1.0,0.000116355618624726,0.246958554266031,"A"
"MULE-14358","Task","2018-01-02T14:27:17.000-0600",False,0.07089419145155189,0.0,0.0034509630153020387,0.36705173677483316,"A"
"MULE-8129","Bug","2014-12-04T09:07:55.000-0600",False,0.015602480089372255,0.0,2.2230015080331796e-07,0.10750805915346263,"A"
"MULE-12406","Bug","2017-05-05T17:02:11.000-0500",False,0.034018018982917196,1.0,0.0005138490490015634,0.21113348183616115,"A"
"MULE-16361","Task","2019-01-21T11:03:55.000-0600",False,0.08963325560976378,0.0,0.03342807565200507,0.42801050666201457,"A"
"MULE-13561","Bug","2017-09-18T10:44:49.000-0500",False,0.031793824133289704,0.0,1.1413460943323699e-05,0.19972328187740135,"A"
"MULE-11073","Bug","2016-11-24T13:56:54.000-0600",False,0.05863718183342577,0.0,3.0451972145421685e-05,0.32129837555189816,"A"
"MULE-12029","Bug","2017-03-22T12:32:45.000-0500",False,0.01480368620992543,1.0,0.0004065192275878962,0.1024939159157846,"A"
"MULE-10790","Task","2016-10-17T13:15:24.000-0500",False,0.051563058823736775,0.0,0.00015422956911915296,0.29237820933578523,"A"
"MULE-11377","Task","2017-01-10T16:07:59.000-0600",False,0.048290565300824546,0.0,4.094604724844666e-05,0.27830693988774363,"A"
"MULE-15492","Bug","2018-08-02T13:37:01.000-0500",False,0.02275223951065602,0.0,1.9414904562882488e-05,0.15034108431417345,"A"
"MULE-10784","Improvement","2016-10-14T15:11:34.000-0500",False,0.052663378506167785,1.0,0.0008202882423083089,0.2970081049829185,"A"
"MULE-8473","Improvement","2015-04-13T16:17:04.000-0500",False,0.014952075599446564,0.0,0.0031430012004161644,0.10342901661664584,"A"
"MULE-11786","Task","2017-02-10T12:52:24.000-0600",False,0.0264335272659987,0.0,0.0006907355511512688,0.1710527291535636,"A"
"MULE-15455","Bug","2018-07-26T15:04:34.000-0500",False,0.07142879861686519,0.0,5.7219936346775264e-05,0.36893283631665996,"A"
"MULE-7663","Bug","2014-06-10T16:16:50.000-0500",True,0.1088513261169157,1.0,0.11580370177566604,0.48141355379579,"A"
"MULE-10012","Bug","2016-06-30T11:42:25.000-0500",False,0.01495164487501823,0.0,9.189080100153925e-07,0.10342630474670517,"A"
"MULE-10760","Task","2016-10-13T09:28:34.000-0500",False,0.006582449839443379,0.0,1.3076636264996444e-06,0.047943742721351844,"A"
"MULE-14863","Bug","2018-04-09T09:19:05.000-0500",False,0.03528281598347265,1.0,2.749050913173463e-05,0.2175007455227747,"A"
"MULE-13408","Task","2017-08-29T13:02:40.000-0500",False,0.1264645452307094,0.0,0.9999999829911986,0.5238722168107521,"A"
"MULE-12807","Bug","2017-06-14T13:02:37.000-0500",False,0.048540255788742076,1.0,1.8931160732085972e-05,0.27939679687963004,"A"
"MULE-8298","Task","2015-02-05T14:06:29.000-0600",True,0.05600469909967558,1.0,0.0008256642316140888,0.31076670197215217,"A"
"MULE-11278","Task","2016-12-26T05:49:40.000-0600",False,0.11621430040022285,0.0,0.0001106033276630415,0.4998423848261926,"A"
"MULE-7264","Bug","2014-01-29T14:22:50.000-0600",False,0.04566863741769401,0.0,0.00019586747834352266,0.2666960008230501,"A"
"MULE-10797","Bug","2016-10-19T09:29:14.000-0500",False,0.04090540431834826,0.0,0.9965685204556629,0.24479293621929527,"A"
"MULE-14657","Enhancement Request","2018-02-28T16:02:42.000-0600",False,0.04738911370786879,0.0,1.2979170378862707e-05,0.2743494836086085,"A"
"MULE-14836","Bug","2018-04-03T08:40:38.000-0500",False,0.03232199322379474,0.0,0.000218575547183107,0.20245780566937266,"A"
"MULE-16475","Task","2019-02-13T19:02:07.000-0600",False,0.48031104537487246,0.0,0.9998239752608735,0.8753759323555198,"A"
"MULE-13755","Bug","2017-10-10T16:35:39.000-0500",False,0.019006927741043674,0.0,0.001302660697815972,0.1283515036471159,"A"
"MULE-13124","Task","2017-07-18T16:56:25.000-0500",False,0.04602103216147216,1.0,0.00036255029792219077,0.2682744742555875,"A"
"MULE-12817","Task","2017-06-15T11:31:31.000-0500",False,0.041035253747851726,1.0,2.038259071910724e-05,0.24540439877224918,"A"
"MULE-14511","Bug","2018-01-18T16:00:48.000-0600",False,0.26038300208285137,0.0,0.01334415387151395,0.727934732108637,"A"
"MULE-14864","Bug","2018-04-09T11:37:35.000-0500",False,0.012023941372134299,0.0,9.77573121030383e-07,0.08466324734041014,"A"
"MULE-12245","Task","2017-04-18T14:09:43.000-0500",False,0.08800883389970032,0.0,0.9995788027075432,0.42310378865464987,"A"
"MULE-13564","Task","2017-09-18T13:31:28.000-0500",False,0.021923698254966765,1.0,0.0005939156580201805,0.1455583380038664,"A"
"MULE-14528","Bug","2018-01-23T04:52:13.000-0600",False,0.040613855783734755,0.0,1.1615750739664553e-05,0.24341701939711693,"A"
"MULE-15019","Task","2018-05-11T15:47:24.000-0500",False,0.019261958555363154,0.0,2.7157260914307254e-05,0.12987944997546388,"A"
"MULE-13760","Enhancement Request","2017-10-11T08:09:51.000-0500",False,0.08053554504740552,0.0,0.00011767610898797418,0.3996449988359249,"A"
"MULE-13656","Task","2017-09-28T12:10:06.000-0500",False,0.07510231243127251,0.0,0.0001715733482793379,0.38161865009168355,"A"
"MULE-6965","Bug","2013-07-23T09:47:18.000-0500",False,0.08535455236528935,0.0,0.9649803539433407,0.41494145806436306,"A"
"MULE-6649","Story","2013-02-14T14:11:49.000-0600",True,0.19724184859359467,1.0,0.8636505008646831,0.651247077757757,"A"
"MULE-13347","Task","2017-08-17T11:15:06.000-0500",False,0.01995666625281516,0.0,2.154890012392173e-06,0.1340185452220762,"A"
"MULE-9869","Task","2016-06-09T10:29:06.000-0500",False,0.08495625238905169,1.0,0.0005474129052138076,0.4137008121352783,"A"
"MULE-15822","Bug","2018-10-10T11:04:09.000-0500",False,0.013844724471471061,0.0,0.00020841768005436506,0.09641038917289299,"A"
"MULE-14409","Enhancement Request","2018-01-09T09:40:26.000-0600",False,0.08725282529501313,1.0,1.241164605843747e-05,0.4207974272010289,"A"
"MULE-14501","Task","2018-01-18T10:03:38.000-0600",False,0.12612389653260214,1.0,5.808000386028685e-05,0.5231021315144438,"A"
"MULE-8457","Improvement","2015-04-08T18:15:53.000-0500",False,0.029428339263915363,0.0,0.023102889861656588,0.18728045093207268,"A"
"MULE-13429","Task","2017-08-31T09:18:44.000-0500",False,0.10428992548939817,0.0,0.003958810598386463,0.4694646046813695,"A"
"MULE-10896","Task","2016-11-04T16:14:15.000-0500",False,0.029228576901820274,0.0,1.2887777427807603e-05,0.1862147553027432,"A"
"MULE-13839","Bug","2017-10-19T16:29:05.000-0500",False,0.028665736576443324,0.0,0.99386233030086,0.18319939671035665,"A"
"MULE-16582","Task","2019-03-21T15:11:16.000-0500",False,0.07347162711307101,1.0,2.8972551527462223e-05,0.3760385047646528,"A"
"MULE-6746","Task","2013-03-19T15:06:06.000-0500",False,0.024041563992212724,1.0,0.00018910802711919863,0.15769391175464884,"A"
"MULE-14137","Enhancement Request","2017-11-27T09:38:27.000-0600",False,0.16871855047510156,0.0,0.00018188166876423762,0.6066880718871583,"A"
"MULE-7755","Task","2014-07-17T10:36:30.000-0500",False,0.03179626611440585,0.0,2.833836498717617e-05,0.1997359611627518,"A"
"MULE-7407","Improvement","2014-03-03T11:53:08.000-0600",False,0.03683691431647378,0.0,0.001868321239023488,0.2252073253521112,"A"
"MULE-14196","Task","2017-12-12T09:19:47.000-0600",False,0.11205825368610034,0.0,7.441640072535446e-05,0.48956675607444844,"A"
"MULE-8021","Improvement","2014-11-06T06:26:14.000-0600",False,0.07428995188420795,0.0,3.529931446369838e-05,0.3788488564348358,"A"
"MULE-13310","Bug","2017-08-14T10:36:27.000-0500",False,0.06139985279652769,0.0,6.229039767344275e-05,0.3320708234000366,"A"
"MULE-9893","Bug","2016-06-10T16:27:20.000-0500",False,0.05067094691350912,0.0,0.001826051979208707,0.28858741311096264,"A"
"MULE-6355","Bug","2012-07-24T17:50:10.000-0500",False,0.08332410413499455,0.0,0.04156006413185839,0.40857295400737187,"A"
"MULE-12074","Task","2017-03-28T16:43:43.000-0500",False,0.0903289967875555,0.0,0.02129364243669708,0.43009189658722635,"A"
"MULE-10930","Task","2016-11-10T07:03:47.000-0600",False,0.02272133273843397,0.0,2.8255659552986465e-05,0.15016349200919832,"A"
"MULE-13125","Task","2017-07-18T17:02:13.000-0500",False,0.028711257989457967,0.0,8.314590733277752e-05,0.18344397297154005,"A"
"MULE-13877","Bug","2017-10-25T09:42:47.000-0500",False,0.0405345275666274,0.0,8.221276828598956e-05,0.24304191954730942,"A"
"MULE-10919","Bug","2016-11-09T13:14:37.000-0600",False,0.048899852610760554,0.0,0.00010079243394106734,0.2809616048146393,"A"
"MULE-13976","Task","2017-11-06T11:55:47.000-0600",False,0.010499286008420892,1.0,3.702246320224512e-06,0.07462351567914272,"A"
"MULE-7258","Bug","2014-01-28T11:27:50.000-0600",False,0.059544924873008595,0.0,0.0017285740997570523,0.3248690342601796,"A"
"MULE-16577","Bug","2019-03-20T08:27:51.000-0500",False,0.07112496799102686,0.0,0.00031739090732472563,0.3678648685347338,"A"
"MULE-8018","Task","2014-11-06T05:46:51.000-0600",True,0.07530880373497471,1.0,0.00036305389177620947,0.38231953255411694,"A"
"MULE-14520","Bug","2018-01-22T07:54:04.000-0600",False,0.037822713833699964,0.0,1.287515993989515e-05,0.23003020537218452,"A"
"MULE-6355","Bug","2012-07-24T17:50:10.000-0500",False,0.08332410413499455,0.0,0.04156006413185839,0.40857295400737187,"A"
"MULE-11941","Improvement","2017-03-08T11:13:11.000-0600",False,0.11235436687929966,0.0,0.00013824163461979142,0.490309591602781,"A"
"MULE-12232","New Feature","2017-04-17T15:44:22.000-0500",False,0.02063990449461556,1.0,4.651991055584136e-05,0.13805672224943066,"A"
"MULE-10547","Task","2016-09-14T15:03:20.000-0500",False,0.017304652377293592,1.0,5.257229304564157e-05,0.11803454893746665,"A"
"MULE-8464","Improvement","2015-04-09T10:04:50.000-0500",False,0.05884394004248712,0.0,7.334282812154434e-05,0.32211438085245275,"A"
"MULE-10647","Bug","2016-09-27T15:27:18.000-0500",True,0.06932293041180121,1.0,0.004683112199356384,0.36147028637490397,"A"
"MULE-13878","Bug","2017-10-25T10:24:00.000-0500",False,0.04693680348410809,0.0,0.6806986700329992,0.2723502541249423,"A"
"MULE-7252","Improvement","2014-01-20T12:15:58.000-0600",False,0.03700823306629829,0.0,0.0011304500830742945,0.22604909837185272,"A"
"MULE-13850","Enhancement Request","2017-10-20T13:07:22.000-0500",False,0.02813798702868609,0.0,0.00037123808399289296,0.18035486971891923,"A"
"MULE-15922","Bug","2018-10-24T11:07:52.000-0500",False,0.03767197398595869,1.0,7.274892916468259e-05,0.22929598786076785,"A"
"MULE-11409","Task","2017-01-12T12:36:07.000-0600",False,0.013303349806137756,0.0,1.6742823258007985e-05,0.09294471642969034,"A"
"MULE-15284","Enhancement Request","2018-07-04T10:54:11.000-0500",False,0.046620915797615105,0.0,0.00020863616132707084,0.27094860439377955,"A"
"MULE-15680","Task","2018-09-11T22:37:57.000-0500",False,0.16984020730916716,1.0,0.016317665361396807,0.6085897330870345,"A"
"MULE-8457","Improvement","2015-04-08T18:15:53.000-0500",False,0.029428339263915363,0.0,0.023102889861656588,0.18728045093207268,"A"
"MULE-13539","Task","2017-09-14T10:55:05.000-0500",False,0.0798174501004198,1.0,6.373671861443376e-05,0.3973110685828706,"A"
"MULE-16357","Bug","2019-01-18T12:32:14.000-0600",False,0.030970814389569713,0.0,1.7538195845338194e-05,0.1954307107811975,"A"
"MULE-13272","Enhancement Request","2017-08-04T16:52:28.000-0500",False,0.0645275681819061,0.0,0.000994492569292077,0.3439341652247509,"A"
"MULE-13902","Enhancement Request","2017-10-27T15:25:16.000-0500",False,0.022814922755041052,0.0,0.0008028142032980528,0.15070107291045748,"A"
"MULE-7873","New Feature","2014-09-11T11:14:29.000-0500",False,0.018666455002150067,1.0,3.363260994023162e-05,0.12630451786143132,"A"
"MULE-13215","Task","2017-07-28T08:49:45.000-0500",False,0.028628050301885873,0.0,2.1922169143112644e-05,0.18299682335190806,"A"
"MULE-13124","Task","2017-07-18T16:56:25.000-0500",False,0.04602103216147216,1.0,0.00036255029792219077,0.2682744742555875,"A"
"MULE-12714","Task","2017-06-07T09:43:43.000-0500",False,0.06601165973016292,0.0,2.0408610550290083e-05,0.34944394174114723,"A"
"MULE-14063","Bug","2017-11-14T12:28:48.000-0600",True,0.008340851681569419,0.0,5.599586183701638e-06,0.06008293023595909,"A"
"MULE-11430","Improvement","2017-01-16T08:02:24.000-0600",False,0.0645119331039424,0.0,0.0001003229771723025,0.34387571611081086,"A"
"MULE-12515","Bug","2017-05-18T15:21:49.000-0500",False,0.06115629174182628,0.0,0.0021551525089317037,0.3311323583115046,"A"
"MULE-12057","Task","2017-03-27T10:12:33.000-0500",False,0.05176125737122692,0.0,2.333967288920286e-05,0.2932158849665574,"A"
"MULE-12515","Bug","2017-05-18T15:21:49.000-0500",False,0.06115629174182628,0.0,0.0021551525089317037,0.3311323583115046,"A"
"MULE-13419","Improvement","2017-04-21T20:29:18.000-0500",False,0.03005919187025705,1.0,0.002171103039567423,0.1906305386297413,"A"
"MULE-9856","Task","2016-06-09T05:15:19.000-0500",False,0.07427751534561144,0.0,2.2978268952859416e-05,0.3788062983910568,"A"
"MULE-10638","Bug","2016-09-26T13:18:26.000-0500",False,0.028990130804461577,0.0,0.999968166284931,0.18493960086240002,"A"
"MULE-14769","Bug","2018-03-21T10:43:10.000-0500",False,0.025566182434170262,0.0,9.270796327723447e-05,0.16625042167218435,"A"
"MULE-16592","Bug","2019-03-23T18:45:23.000-0500",False,0.036676947263487435,0.0,1.2192896441639857e-05,0.22441994514820648,"A"
"MULE-14638","Task","2018-02-26T12:28:35.000-0600",False,0.11465565355379796,1.0,0.0005366456623481541,0.4960263100225049,"A"
"MULE-12768","Task","2017-06-12T15:05:53.000-0500",False,0.008266341141423144,0.0,0.016405655264494834,0.05957396512999813,"A"
"MULE-7465","Bug","2014-03-26T16:30:32.000-0500",False,0.038437499483310156,0.0,0.99999999478581,0.23301261029384798,"A"
"MULE-13016","Bug","2017-07-07T12:42:01.000-0500",False,0.05789750948258927,1.0,8.363326312887056e-05,0.31836594352293196,"A"
"MULE-12434","Bug","2017-05-10T12:59:52.000-0500",False,0.10645179627128266,0.0,0.0008202988962779533,0.47518047317390555,"A"
"MULE-7320","Bug","2014-02-13T09:31:46.000-0600",False,0.06877220049521388,0.0,0.15461633996151336,0.35949513283699747,"A"
"MULE-13385","Bug","2017-08-24T20:05:47.000-0500",False,0.04103067947113359,0.0,0.00018018468030075684,0.2453828724618672,"A"
"MULE-13291","Task","2017-08-09T16:20:11.000-0500",False,0.0332200885769072,1.0,3.828155374067975e-05,0.2070716735579053,"A"
"MULE-14386","Bug","2018-01-05T11:26:54.000-0600",False,0.030798626441244717,1.0,3.4007260467471845e-05,0.19452772791220835,"A"
"MULE-7103","Improvement","2013-11-04T14:34:41.000-0600",False,0.02671343329146743,0.0,0.0013792492215053925,0.17259253456728127,"A"
"MULE-13797","Task","2017-10-13T15:37:37.000-0500",False,0.06192789639897814,1.0,0.00015675077147125004,0.3340980730071528,"A"
"MULE-12530","Bug","2017-05-21T15:44:03.000-0500",False,0.0511940388663781,1.0,3.2715311756541976e-05,0.2908142019162321,"A"
"MULE-15354","Bug","2018-07-13T14:04:51.000-0500",False,0.02448533219090938,0.0,0.00011947569720283254,0.16019973589846975,"A"
"MULE-8330","Improvement","2015-02-19T09:49:57.000-0600",False,0.07115046971265325,0.0,8.219673764383895e-05,0.3679546193964003,"A"
"MULE-12833","Task","2017-06-16T10:28:37.000-0500",False,0.033609736931633154,1.0,2.1496885157566183e-05,0.20905952538272085,"A"
"MULE-16430","Task","2019-02-05T14:03:11.000-0600",False,0.04429003774092922,0.0,0.00010070559298320433,0.2604662813770356,"A"
"MULE-10869","Task","2016-11-01T07:41:25.000-0500",False,0.0523826014633146,1.0,0.0032631068924240335,0.29583140755433984,"A"
"MULE-13896","Bug","2017-10-27T10:18:34.000-0500",False,0.08005371412809997,0.0,0.0002108832507798912,0.39808056448997864,"A"
"MULE-11343","Improvement","2017-01-05T09:52:21.000-0600",False,0.05783628081058167,0.0,0.037123830603549964,0.31812227373274815,"A"
"MULE-12093","Improvement","2017-03-30T10:28:56.000-0500",False,0.04944091610035093,1.0,0.003436898598986149,0.28330552378878116,"A"
"MULE-14064","Task","2017-11-14T12:55:47.000-0600",False,0.02796512320118621,0.0,3.386832098155479e-05,0.17941951075709203,"A"
"MULE-12999","Task","2017-07-05T09:28:08.000-0500",False,0.04532767301329308,1.0,3.199128350773474e-05,0.265163347370018,"A"
"MULE-8277","Bug","2015-01-29T15:06:52.000-0600",False,0.16443938387125193,1.0,0.041842180488213906,0.5993091436462157,"A"
"MULE-11509","Task","2017-01-25T09:45:23.000-0600",False,0.050355381215907886,0.0,0.01122216756313436,0.287238477285288,"A"
"MULE-6954","Patch submission","2013-07-16T13:59:17.000-0500",False,0.09747628247460759,0.0,9.285104522518285e-05,0.4508003122207736,"A"
"MULE-16073","Bug","2018-11-20T10:53:33.000-0600",False,0.030350949257655264,1.0,7.551070143063898e-05,0.1921720308762652,"A"
"MULE-8833","Task","2015-08-12T10:02:42.000-0500",False,0.03705315091349915,0.0,1.1737211104018377e-05,0.22626954869265903,"A"
"MULE-11737","Improvement","2017-02-07T13:08:17.000-0600",False,0.07270918967395075,1.0,3.486476211313556e-05,0.37340162588919,"A"
"MULE-9868","New Feature","2016-06-09T10:24:23.000-0500",False,0.01655400226845489,0.0,0.001030217586941438,0.11341869701376138,"A"
"MULE-10181","Task","2016-08-02T07:00:47.000-0500",False,0.08513441219836915,1.0,0.0026183976815126607,0.41425627000282245,"A"
"MULE-7253","New Feature","2014-01-23T12:11:00.000-0600",False,0.06293251641578855,0.0,2.22670159282573e-05,0.3379274154620049,"A"
"MULE-15686","Task","2018-09-11T22:47:22.000-0500",True,0.18075256246276433,1.0,0.0446091062653219,0.6264205205471636,"A"
"MULE-13976","Task","2017-11-06T11:55:47.000-0600",False,0.010499286008420892,1.0,3.702246320224512e-06,0.07462351567914272,"A"
"MULE-15336","Bug","2018-07-11T18:36:23.000-0500",False,0.06450639976037399,0.0,0.00019369819201575254,0.34385502860787853,"A"
"MULE-13657","Bug","2017-09-28T14:18:11.000-0500",True,0.03142748339695527,0.0,0.016932122732907763,0.19781732849191624,"A"
"MULE-11979","Improvement","2017-03-15T12:32:08.000-0500",True,0.013600346259494377,0.0,5.264249047045293e-05,0.09484878763491232,"A"
"MULE-14426","Task","2018-01-11T12:31:45.000-0600",False,0.03922323217379902,0.0,1.6196016211762864e-05,0.2367963137046474,"A"
"MULE-12690","Improvement","2017-06-05T14:15:39.000-0500",True,0.05489017932642641,0.0,1.4634089890172426e-05,0.3062269414556786,"A"
"MULE-13828","Task","2017-10-19T08:27:03.000-0500",False,0.06071173196800952,0.0,1.5384802884699833e-05,0.3294138710821564,"A"
"MULE-16259","Bug","2018-12-27T08:24:24.000-0600",False,0.03596076179864362,0.0,1.0599762194098087e-05,0.22087830558720875,"A"
"MULE-14814","Task","2018-03-27T11:35:48.000-0500",True,0.08308924313131456,1.0,0.008347506165452209,0.4078291991836569,"A"
"MULE-14215","Task","2017-12-13T13:49:06.000-0600",False,0.05470589441340858,0.0,8.593452233118603e-05,0.3054715681931472,"A"
"MULE-14896","Enhancement Request","2018-04-15T08:05:52.000-0500",False,0.061058625448921974,0.0,0.0018312173033227385,0.3307554362502824,"A"
"MULE-7140","Task","2013-11-21T12:29:38.000-0600",False,0.010590149315569347,0.0,1.8745683742389317e-05,0.07522713527067415,"A"
"MULE-8064","Bug","2014-11-19T11:49:48.000-0600",True,0.10346666483144669,1.0,0.01178257847323315,0.46726246576029723,"A"
"MULE-6960","New Feature","2013-07-22T08:48:52.000-0500",False,0.054654865079903935,1.0,0.00017186797466400779,0.30526216315508165,"A"
"MULE-6988","Improvement","2013-08-23T13:30:06.000-0500",False,0.042003328247997775,0.0,0.00038125967099171613,0.24993720987696716,"A"
"MULE-11831","Task","2017-02-14T15:43:07.000-0600",False,0.047913635395861146,0.0,2.302410076161905e-05,0.2766565347816395,"A"
"MULE-9361","Task","2016-01-28T06:04:05.000-0600",False,0.06531400774390062,0.0,1.7494276237141372e-05,0.34686326221199726,"A"
"MULE-7460","Improvement","2014-03-26T00:59:06.000-0500",False,0.0889099000119343,1.0,0.990884218968745,0.42583373210551273,"A"
"MULE-12628","Task","2017-05-29T09:45:19.000-0500",False,0.03952131913332684,1.0,0.00023972944565979959,0.23822361057764804,"A"
"MULE-13516","Task","2017-09-12T09:01:52.000-0500",False,0.030490869174039502,0.0,0.9999987663474819,0.19290954059553336,"A"
"MULE-11990","Bug","2017-03-16T11:53:11.000-0500",False,0.05367483470658536,1.0,0.022828427895656592,0.3012202815439192,"A"
"MULE-14209","Task","2017-12-13T13:38:20.000-0600",False,0.054569815123225576,1.0,5.7002437961444665e-05,0.3049129199221911,"A"
"MULE-10616","Bug","2016-09-22T10:37:10.000-0500",False,0.022513469153676094,0.0,0.016569864692653508,0.14896745572075148,"A"
"MULE-12633","Task","2017-05-29T12:34:14.000-0500",False,0.05775774042574073,0.0,0.0005634813657292517,0.3178095003164801,"A"
"MULE-13382","Bug","2017-08-24T16:02:06.000-0500",False,0.012204745542239643,0.0,6.977186830867317e-07,0.08584142590408228,"A"
"MULE-16674","Bug","2019-04-05T20:47:08.000-0500",False,0.04556758256204015,0.0,4.603195794322085e-05,0.2662423067337562,"A"
"MULE-7637","Improvement","2014-06-02T12:00:40.000-0500",False,0.04864121318772066,1.0,0.0002959250573549582,0.27983668696664404,"A"
"MULE-12271","Improvement","2017-04-21T04:22:34.000-0500",False,0.0433377297711045,0.0,9.016367556590162e-05,0.2561114423059656,"A"
"MULE-9821","Improvement","2016-06-06T07:46:05.000-0500",True,0.026581905348364625,0.0,0.0003364797937184726,0.1718695822595263,"A"
"MULE-12832","Improvement","2017-06-16T09:39:04.000-0500",False,0.07211837173691898,0.0,1.599405894946886e-05,0.37134592591495913,"A"
"MULE-14566","Enhancement Request","2018-01-30T13:58:17.000-0600",False,0.04059791959391685,0.0,3.660578299735247e-05,0.24334169071634149,"A"
"MULE-14658","Bug","2018-02-28T16:07:45.000-0600",False,0.1279154827294582,1.0,0.004193887984949462,0.5271312391160542,"A"
"MULE-14499","Task","2018-01-18T10:00:17.000-0600",False,0.15324062103345573,1.0,0.0002794203147349125,0.5790174062067072,"A"
"MULE-11342","Task","2017-01-05T09:20:25.000-0600",False,0.042840933314954074,0.0,0.0018486925473305935,0.2538226876732112,"A"
"MULE-12465","Bug","2017-05-12T16:43:28.000-0500",False,0.0819898377088527,0.0,1.7426059688006174e-05,0.40432772210036655,"A"
"MULE-13869","Task","2017-10-24T13:01:05.000-0500",False,0.10184247503268895,0.0,0.0001492832607694336,0.4628759539069995,"A"
"MULE-16672","Bug","2019-04-05T17:08:56.000-0500",False,0.01731139595799147,0.0,4.339803218174484e-05,0.11807583012189816,"A"
"MULE-15087","Bug","2018-05-28T12:32:24.000-0500",False,0.033227164846236376,0.0,0.000435877764096916,0.20710784900783888,"A"
"MULE-12835","Bug","2017-06-16T11:25:12.000-0500",False,0.03258620631674842,0.0,0.000715923139420164,0.20381984547010806,"A"
"MULE-16383","Task","2019-01-28T10:03:24.000-0600",False,0.06906624690485978,1.0,3.597036711472147e-05,0.36055093647469416,"A"
"MULE-14144","Task","2017-11-28T17:19:23.000-0600",False,0.045340632532395245,0.0,5.8890595968728415e-05,0.2652216981733366,"A"
"MULE-14872","Task","2018-04-10T15:53:42.000-0500",False,0.022673713576114925,0.0,0.024896581592802253,0.14988974588204207,"A"
"MULE-7930","New Feature","2014-10-06T14:54:24.000-0500",False,0.02025996655946396,0.0,2.8550155714947504e-05,0.1358151210950077,"A"
"MULE-8464","Improvement","2015-04-09T10:04:50.000-0500",False,0.05884394004248712,0.0,7.334282812154434e-05,0.32211438085245275,"A"
"MULE-9518","Improvement","2016-03-28T09:53:43.000-0500",False,0.09113945519906118,0.0,0.04713467335070632,0.4325014265488861,"A"
"MULE-13852","Task","2017-10-21T09:00:32.000-0500",False,0.01816678300356347,0.0,1.5759021635565277e-05,0.12328552206943522,"A"
"MULE-10543","Task","2016-09-14T14:56:58.000-0500",False,0.04302499536629625,0.0,0.0001419302732384296,0.25467202966774416,"A"
"MULE-13257","Task","2017-08-03T11:41:23.000-0500",False,0.03724777162753128,0.0,2.1150498960873717e-06,0.2272235070064981,"A"
"MULE-10793","New Feature","2016-10-18T12:40:12.000-0500",False,0.021076610279838443,1.0,0.0012420009793558519,0.1406210576182817,"A"
"MULE-6659","Story","2013-02-19T00:06:49.000-0600",False,0.055699490329754436,0.0,0.0015453375140975088,0.30952835415168395,"A"
"MULE-7314","Bug","2014-02-11T14:01:47.000-0600",False,0.04600357348324999,0.0,0.0001823989902646524,0.26819640462053324,"A"
"MULE-12002","Task","2017-03-17T18:54:57.000-0500",False,0.05291639490411057,1.0,1.6857755502970953e-05,0.298065692711999,"A"
"MULE-11615","Task","2017-02-03T11:21:32.000-0600",False,0.061426424379811065,0.0,0.028133176371925223,0.33217307648574407,"A"
"MULE-11707","Task","2017-02-07T12:18:48.000-0600",False,0.05102920247427424,0.0,3.5286885730830396e-05,0.2901137388501528,"A"
"MULE-13147","Story","2017-07-20T10:31:32.000-0500",False,0.05860899373850417,1.0,0.001505299791038137,0.32118700220516333,"A"
"MULE-7930","New Feature","2014-10-06T14:54:24.000-0500",False,0.02025996655946396,0.0,2.8550155714947504e-05,0.1358151210950077,"A"
"MULE-15497","Task","2018-08-03T12:30:43.000-0500",False,0.028266674555446965,0.0,0.07519589104483325,0.1810500246046187,"A"
"MULE-11868","Task","2017-02-22T11:47:25.000-0600",False,0.04123620448513895,1.0,2.0331920823784114e-05,0.24634905424760328,"A"
"MULE-11456","Task","2017-01-18T15:35:53.000-0600",False,0.029009236579870267,0.0,0.00013285408938660327,0.18504189826155434,"A"
"MULE-13893","Task","2017-10-26T16:43:48.000-0500",False,0.0732701242425897,0.0,0.00010344126069850354,0.37534334904422273,"A"
"MULE-14797","Task","2018-03-23T17:40:49.000-0500",True,0.1708468734444446,1.0,0.13548549664154644,0.6102851704847293,"A"
"MULE-9605","Task","2016-04-20T14:48:21.000-0500",False,0.19886711313046987,1.0,0.007311551895016112,0.6535675946367449,"A"
"MULE-7258","Bug","2014-01-28T11:27:50.000-0600",False,0.059544924873008595,0.0,0.0017285740997570523,0.3248690342601796,"A"
"MULE-12926","Task","2017-06-23T10:15:31.000-0500",False,0.01264276757133815,0.0,1.5892826151453688e-05,0.08868495955903305,"A"
"MULE-13122","Task","2017-07-18T15:24:20.000-0500",False,0.023885278601261585,0.0,0.0001304361869652293,0.15680839658864548,"A"
"MULE-14165","Task","2017-12-04T15:41:25.000-0600",False,0.022466149002907464,1.0,1.5279040737689545e-05,0.14869477866881295,"A"
"MULE-8185","Improvement","2014-12-29T16:37:43.000-0600",False,0.024124635575281807,0.0,8.26868324435724e-05,0.15816395504633102,"A"
"MULE-11351","Task","2017-01-05T10:38:13.000-0600",False,0.052173890561431006,1.0,7.981292759811277e-05,0.29495462732056515,"A"
"MULE-8124","Bug","2014-12-03T15:30:18.000-0600",False,0.038652801188148324,0.0,2.824226039750152e-05,0.23405250771195477,"A"
"MULE-10572","Task","2016-09-15T12:25:56.000-0500",False,0.07215350632134988,1.0,0.0006762122563157083,0.37146847737921906,"A"
"MULE-14658","Bug","2018-02-28T16:07:45.000-0600",False,0.1279154827294582,1.0,0.004193887984949462,0.5271312391160542,"A"
"MULE-9679","Task","2016-05-09T10:20:52.000-0500",False,0.07237424287633083,0.0,0.00014780284163415638,0.37223753933519604,"A"
"MULE-7261","New Feature","2014-01-29T11:20:43.000-0600",False,0.025501533632237155,0.0,4.49355306139003e-06,0.16589059014377122,"A"
"MULE-10215","Task","2016-08-08T10:19:23.000-0500",False,0.08148990996686113,0.0,0.0003262157487905529,0.4027245821425652,"A"
"MULE-10775","Task","2016-09-29T11:03:12.000-0500",True,0.037277042637442526,1.0,5.823822493411316e-05,0.22736681245410292,"A"
"MULE-15657","Enhancement Request","2018-09-05T12:54:40.000-0500",False,0.04820191892614916,1.0,0.005298545068613333,0.27791935788422945,"A"
"MULE-7465","Bug","2014-03-26T16:30:32.000-0500",False,0.038437499483310156,0.0,0.99999999478581,0.23301261029384798,"A"
"MULE-15909","Task","2018-10-24T09:03:58.000-0500",False,0.031034232520437455,0.0,0.017720760489705854,0.19576285700290944,"A"
"MULE-7071","Task","2013-10-21T09:43:14.000-0500",False,0.03532326479328482,0.0,9.34809287277788e-05,0.2177029511067025,"A"
"MULE-16308","Bug","2019-01-09T13:58:06.000-0600",False,0.08426270171500108,1.0,0.00024617275498738637,0.4115304995915406,"A"
"MULE-15613","Task","2018-08-28T13:39:46.000-0500",True,0.04482335733406672,1.0,0.00049771201095827,0.26288666148317447,"A"
"MULE-16370","Task","2019-01-23T15:35:42.000-0600",False,0.046456172965814856,0.0,0.00010448414174241671,0.27021583651973685,"A"
"MULE-16229","Task","2018-12-18T12:15:13.000-0600",False,0.04944358005220848,1.0,0.0001725456514235926,0.2833170329610001,"A"
"MULE-12724","Task","2017-06-07T21:20:05.000-0500",False,0.014966770428871918,0.0,9.202434374644588e-06,0.10352152784426547,"A"
"MULE-11123","Bug","2016-12-01T10:30:45.000-0600",False,0.020878664363254952,0.0,0.00015262651415799604,0.1394603294508269,"A"
"MULE-10129","Task","2016-07-21T10:25:46.000-0500",False,0.055233158066529314,0.0,0.00020362157374576633,0.3076292062959413,"A"
"MULE-10878","Bug","2016-11-01T15:46:53.000-0500",True,0.032100350380714404,0.0,0.00026054895558675175,0.2013121955971955,"A"
"MULE-13168","Task","2017-07-24T10:16:11.000-0500",False,0.10032120072491044,1.0,0.00018987024854088356,0.4587160734555388,"A"
"MULE-9427","New Feature","2016-03-03T08:07:24.000-0600",False,0.04519599450862451,0.0,0.00016977174646172778,0.2645700231861109,"A"
"MULE-12712","Bug","2017-06-07T09:20:49.000-0500",False,0.0452679526634292,0.0,5.5858745351525176e-05,0.2648943545615811,"A"
"MULE-12972","Task","2017-06-29T21:23:09.000-0500",False,0.05059580514469374,0.0,0.0003811150024104213,0.28826658974890956,"A"
"MULE-13802","Task","2017-10-17T08:12:40.000-0500",False,0.09331693116697552,1.0,0.040845381464256564,0.43889615672298377,"A"
"MULE-10057","Improvement","2016-07-07T17:18:52.000-0500",False,0.03635491068753335,1.0,0.00012749570283658885,0.2228307692979326,"A"
"MULE-9357","Task","2016-01-27T11:26:50.000-0600",False,0.020575992135999536,1.0,2.1602081941631405e-05,0.13768033728737222,"A"
"MULE-10044","Bug","2016-07-06T08:22:14.000-0500",False,0.01854609139587173,0.0,3.829282934205576e-06,0.12557890838716707,"A"
"MULE-14657","Enhancement Request","2018-02-28T16:02:42.000-0600",False,0.04738911370786879,0.0,1.2979170378862707e-05,0.2743494836086085,"A"
"MULE-7439","Improvement","2014-03-17T13:49:27.000-0500",False,0.04733751618354896,0.0,0.0010538610419807937,0.2741218800395645,"A"
"MULE-15675","Task","2018-09-11T13:18:18.000-0500",False,0.052516103629541296,1.0,7.6037842771592434e-06,0.2963913003675392,"A"
"MULE-8478","Improvement","2015-04-13T16:36:01.000-0500",False,0.01565018218963192,0.0,9.712802953977825e-07,0.10780597577222466,"A"
"MULE-12573","Task","2017-05-24T08:50:49.000-0500",False,0.048368412883065544,0.0,0.00018857900299435053,0.2786470236173547,"A"
"MULE-10336","Task","2016-08-22T10:02:11.000-0500",False,0.04061932900057726,0.0,0.0002479975449717544,0.24344288783040444,"A"
"MULE-9429","New Feature","2016-03-03T08:20:48.000-0600",False,0.032812962945820305,0.0,0.07020199367496288,0.20498568060933217,"A"
"MULE-12946","Bug","2017-06-27T10:19:59.000-0500",False,0.03810906544553117,0.0,0.027883674657906032,0.2314217401868609,"A"
"MULE-15824","Task","2018-10-10T11:12:58.000-0500",True,0.23963766976184264,1.0,0.9999999880229496,0.7054695571507477,"A"
"MULE-10148","Task","2016-07-22T15:44:43.000-0500",False,0.011693546978251656,0.0,0.001060861223916266,0.08250354695987755,"A"
"MULE-9076","Task","2015-11-18T09:52:03.000-0600",False,0.09965712719769075,1.0,0.0005052259056247233,0.45688438434645684,"A"
"MULE-10219","Improvement","2016-08-08T10:34:06.000-0500",False,0.03193465131402953,1.0,6.0507981095885965e-05,0.200453934969336,"A"
"MULE-7500","Bug","2014-04-09T09:45:35.000-0500",False,0.01727463031271304,0.0,2.9970946337660276e-05,0.11785072725669045,"A"
"MULE-12833","Task","2017-06-16T10:28:37.000-0500",False,0.033609736931633154,1.0,2.1496885157566183e-05,0.20905952538272085,"A"
"MULE-11342","Task","2017-01-05T09:20:25.000-0600",False,0.042840933314954074,0.0,0.0018486925473305935,0.2538226876732112,"A"
"MULE-11808","Task","2017-02-10T18:18:37.000-0600",True,0.13024858731945924,1.0,0.0007671039358378436,0.5323013613538063,"A"
"MULE-14417","Task","2018-01-10T11:07:50.000-0600",False,0.034337856618163076,0.0,0.00032311470195275227,0.21275180081027728,"A"
"MULE-13998","Task","2017-11-08T06:32:14.000-0600",False,0.029848765910169356,1.0,3.34570655623316e-05,0.1895156803378041,"A"
"MULE-14271","Enhancement Request","2017-12-15T15:32:39.000-0600",False,0.0395022766772228,1.0,4.2039962989231565e-05,0.23813256488489196,"A"
"MULE-14815","Task","2018-03-27T12:20:19.000-0500",False,0.07730198227983338,0.0,5.536943714122626e-05,0.38901983588842115,"A"
"MULE-15675","Task","2018-09-11T13:18:18.000-0500",False,0.052516103629541296,1.0,7.6037842771592434e-06,0.2963913003675392,"A"
"MULE-15546","Bug","2018-08-14T08:55:20.000-0500",False,0.04240412082909563,1.0,2.95150722372236e-05,0.2518005922315003,"A"
"MULE-15298","Task","2018-07-04T16:37:56.000-0500",False,0.07117046044020053,0.0,0.004043356389747731,0.3680249604704249,"A"
"MULE-8501","Bug","2015-04-16T12:28:40.000-0500",False,0.05361679804352308,0.0,1.3523189015433148e-05,0.3009797130855284,"A"
"MULE-15983","Task","2018-11-02T19:18:06.000-0500",False,0.032785112244106254,0.0,0.00011856057033505118,0.2048426449488307,"A"
"MULE-12457","Bug","2017-05-12T08:32:45.000-0500",False,0.032732882749654316,0.0,3.796124945650277e-06,0.2045742880752988,"A"
"MULE-14083","Task","2017-11-15T10:27:37.000-0600",False,0.05104442337190211,1.0,7.449718364844351e-05,0.290178466981253,"A"
"MULE-12002","Task","2017-03-17T18:54:57.000-0500",False,0.05291639490411057,1.0,1.6857755502970953e-05,0.298065692711999,"A"
"MULE-13223","Bug","2017-07-30T17:11:20.000-0500",False,0.03875485881078932,0.0,0.0001052973294297766,0.23454461919146746,"A"
"MULE-10970","Task","2016-11-15T06:45:33.000-0600",False,0.017689684844748102,0.0,2.212035555497718e-05,0.12038627596275348,"A"
"MULE-14815","Task","2018-03-27T12:20:19.000-0500",False,0.07730198227983338,0.0,5.536943714122626e-05,0.38901983588842115,"A"
"MULE-10263","Task","2016-08-17T13:14:29.000-0500",False,0.03137820385016009,0.0,3.092368411640608e-05,0.1975603601815897,"A"
"MULE-10210","Task","2016-08-05T16:02:13.000-0500",False,0.021411745959989365,0.0,0.003786347937515952,0.14258018997227234,"A"
"MULE-10848","Task","2016-10-27T11:37:40.000-0500",False,0.018561116182229692,0.0,1.223043951409462e-05,0.12566954109611886,"A"
"MULE-16087","Bug","2018-11-21T08:53:32.000-0600",False,0.058405376093304456,0.0,0.2914244783773656,0.32038160473198574,"A"
"MULE-7204","Task","2014-01-02T10:51:10.000-0600",False,0.11387682473331283,1.0,7.762175400495193e-05,0.4941026889376573,"A"
"MULE-16141","Bug","2018-12-04T08:40:38.000-0600",False,0.027256527322388247,0.0,2.8482455484073767e-05,0.1755664230123366,"A"
"MULE-12728","Task","2017-06-08T10:06:36.000-0500",False,0.039177538097601515,0.0,2.0705891307947918e-05,0.23657712736688602,"A"
"MULE-10774","Task","2016-10-13T16:20:38.000-0500",False,0.07919609788947721,1.0,9.252777452621452e-05,0.39527984394323396,"A"
"MULE-10806","Task","2016-10-20T08:31:28.000-0500",False,0.037234444013177506,0.0,0.0013644232550871689,0.2271582427469698,"A"
"MULE-8798","Bug","2015-07-23T09:27:24.000-0500",False,0.037981637265575144,0.0,3.709734737156112e-05,0.23080301820455382,"A"
"MULE-15124","Task","2018-06-06T09:43:53.000-0500",False,0.08346319402173089,1.0,0.00032611971500187215,0.40901272110960046,"A"
"MULE-14380","Bug","2018-01-04T14:21:25.000-0600",False,0.03826768115695216,0.0,0.00432237345207914,0.23219073108533364,"A"
"MULE-15434","Task","2018-07-24T14:49:56.000-0500",False,0.024395751356809856,1.0,4.574767265976663e-05,0.1596949186282671,"A"
"MULE-15554","Task","2018-08-14T15:49:43.000-0500",True,0.016815554766040876,1.0,0.00024937681490391994,0.11503169280287391,"A"
"MULE-13429","Task","2017-08-31T09:18:44.000-0500",False,0.10428992548939817,0.0,0.003958810598386463,0.4694646046813695,"A"
"MULE-14052","Task","2017-11-13T11:35:14.000-0600",False,0.05219730921518427,1.0,0.0009061936496321332,0.2950530969687295,"A"
"MULE-8496","Task","2015-04-15T16:56:01.000-0500",False,0.037885838504553265,0.0,0.001453475990379059,0.23033732327011855,"A"
"MULE-11039","Task","2016-11-22T07:44:57.000-0600",False,0.025518808122164723,1.0,8.292044442327693e-05,0.16598676469464568,"A"
"MULE-7073","Task","2013-10-23T11:22:37.000-0500",False,0.03151961181465345,0.0,0.00032525798485336907,0.19829736119061717,"A"
"MULE-11470","Task","2017-01-19T10:42:59.000-0600",False,0.10313889903212307,0.0,0.00019794585109195222,0.4663817625945573,"A"
"MULE-13278","Task","2017-08-07T10:16:01.000-0500",False,0.13274540972269996,1.0,0.0001869330779207065,0.5377402687313819,"A"
"MULE-16632","Task","2019-03-29T15:41:13.000-0500",False,0.03715142677387867,1.0,1.407574482751075e-05,0.22675150637962532,"A"
"MULE-14509","Bug","2018-01-18T14:17:03.000-0600",False,0.05545156574025178,0.0,6.678318126547817e-05,0.308519741588893,"A"
"MULE-14757","Bug","2018-03-19T12:19:19.000-0500",False,0.034474686093504014,0.0,5.8866528553408806e-05,0.21344243261251755,"A"
"MULE-8543","Bug","2015-04-27T13:03:16.000-0500",False,0.18432746909709227,1.0,0.02889818051392916,0.6320099370318109,"A"
"MULE-11912","New Feature","2017-03-03T07:53:56.000-0600",True,0.028186347914527534,1.0,5.894822172716123e-05,0.1806162263112174,"A"
"MULE-11659","New Feature","2017-02-06T15:17:53.000-0600",False,0.0225263936784346,0.0,0.009822850331098669,0.14904190606248718,"A"
"MULE-8478","Improvement","2015-04-13T16:36:01.000-0500",False,0.01565018218963192,0.0,9.712802953977825e-07,0.10780597577222466,"A"
"MULE-13450","Enhancement Request","2017-09-02T16:53:37.000-0500",False,0.02925859602511085,0.0,3.6919069247365157e-07,0.18637505220426004,"A"
"MULE-11891","Bug","2017-02-25T18:05:07.000-0600",False,0.014099972684651525,0.0,8.803224458816154e-07,0.09803653054498822,"A"
"MULE-9491","Bug","2016-03-16T15:21:37.000-0500",False,0.01956398692218963,0.0,0.004774337282312784,0.13168307702927132,"A"
"MULE-10053","Task","2016-07-07T08:48:44.000-0500",False,0.04560734303599902,0.0,0.00023749944321271925,0.2664208701593646,"A"
"MULE-12688","Task","2017-06-05T08:43:21.000-0500",False,0.06358630998395746,1.0,4.030704204887917e-05,0.3404002876836314,"A"
"MULE-13454","Story","2017-09-04T06:19:24.000-0500",False,0.03409593764612678,0.0,1.0153068460721585e-05,0.21152824964308173,"A"
"MULE-12947","Bug","2017-06-27T10:48:04.000-0500",False,0.02553074729854535,0.0,0.003483575555066766,0.16605322428121186,"A"
"MULE-15583","Bug","2018-08-22T12:18:03.000-0500",False,0.01929053996781234,0.0,2.5713324270039542e-06,0.1300504032446726,"A"
"MULE-12102","Improvement","2017-03-31T08:13:51.000-0500",False,0.01443822046977945,0.0,2.325978759505481e-06,0.10018374096898039,"A"
"MULE-16176","Task","2018-12-05T09:36:40.000-0600",False,0.058301079238757395,1.0,0.00026823960938519544,0.319968459312645,"A"
"MULE-8584","Task","2015-05-07T12:12:28.000-0500",False,0.13808222253469588,0.0,0.00016171156144795576,0.5490511504991077,"A"
"MULE-10408","Story","2016-08-31T08:43:34.000-0500",False,0.06700421989191152,0.0,7.936699830558849e-05,0.3530871149965942,"A"
"MULE-10205","Task","2016-08-05T09:59:31.000-0500",True,0.032785500229833515,1.0,0.003678768153222474,0.20484463786322019,"A"
"MULE-15499","Task","2018-08-03T12:38:05.000-0500",False,0.054058927228715616,0.0,0.023162974058575238,0.3028089638484054,"A"
"MULE-7976","Task","2014-10-15T11:19:28.000-0500",False,0.09649851432163178,0.0,0.005561105507969951,0.4480378166467169,"A"
"MULE-7497","New Feature","2014-01-06T19:59:56.000-0600",False,0.10082134380039287,1.0,9.818062390092441e-05,0.4600892345639182,"A"
"MULE-12785","Improvement","2017-06-13T13:05:09.000-0500",True,0.044968945208199836,1.0,0.0011661751390019673,0.26354510425241334,"A"
"MULE-8539","Bug","2015-04-24T14:01:44.000-0500",False,0.0721051173927538,0.0,0.0016002216932739777,0.37129968399121044,"A"
"MULE-10131","Task","2016-07-21T10:27:31.000-0500",False,0.052959368537611705,1.0,6.897391776231908e-05,0.2982450589442556,"A"
"MULE-12516","Bug","2017-05-18T15:24:51.000-0500",False,0.03530357841030535,0.0,0.00010624364593972123,0.21760454885005753,"A"
"MULE-12444","Task","2017-05-11T08:52:20.000-0500",False,0.07758482198240757,0.0,0.015371726191210473,0.38996118889250003,"A"
"MULE-11735","New Feature","2017-02-07T13:02:18.000-0600",True,0.04028038771595699,1.0,9.829440736474855e-06,0.24183814154268984,"A"
"MULE-8549","Improvement","2015-04-28T09:39:24.000-0500",False,0.0617710402884281,1.0,0.00018289245402771775,0.3334969236193378,"A"
"MULE-13428","Task","2017-08-31T07:39:15.000-0500",False,0.038025041999026565,0.0,4.9473574488275115e-06,0.23101386142461516,"A"
"MULE-10946","Task","2016-11-11T05:31:30.000-0600",False,0.030522868643846308,1.0,7.166967277974197e-06,0.19307804864278813,"A"
"MULE-9678","New Feature","2016-05-09T09:52:19.000-0500",False,0.15133205115472165,0.0,0.00031627630891377075,0.5754094747392668,"A"
"MULE-13497","Bug","2017-09-08T16:32:04.000-0500",False,0.08273851108948442,0.0,0.0003621105559477647,0.40671572889832064,"A"
"MULE-11496","Improvement","2017-01-23T13:26:02.000-0600",True,0.02995528518644959,1.0,0.0348483198326691,0.19008035351165262,"A"
"MULE-12615","Bug","2017-05-26T14:21:12.000-0500",False,0.02083644229941369,0.0,1.1977080043782546e-05,0.13921239995761783,"A"
"MULE-12373","Bug","2017-05-02T15:19:54.000-0500",False,0.029081487534712566,0.0,0.5409884321112488,0.1854285533828463,"A"
"MULE-14806","Enhancement Request","2018-03-26T12:16:44.000-0500",False,0.04757360121241217,1.0,0.00012613086616645265,0.2751623175981044,"A"
"MULE-15998","Task","2018-11-06T12:23:24.000-0600",True,0.06392599785794285,1.0,0.00034321702481719316,0.34167917931809727,"A"
"MULE-12588","New Feature","2017-05-24T15:51:59.000-0500",False,0.0285837470038919,0.0,3.158102191884963e-05,0.18275857338781645,"A"
"MULE-7198","Bug","2013-12-23T11:25:01.000-0600",False,0.018612183972484098,0.0,2.7050272564202616e-05,0.12597747320071656,"A"
"MULE-16179","Bug","2018-12-05T09:53:56.000-0600",False,0.03195341303255818,1.0,6.093471867284044e-05,0.20055119164593627,"A"
"MULE-13160","Enhancement Request","2017-07-21T12:27:16.000-0500",False,0.07562549118693698,0.0,0.00015473866458788385,0.38339197206882314,"A"
"MULE-14638","Task","2018-02-26T12:28:35.000-0600",False,0.11465565355379796,1.0,0.0005366456623481541,0.4960263100225049,"A"
"MULE-14523","Task","2018-01-22T09:53:11.000-0600",False,0.03840325553444886,0.0,2.9597171616358502e-05,0.2328469962570655,"A"
"MULE-11689","Task","2017-02-07T09:09:20.000-0600",False,0.05366418455029398,0.0,2.6521818194862227e-05,0.3011761456507409,"A"
"MULE-12613","Task","2017-05-26T14:11:10.000-0500",False,0.09768649861585828,0.0,0.21715940098828496,0.45139140609818573,"A"
"MULE-15831","Task","2018-10-10T12:58:39.000-0500",False,0.2015230481051309,1.0,0.00039315148554349485,0.6573136944448742,"A"
"MULE-11247","Improvement","2016-12-21T15:40:37.000-0600",False,0.04775424290388125,0.0,2.5323615053464686e-05,0.2759567489692839,"A"
"MULE-10115","Task","2016-07-19T11:48:04.000-0500",True,0.03848099904743988,1.0,0.00027093013004374136,0.23322290118698702,"A"
"MULE-9648","Task","2016-05-03T15:28:23.000-0500",False,0.029512247681616567,1.0,4.4235224038918594e-05,0.18772738553079885,"A"
"MULE-9861","New Feature","2016-06-09T08:58:40.000-0500",False,0.06405361732985566,0.0,0.003170776043567685,0.3421586125850845,"A"
"MULE-14064","Task","2017-11-14T12:55:47.000-0600",False,0.02796512320118621,0.0,3.386832098155479e-05,0.17941951075709203,"A"
"MULE-9905","Bug","2016-06-13T13:29:18.000-0500",False,0.01598553145337713,0.0,7.86341730793754e-06,0.10989556190075057,"A"
"MULE-8407","Task","2015-03-18T16:07:14.000-0500",False,0.021076616063590296,0.0,4.7454253732819914e-05,0.1406210914945236,"A"
"MULE-15615","Task","2018-08-28T13:45:07.000-0500",False,0.0752213558820925,1.0,8.605012705683877e-05,0.3820228687918638,"A"
"MULE-16321","Task","2019-01-11T14:46:54.000-0600",False,0.04146988471231903,0.0,0.00010514567881703032,0.24744509476649437,"A"
"MULE-11799","Improvement","2017-02-10T15:25:01.000-0600",True,0.11854176482564112,1.0,0.9022302905245658,0.5054587756301532,"A"
"MULE-10328","Improvement","2016-08-19T17:48:22.000-0500",False,0.04583165004989626,1.0,0.00019502788404168362,0.2674268801564554,"A"
"MULE-14292","Task","2017-12-20T05:52:08.000-0600",True,0.08821450487285884,1.0,0.0004870625716130833,0.42372871373115756,"A"
"MULE-10017","Improvement","2016-06-30T15:14:28.000-0500",False,0.061044856094004264,1.0,1.641514058298767e-05,0.33070226852626455,"A"
"MULE-13965","Bug","2017-11-03T17:12:52.000-0500",False,0.04029877474039643,0.0,7.410671421899614e-06,0.24192534195478077,"A"
"MULE-16082","Task","2018-11-21T06:47:21.000-0600",False,0.3444999734102191,1.0,0.9999999982760812,0.7997678279228275,"A"
"MULE-12334","Bug","2017-04-27T13:52:14.000-0500",False,0.06191588916193994,0.0,0.005923794636859254,0.3340520866286528,"A"
"MULE-13648","Bug","2017-09-28T11:40:53.000-0500",False,0.05536475664285591,0.0,0.000614584744003514,0.308166011392007,"A"
"MULE-12664","Bug","2017-05-31T14:20:05.000-0500",True,0.04395571405696567,1.0,0.000225249351616954,0.25894227553614346,"A"
"MULE-15779","Bug","2018-10-04T09:05:26.000-0500",False,0.01765938527289296,1.0,0.00034033544006672865,0.12020159826804938,"A"
"MULE-10382","Task","2016-08-30T09:05:35.000-0500",False,0.027479967144044423,1.0,0.0030802499248061372,0.17678470098257107,"A"
"MULE-6959","Bug","2013-07-18T16:27:51.000-0500",False,0.08639120977637668,0.0,0.0011528094287065846,0.4181510173799807,"A"
"MULE-7509","Bug","2014-04-13T09:06:35.000-0500",False,0.07459702066686341,0.0,7.601903635565242e-05,0.37989816614841565,"A"
"MULE-10949","Improvement","2016-11-11T13:43:05.000-0600",False,0.02815417229542885,0.0,0.00012377940169898118,0.1804423553724382,"A"
"MULE-16411","Task","2019-02-01T06:36:01.000-0600",True,0.031061720981988353,0.0,0.3862173207421379,0.19590675343316602,"A"
"MULE-14716","Task","2018-03-14T06:48:06.000-0500",False,0.03024789495678556,0.0,0.0008248047136974033,0.19162811154551765,"A"
"MULE-8512","New Feature","2015-04-20T08:26:52.000-0500",False,0.010552776357771331,0.0,2.984689212713128e-05,0.07497894263233008,"A"
"MULE-12528","Bug","2017-05-19T16:49:47.000-0500",False,0.07708490228236492,0.0,1.3625296777653841e-05,0.3882957657124246,"A"
"MULE-11113","Task","2016-11-30T12:43:41.000-0600",False,0.0843598683808734,0.0,0.00363893511443363,0.4118353298421355,"A"
"MULE-14185","Task","2017-12-07T10:22:36.000-0600",False,0.026076690297492412,1.0,0.0009196294438150246,0.16908267672908792,"A"
"MULE-7536","Bug","2014-04-22T10:36:50.000-0500",False,0.022086069668418695,0.0,1.6434719148314326e-05,0.14649922210921798,"A"
"MULE-9481","Task","2016-03-14T10:03:07.000-0500",False,0.02112955180892645,0.0,4.8320204864842346e-05,0.1409310484726003,"A"
"MULE-10125","Improvement","2016-07-21T09:45:20.000-0500",False,0.02404970445653358,1.0,6.945259456397628e-06,0.15773999253943102,"A"
"MULE-13088","Bug","2017-07-14T16:48:54.000-0500",False,0.017182283463654573,0.0,3.814832382742461e-08,0.1172848878734419,"A"
"MULE-11048","Bug","2016-11-22T14:22:12.000-0600",False,0.022678768598334904,0.0,5.167913284731456e-05,0.14991881256059292,"A"
"MULE-12533","Bug","2017-05-22T07:09:11.000-0500",False,0.042264996213397805,0.0,8.706508907312591e-06,0.25115464142712074,"A"
"MULE-11136","Task","2016-12-02T10:48:44.000-0600",True,0.07251572844827002,1.0,0.9879447300930362,0.3727296881794836,"A"
"MULE-14271","Enhancement Request","2017-12-15T15:32:39.000-0600",False,0.0395022766772228,1.0,4.2039962989231565e-05,0.23813256488489196,"A"
"MULE-11891","Bug","2017-02-25T18:05:07.000-0600",False,0.014099972684651525,0.0,8.803224458816154e-07,0.09803653054498822,"A"
"MULE-14768","Bug","2018-03-21T09:53:03.000-0500",False,0.016328493361033546,0.0,2.3879278983700646e-05,0.11202394657548725,"A"
"MULE-15019","Task","2018-05-11T15:47:24.000-0500",False,0.019261958555363154,0.0,2.7157260914307254e-05,0.12987944997546388,"A"
"MULE-7864","New Feature","2014-09-11T09:45:54.000-0500",False,0.02298954644196719,0.0,1.7631661819510146e-05,0.1517025694110071,"A"
"MULE-15583","Bug","2018-08-22T12:18:03.000-0500",False,0.01929053996781234,0.0,2.5713324270039542e-06,0.1300504032446726,"A"
"MULE-13471","Story","2017-09-05T15:20:41.000-0500",False,0.04207072831590912,0.0,0.0002647247000295658,0.2502511088790369,"A"
"MULE-9689","Task","2016-05-11T12:12:54.000-0500",False,0.028956019614253065,1.0,0.00014013933170333286,0.18475690662789562,"A"
"MULE-12946","Bug","2017-06-27T10:19:59.000-0500",False,0.03810906544553117,0.0,0.027883674657906032,0.2314217401868609,"A"
"MULE-11725","Task","2017-02-07T12:52:50.000-0600",False,0.042131099087978054,0.0,6.661244378424965e-06,0.25053208517433007,"A"
"MULE-16401","Bug","2019-01-30T20:38:15.000-0600",False,0.06722398038251047,0.0,0.00010606043534667138,0.3538892711334093,"A"
"MULE-10942","Task","2016-11-10T10:13:57.000-0600",False,0.023300075199857075,1.0,1.3845715235799557e-05,0.15347856206952706,"A"
"MULE-7637","Improvement","2014-06-02T12:00:40.000-0500",False,0.04864121318772066,1.0,0.0002959250573549582,0.27983668696664404,"A"
"MULE-15554","Task","2018-08-14T15:49:43.000-0500",True,0.016815554766040876,1.0,0.00024937681490391994,0.11503169280287391,"A"
"MULE-7237","Task","2014-01-15T09:09:47.000-0600",False,0.05196016177261769,0.0,0.0013740912082430257,0.29405490321928107,"A"
"MULE-10770","Bug","2016-10-13T13:03:43.000-0500",False,0.025267486479588454,0.0,3.876694966261639e-07,0.16458569603886114,"A"
"MULE-15279","Task","2018-07-04T10:03:05.000-0500",False,0.04455887548683257,0.0,5.881831000460651e-05,0.26168800142532767,"A"
"MULE-9214","Improvement","2015-12-16T14:46:46.000-0600",False,0.03179447783386868,0.0,0.00021774758583802454,0.19972667606295738,"A"
"MULE-10963","Task","2016-11-14T10:00:42.000-0600",False,0.04250750792970122,0.0,1.131056865134736e-05,0.2522800149954348,"A"
"MULE-12573","Task","2017-05-24T08:50:49.000-0500",False,0.048368412883065544,0.0,0.00018857900299435053,0.2786470236173547,"A"
"MULE-7796","Bug","2014-08-01T18:48:50.000-0500",False,0.08195510100989863,0.0,0.0006046583200633973,0.404216552370959,"A"
"MULE-8604","Bug","2015-05-14T09:08:45.000-0500",False,0.01567793612390482,0.0,2.564427410435108e-06,0.1079792307570604,"A"
"MULE-15969","Task","2018-11-01T08:28:15.000-0500",False,0.07719747538100324,0.0,0.0001596947562755376,0.3886714247757942,"A"
"MULE-10339","Improvement","2016-08-22T14:37:41.000-0500",False,0.0705387969655444,0.0,0.008920223880127351,0.365796213178066,"A"
"MULE-11457","Task","2017-01-18T15:36:12.000-0600",False,0.02340967693420586,0.0,5.1068903985796775e-05,0.1541038966324736,"A"
"MULE-12945","Task","2017-05-26T15:24:12.000-0500",False,0.0929979893375274,0.0,1.7725597857281006e-05,0.43796661974551804,"A"
"MULE-13032","Task","2017-07-11T10:52:12.000-0500",False,0.05741248991359487,0.0,7.346884826871537e-05,0.3164318113659571,"A"
"MULE-11494","Task","2017-01-23T09:26:45.000-0600",False,0.029864588381402823,0.0,9.463247737555114e-05,0.18959959935195636,"A"
"MULE-14137","Enhancement Request","2017-11-27T09:38:27.000-0600",False,0.16871855047510156,0.0,0.00018188166876423762,0.6066880718871583,"A"
"MULE-10248","Task","2016-08-16T08:55:42.000-0500",False,0.08136952574096663,1.0,0.00215012316170069,0.40233751256755884,"A"
"MULE-9821","Improvement","2016-06-06T07:46:05.000-0500",True,0.026581905348364625,0.0,0.0003364797937184726,0.1718695822595263,"A"
"MULE-10299","Task","2016-08-18T10:38:57.000-0500",False,0.08152293440940958,0.0,0.0004831998526605405,0.4028306952315086,"A"
"MULE-9840","Task","2016-06-07T10:02:36.000-0500",False,0.04544724955910906,0.0,0.00020576372557908483,0.26570145457494426,"A"
"MULE-8264","Improvement","2015-01-23T09:27:22.000-0600",False,0.03285193423318139,0.0,0.00011574602529903271,0.20518575684233747,"A"
"MULE-7261","New Feature","2014-01-29T11:20:43.000-0600",False,0.025501533632237155,0.0,4.49355306139003e-06,0.16589059014377122,"A"
"MULE-8298","Task","2015-02-05T14:06:29.000-0600",True,0.05600469909967558,1.0,0.0008256642316140888,0.31076670197215217,"A"
"MULE-16584","Task","2019-03-21T17:04:10.000-0500",False,0.11256913774667553,0.0,0.00044960744206790884,0.49084732783848456,"A"
"MULE-11310","Task","2016-12-30T11:22:11.000-0600",False,0.022983499620078732,1.0,2.4437007371162288e-05,0.15166792336321988,"A"
"MULE-8423","Task","2015-03-20T13:58:15.000-0500",False,0.04588343854217616,1.0,0.00011226594264569854,0.26765882506853755,"A"
"MULE-9456","Improvement","2016-03-09T11:25:13.000-0600",False,0.012871639796904755,0.0,0.001345992911940961,0.09016471538059809,"A"
"MULE-12458","Bug","2017-05-12T11:43:50.000-0500",False,0.03683913056515963,0.0,0.00043773099711466216,0.22521822464508237,"A"
"MULE-7887","Bug","2014-09-19T14:36:01.000-0500",False,0.02671797944594655,0.0,1.19155821815345e-05,0.17261750373780413,"A"
"MULE-13833","Task","2017-10-19T12:11:54.000-0500",False,0.03503379903732992,0.0,3.893757481861415e-05,0.216253965981294,"A"
"MULE-6659","Story","2013-02-19T00:06:49.000-0600",False,0.055699490329754436,0.0,0.0015453375140975088,0.30952835415168395,"A"
"MULE-15877","Task","2018-10-19T10:04:18.000-0500",False,0.10539038020216426,1.0,7.762175400495193e-05,0.4723861678473736,"A"
"MULE-7624","Bug","2014-05-21T20:01:29.000-0500",False,0.0474451096699339,0.0,0.0008922965304415851,0.2745963556984039,"A"
"MULE-13278","Task","2017-08-07T10:16:01.000-0500",False,0.13274540972269996,1.0,0.0001869330779207065,0.5377402687313819,"A"
"MULE-10902","Task","2016-11-07T11:15:55.000-0600",False,0.05768663112203838,0.0,5.494967703017931e-05,0.3175261173184852,"A"
"MULE-10063","Task","2016-07-11T10:00:42.000-0500",False,0.052318947243127065,0.0,0.0005041541430809125,0.29556419082376884,"A"
"MULE-9963","Improvement","2016-06-23T09:52:34.000-0500",False,0.011637632842121782,0.0,0.0049191128394268325,0.08213718569539258,"A"
"MULE-12454","Improvement","2017-05-11T16:21:03.000-0500",True,0.16091095341767078,1.0,0.8001412312260779,0.593072723372581,"A"
"MULE-11312","Bug","2016-12-30T14:00:28.000-0600",False,0.017197808095380986,0.0,1.2779526418219436e-09,0.11738005568983434,"A"
"MULE-11521","Task","2017-01-26T06:59:22.000-0600",False,0.08261650053943807,0.0,0.027832056495788526,0.40632759945734187,"A"
"MULE-11558","Task","2017-01-29T09:23:26.000-0600",False,0.04083974642089773,1.0,9.323060899257679e-05,0.24448343812558077,"A"
"MULE-16085","Bug","2018-11-21T07:58:57.000-0600",False,0.0990788373209206,0.0,0.05572647708740096,0.4552814011998441,"A"
"MULE-16308","Bug","2019-01-09T13:58:06.000-0600",False,0.08426270171500108,1.0,0.00024617275498738637,0.4115304995915406,"A"
"MULE-14737","Task","2018-03-15T10:06:12.000-0500",False,0.05253004873525096,1.0,5.899574292709471e-05,0.29644974228376414,"A"
"MULE-10280","Task","2016-08-17T14:35:11.000-0500",False,0.021988908163162364,0.0,3.2622755722757566e-05,0.14593641763831056,"A"
"MULE-13530","Bug","2017-09-13T20:29:38.000-0500",False,0.03390400941094105,0.0,1.4636195203481824e-05,0.21055526483248763,"A"
"MULE-7324","Bug","2014-02-13T16:42:13.000-0600",False,0.08923815887082753,0.0,2.423142988609756e-05,0.42682317376375656,"A"
"MULE-9519","Improvement","2016-03-28T09:57:37.000-0500",False,0.04106076210236063,1.0,0.0015076423863901334,0.24552442102150687,"A"
"MULE-9714","Task","2016-05-17T13:26:38.000-0500",False,0.044634229241600765,0.0,0.0032942899342309827,0.2620298419990533,"A"
"MULE-13065","Task","2017-07-14T11:22:23.000-0500",False,0.057273433427176126,0.0,0.0003358772672395301,0.31587563270714947,"A"
"MULE-12340","Task","2017-04-28T11:58:32.000-0500",False,0.053550663582820436,0.0,0.00029000083106831074,0.30070541235674897,"A"
"MULE-11276","Bug","2016-12-23T16:48:31.000-0600",False,0.02877418701451444,0.0,0.0003941162365127491,0.18378187301570234,"A"
"MULE-13354","Story","2017-08-18T11:57:18.000-0500",False,0.048421797718336705,0.0,3.294221860832907e-06,0.27888008669748904,"A"
"MULE-15359","Bug","2018-07-13T23:10:50.000-0500",False,0.012813618382335962,0.0,0.0006481341098263087,0.08978997239617577,"A"
"MULE-13629","Bug","2017-09-26T14:27:28.000-0500",False,0.19868987462696538,0.0,1.0,0.653315583748214,"A"
"MULE-11288","Improvement","2016-12-27T11:00:47.000-0600",False,0.03291062108694936,1.0,8.360408463816293e-05,0.20548689205797385,"A"
"MULE-12615","Bug","2017-05-26T14:21:12.000-0500",False,0.02083644229941369,0.0,1.1977080043782546e-05,0.13921239995761783,"A"
"MULE-7644","Task","2014-06-04T08:42:28.000-0500",False,0.022025618059149574,0.0,0.00032751839630876874,0.1461491324419733,"A"
"MULE-10809","New Feature","2016-10-20T10:15:16.000-0500",False,0.03565235558491181,0.0,0.9887085812341707,0.21934484398129886,"A"
"MULE-13225","Task","2017-07-31T09:45:51.000-0500",False,0.01857502658897546,0.0,0.003927536003194976,0.1257534373554934,"A"
"MULE-11680","Task","2017-02-07T07:59:57.000-0600",True,0.03146636495911904,1.0,0.0010737712753387818,0.19801997880275532,"A"
"MULE-12072","Task","2017-03-28T16:39:51.000-0500",False,0.10154276691914141,0.0,0.06662272598681564,0.46206036688207147,"A"
"MULE-15867","Task","2018-10-18T09:54:36.000-0500",False,0.027766797225707476,0.0,0.0005851948621979747,0.17834415533193126,"A"
"MULE-10861","New Feature","2016-10-31T10:30:22.000-0500",False,0.031081354863688578,0.0,1.4818825851715614e-05,0.1960095062328318,"A"
"MULE-8530","Task","2015-04-22T15:24:37.000-0500",False,0.06811738761234118,0.0,1.7660234346662962e-05,0.3571338028000917,"A"
"MULE-10759","Task","2016-10-13T09:25:03.000-0500",True,0.023321874606882596,0.0,4.579100214051963e-05,0.15360300141925928,"A"
"MULE-12771","Task","2017-06-12T16:29:57.000-0500",False,0.050945425378418646,0.0,0.0001286340909148951,0.2897572955868463,"A"
"MULE-15783","Task","2018-10-04T14:10:44.000-0500",False,0.0918450454528156,0.0,0.0011932086357530848,0.43458611041655143,"A"
"MULE-11537","Improvement","2017-01-26T14:00:02.000-0600",False,0.03897263998150282,1.0,3.48140671803335e-05,0.23559297465020973,"A"
"MULE-10847","New Feature","2016-10-27T10:04:20.000-0500",True,0.11686083569263092,0.0,0.0036837938299108643,0.5014123071100343,"A"
"MULE-12373","Bug","2017-05-02T15:19:54.000-0500",False,0.029081487534712566,0.0,0.5409884321112488,0.1854285533828463,"A"
"MULE-12986","Task","2017-07-03T18:56:35.000-0500",False,0.044120827175988205,0.0,0.007091603743389613,0.2596955904043689,"A"
"MULE-11143","Bug","2016-12-05T09:13:51.000-0600",False,0.006679763606385798,0.0,9.49566705756883e-07,0.04862260582385536,"A"
"MULE-13839","Bug","2017-10-19T16:29:05.000-0500",False,0.028665736576443324,0.0,0.99386233030086,0.18319939671035665,"A"
"MULE-11413","Task","2017-01-13T06:04:44.000-0600",False,0.04881058851596002,1.0,0.001174544904025625,0.2805736907387456,"A"
"MULE-14011","Bug","2017-11-08T17:09:31.000-0600",False,0.11214138566777493,0.0,0.9700993882721859,0.4897754711037339,"A"
"MULE-14589","Bug","2018-02-02T16:47:21.000-0600",False,0.04606609629750205,0.0,9.557153141043605e-05,0.2684759229176828,"A"
"MULE-10784","Improvement","2016-10-14T15:11:34.000-0500",False,0.052663378506167785,1.0,0.0008202882423083089,0.2970081049829185,"A"
"MULE-14080","Task","2017-11-15T07:52:30.000-0600",False,0.11106765130348073,0.0,0.0036912364786233897,0.48706953367200684,"A"
"MULE-8233","Task","2015-01-16T09:00:59.000-0600",False,0.06570070953164836,1.0,9.051447985112137e-05,0.34829575578133737,"A"
"MULE-12104","Bug","2017-03-31T10:12:22.000-0500",False,0.027458826656707198,0.0,3.684064827716689e-05,0.17666956538041784,"A"
"MULE-11108","Bug","2016-11-29T18:03:38.000-0600",False,0.026662581134580147,0.0,2.2025595729440428e-05,0.1723131487778392,"A"
"MULE-14785","Bug","2018-03-23T05:35:53.000-0500",False,0.023415067716745983,0.0,3.3990645144602343e-05,0.1541346336154915,"A"
"MULE-7512","Bug","2014-04-14T10:21:36.000-0500",False,0.08407175486204654,0.0,5.681107348914661e-06,0.4109307305182403,"A"
"MULE-14587","Bug","2018-02-02T12:02:43.000-0600",False,0.026493720433785495,0.0,3.2078087816673955e-06,0.17138426959001293,"A"
"MULE-8097","Task","2014-11-27T07:42:23.000-0600",False,0.04049631098394193,0.0,6.302292348780936e-05,0.24286110355884996,"A"
"MULE-11521","Task","2017-01-26T06:59:22.000-0600",False,0.08261650053943807,0.0,0.027832056495788526,0.40632759945734187,"A"
"MULE-10646","Task","2016-09-27T14:39:09.000-0500",False,0.050380997163400894,0.0,0.4139902877091704,0.2873481339877639,"A"
"MULE-11509","Task","2017-01-25T09:45:23.000-0600",False,0.050355381215907886,0.0,0.01122216756313436,0.287238477285288,"A"
"MULE-11727","Task","2017-02-07T12:53:48.000-0600",False,0.03331950607199081,0.0,4.495914114905856e-06,0.20757966381283,"A"
"MULE-13297","Task","2017-08-10T13:53:48.000-0500",False,0.04254726201585974,0.0,0.0010139092710734952,0.25246422517010925,"A"
"MULE-9414","Task","2016-02-29T09:24:28.000-0600",False,0.021015741239918617,1.0,0.0003276916195976782,0.14026441335606596,"A"
"MULE-7348","Task","2014-02-18T13:11:58.000-0600",False,0.04593624116089302,0.0,1.0729066028884407e-05,0.2678951866761888,"A"
"MULE-13704","Bug","2017-10-03T14:15:06.000-0500",False,0.04212073519351396,0.0,1.862955716210113e-06,0.25048386222572283,"A"
"MULE-13492","Task","2017-09-08T12:51:21.000-0500",False,0.03250148620642818,1.0,9.267807554077863e-05,0.20338353247215032,"A"
"MULE-11716","Task","2017-02-07T12:34:29.000-0600",True,0.06306327583840032,1.0,0.002371917012040037,0.3384231981178965,"A"
"MULE-14510","Enhancement Request","2018-01-18T14:25:53.000-0600",False,0.014064419639853545,0.0,9.350984041367182e-05,0.09781032889255147,"A"
"MULE-12817","Task","2017-06-15T11:31:31.000-0500",False,0.041035253747851726,1.0,2.038259071910724e-05,0.24540439877224918,"A"
"MULE-9430","New Feature","2016-03-03T08:34:44.000-0600",False,0.022363896749855797,1.0,0.0012195938830642356,0.1481050546994628,"A"
"MULE-12212","Task","2017-04-13T18:50:47.000-0500",False,0.011167614115047795,0.0,0.005983352380981599,0.07904756726956433,"A"
"MULE-13541","Task","2017-09-14T11:03:18.000-0500",True,0.05307368040868906,1.0,0.007520900004278457,0.2987218146884425,"A"
"MULE-8407","Task","2015-03-18T16:07:14.000-0500",False,0.021076616063590296,0.0,4.7454253732819914e-05,0.1406210914945236,"A"
"MULE-7273","Bug","2014-02-03T12:21:39.000-0600",False,0.02084677851399782,0.0,3.261676879818419e-05,0.13927310581338562,"A"
"MULE-14431","Bug","2018-01-11T14:41:54.000-0600",False,0.044111561557417835,1.0,1.9437272050906214e-05,0.25965335046813,"A"
"MULE-10933","Task","2016-11-10T07:18:22.000-0600",False,0.019588864196326338,0.0,0.00019460513978989056,0.1318313531640238,"A"
"MULE-15816","Task","2018-10-10T10:29:49.000-0500",False,0.12950611632607287,0.0,0.16164554600802883,0.5306653703078938,"A"
"MULE-16176","Task","2018-12-05T09:36:40.000-0600",False,0.058301079238757395,1.0,0.00026823960938519544,0.319968459312645,"A"
"MULE-14581","Bug","2018-02-01T11:05:41.000-0600",False,0.08584632628772845,0.0,5.898524260682328e-05,0.4164675175486013,"A"
"MULE-7291","Bug","2014-02-06T08:07:07.000-0600",False,0.04846465221541806,0.0,2.8539124663431595e-05,0.27906708726524865,"A"
"MULE-8479","Improvement","2015-04-13T16:40:02.000-0500",False,0.05471670678851931,0.0,0.0004407121057378968,0.3055159247763551,"A"
"MULE-15285","Bug","2018-07-04T10:56:55.000-0500",False,0.01875721227544561,0.0,4.101108913251967e-06,0.12685096779372024,"A"
"MULE-8113","Improvement","2014-12-02T13:43:13.000-0600",False,0.08126100271290944,0.0,0.9988881888044032,0.4019882369890474,"A"
"MULE-12521","Task","2017-05-19T12:18:53.000-0500",False,0.06083610721692405,0.0,3.2397057515425202e-06,0.32989538012522734,"A"
"MULE-7991","Task","2014-10-23T09:23:06.000-0500",False,0.022114064248269824,0.0,2.6586435394319813e-05,0.14666126280360098,"A"
"MULE-14313","Task","2017-12-26T08:49:39.000-0600",False,0.026326380793907332,0.0,3.7002896042519516e-05,0.17046201736531907,"A"
"MULE-11097","Bug","2016-11-28T06:15:24.000-0600",False,0.06182700774627293,1.0,0.0001901342954276643,0.33371151974438334,"A"
"MULE-16047","Task","2018-11-13T20:50:54.000-0600",False,0.048793452908215316,1.8428478674112111e-233,0.00012161062751166928,0.28049918514632033,"A"
"MULE-14925","Task","2018-04-23T10:08:40.000-0500",False,0.08381023898201383,0.0,5.592391707023032e-05,0.4101077229108326,"A"
"MULE-15691","Task","2018-09-12T09:58:35.000-0500",False,0.043753965622641604,0.0,0.004783994171472353,0.2580200857762442,"A"
"MULE-14537","Task","2018-01-24T07:43:35.000-0600",False,0.06439123247068197,0.0,2.5758839810893312e-05,0.34342421213255986,"A"
"MULE-7796","Bug","2014-08-01T18:48:50.000-0500",False,0.08195510100989863,0.0,0.0006046583200633973,0.404216552370959,"A"
"MULE-14717","Task","2018-03-14T06:51:00.000-0500",False,0.019705171856595954,1.0,0.00017598186307500453,0.13252401063870678,"A"
"MULE-16428","Task","2019-02-05T12:02:23.000-0600",False,0.06219327385073219,1.0,0.00020138105354086146,0.33511311984465114,"A"
"MULE-7627","Bug","2014-05-22T14:56:23.000-0500",False,0.028854207060328017,0.0,0.0003464260343429699,0.18421120348453757,"A"
"MULE-15400","Task","2018-07-18T09:56:22.000-0500",False,0.017269904964965964,0.0,0.02499916016002427,0.11782178853450608,"A"
"MULE-10261","Task","2016-08-17T13:07:50.000-0500",False,0.0291787584047512,0.0,2.7173446823319852e-05,0.18594861564711984,"A"
"MULE-12904","Task","2017-06-22T11:57:40.000-0500",False,0.06556720970735763,1.0,0.9542233868841098,0.3478017974164398,"A"
"MULE-7269","Task","2014-01-31T12:10:59.000-0600",False,0.04559179057871839,0.0,4.130967053679957e-05,0.2663510329894812,"A"
"MULE-13532","Task","2017-09-14T09:27:26.000-0500",False,0.02647009134839154,1.0,7.894154418046447e-06,0.17125414871069913,"A"
"MULE-15040","Bug","2018-05-14T14:02:14.000-0500",False,0.025034433727455115,0.0,0.00014097215688365795,0.1632829083520809,"A"
"MULE-11253","New Feature","2016-12-22T07:50:17.000-0600",False,0.011850968826302715,0.0,3.9422296484742556e-06,0.08353366129463322,"A"
"MULE-6849","Bug","2013-05-23T08:55:50.000-0500",False,0.013389254260930355,0.0,1.728991193815823e-07,0.09349616267915636,"A"
"MULE-9860","Task","2016-06-09T08:55:48.000-0500",False,0.03705281997068651,0.0,7.001245465721369e-05,0.22626792485707609,"A"
"MULE-6355","Bug","2012-07-24T17:50:10.000-0500",False,0.08332410413499455,0.0,0.04156006413185839,0.40857295400737187,"A"
"MULE-12961","New Feature","2017-06-28T09:40:34.000-0500",False,0.060804096592419345,0.0,0.0037521664371512604,0.32977150740891775,"A"
"MULE-10797","Bug","2016-10-19T09:29:14.000-0500",False,0.04090540431834826,0.0,0.9965685204556629,0.24479293621929527,"A"
"MULE-7261","New Feature","2014-01-29T11:20:43.000-0600",False,0.025501533632237155,0.0,4.49355306139003e-06,0.16589059014377122,"A"
"MULE-8465","Improvement","2015-04-09T10:11:11.000-0500",False,0.031710305813570504,1.0,0.00014047598892941886,0.1992894335528644,"A"
"MULE-9677","New Feature","2016-05-09T09:48:49.000-0500",False,0.058159611169373744,1.0,4.887741927346731e-05,0.31940741274870915,"A"
"MULE-14518","Task","2018-01-20T17:30:19.000-0600",False,0.06794296841349001,0.0,0.0005254722868355552,0.3565024506383652,"A"
"MULE-12050","Task","2017-03-24T07:53:26.000-0500",False,0.021211603585900095,1.0,5.1050004293333505e-05,0.14141111435114578,"A"
"MULE-10064","Task","2016-07-11T10:03:03.000-0500",False,0.010309122518718333,1.0,7.495322323939974e-05,0.07335803512794103,"A"
"MULE-9277","Bug","2016-01-06T21:35:39.000-0600",False,0.04160570141801904,0.0,1.5399546026970264e-05,0.2480809029403131,"A"
"MULE-15186","Task","2018-06-21T10:31:56.000-0500",False,0.014427580370871712,0.0,8.299742653373257e-07,0.10011633054331244,"A"
"MULE-9475","Improvement","2016-03-14T07:18:04.000-0500",False,0.036423621448071805,0.0,0.00012011686843628842,0.22317029801356855,"A"
"MULE-8473","Improvement","2015-04-13T16:17:04.000-0500",False,0.014952075599446564,0.0,0.0031430012004161644,0.10342901661664584,"A"
"MULE-15620","Task","2018-08-29T10:42:07.000-0500",False,0.10802442772402633,1.0,0.00046866672056242365,0.4792785964384144,"A"
"MULE-10801","Task","2016-10-19T13:43:42.000-0500",False,0.08173397517076268,1.0,3.981076853317568e-05,0.4035080951425504,"A"
"MULE-14063","Bug","2017-11-14T12:28:48.000-0600",True,0.008340851681569419,0.0,5.599586183701638e-06,0.06008293023595909,"A"
"MULE-16083","Task","2018-11-21T07:18:15.000-0600",False,0.3189692108217099,1.0,0.9999999982760812,0.7806803127391677,"A"
"MULE-13960","Bug","2017-11-03T15:48:54.000-0500",False,0.08899721620323743,0.0,0.00010482948525994362,0.4260971852420147,"A"
"MULE-16495","Bug","2019-02-15T12:31:56.000-0600",False,0.025389148382742893,0.0,2.664249947421958e-07,0.1652644342939617,"A"
"MULE-15351","Bug","2018-07-13T12:06:23.000-0500",False,0.05003164853742083,0.0,1.564332695498481e-05,0.28585024089240363,"A"
"MULE-6986","Bug","2013-08-23T00:12:25.000-0500",False,0.013460073131741664,0.0,6.69564936869847e-05,0.09395033820912821,"A"
"MULE-13299","Bug","2017-08-10T16:01:26.000-0500",False,0.1309690992427673,0.0,0.007904523222109425,0.5338807446917847,"A"
"MULE-12714","Task","2017-06-07T09:43:43.000-0500",False,0.06601165973016292,0.0,2.0408610550290083e-05,0.34944394174114723,"A"
"MULE-14587","Bug","2018-02-02T12:02:43.000-0600",False,0.026493720433785495,0.0,3.2078087816673955e-06,0.17138426959001293,"A"
"MULE-11836","Task","2017-02-15T23:16:40.000-0600",False,0.031024296124545176,1.0,0.0005188385453952306,0.19571083135422812,"A"
"MULE-11789","Task","2017-02-10T13:03:23.000-0600",False,0.02303913120854172,0.0,2.7745386712691325e-05,0.15198658119650035,"A"
"MULE-7638","Bug","2014-06-02T13:27:57.000-0500",False,0.08485482329413813,0.0,5.5403079359458266e-05,0.41338420745349713,"A"
"MULE-15202","Task","2018-06-25T14:47:11.000-0500",True,0.034142506369505575,0.0,0.00014955729671052337,0.21176402763635963,"A"
"MULE-14002","Bug","2017-11-08T08:34:08.000-0600",False,0.07367344022817518,0.0,1.0,0.3767334838333523,"A"
"MULE-14321","Bug","2017-12-27T10:02:30.000-0600",False,0.05429618848031015,0.0,0.00017907097057705046,0.3037873603367933,"A"
"MULE-10428","Story","2016-09-01T08:25:21.000-0500",False,0.04816094951915934,0.0,7.406911335061206e-05,0.27774011409176463,"A"
"MULE-10481","New Feature","2016-09-06T15:08:21.000-0500",False,0.024593449943654005,1.0,0.00013022772645833585,0.16080833078883772,"A"
"MULE-9770","Improvement","2016-05-27T16:00:58.000-0500",False,0.06441051128203958,0.0,8.385592612799962e-05,0.34349636211500384,"A"
"MULE-13090","Bug","2017-07-15T21:14:13.000-0500",False,0.04430533974078185,0.0,0.546620049252793,0.2605359106052761,"A"
"MULE-13329","Bug","2017-08-16T11:48:57.000-0500",False,0.014340871360040018,0.0,0.00012547609966419588,0.09956666252296743,"A"
"MULE-7296","Bug","2014-02-06T10:25:54.000-0600",False,0.033263436271397696,0.0,6.0570855140972866e-06,0.2072932330353126,"A"
"MULE-11227","Improvement","2016-12-16T13:34:41.000-0600",False,0.03503156240005457,1.0,2.8402584743945755e-05,0.21624275248958555,"A"
"MULE-10140","New Feature","2016-07-21T12:43:50.000-0500",False,0.09283944260285801,0.0,0.002775696689075965,0.437503641792725,"A"
"MULE-14017","Enhancement Request","2017-11-09T13:25:54.000-0600",False,0.060099556524552136,1.0,2.284738497383434e-05,0.3270356327234995,"A"
"MULE-15811","Task","2018-10-10T10:12:25.000-0500",False,0.37217813795044175,0.0,0.9999999717165626,0.8183583283069504,"A"
"MULE-14849","Bug","2018-04-04T14:28:46.000-0500",False,0.01472948806933533,0.0,0.0017659277088662103,0.10202571781137862,"A"
"MULE-11392","Task","2017-01-12T07:25:56.000-0600",False,0.2364946994017912,1.0,0.3080740218742169,0.7018564837223132,"A"
"MULE-13711","Bug","2017-10-04T13:42:25.000-0500",False,0.10230134723409237,0.0,0.00028441918147927074,0.4641209375315342,"A"
"MULE-12061","Task","2017-03-27T12:39:09.000-0500",False,0.04630548830291383,1.0,1.9396445998428566e-05,0.26954452997499373,"A"
"MULE-8422","Task","2015-03-20T13:57:18.000-0500",False,0.04141257446705857,1.0,1.8197311300045348e-05,0.2471765357689681,"A"
"MULE-16484","Bug","2019-02-14T12:48:47.000-0600",False,0.05791816329079146,0.0,3.391226684794391e-05,0.3184481066876697,"A"
"MULE-7588","Bug","2014-05-07T12:21:32.000-0500",False,0.04271881612859269,0.0,4.34242425909581e-05,0.2532582978333093,"A"
"MULE-12659","Bug","2017-05-31T11:34:17.000-0500",False,0.06931347196845944,1.0,0.00894322173183444,0.3614364474889981,"A"
"MULE-7863","Task","2014-09-10T12:54:29.000-0500",False,0.03705316323492073,1.0,0.00016932209467840012,0.22626960915001287,"A"
"MULE-13695","Bug","2017-10-03T06:48:56.000-0500",False,0.029059578696419765,0.0,0.0012498176024771347,0.18531133966733718,"A"
"MULE-13878","Bug","2017-10-25T10:24:00.000-0500",False,0.04693680348410809,0.0,0.6806986700329992,0.2723502541249423,"A"
"MULE-8606","Bug","2015-05-14T12:07:43.000-0500",True,0.012555746245595516,1.0,4.549832765328619e-05,0.08812124659344539,"A"
"MULE-12690","Improvement","2017-06-05T14:15:39.000-0500",True,0.05489017932642641,0.0,1.4634089890172426e-05,0.3062269414556786,"A"
"MULE-9519","Improvement","2016-03-28T09:57:37.000-0500",False,0.04106076210236063,1.0,0.0015076423863901334,0.24552442102150687,"A"
"MULE-7382","Bug","2014-02-26T08:43:06.000-0600",True,0.22436461165159835,1.0,0.06038447068531223,0.6873454628256039,"A"
"MULE-7457","Improvement","2014-03-21T10:51:34.000-0500",False,0.07577193868776207,1.0,0.00010221084174059983,0.3838868955590018,"A"
"MULE-9678","New Feature","2016-05-09T09:52:19.000-0500",False,0.15133205115472165,0.0,0.00031627630891377075,0.5754094747392668,"A"
"MULE-15860","Bug","2018-10-17T10:31:38.000-0500",False,0.04503986070460609,0.0,0.000366467868024921,0.2638654768340349,"A"
"MULE-9731","Improvement","2016-05-22T10:26:52.000-0500",False,0.07843678323810811,0.0,0.004664150296403195,0.392782711011789,"A"
"MULE-11052","Task","2016-11-23T08:15:59.000-0600",False,0.04270185278820801,0.0,1.1265581905196303e-05,0.253179842103766,"A"
"MULE-11866","Task","2017-02-22T10:36:24.000-0600",False,0.08350498972949104,1.0,0.0046383979392027345,0.4091447668756708,"A"
"MULE-12633","Task","2017-05-29T12:34:14.000-0500",False,0.05775774042574073,0.0,0.0005634813657292517,0.3178095003164801,"A"
"MULE-7320","Bug","2014-02-13T09:31:46.000-0600",False,0.06877220049521388,0.0,0.15461633996151336,0.35949513283699747,"A"
"MULE-11823","Bug","2017-02-12T13:58:07.000-0600",False,0.03136576488484647,0.0,0.0003762254555552453,0.19749547527837685,"A"
"MULE-7977","New Feature","2014-10-15T12:42:57.000-0500",False,0.04813215166701028,0.0,0.02996718517882617,0.2776140776067339,"A"
"MULE-11515","Task","2017-01-25T15:05:13.000-0600",True,0.03254800028925701,0.0,0.0036473744499318276,0.20362313215426142,"A"
"MULE-9361","Task","2016-01-28T06:04:05.000-0600",False,0.06531400774390062,0.0,1.7494276237141372e-05,0.34686326221199726,"A"
"MULE-13463","Bug","2017-09-04T13:17:16.000-0500",False,0.04355373887341252,0.0,1.8596470966161597e-05,0.2571029656136774,"A"
"MULE-16477","Task","2019-02-13T19:04:13.000-0600",True,0.40829564752541236,1.0,0.9994043209986078,0.8398527238648962,"A"
"MULE-12457","Bug","2017-05-12T08:32:45.000-0500",False,0.032732882749654316,0.0,3.796124945650277e-06,0.2045742880752988,"A"
"MULE-11377","Task","2017-01-10T16:07:59.000-0600",False,0.048290565300824546,0.0,4.094604724844666e-05,0.27830693988774363,"A"
"MULE-12765","Task","2017-06-12T11:09:38.000-0500",False,0.04642193242976151,1.0,7.104587472701938e-06,0.2700633832231251,"A"
"MULE-11166","Task","2016-12-08T07:29:55.000-0600",False,0.03630340106053602,1.0,0.004889509219586107,0.222576075682897,"A"
"MULE-10214","Bug","2016-08-08T10:15:15.000-0500",False,0.047636594007910996,1.0,0.001423598579062088,0.2754395128328577,"A"
"MULE-9880","Bug","2016-06-09T15:56:00.000-0500",False,0.029773830693461865,1.0,0.00012150360739416386,0.18911804095582432,"A"
"MULE-6172","Improvement","2012-04-18T14:23:20.000-0500",False,0.023049241004778395,0.0,0.0003363871196923899,0.1520444683178808,"A"
"MULE-11696","Task","2017-02-07T10:02:22.000-0600",False,0.03824656819107696,0.0,1.1685813140320142e-05,0.23208844667756823,"A"
"MULE-11171","Bug","2016-12-12T05:59:06.000-0600",False,0.014217799533294832,0.0,1.686293147594397e-05,0.09878549485918636,"A"
"MULE-16511","Enhancement Request","2019-02-20T06:46:54.000-0600",False,0.0408894894953415,0.0,3.7369501554465546e-06,0.24471793634664876,"A"
"MULE-10041","Bug","2016-07-05T14:06:37.000-0500",False,0.021448878317073584,0.0,2.844347600306562e-06,0.14279679069152565,"A"
"MULE-15579","Bug","2018-08-21T11:52:48.000-0500",True,0.11811889472770526,1.0,0.2881946558947475,0.5044455581720845,"A"
"MULE-15266","Bug","2018-07-03T09:58:34.000-0500",False,0.01575945907229036,0.0,0.001727816654801133,0.10848780838702896,"A"
"MULE-7923","Bug","2014-10-06T10:52:01.000-0500",False,0.0324943363347834,0.0,0.0035682146733935966,0.2033466918751928,"A"
"MULE-13147","Story","2017-07-20T10:31:32.000-0500",False,0.05860899373850417,1.0,0.001505299791038137,0.32118700220516333,"A"
"MULE-7289","Bug","2014-02-06T07:44:11.000-0600",False,0.025958479290674765,1.0,0.00010595344510749435,0.16842830158925767,"A"
"MULE-10797","Bug","2016-10-19T09:29:14.000-0500",False,0.04090540431834826,0.0,0.9965685204556629,0.24479293621929527,"A"
"MULE-12465","Bug","2017-05-12T16:43:28.000-0500",False,0.0819898377088527,0.0,1.7426059688006174e-05,0.40432772210036655,"A"
"MULE-6844","Story","2013-05-22T01:14:43.000-0500",True,0.11627435065270024,0.0,0.00017598395964359327,0.49998851868825683,"A"
"MULE-13516","Task","2017-09-12T09:01:52.000-0500",False,0.030490869174039502,0.0,0.9999987663474819,0.19290954059553336,"A"
"MULE-11310","Task","2016-12-30T11:22:11.000-0600",False,0.022983499620078732,1.0,2.4437007371162288e-05,0.15166792336321988,"A"
"MULE-13932","Bug","2017-11-01T09:54:48.000-0500",False,0.03510550644302397,0.0,0.006911385171155518,0.21661333216290912,"A"
"MULE-7756","Task","2014-07-17T10:39:34.000-0500",False,0.08332348509098166,0.0,0.00016170342608509526,0.4085709955821053,"A"
"MULE-9813","Task","2016-06-03T13:42:18.000-0500",False,0.08130480875821733,1.0,0.0005457371400958141,0.40212926360007784,"A"
"MULE-7478","Task","2014-03-27T14:51:44.000-0500",False,0.09103580272394093,0.0,0.0026420829910867006,0.4321941609993758,"A"
"MULE-12404","Bug","2017-05-05T11:35:55.000-0500",False,0.030430213781098087,0.0,0.12732035514862816,0.19258996883886353,"A"
"MULE-11054","Bug","2016-11-23T12:09:02.000-0600",False,0.10540094425201975,1.0,0.0004561929727275921,0.47241409273242346,"A"
"MULE-7207","Improvement","2014-01-02T15:23:04.000-0600",False,0.05362943232693503,0.0,0.0005392504778332037,0.30103209519369595,"A"
"MULE-14960","Task","2018-05-03T05:52:43.000-0500",True,0.04932453104909779,1.0,0.06069948722882169,0.2828024029874966,"A"
"MULE-10632","Task","2016-09-26T10:46:56.000-0500",False,0.07365578989352134,0.0,0.0004808995704965888,0.37667275150424745,"A"
"MULE-11347","Task","2017-01-05T10:15:39.000-0600",False,0.14218387140332883,0.0,0.002048906866399214,0.5574648515853574,"A"
"MULE-7637","Improvement","2014-06-02T12:00:40.000-0500",False,0.04864121318772066,1.0,0.0002959250573549582,0.27983668696664404,"A"
"MULE-12528","Bug","2017-05-19T16:49:47.000-0500",False,0.07708490228236492,0.0,1.3625296777653841e-05,0.3882957657124246,"A"
"MULE-10567","Task","2016-09-15T11:35:14.000-0500",False,0.04182415237270661,0.0,6.133677915668783e-06,0.24910167869635394,"A"
"MULE-11475","Task","2017-01-19T11:15:50.000-0600",False,0.028209876676979134,1.0,0.0002397398387350667,0.18074333187022235,"A"
"MULE-10774","Task","2016-10-13T16:20:38.000-0500",False,0.07919609788947721,1.0,9.252777452621452e-05,0.39527984394323396,"A"
"MULE-7286","Bug","2014-02-05T15:33:48.000-0600",False,0.10132748471066932,0.0,0.00027970739564114856,0.4614733323894205,"A"
"MULE-10833","Bug","2016-10-25T15:03:16.000-0500",False,0.027011654464552736,0.0,0.00039267368602933746,0.1742277817201325,"A"
"MULE-14624","Task","2018-02-21T16:25:00.000-0600",False,0.01971148735750354,0.0,6.392815194041523e-05,0.13256159497439973,"A"
"MULE-15895","Task","2018-10-23T13:51:30.000-0500",False,0.13169291389685286,1.0,0.9999998780963398,0.535459276128999,"A"
"MULE-14857","Task","2018-04-06T10:07:57.000-0500",False,0.05148055977314241,1.0,0.0001289374513752282,0.292029049338214,"A"
"MULE-12960","Bug","2017-06-28T09:12:07.000-0500",False,0.0788117174565187,0.0,0.005310115851532993,0.39401780249648266,"A"
"MULE-13459","Enhancement Request","2017-09-04T10:38:08.000-0500",False,0.06932115997903364,1.0,1.4324619828172234e-05,0.3614639526279394,"A"
"MULE-7788","Task","2014-07-30T16:09:08.000-0500",False,0.08086563721725311,0.0,0.0004224303078030532,0.4007130150497231,"A"
"MULE-11754","Task","2017-02-07T14:45:26.000-0600",False,0.08989240565025333,0.0,0.00045879724171272063,0.4287871859847767,"A"
"MULE-14922","Task","2018-04-23T09:26:47.000-0500",True,0.12053481697496145,1.0,0.006852987545785454,0.5101918180770468,"A"
"MULE-12458","Bug","2017-05-12T11:43:50.000-0500",False,0.03683913056515963,0.0,0.00043773099711466216,0.22521822464508237,"A"
"MULE-8157","Bug","2014-12-15T14:42:37.000-0600",False,0.01845711925226616,0.0,7.918178894963636e-05,0.1250418811041776,"A"
"MULE-13673","Bug","2017-09-29T16:03:22.000-0500",False,0.03475513248719834,1.0,2.4365680089961348e-05,0.21485478409116754,"A"
"MULE-13795","Bug","2017-10-13T14:21:01.000-0500",False,0.052549336421062506,0.0,2.1208212012803947e-05,0.29653056101478564,"A"
"MULE-15040","Bug","2018-05-14T14:02:14.000-0500",False,0.025034433727455115,0.0,0.00014097215688365795,0.1632829083520809,"A"
"MULE-6604","Improvement","2013-01-21T13:48:09.000-0600",False,0.03121279469070784,0.0,3.193759803280686e-05,0.19669682034837652,"A"
"MULE-11360","Bug","2017-01-06T16:42:06.000-0600",False,0.03651893715229787,0.0,0.6350903385761092,0.22364088206619173,"A"
"MULE-14736","Bug","2018-03-15T10:03:09.000-0500",False,0.059355565745659096,0.0,0.1764899252670421,0.3241267169321779,"A"
"MULE-8213","Task","2015-01-09T07:44:13.000-0600",False,0.039314935109535896,0.0,0.000489667043147682,0.23723587962574952,"A"
"MULE-12641","Bug","2017-05-30T07:24:46.000-0500",False,0.0877668733160707,0.0,0.006048700942081956,0.42236722334597804,"A"
"MULE-7611","Bug","2014-05-16T09:29:52.000-0500",False,0.029259117702065473,0.0,0.00010168488180603905,0.18637783739791666,"A"
"MULE-13609","Bug","2017-09-23T18:54:10.000-0500",False,0.01890755770684178,0.0,0.0007503368107077742,0.1277549176220093,"A"
"MULE-13269","Bug","2017-08-04T13:47:09.000-0500",False,0.048661343817739136,1.0,5.1249079543100686e-05,0.2799243467922177,"A"
"MULE-11538","Task","2017-01-26T14:40:21.000-0600",True,0.05072324964103578,0.0,0.00044940024963468817,0.288810582766771,"A"
"MULE-8510","Improvement","2015-04-19T07:40:33.000-0500",False,0.030582541046643343,0.0,0.0009368030038964314,0.1933921231598979,"A"
"MULE-14580","Task","2018-02-01T09:23:21.000-0600",False,0.05642614034429471,1.0,0.00018977176933869378,0.31247067365482506,"A"
"MULE-11714","Task","2017-02-07T12:32:32.000-0600",False,0.12718524855322863,0.0,0.00012898927958871438,0.5254952656053952,"A"
"MULE-8201","Bug","2015-01-05T11:42:34.000-0600",False,0.011119956748557985,0.0,7.899324838749691e-08,0.07873329945090982,"A"
"MULE-13609","Bug","2017-09-23T18:54:10.000-0500",False,0.01890755770684178,0.0,0.0007503368107077742,0.1277549176220093,"A"
"MULE-10667","Task","2016-09-29T14:38:40.000-0500",False,0.03788091311914221,1.0,0.00040443397393607864,0.23031336735612035,"A"
"MULE-11655","New Feature","2017-02-06T14:37:27.000-0600",True,0.06328924459772836,1.0,0.050016889557859934,0.3392785501649379,"A"
"MULE-9644","Improvement","2016-05-03T12:58:33.000-0500",False,0.07003320482557823,0.0,0.9705131181215285,0.36400313591941263,"A"
"MULE-13998","Task","2017-11-08T06:32:14.000-0600",False,0.029848765910169356,1.0,3.34570655623316e-05,0.1895156803378041,"A"
"MULE-8690","Task","2015-06-08T14:33:11.000-0500",False,0.03128367713634949,0.0,0.000663469633906132,0.1970670626467315,"A"
"MULE-14210","Task","2017-12-13T13:38:35.000-0600",False,0.054569815123225576,1.0,5.7002437961444665e-05,0.3049129199221911,"A"
"MULE-11699","Task","2017-02-07T10:07:59.000-0600",False,0.12663277458971514,0.0,0.000266624255110549,0.5242518276533317,"A"
"MULE-14960","Task","2018-05-03T05:52:43.000-0500",True,0.04932453104909779,1.0,0.06069948722882169,0.2828024029874966,"A"
"MULE-10264","Task","2016-08-17T13:20:41.000-0500",False,0.01256499921691756,1.0,0.0002039223025023038,0.08818121456191987,"A"
"MULE-10698","Bug","2016-10-03T13:55:27.000-0500",True,0.04616807610892355,1.0,0.9999999990072297,0.26893146067418816,"A"
"MULE-13953","Bug","2017-11-03T11:43:04.000-0500",False,0.0800510556387736,0.0,0.45771108237990854,0.3980719147054009,"A"
"MULE-12026","Task","2017-03-22T08:45:44.000-0500",False,0.03886471541627172,0.0,2.7761417378450172e-05,0.2350737469381778,"A"
"MULE-10122","Improvement","2016-07-21T09:20:53.000-0500",False,0.031466108037797605,0.0,1.945681093884845e-06,0.1980186400140711,"A"
"MULE-15147","Bug","2018-06-08T13:51:29.000-0500",False,0.06510039977835778,0.0,0.00047413273364174365,0.34606978246403974,"A"
"MULE-8253","Task","2015-01-22T09:32:47.000-0600",True,0.26124308257041634,1.0,0.06856839583109747,0.7288173632073314,"A"
"MULE-10867","Bug","2016-10-31T15:04:06.000-0500",False,0.01781044895258328,0.0,5.0010165557856463e-05,0.12112168371193777,"A"
"MULE-12754","Task","2017-06-09T15:16:51.000-0500",False,0.10020878881763037,1.0,3.913316310384571e-05,0.45840669141732965,"A"
"MULE-11087","Task","2016-11-25T13:03:09.000-0600",False,0.09269057041208836,0.0,0.0001182111754474674,0.43706836756226053,"A"
"MULE-13419","Improvement","2017-04-21T20:29:18.000-0500",False,0.03005919187025705,1.0,0.002171103039567423,0.1906305386297413,"A"
"MULE-12520","Bug","2017-05-19T12:09:27.000-0500",False,0.03580557165272851,0.0,3.425749506734175e-05,0.2201072981649059,"A"
"MULE-15894","Task","2018-10-23T13:46:08.000-0500",False,0.2942900232466095,1.0,0.9999999747498695,0.76015138426627,"A"
"MULE-14787","Enhancement Request","2018-03-23T08:12:15.000-0500",False,0.11956053447868228,1.0,0.8614216705578539,0.5078868157086742,"A"
"MULE-15385","Task","2018-07-17T15:54:37.000-0500",False,0.05814775284310158,1.0,7.070765915926562e-05,0.3193603495589181,"A"
"MULE-7320","Bug","2014-02-13T09:31:46.000-0600",False,0.06877220049521388,0.0,0.15461633996151336,0.35949513283699747,"A"
"MULE-8169","Improvement","2014-12-18T11:33:05.000-0600",False,0.05128534483594939,0.0,0.004002626105226164,0.29120171149400853,"A"
"MULE-15686","Task","2018-09-11T22:47:22.000-0500",True,0.18075256246276433,1.0,0.0446091062653219,0.6264205205471636,"A"
"MULE-8655","Task","2015-05-28T14:10:59.000-0500",False,0.07570811860789667,1.0,1.9794151240838606e-05,0.3836712922161942,"A"
"MULE-7326","Bug","2014-02-14T16:30:08.000-0600",False,0.01713405461920736,0.0,0.11745275098768157,0.11698912762854519,"A"
"MULE-7137","Bug","2013-11-20T12:43:39.000-0600",False,0.04582465549291137,0.0,8.42670857450806e-05,0.26739554433076784,"A"
"MULE-16148","Task","2018-12-04T12:11:28.000-0600",False,0.051674936519994975,0.0,0.0019390191349003692,0.29285125535289597,"A"
"MULE-7366","Bug","2014-02-21T13:39:05.000-0600",False,0.05575986604217984,0.0,0.0028592068886752336,0.3097736106873839,"A"
"MULE-8257","Bug","2015-01-22T12:39:56.000-0600",False,0.0536611882771678,0.0,3.277100576103393e-05,0.3011637278061018,"A"
"MULE-13299","Bug","2017-08-10T16:01:26.000-0500",False,0.1309690992427673,0.0,0.007904523222109425,0.5338807446917847,"A"
"MULE-7538","Bug","2014-04-22T12:59:48.000-0500",False,0.09024610199495554,0.0,0.00032287060224100685,0.42984453589470056,"A"
"MULE-12358","Task","2017-05-02T06:52:18.000-0500",False,0.07751463829255253,1.0,0.00015768439533122737,0.38972781895767317,"A"
"MULE-12157","Bug","2017-04-05T12:48:38.000-0500",False,0.01761564736538203,0.0,8.385715422159433e-07,0.11993489641891644,"A"
"MULE-9680","Task","2016-05-09T10:23:24.000-0500",False,0.12255897637710025,0.0,0.0009558861951386229,0.5149282762942915,"A"
"MULE-9074","Bug","2015-11-17T14:58:09.000-0600",False,0.028973556417247408,0.0,6.362737351095913e-05,0.18485083964496996,"A"
"MULE-12368","Improvement","2017-05-02T12:43:35.000-0500",False,0.0737602498513361,1.0,2.6198272390705117e-05,0.37703204507969873,"A"
"MULE-8610","Task","2015-05-15T11:57:04.000-0500",False,0.04969289030032068,1.0,0.0002198406392443909,0.28439278861367806,"A"
"MULE-8307","Bug","2015-02-10T19:11:56.000-0600",False,0.028626792297878775,0.0,0.959124683718796,0.18299005979694682,"A"
"MULE-7510","Bug","2014-04-14T08:04:25.000-0500",False,0.029422770400584917,0.0,0.0003319714967288472,0.1872507739510981,"A"
"MULE-10856","Improvement","2016-10-28T13:28:34.000-0500",False,0.009288130843940626,0.0,0.00022025180770406425,0.06651246939206643,"A"
"MULE-11493","Task","2017-01-23T09:23:50.000-0600",False,0.0147327475748994,0.0,0.0014473837340216883,0.10204629441215017,"A"
"MULE-13605","Task","2017-09-22T15:15:50.000-0500",False,0.11879098983994335,1.0,0.001101257680799178,0.5060544461861872,"A"
"MULE-8905","Task","2015-08-31T11:07:24.000-0500",False,0.04536566426763212,1.0,1.2937915720402179e-05,0.2653343829109432,"A"
"MULE-7408","Bug","2014-03-03T14:30:11.000-0600",False,0.019759909023613492,0.0,1.316573555845011e-05,0.1328496662717696,"A"
"MULE-13258","Task","2017-08-03T11:41:30.000-0500",False,0.02785108411557869,0.0,0.0007321954956459052,0.17880146300911298,"A"
"MULE-15531","Task","2018-08-10T10:20:28.000-0500",False,0.038229547535331344,0.0,6.057726997244606e-06,0.2760764358358836,"B"
"MULE-14579","Bug","2018-02-01T08:41:20.000-0600",False,0.012139443375243407,1.0,6.924631804498134e-06,0.10546521892552346,"B"
"MULE-14259","Bug","2017-12-14T08:54:46.000-0600",False,0.037891383445744525,0.0,2.006059139116768e-06,0.2742342644802682,"B"
"MULE-7923","Bug","2014-10-06T10:52:01.000-0500",False,0.0625518377450289,0.0,0.9944915809032165,0.3903106048225474,"B"
"MULE-12226","Task","2017-04-17T13:13:52.000-0500",False,0.07698473980154169,0.0,0.0008243191508078199,0.44450964363392903,"B"
"MULE-6172","Improvement","2012-04-18T14:23:20.000-0500",False,0.014515793557765092,0.0,4.600680216745854e-06,0.12382063678023944,"B"
"MULE-11739","Improvement","2017-02-07T13:16:43.000-0600",False,0.023798782553553083,0.0,0.00013456753931690333,0.1895594561417844,"B"
"MULE-7757","Task","2014-07-17T10:50:16.000-0500",False,0.040392246262427677,1.0,2.099401374844662e-05,0.2876699139208146,"B"
"MULE-16009","Task","2018-11-07T08:32:42.000-0600",True,0.041297906437897915,0.0,1.6737358094703476e-05,0.2924303553501599,"B"
"MULE-16475","Task","2019-02-13T19:02:07.000-0600",False,0.09736568985980108,1.0,0.000605554849068391,0.5085780183954527,"B"
"MULE-13267","Task","2017-08-04T12:34:20.000-0500",False,0.03316889055582617,1.0,0.0006118786609065412,0.24763748189777507,"B"
"MULE-9427","New Feature","2016-03-03T08:07:24.000-0600",False,0.04355626508411759,0.0,1.1566366459504545e-06,0.3040661451176175,"B"
"MULE-9895","Task","2016-06-10T16:59:01.000-0500",False,0.046308652988004184,1.0,2.9964248032172566e-05,0.3178104970445604,"B"
"MULE-12523","Bug","2017-05-19T13:36:24.000-0500",False,0.11793101749245949,0.0,1.0,0.5619275558084111,"B"
"MULE-13363","Task","2017-08-22T15:50:22.000-0500",True,0.11002144215008565,1.0,4.076590082921327e-05,0.542556030675912,"B"
"MULE-7674","Bug","2014-06-16T09:53:38.000-0500",False,0.054712532372278334,0.0,4.253375655245303e-05,0.35703941675946205,"B"
"MULE-7142","Task","2013-11-21T12:38:19.000-0600",False,0.014642369404183656,0.0,0.00024940611748829836,0.12477965445426999,"B"
"MULE-11851","Task","2017-02-21T09:43:07.000-0600",False,0.017708891859028884,1.0,3.0513541253076077e-06,0.14746017568139785,"B"
"MULE-15431","Bug","2018-07-24T13:17:55.000-0500",False,0.05219833509485156,1.0,4.4533455722037495e-05,0.3457133453756946,"B"
"MULE-10219","Improvement","2016-08-08T10:34:06.000-0500",False,0.026546780023995162,1.0,5.5159900149111785e-06,0.20738144591112928,"B"
"MULE-7426","Bug","2014-03-11T14:12:50.000-0500",False,0.02388464000401795,0.0,4.4423537240994365e-05,0.1901268499016697,"B"
"MULE-14478","Enhancement Request","2018-01-17T10:33:33.000-0600",False,0.029655445337596325,0.0,5.064934210624368e-06,0.22673385507749222,"B"
"MULE-13321","Bug","2017-08-15T14:56:29.000-0500",False,0.07282240649829995,0.0,1.0,0.429727657987274,"B"
"MULE-14435","Bug","2018-01-12T07:29:46.000-0600",False,0.02132013424086444,0.0,0.9794861536725983,0.17287405650962576,"B"
"MULE-7863","Task","2014-09-10T12:54:29.000-0500",False,0.026257533181934446,1.0,1.762642307720481e-05,0.20553789238991074,"B"
"MULE-14197","Task","2017-12-12T09:22:36.000-0600",True,0.13165170446603466,1.0,1.6230058726290817e-05,0.5926004482034373,"B"
"MULE-13172","Task","2017-07-24T11:09:14.000-0500",False,0.07256399168826062,0.0,1.4167171338519164e-06,0.4287884566516557,"B"
"MULE-13497","Bug","2017-09-08T16:32:04.000-0500",False,0.06586026089470573,0.0,0.000236670871517029,0.40349302075354454,"B"
"MULE-15398","Task","2018-07-18T09:52:39.000-0500",False,0.01712540711211425,0.0,0.015930082742613,0.14322490086680378,"B"
"MULE-14250","Task","2017-12-13T14:34:04.000-0600",False,0.02956307653843991,0.0,4.610437128276647e-07,0.22617071677481154,"B"
"MULE-12805","Bug","2017-06-14T12:34:41.000-0500",False,0.11615099196105196,0.0,1.4015672944995838e-06,0.5576829820411346,"B"
"MULE-16355","Task","2019-01-18T10:59:33.000-0600",False,0.07710610100083398,0.0,0.007083821358425495,0.44493109893561744,"B"
"MULE-15141","Bug","2018-06-07T16:37:57.000-0500",False,0.032705891597345604,0.0,0.18189853612976106,0.24493919058789093,"B"
"MULE-14493","Bug","2018-01-17T15:14:37.000-0600",False,0.012594843041747426,0.0,7.567473613724245e-05,0.1090352199327412,"B"
"MULE-16694","Task","2019-04-10T11:11:51.000-0500",False,0.02827107271343165,1.0,6.393400274822117e-06,0.21821845202351053,"B"
"MULE-14768","Bug","2018-03-21T09:53:03.000-0500",False,0.022215896859436837,0.0,8.011652928339354e-06,0.1789728979693814,"B"
"MULE-8486","Improvement","2015-02-03T13:44:19.000-0600",False,0.017665858920797892,0.0,6.9541141723023e-05,0.14714907694521423,"B"
"MULE-9329","Task","2016-01-15T11:36:30.000-0600",False,0.01840736701723802,0.0,0.0003305531144293711,0.15248189023241068,"B"
"MULE-8026","Improvement","2014-11-06T06:50:18.000-0600",False,0.07120739524924859,0.0,0.0005080246576492764,0.4238154914318267,"B"
"MULE-8609","Bug","2015-05-15T08:55:36.000-0500",False,0.08265325629216512,0.0,0.00585481222268925,0.46364620020593167,"B"
"MULE-15548","Bug","2018-08-14T12:05:19.000-0500",False,0.022505743876995617,0.0,0.15029218562002936,0.18092948573581635,"B"
"MULE-15479","Task","2018-07-31T13:35:06.000-0500",False,0.06356157639213614,0.0,3.411167461803099e-06,0.3943853122490892,"B"
"MULE-15683","Task","2018-09-11T22:42:29.000-0500",True,0.0696364569922705,1.0,0.00024187256828270113,0.4179661577471196,"B"
"MULE-11356","Task","2017-01-05T14:57:29.000-0600",False,0.04439908786997067,0.0,1.532371552160305e-06,0.30832486730945147,"B"
"MULE-11476","Task","2017-01-19T11:21:43.000-0600",False,0.028725278887504264,1.0,1.3458754876391668e-06,0.22103022812785217,"B"
"MULE-10145","Task","2016-07-22T13:45:37.000-0500",False,0.03559992275030913,0.0,8.87637422861563e-06,0.26153536359010815,"B"
"MULE-14648","Task","2018-02-28T08:56:27.000-0600",False,0.0265476271338035,0.0,4.977645074287077e-06,0.20738683411886774,"B"
"MULE-11606","Task","2017-02-02T10:39:24.000-0600",True,0.036747406780689454,0.0,0.012551102484053792,0.26794204740448785,"B"
"MULE-10739","Task","2016-10-11T04:10:19.000-0500",True,0.0619700652416195,1.0,3.0055066189811783e-06,0.3879419630946443,"B"
"MULE-15820","Task","2018-10-10T11:03:11.000-0500",True,0.0761495737343161,0.0,0.016410055713810868,0.44159492204825646,"B"
"MULE-12107","Improvement","2017-03-31T13:48:44.000-0500",False,0.04230637110881862,0.0,0.001435587390822794,0.2976672211417166,"B"
"MULE-11053","Improvement","2016-11-23T08:31:21.000-0600",True,0.013691108201061676,0.0,6.430939357365344e-05,0.11752660099354191,"B"
"MULE-7436","Task","2014-03-14T13:14:38.000-0500",False,0.02617736230898979,0.0,0.0007000734116120967,0.20502558824177108,"B"
"MULE-8423","Task","2015-03-20T13:58:15.000-0500",False,0.0354997395532372,1.0,6.452961638773354e-06,0.2609714206865621,"B"
"MULE-12991","Bug","2017-07-04T15:18:52.000-0500",False,0.04729716068893804,1.0,2.005876589799797e-05,0.32263388455145514,"B"
"MULE-14715","Task","2018-03-14T06:42:14.000-0500",False,0.006902332097381897,1.0,8.245797475812654e-05,0.06251403915482062,"B"
"MULE-12831","Improvement","2017-06-16T09:23:41.000-0500",True,0.023408093608845357,0.0,9.791290344329323e-06,0.18696876317445285,"B"
"MULE-16157","Task","2018-12-04T12:39:08.000-0600",False,0.02038852151498807,1.0,1.5688199870609744e-05,0.16644636559986056,"B"
"MULE-12513","Bug","2017-05-18T14:40:22.000-0500",True,0.03682903351396391,1.0,0.00021872644115086658,0.26839413270666496,"B"
"MULE-15548","Bug","2018-08-14T12:05:19.000-0500",False,0.022505743876995617,0.0,0.15029218562002936,0.18092948573581635,"B"
"MULE-12102","Improvement","2017-03-31T08:13:51.000-0500",False,0.01967659607130564,0.0,4.0444338958692705e-06,0.16147506864276995,"B"
"MULE-12953","Bug","2017-06-27T13:00:20.000-0500",False,0.04373143311634002,0.0,0.06690653390929108,0.304954947812765,"B"
"MULE-10639","Task","2016-09-26T13:34:02.000-0500",False,0.019690375537991644,0.0,9.615391373332781e-05,0.16157178290787896,"B"
"MULE-11018","Improvement","2016-11-18T11:46:03.000-0600",True,0.08542230199228008,0.0,0.020567098433624996,0.4726034267180872,"B"
"MULE-14386","Bug","2018-01-05T11:26:54.000-0600",False,0.024697250720667065,1.0,8.025630145929882e-06,0.19546282709806742,"B"
"MULE-16321","Task","2019-01-11T14:46:54.000-0600",False,0.03594126055183616,0.0,0.003150521606071909,0.26345122358163847,"B"
"MULE-16084","Task","2018-11-21T07:48:00.000-0600",False,0.07236282851614821,1.0,0.44929432309484313,0.42805555432654563,"B"
"MULE-11137","Bug","2016-12-02T14:34:06.000-0600",False,0.025863577087710206,0.0,0.00020303594849780472,0.20301489837573977,"B"
"MULE-12271","Improvement","2017-04-21T04:22:34.000-0500",False,0.02037694726037509,0.0,2.5580269161609165e-06,0.16636595782216113,"B"
"MULE-15362","Bug","2018-07-16T08:39:11.000-0500",False,0.02872517944060138,0.0,0.0004371887704533437,0.22102961442591135,"B"
"MULE-12805","Bug","2017-06-14T12:34:41.000-0500",False,0.11615099196105196,0.0,1.4015672944995838e-06,0.5576829820411346,"B"
"MULE-7013","Improvement","2013-09-10T09:01:56.000-0500",False,0.0410006654254636,0.0,5.765355303282296e-05,0.29087400183855594,"B"
"MULE-11324","Bug","2017-01-02T14:06:35.000-0600",False,0.09066037422633826,0.0,0.22889130000719662,0.48889202161760653,"B"
"MULE-10601","Task","2016-09-01T10:02:38.000-0500",True,0.04276914172279039,0.0,8.471220284588868e-06,0.3000481285171974,"B"
"MULE-10063","Task","2016-07-11T10:00:42.000-0500",False,0.04302814045198878,0.0,0.00015780241863185815,0.3013746161778618,"B"
"MULE-12926","Task","2017-06-23T10:15:31.000-0500",False,0.017223752707406663,0.0,0.01877776374634298,0.1439413434829239,"B"
"MULE-7338","Bug","2014-02-18T08:11:13.000-0600",False,0.02985182052164528,0.0,0.9984651016658509,0.22792871736242162,"B"
"MULE-7396","Improvement","2014-02-27T16:19:16.000-0600",False,0.08399220521105245,0.0,7.678810484292159e-06,0.46800830832852125,"B"
"MULE-14497","Task","2018-01-18T09:54:10.000-0600",False,0.015203147069490532,1.0,3.921057731137589e-06,0.12900625797231768,"B"
"MULE-15146","Bug","2018-06-05T17:35:32.000-0500",False,0.04875468675968303,0.0,0.00010838278537149593,0.3296404711747183,"B"
"MULE-7222","New Feature","2014-01-07T16:10:09.000-0600",False,0.02263872317857755,1.0,1.834687530815268e-06,0.18182442056181478,"B"
"MULE-15431","Bug","2018-07-24T13:17:55.000-0500",False,0.05219833509485156,1.0,4.4533455722037495e-05,0.3457133453756946,"B"
"MULE-9274","Bug","2016-01-06T16:51:26.000-0600",False,0.02685258737235414,0.0,0.8078927166595711,0.20932245129021454,"B"
"MULE-7462","Improvement","2014-03-26T01:28:40.000-0500",False,0.04723870755477039,0.0,4.2343017042540194e-05,0.32235028609443633,"B"
"MULE-16189","Task","2018-12-06T07:31:35.000-0600",True,0.02384299138547412,0.0,2.3221129191360815e-06,0.18985169946771824,"B"
"MULE-14183","Enhancement Request","2017-12-07T09:25:03.000-0600",False,0.009775429450386475,0.0,7.003334074248991e-05,0.08651883141597451,"B"
"MULE-11207","Bug","2016-12-15T14:07:30.000-0600",False,0.05097835225339588,0.0,0.06193124299635356,0.3400948684366176,"B"
"MULE-16524","Bug","2019-02-21T11:51:34.000-0600",False,0.03454432674410991,1.0,0.09988139834844928,0.255555669162844,"B"
"MULE-12616","Task","2017-05-26T14:37:02.000-0500",False,0.028900334554463152,0.0,1.896203205247438e-05,0.2221092205924856,"B"
"MULE-15012","Task","2018-05-11T13:31:56.000-0500",False,0.06809095172161403,0.0,0.0022151822073368083,0.41211429251212833,"B"
"MULE-15655","Bug","2018-09-05T12:30:17.000-0500",True,0.055475872893775875,0.0,1.0,0.36041255808166,"B"
"MULE-11790","New Feature","2017-02-10T13:03:28.000-0600",True,0.06149805596721636,0.0,4.324277339907717e-05,0.3860088276296931,"B"
"MULE-14515","Enhancement Request","2018-01-19T12:27:21.000-0600",False,0.17947160865109135,1.0,0.0029393265153113348,0.6772642326161161,"B"
"MULE-12161","Bug","2017-04-05T13:12:41.000-0500",False,0.08254337877976804,0.0,0.0011544740393549828,0.46328562717418686,"B"
"MULE-9074","Bug","2015-11-17T14:58:09.000-0600",False,0.02728266831407876,0.0,1.5013406598436777e-05,0.21203825483506308,"B"
"MULE-15431","Bug","2018-07-24T13:17:55.000-0500",False,0.05219833509485156,1.0,4.4533455722037495e-05,0.3457133453756946,"B"
"MULE-6894","New Feature","2013-06-23T22:24:46.000-0500",False,0.051974500359658886,0.0,1.1479310737122086e-06,0.3446886030418951,"B"
"MULE-16221","Bug","2018-12-17T12:35:56.000-0600",False,0.01025497451575222,0.0,0.9844041937675765,0.09041934784698784,"B"
"MULE-13282","Bug","2017-08-07T14:07:34.000-0500",False,0.035932816874422784,1.0,7.158189446004339e-05,0.2634039345258,"B"
"MULE-13752","Enhancement Request","2017-10-10T12:22:51.000-0500",False,0.03808806584781723,1.0,2.065134612167576e-06,0.2753066864446142,"B"
"MULE-13852","Task","2017-10-21T09:00:32.000-0500",False,0.016144329329849015,0.0,1.4186606426544922e-06,0.1360195758475511,"B"
"MULE-12664","Bug","2017-05-31T14:20:05.000-0500",True,0.05401421507683177,1.0,0.001491480398997831,0.3539271340671366,"B"
"MULE-7769","New Feature","2014-07-17T12:08:34.000-0500",False,0.015932393363418396,1.0,1.2891886156928977e-06,0.13444901853305305,"B"
"MULE-15686","Task","2018-09-11T22:47:22.000-0500",True,0.043154467763724356,1.0,6.626349579730901e-05,0.3020200511008856,"B"
"MULE-12158","Bug","2017-04-05T12:50:51.000-0500",False,0.16636127780346374,0.0,0.005385817127657254,0.6569024511224268,"B"
"MULE-13432","Bug","2017-08-31T11:28:09.000-0500",False,0.016353961592168093,1.0,7.653783734402496e-07,0.1375681267320564,"B"
"MULE-13830","Task","2017-10-19T09:07:42.000-0500",False,0.05029680416087015,0.0,1.4494532108670038e-06,0.3369202711287682,"B"
"MULE-11070","Task","2016-11-24T10:19:07.000-0600",False,0.02423066374690825,1.0,1.31078551806285e-06,0.19240654244215744,"B"
"MULE-15431","Bug","2018-07-24T13:17:55.000-0500",False,0.05219833509485156,1.0,4.4533455722037495e-05,0.3457133453756946,"B"
"MULE-7071","Task","2013-10-21T09:43:14.000-0500",False,0.01962706391496086,0.0,2.2704849757879015e-06,0.1611272542786855,"B"
"MULE-9473","Task","2016-03-14T07:15:49.000-0500",True,0.05490320631020088,0.0,0.00012273374931470217,0.35788480721373667,"B"
"MULE-10771","Task","2016-10-13T15:00:07.000-0500",False,0.012596274744140257,0.0,7.504185101890924e-08,0.10904640367420605,"B"
"MULE-10523","Bug","2016-09-11T11:23:55.000-0500",False,0.01496635359823671,0.0,9.218508000983277e-05,0.1272259392028538,"B"
"MULE-10739","Task","2016-10-11T04:10:19.000-0500",True,0.0619700652416195,1.0,3.0055066189811783e-06,0.3879419630946443,"B"
"MULE-13818","Bug","2017-10-18T14:57:38.000-0500",False,0.022099687960411177,1.0,1.7518714318428301e-06,0.17818613903441105,"B"
"MULE-15283","Enhancement Request","2018-07-04T10:48:56.000-0500",False,0.016629081544417817,0.0,0.05154347520193489,0.1395930263507383,"B"
"MULE-10992","Task","2016-11-17T08:00:44.000-0600",False,0.014314830789915006,0.0,2.8704729288608658e-06,0.12229420078241111,"B"
"MULE-13849","Task","2017-10-12T10:33:25.000-0500",False,0.0331922038003493,0.0,2.9239788781696567e-07,0.24777290631665946,"B"
"MULE-7575","Bug","2014-04-30T14:53:22.000-0500",False,0.055597724291582044,0.0,0.0007931575560294733,0.36094823791617553,"B"
"MULE-10149","Improvement","2016-07-25T10:23:36.000-0500",False,0.048728890990005984,1.0,1.424871894792723e-06,0.3295175417754789,"B"
"MULE-13306","Task","2017-08-11T12:28:49.000-0500",False,0.05302295581449599,0.0,1.088830485738585e-05,0.34946518983720365,"B"
"MULE-9880","Bug","2016-06-09T15:56:00.000-0500",False,0.02309391005270871,0.0,2.6803478672386542e-05,0.18487485354129965,"B"
"MULE-15785","Task","2018-09-26T10:50:20.000-0500",False,0.02857557092410434,1.0,3.27842152692401e-06,0.2201054038739678,"B"
"MULE-12201","Bug","2017-04-11T11:54:43.000-0500",False,0.02720162968816354,0.0,0.9885373994335305,0.21152776980101834,"B"
"MULE-14795","Task","2018-03-23T16:30:38.000-0500",False,0.07163458483109346,0.0,1.507122184273746e-05,0.4253892104875134,"B"
"MULE-7406","Bug","2014-02-28T18:42:50.000-0600",False,0.053189633034844856,0.0,0.13186673901732254,0.3502191009992546,"B"
"MULE-14880","Enhancement Request","2018-04-11T12:41:49.000-0500",False,0.04344236613120007,0.0,2.6563716557098508e-05,0.3034871763420835,"B"
"MULE-16577","Bug","2019-03-20T08:27:51.000-0500",False,0.032637880564221136,0.0,5.259959102165866e-05,0.24454141947651903,"B"
"MULE-12596","Bug","2017-05-25T10:00:29.000-0500",False,0.026711237348457234,0.0,2.813840335456984e-06,0.20842631265780223,"B"
"MULE-14310","Bug","2017-12-22T14:17:28.000-0600",False,0.01818046088649928,0.0,0.23188176451980913,0.1508562577507834,"B"
"MULE-15990","Bug","2018-11-05T13:19:40.000-0600",True,0.014549854599539133,1.0,2.259497950210443e-06,0.12407888688940065,"B"
"MULE-14581","Bug","2018-02-01T11:05:41.000-0600",False,0.08648228599659583,0.0,1.0308198452171243e-05,0.4759675054530626,"B"
"MULE-15354","Bug","2018-07-13T14:04:51.000-0500",False,0.037717654861004375,0.0,1.271588732812437e-05,0.2732847221952382,"B"
"MULE-11074","Bug","2016-11-24T14:28:13.000-0600",False,0.05065670560896003,0.0,0.0009657152740682524,0.33859989221716247,"B"
"MULE-16084","Task","2018-11-21T07:48:00.000-0600",False,0.07236282851614821,1.0,0.44929432309484313,0.42805555432654563,"B"
"MULE-14844","Bug","2018-04-03T13:39:30.000-0500",True,0.0242986458095328,0.0,0.06750104250261202,0.19285310728936886,"B"
"MULE-12616","Task","2017-05-26T14:37:02.000-0500",False,0.028900334554463152,0.0,1.896203205247438e-05,0.2221092205924856,"B"
"MULE-6920","Bug","2013-07-04T12:33:14.000-0500",False,0.06298625972163169,0.0,0.0010598405192267523,0.392069298418666,"B"
"MULE-15461","Bug","2018-07-27T11:22:35.000-0500",False,0.02387895709425833,0.0,5.431112952435395e-07,0.19008931554594027,"B"
"MULE-12064","Bug","2017-03-27T15:55:44.000-0500",True,0.027466830513961763,0.0,0.9562801755042263,0.21319620507119927,"B"
"MULE-12465","Bug","2017-05-12T16:43:28.000-0500",False,0.037405859566929635,0.0,3.182931926227972e-07,0.2715751724069807,"B"
"MULE-13946","Bug","2017-11-02T13:33:12.000-0500",False,0.034424606185734466,0.0,0.002673564252237708,0.2548721950022251,"B"
"MULE-16346","Bug","2019-01-17T08:24:54.000-0600",False,0.0463600136935591,0.0,4.90458742235889e-05,0.3180625531122433,"B"
"MULE-14326","Enhancement Request","2017-12-27T12:52:07.000-0600",True,0.03966648152798769,0.0,2.267917157298167e-05,0.28381517180512844,"B"
"MULE-16508","Bug","2019-02-19T15:25:11.000-0600",False,0.04449444618439692,0.0,2.5889106476325067e-06,0.308803895571558,"B"
"MULE-10909","Bug","2016-11-08T11:41:37.000-0600",False,0.03904782083696645,0.0,2.996159107524342e-05,0.28050086314486333,"B"
"MULE-10474","Task","2016-09-06T10:02:55.000-0500",False,0.028773584210997422,0.0,2.9915615853560698e-05,0.22132822819229545,"B"
"MULE-13062","Story","2017-07-14T08:31:55.000-0500",False,0.09115152690935979,0.0,0.00014822197186457894,0.49037716832958517,"B"
"MULE-15037","Bug","2018-05-17T08:20:05.000-0500",False,0.02546939470386121,1.0,3.655519904401767e-06,0.20047642670088126,"B"
"MULE-10129","Task","2016-07-21T10:25:46.000-0500",False,0.03538737124615643,0.0,3.2646012115245763e-06,0.2603380003762293,"B"
"MULE-15799","Task","2018-10-08T16:13:13.000-0500",False,0.02857217251909746,0.0,2.1532479935844735e-05,0.2200843879737472,"B"
"MULE-10661","Task","2016-09-29T10:12:39.000-0500",False,0.04538219128462245,0.0,4.752287937247549e-06,0.3132363371996019,"B"
"MULE-11889","Bug","2017-02-24T13:49:37.000-0600",False,0.016533717821480977,0.0,0.0004218583955577956,0.13889209294359867,"B"
"MULE-15397","Task","2018-07-18T09:50:30.000-0500",False,0.011711105676164813,0.0,0.05462059647404621,0.10208419311550931,"B"
"MULE-12923","Task","2017-03-15T13:19:12.000-0500",False,0.018459137261387062,0.0,0.010430352081381645,0.15285202314269922,"B"
"MULE-13276","Task","2017-08-07T08:49:00.000-0500",False,0.03133540191552595,0.0,0.008114038729706737,0.23685302153171842,"B"
"MULE-8946","Bug","2015-09-16T10:43:33.000-0500",False,0.037429742353686235,0.0,0.7863827696561003,0.27170636505615325,"B"
"MULE-12408","Task","2017-05-06T07:51:44.000-0500",False,0.05824043787900656,0.0,2.346269363650578e-05,0.37238210883220324,"B"
"MULE-14376","Task","2018-01-04T11:15:11.000-0600",False,0.032541293818681184,0.0,0.0005031717088475588,0.24397589524498664,"B"
"MULE-12095","Improvement","2017-03-30T10:33:10.000-0500",False,0.04057075450065199,0.0,3.2736993584289564e-05,0.28861255843233885,"B"
"MULE-8833","Task","2015-08-12T10:02:42.000-0500",False,0.06658232275663226,0.0,1.0537755167462884e-05,0.4063066904981181,"B"
"MULE-7697","Bug","2014-06-25T15:06:35.000-0500",False,0.07883405171505073,0.0,0.7408830627963832,0.45087496126621285,"B"
"MULE-11184","Bug","2016-12-12T14:12:16.000-0600",False,0.037937943876225066,0.0,3.15221444144065e-05,0.2744883848774952,"B"
"MULE-14757","Bug","2018-03-19T12:19:19.000-0500",False,0.020296820977574067,0.0,2.7255839332519884e-05,0.1658089370970795,"B"
"MULE-16144","Task","2018-12-04T11:57:00.000-0600",False,0.01265593973866999,0.0,0.0020171527423552492,0.10951225598743188,"B"
"MULE-13564","Task","2017-09-18T13:31:28.000-0500",False,0.025379142647088297,0.0,1.3426617805036597e-05,0.19989323136760015,"B"
"MULE-10428","Story","2016-09-01T08:25:21.000-0500",False,0.03331549345311907,0.0,6.537020359554794e-05,0.24848838268944431,"B"
"MULE-8530","Task","2015-04-22T15:24:37.000-0500",False,0.07648932182083021,0.0,4.238047241832627e-06,0.44278368569479576,"B"
"MULE-7946","Task","2014-10-07T09:30:54.000-0500",False,0.09716368640629028,0.0,0.00020868014668517238,0.5080030236853201,"B"
"MULE-8897","Bug","2015-08-26T10:49:31.000-0500",False,0.020314218264898206,0.0,2.1040218261340141e-07,0.16592993481509657,"B"
"MULE-11244","Improvement","2016-12-21T11:50:59.000-0600",False,0.05198746479482774,0.0,0.0191047587370995,0.34474803013080546,"B"
"MULE-14298","Bug","2017-12-20T11:18:15.000-0600",False,0.06792429130126887,0.0,3.4993292108203466e-05,0.4114773903734313,"B"
"MULE-14087","Bug","2017-11-15T11:38:48.000-0600",False,0.03796553257869699,0.0,0.008405490848621874,0.2746388878557688,"B"
"MULE-9372","Task","2016-02-10T10:33:10.000-0600",False,0.03177186751070766,0.0,1.788834092156446e-05,0.2394444957479751,"B"
"MULE-12518","Bug","2017-05-19T06:52:28.000-0500",False,0.06904825961003155,0.0,6.0041390985193e-06,0.4157505202540106,"B"
"MULE-14155","Task","2017-12-04T07:12:44.000-0600",False,0.02562440816525588,0.0,9.012086338516429e-06,0.20147637024066203,"B"
"MULE-14008","Bug","2017-11-08T09:45:25.000-0600",False,0.03337973517028157,0.0,4.685998605084337e-06,0.24886072428508108,"B"
"MULE-15515","Bug","2018-08-07T14:46:26.000-0500",False,0.025565592327471253,0.0,5.2943801950060975e-05,0.20109722476202951,"B"
"MULE-13998","Task","2017-11-08T06:32:14.000-0600",False,0.042693899618246045,0.0,1.2247264426425622e-05,0.2996619588015816,"B"
"MULE-7462","Improvement","2014-03-26T01:28:40.000-0500",False,0.04723870755477039,0.0,4.2343017042540194e-05,0.32235028609443633,"B"
"MULE-11508","Bug","2017-01-25T08:14:35.000-0600",False,0.05244335973149907,0.0,1.0,0.3468319818600628,"B"
"MULE-13297","Task","2017-08-10T13:53:48.000-0500",False,0.062009535585004785,1.0,0.0028155179783856837,0.388103152132524,"B"
"MULE-10403","Bug","2016-08-30T15:09:43.000-0500",False,0.020400911322797494,0.0,0.29967016952555425,0.1665324240438473,"B"
"MULE-9731","Improvement","2016-05-22T10:26:52.000-0500",False,0.04226052033683314,0.0,9.681560331485028e-05,0.29743056719521865,"B"
"MULE-11575","Task","2017-01-31T09:38:30.000-0600",True,0.02839742829678467,0.0,0.26965011864694133,0.21900243141476256,"B"
"MULE-12056","Bug","2017-03-27T10:06:03.000-0500",False,0.07065633488149617,1.0,6.559462986099937e-05,0.42177482717889997,"B"
"MULE-15418","Bug","2018-07-23T07:38:37.000-0500",False,0.03725592928030874,0.0,0.0010393356778196515,0.2707506451878589,"B"
"MULE-13949","Bug","2017-11-02T19:58:20.000-0500",False,0.046900420155145096,0.0,0.0006716322653936594,0.3207050205544212,"B"
"MULE-10953","Improvement","2016-11-14T06:08:43.000-0600",False,0.09002220620294149,0.0,0.001614114838167547,0.48695177077624724,"B"
"MULE-15361","Bug","2018-07-16T08:35:41.000-0500",False,0.04087702857509803,0.0,1.0245519916417286e-06,0.29022490664012174,"B"
"MULE-13997","Task","2017-11-08T06:30:07.000-0600",False,0.03322883578017522,0.0,2.0381340902075923e-05,0.24798561272733835,"B"
"MULE-13428","Task","2017-08-31T07:39:15.000-0500",False,0.05448852451956722,0.0,7.963339881296091e-05,0.35604382315067257,"B"
"MULE-10476","New Feature","2016-09-06T10:31:12.000-0500",False,0.040526148536812516,0.0,0.00019949255612541927,0.28837720974895226,"B"
"MULE-10297","Task","2016-08-18T10:30:29.000-0500",False,0.019913364260653228,1.0,4.77964740078479e-07,0.16313415974447154,"B"
"MULE-7994","New Feature","2014-10-23T10:46:58.000-0500",False,0.0579723199665043,1.0,0.000456050155745087,0.37123788046566275,"B"
"MULE-8482","New Feature","2015-04-14T09:08:54.000-0500",False,0.11014561197733712,0.0,0.008273943519472169,0.5428705907183682,"B"
"MULE-10933","Task","2016-11-10T07:18:22.000-0600",False,0.02618082950020039,0.0,0.00024920319014364343,0.20504775604692704,"B"
"MULE-16476","Task","2019-02-13T19:03:16.000-0600",True,0.06844768323613798,1.0,0.0005351036897622154,0.4134737010383068,"B"
"MULE-10048","Bug","2016-07-06T13:43:03.000-0500",False,0.023183664523626486,1.0,9.962116086104133e-07,0.18547399380388876,"B"
"MULE-10632","Task","2016-09-26T10:46:56.000-0500",False,0.040615776062906485,0.0,1.3159542105813526e-05,0.2888499642541515,"B"
"MULE-13774","Task","2017-10-11T13:48:50.000-0500",False,0.015568619910153906,0.0,1.0720400777788703e-05,0.13174150140562357,"B"
"MULE-7376","Bug","2014-02-25T14:42:37.000-0600",False,0.05813965571524542,0.0,2.839511477974028e-05,0.3719524201761722,"B"
"MULE-16510","Enhancement Request","2019-02-20T06:45:12.000-0600",False,0.021450105362087864,0.0,3.2590194152792637e-05,0.17376388836963652,"B"
"MULE-11346","Task","2017-01-05T10:05:39.000-0600",False,0.018455159336626187,1.0,1.257220916435361e-06,0.15282359293288525,"B"
"MULE-10460","Bug","2016-09-03T00:17:55.000-0500",False,0.18537886267677525,0.0,0.9675700725790501,0.6858605961337814,"B"
"MULE-9464","Bug","2016-03-11T13:24:51.000-0600",False,0.023744728220970315,0.0,5.300420179518497e-06,0.18920187832838106,"B"
"MULE-7983","Improvement","2014-10-17T09:48:32.000-0500",True,0.0621158063304386,1.0,0.999727467135751,0.388536786341609,"B"
"MULE-16346","Bug","2019-01-17T08:24:54.000-0600",False,0.0463600136935591,0.0,4.90458742235889e-05,0.3180625531122433,"B"
"MULE-8724","Improvement","2015-06-23T12:21:39.000-0500",False,0.03357252400500259,0.0,0.003593351054736373,0.24997620258727077,"B"
"MULE-10808","Task","2016-10-20T09:05:08.000-0500",True,0.019955684295822396,0.0,2.1953701592949365e-06,0.16343009916091777,"B"
"MULE-8267","Bug","2015-01-23T10:56:39.000-0600",False,0.032696718113686324,0.0,7.610304804719307e-06,0.24488555948951948,"B"
"MULE-10501","Improvement","2016-09-08T12:42:44.000-0500",False,0.01793104764738919,0.0,0.0004407121418537819,0.14906303867213355,"B"
"MULE-14754","Bug","2018-03-19T07:06:46.000-0500",False,0.027447680626159984,0.0,4.433280356927621e-05,0.21307593515489162,"B"
"MULE-16564","Task","2019-03-14T19:58:21.000-0500",False,0.021918242582666374,0.0,3.3275098496818384e-07,0.17695507095713928,"B"
"MULE-14103","Bug","2017-11-17T07:22:53.000-0600",False,0.02628924345483829,0.0,0.00016497505457062977,0.20574036695683048,"B"
"MULE-16074","Enhancement Request","2018-11-20T10:56:55.000-0600",False,0.032423428420047654,0.0,0.9965542292511207,0.24328478782765928,"B"
"MULE-9856","Task","2016-06-09T05:15:19.000-0500",False,0.05724299626716449,0.0,1.7223392181037568e-06,0.3681075127597403,"B"
"MULE-16013","Task","2018-11-07T09:05:03.000-0600",True,0.04440966459650957,0.0,0.002693637244052517,0.30837802704534867,"B"
"MULE-8518","New Feature","2015-04-20T11:59:21.000-0500",False,0.026744454166296127,0.0,0.012740106049524596,0.20863706159053025,"B"
"MULE-14459","Bug","2018-01-16T08:02:12.000-0600",False,0.08580143140305294,1.0,1.0459717120830226e-05,0.47381072484387715,"B"
"MULE-15680","Task","2018-09-11T22:37:57.000-0500",False,0.07702255843719634,1.0,3.856320584764896e-05,0.4446410344769478,"B"
"MULE-12011","Improvement","2017-03-20T10:53:16.000-0500",False,0.04248485030416274,0.0,1.0111637453657609e-05,0.2985871217777957,"B"
"MULE-15634","Task","2018-08-31T13:55:35.000-0500",False,0.043424782808605844,0.0,0.021791208068186123,0.3033977236156984,"B"
"MULE-13833","Task","2017-10-19T12:11:54.000-0500",False,0.030993586627458405,0.0,5.5926167607122e-05,0.23481280536239943,"B"
"MULE-11087","Task","2016-11-25T13:03:09.000-0600",False,0.08899572521173264,0.0,3.5799625053379945e-05,0.48380561610931266,"B"
"MULE-14722","Bug","2018-03-14T10:02:40.000-0500",False,0.024094414169872215,0.0,1.314605992536863e-06,0.19151023622441038,"B"
"MULE-16031","Bug","2018-11-09T13:04:37.000-0600",False,0.02290489367769811,0.0,0.0005282876014688093,0.18361058208914208,"B"
"MULE-13800","Task","2017-10-16T10:48:36.000-0500",False,0.03312643914454296,0.0,8.767111169697688e-07,0.24739077720074604,"B"
"MULE-7206","Bug","2014-01-02T11:15:30.000-0600",False,0.013550070744111386,0.0,2.0325974659043193e-07,0.11644219486435987,"B"
"MULE-13942","Bug","2017-11-02T12:07:45.000-0500",False,0.053576503679717336,0.0,7.179359706356171e-05,0.35196328664981735,"B"
"MULE-8687","Bug","2015-06-08T09:23:18.000-0500",False,0.02050300495822492,0.0,1.1724506205124857e-05,0.1672409636805921,"B"
"MULE-12560","Bug","2017-05-23T07:25:22.000-0500",False,0.03654230934897674,0.0,1.3953995411354661e-05,0.26680399610697186,"B"
"MULE-10868","Task","2016-11-01T07:40:28.000-0500",False,0.028176645933205784,0.0,1.1513982233609005e-06,0.217631681500376,"B"
"MULE-12485","Task","2017-05-15T13:57:32.000-0500",False,0.018854878520590666,0.0,0.00013534854667250957,0.15567202279519218,"B"
"MULE-11642","Bug","2017-02-06T06:19:59.000-0600",True,0.01300105459547325,0.0,0.014588794251902263,0.11219841186964366,"B"
"MULE-15918","Bug","2018-10-24T10:46:34.000-0500",False,0.06354906318972933,1.0,2.0267645759700932e-05,0.3943350962714268,"B"
"MULE-16636","Bug","2019-04-01T09:57:36.000-0500",False,0.09368156307456567,0.0,5.2689761087838596e-06,0.49791744599759813,"B"
"MULE-9469","Task","2016-03-14T07:03:56.000-0500",True,0.02233178201834416,0.0,3.0601541615708457e-07,0.1797561521557838,"B"
"MULE-13028","Task","2017-07-11T03:42:40.000-0500",False,0.04943271970540422,0.0,5.275461738471787e-06,0.3328579109895962,"B"
"MULE-11651","Bug","2017-02-06T14:08:41.000-0600",False,0.015941373947223905,0.0,0.008506708883693143,0.1345156714901106,"B"
"MULE-10929","Task","2016-11-10T05:05:26.000-0600",False,0.022063059291391584,0.0,0.0029529968196284886,0.17793788135109906,"B"
"MULE-6566","Bug","2012-12-19T10:28:45.000-0600",False,0.046651681908181364,0.0,8.596843322734097e-07,0.3194909220812993,"B"
"MULE-15685","Task","2018-09-11T22:46:01.000-0500",True,0.04539288500547083,1.0,3.479629984861864e-05,0.31328943353902233,"B"
"MULE-8501","Bug","2015-04-16T12:28:40.000-0500",False,0.030475361987420752,0.0,1.1313851630959222e-07,0.23170152519704337,"B"
"MULE-12029","Bug","2017-03-22T12:32:45.000-0500",False,0.010353409269082852,0.0,1.098354164553705e-06,0.09121634288535642,"B"
"MULE-16476","Task","2019-02-13T19:03:16.000-0600",True,0.06844768323613798,1.0,0.0005351036897622154,0.4134737010383068,"B"
"MULE-11955","New Feature","2017-03-09T14:22:29.000-0600",False,0.033020769511856,0.0,4.033175109405629e-05,0.24677607338492613,"B"
"MULE-11047","Task","2016-11-22T13:47:40.000-0600",True,0.01789362783178843,1.0,0.003850004510158809,0.1487934247032947,"B"
"MULE-10519","Task","2016-09-09T12:16:45.000-0500",False,0.08882244718386394,0.0,0.21704456189086618,0.483271415067993,"B"
"MULE-14298","Bug","2017-12-20T11:18:15.000-0600",False,0.06792429130126887,0.0,3.4993292108203466e-05,0.4114773903734313,"B"
"MULE-13767","Task","2017-10-11T10:53:42.000-0500",False,0.043136282179824535,1.0,1.2764137820771359e-06,0.3019271998217802,"B"
"MULE-12467","Bug","2017-05-12T21:59:33.000-0500",False,0.025380970173300346,0.0,0.00020275266896905734,0.19990504793673056,"B"
"MULE-9645","Bug","2016-05-03T13:48:48.000-0500",False,0.02059777647301468,0.0,0.03730303698090683,0.16789774165809218,"B"
"MULE-14880","Enhancement Request","2018-04-11T12:41:49.000-0500",False,0.04344236613120007,0.0,2.6563716557098508e-05,0.3034871763420835,"B"
"MULE-9607","Task","2016-04-21T08:08:33.000-0500",False,0.0577344953674297,1.0,3.2227046065925453e-06,0.37021998316880206,"B"
"MULE-10798","Bug","2016-10-19T09:52:25.000-0500",False,0.17715441258107567,0.0,0.9999999982825898,0.6737977116842778,"B"
"MULE-12234","Task","2017-04-17T16:18:31.000-0500",True,0.011636333492530024,0.0,8.477160755565293e-07,0.10149166904066885,"B"
"MULE-7384","Bug","2014-02-26T10:00:20.000-0600",False,0.035331380613698594,0.0,5.388599223670842e-06,0.26002203079500275,"B"
"MULE-12802","Enhancement Request","2017-06-14T11:47:21.000-0500",False,0.08747542780977337,0.0,0.0003943592574219209,0.4790876984375409,"B"
"MULE-13839","Bug","2017-10-19T16:29:05.000-0500",False,0.015189850372966877,0.0,0.9999982057448346,0.12890645733455883,"B"
"MULE-12323","Task","2017-04-27T11:03:54.000-0500",False,0.03850098411743203,0.0,0.00021538391842070232,0.27754928387708233,"B"
"MULE-11352","Task","2017-01-05T11:21:50.000-0600",False,0.017027767255336897,0.0,5.2649297224712335e-06,0.14251255439130212,"B"
"MULE-14843","Task","2018-04-03T13:05:16.000-0500",False,0.03159958377742543,0.0,6.33806659161959e-05,0.23842340342376456,"B"
"MULE-11625","Improvement","2017-02-03T12:31:08.000-0600",True,0.05412899061327474,0.0,5.627216741189715e-06,0.35444042020644045,"B"
"MULE-11729","Task","2017-02-07T12:56:13.000-0600",False,0.03630864947953312,0.0,1.2021815922443023e-06,0.2655037304162143,"B"
"MULE-15502","Bug","2018-08-03T15:22:03.000-0500",False,0.01935389356143191,0.0,6.645175996123915e-05,0.1592044932626584,"B"
"MULE-9427","New Feature","2016-03-03T08:07:24.000-0600",False,0.04355626508411759,0.0,1.1566366459504545e-06,0.3040661451176175,"B"
"MULE-8724","Improvement","2015-06-23T12:21:39.000-0500",False,0.03357252400500259,0.0,0.003593351054736373,0.24997620258727077,"B"
"MULE-11459","New Feature","2017-01-18T16:13:09.000-0600",True,0.07150533678551686,1.0,0.00013255501162630988,0.4249138301459617,"B"
"MULE-11630","New Feature","2017-02-03T14:06:12.000-0600",False,0.018756399225870624,1.0,1.973377802628868e-05,0.1549718163305119,"B"
"MULE-15054","Task","2018-05-18T10:53:18.000-0500",False,0.03526289355773955,1.0,4.7045319917448945e-06,0.2596352233710067,"B"
"MULE-15843","Task","2018-10-12T11:40:27.000-0500",False,0.11769248662904584,1.0,0.0024515992510129947,0.5613625113330067,"B"
"MULE-11937","Bug","2017-03-07T13:12:00.000-0600",False,0.03492465265213282,0.0,2.1999483856345988e-05,0.2577197395748631,"B"
"MULE-14710","Task","2018-03-13T15:58:50.000-0500",False,0.02408935143794376,0.0,5.2157697739384217e-05,0.1914768979643927,"B"
"MULE-11326","Improvement","2017-01-03T07:40:31.000-0600",False,0.11720270309403732,0.0,0.00015617936902640557,0.560198668345124,"B"
"MULE-14585","Bug","2018-02-01T23:50:46.000-0600",False,0.06115777042833567,0.0,9.322277397224423e-06,0.3846087954720033,"B"
"MULE-7342","Bug","2014-02-18T08:40:29.000-0600",False,0.05651230467578042,0.0,0.00019487323532237403,0.3649447859625286,"B"
"MULE-13548","Enhancement Request","2017-09-14T14:53:46.000-0500",True,0.07640189914942844,0.0,3.2739123807153636e-05,0.4424781980165114,"B"
"MULE-14349","Task","2017-12-29T20:50:15.000-0600",False,0.02530474360029093,0.0,2.2070927909785478e-05,0.19941191704868466,"B"
"MULE-8188","Bug","2014-12-30T08:58:26.000-0600",False,0.026190411932741648,0.0,2.5503773205997494e-06,0.20510901660002387,"B"
"MULE-10131","Task","2016-07-21T10:27:31.000-0500",False,0.028563761482335075,1.0,1.4045155723474834e-06,0.22003236947878418,"B"
"MULE-9060","Task","2015-11-16T07:28:28.000-0600",False,0.025134592682457966,0.0,0.2220172044717856,0.19830924674638917,"B"
"MULE-7109","Improvement","2013-11-05T19:45:14.000-0600",False,0.017693571686020027,0.0,3.8921406431889054e-07,0.1473494441963951,"B"
"MULE-10538","Improvement","2016-09-13T13:39:00.000-0500",False,0.05300498291790164,0.0,0.001860129615946783,0.34938380654803064,"B"
"MULE-11451","Task","2017-01-18T08:51:36.000-0600",False,0.03663135451347415,1.0,1.0802538751021273e-06,0.26729846761625237,"B"
"MULE-15540","Task","2018-08-13T13:16:16.000-0500",True,0.024943442460646212,0.0,6.304046286908999e-05,0.1970673221013185,"B"
"MULE-14284","Task","2017-12-19T05:56:36.000-0600",False,0.05822368460109724,0.0,3.369345588537092e-05,0.3723107149630184,"B"
"MULE-10957","Bug","2016-11-14T09:00:21.000-0600",False,0.044554479791170956,0.0,0.00024893320672966367,0.3091051805012653,"B"
"MULE-13299","Bug","2017-08-10T16:01:26.000-0500",False,0.07400362285688783,0.0,0.00236625358145755,0.4339882883960767,"B"
"MULE-14528","Bug","2018-01-23T04:52:13.000-0600",False,0.025154357734200758,0.0,4.422401587776564e-06,0.19843747113027518,"B"
"MULE-15716","Bug","2018-09-18T14:24:27.000-0500",False,0.03855957116570697,0.0,1.1365705481446437e-06,0.2778665071242786,"B"
"MULE-11232","Task","2016-12-17T22:16:07.000-0600",False,0.028969399448606232,1.0,0.00020370800086897165,0.22253420152505105,"B"
"MULE-6954","Patch submission","2013-07-16T13:59:17.000-0500",False,0.0802873204293125,0.0,3.5389679994524244e-06,0.45579309201946877,"B"
"MULE-11012","Bug","2016-11-18T09:07:04.000-0600",False,0.02489692244016383,0.0,1.2673307531443863e-06,0.19676456770902379,"B"
"MULE-11047","Task","2016-11-22T13:47:40.000-0600",True,0.01789362783178843,1.0,0.003850004510158809,0.1487934247032947,"B"
"MULE-14061","Task","2017-11-14T10:53:42.000-0600",False,0.047865355192545506,1.0,0.00017000156554077776,0.3253800880927973,"B"
"MULE-14071","Bug","2017-11-14T13:31:58.000-0600",False,0.02483902170903902,0.0,0.00028094779158988113,0.19638746846375532,"B"
"MULE-10935","Task","2016-11-10T07:22:19.000-0600",True,0.0196740719006863,0.0,3.5153544127245707e-06,0.16145735006405756,"B"
"MULE-13755","Bug","2017-10-10T16:35:39.000-0500",False,0.012676773284215908,0.0,0.000913024007039023,0.10967481865483443,"B"
"MULE-10551","Task","2016-09-14T15:08:47.000-0500",False,0.21210840655870097,0.0,0.00016251381705295725,0.7208931082397658,"B"
"MULE-14905","Bug","2018-04-17T09:59:21.000-0500",False,0.033848103996363774,0.0,2.0027190433768035e-05,0.2515657394525058,"B"
"MULE-14511","Bug","2018-01-18T16:00:48.000-0600",False,0.12918848223399743,0.0,0.0035826053539829033,0.5873463202773019,"B"
"MULE-11226","Improvement","2016-12-16T13:33:08.000-0600",False,0.022549733289876122,0.0,4.8888218087086346e-06,0.18122571889158162,"B"
"MULE-11805","Task","2017-02-10T16:44:56.000-0600",True,0.02620959885000922,0.0,0.004029953294184802,0.20523165393336368,"B"
"MULE-16475","Task","2019-02-13T19:02:07.000-0600",False,0.09736568985980108,1.0,0.000605554849068391,0.5085780183954527,"B"
"MULE-14308","Bug","2017-12-22T12:29:40.000-0600",False,0.012755039550956153,0.0,7.219228344777447e-06,0.11028505599732868,"B"
"MULE-11244","Improvement","2016-12-21T11:50:59.000-0600",False,0.05198746479482774,0.0,0.0191047587370995,0.34474803013080546,"B"
"MULE-13554","Bug","2017-09-15T11:59:48.000-0500",False,0.08053520880364941,0.0,2.5165253357786316e-05,0.4566247441196044,"B"
"MULE-10808","Task","2016-10-20T09:05:08.000-0500",True,0.019955684295822396,0.0,2.1953701592949365e-06,0.16343009916091777,"B"
"MULE-10872","Task","2016-11-01T09:00:58.000-0500",False,0.03095891493396567,0.0,3.5243081889931394e-05,0.23460532918441881,"B"
"MULE-15655","Bug","2018-09-05T12:30:17.000-0500",True,0.055475872893775875,0.0,1.0,0.36041255808166,"B"
"MULE-14811","Bug","2018-03-27T07:07:49.000-0500",False,0.04208555761744145,0.0,0.00047610192639941745,0.29652625695135937,"B"
"MULE-12626","Task","2017-05-29T09:40:17.000-0500",False,0.02657741868021762,0.0,2.4929948753494763e-06,0.20757628846185464,"B"
"MULE-12003","Story","2017-03-17T19:00:23.000-0500",False,0.018610929835164387,1.0,7.733667145014077e-06,0.15393563189795414,"B"
"MULE-13244","Task","2017-08-02T15:09:03.000-0500",False,0.06510670941940891,0.0,1.1611499527178903e-05,0.40053276720030395,"B"
"MULE-16046","Task","2018-11-13T19:11:06.000-0600",False,0.037052404660439416,0.0,3.725613569662854e-06,0.26962880230428515,"B"
"MULE-12026","Task","2017-03-22T08:45:44.000-0500",False,0.05056442007974057,0.0,1.0423967596976902e-05,0.3381698961388711,"B"
"MULE-11394","Task","2017-01-12T07:28:53.000-0600",True,0.14059199664306066,1.0,0.01019830610626325,0.610824033362688,"B"
"MULE-13927","Enhancement Request","2017-11-01T05:24:30.000-0500",False,0.017735186291500834,0.0,0.9968832191194951,0.14765016818047533,"B"
"MULE-14608","Bug","2018-02-16T14:01:25.000-0600",False,0.028548569743156685,0.0,0.015694610052892785,0.21993840007298898,"B"
"MULE-10855","Task","2016-10-28T12:52:50.000-0500",False,0.0789129084842223,0.0,0.0017101857073672248,0.45114370552988,"B"
"MULE-10646","Task","2016-09-27T14:39:09.000-0500",False,0.033414447699153915,0.0,0.6033131672594126,0.24906178333942813,"B"
"MULE-16564","Task","2019-03-14T19:58:21.000-0500",False,0.021918242582666374,0.0,3.3275098496818384e-07,0.17695507095713928,"B"
"MULE-11777","New Feature","2017-02-09T08:01:22.000-0600",True,0.11402445442139464,1.0,0.0001290194050193362,0.5525261444533215,"B"
"MULE-15019","Task","2018-05-11T15:47:24.000-0500",False,0.021021512354362556,0.0,4.183113002724475e-07,0.17082319885995625,"B"
"MULE-15401","Bug","2018-07-18T13:56:44.000-0500",False,0.008714273269679934,0.0,2.9926165015562105e-06,0.07778129130306911,"B"
"MULE-13639","Task","2017-09-28T04:46:43.000-0500",False,0.04179116551157697,0.0,8.670052775914766e-07,0.2950001496009048,"B"
"MULE-7757","Task","2014-07-17T10:50:16.000-0500",False,0.040392246262427677,1.0,2.099401374844662e-05,0.2876699139208146,"B"
"MULE-10806","Task","2016-10-20T08:31:28.000-0500",False,0.018248672712085197,0.0,5.7493715486522676e-05,0.1513455265505516,"B"
"MULE-8044","Bug","2014-11-14T11:23:01.000-0600",False,0.03487943651871626,0.0,5.490135807683328e-05,0.2574630279570932,"B"
"MULE-12591","Bug","2017-05-24T16:51:27.000-0500",False,0.03998006542212694,0.0,9.150006831226594e-06,0.28548509584985765,"B"
"MULE-16400","Bug","2019-01-30T20:36:05.000-0600",False,0.10368643099272581,1.0,7.777232548722802e-05,0.5260364263817097,"B"
"MULE-16548","Task","2019-03-11T12:47:53.000-0500",False,0.03131443344174655,0.0,4.672301651339045e-06,0.2367281375017764,"B"
"MULE-10220","Improvement","2016-08-08T10:42:32.000-0500",False,0.020204219656155417,0.0,0.005858369003420225,0.16516437835183148,"B"
"MULE-6899","New Feature","2013-06-25T10:58:12.000-0500",False,0.016893595929533493,0.0,6.296646489623436e-07,0.14153198411531673,"B"
"MULE-14215","Task","2017-12-13T13:49:06.000-0600",False,0.06341142369909898,0.0,1.395263363541207e-06,0.3937822821805506,"B"
"MULE-10296","Task","2016-08-18T10:30:05.000-0500",False,0.019180980914480863,1.0,7.734510598921868e-07,0.15798340937270572,"B"
"MULE-9877","Task","2016-06-09T13:31:36.000-0500",False,0.02580031468761207,0.0,4.073657803920288e-06,0.20260844696980918,"B"
"MULE-16077","Task","2018-11-20T11:50:27.000-0600",True,0.013072559412554334,0.0,2.2983681116734513e-06,0.11275316870283714,"B"
"MULE-14337","Task","2017-12-28T12:48:28.000-0600",False,0.020449336123970426,0.0,0.0002612616982990038,0.16686862865570976,"B"
"MULE-13329","Bug","2017-08-16T11:48:57.000-0500",False,0.014320740014067412,0.0,0.0006101627964241777,0.12233915197467934,"B"
"MULE-7524","Bug","2014-04-21T08:32:33.000-0500",False,0.053808341061566844,0.0,0.00031595130460233605,0.35300471275863904,"B"
"MULE-15831","Task","2018-10-10T12:58:39.000-0500",False,0.13978951200712203,0.0,1.4784361335662688e-05,0.6092402442977433,"B"
"MULE-9619","Bug","2016-04-27T17:42:03.000-0500",False,0.022829796138879747,0.0,0.013437489802952349,0.18310732498153517,"B"
"MULE-10814","Task","2016-10-20T14:26:38.000-0500",True,0.11144699581604409,0.0,0.00010886372431189912,0.5461467621760492,"B"
"MULE-6889","Bug","2013-06-19T15:56:49.000-0500",False,0.01879694988685297,0.0,0.595004676261399,0.1552602627998595,"B"
"MULE-10771","Task","2016-10-13T15:00:07.000-0500",False,0.012596274744140257,0.0,7.504185101890924e-08,0.10904640367420605,"B"
"MULE-6649","Story","2013-02-14T14:11:49.000-0600",True,0.1219412714357025,1.0,0.22099821695619964,0.5712578802331799,"B"
"MULE-8370","Bug","2015-03-09T15:49:06.000-0500",False,0.015387804214823778,0.0,0.9995667498018941,0.13039015137045287,"B"
"MULE-14822","Bug","2018-03-28T13:07:19.000-0500",False,0.030397324634623517,0.0,0.027145777392144337,0.23123110653157658,"B"
"MULE-14250","Task","2017-12-13T14:34:04.000-0600",False,0.02956307653843991,0.0,4.610437128276647e-07,0.22617071677481154,"B"
"MULE-16083","Task","2018-11-21T07:18:15.000-0600",False,0.03795234684750404,0.0,3.430136297389186e-06,0.2745669632486311,"B"
"MULE-11689","Task","2017-02-07T09:09:20.000-0600",False,0.04603451577532499,0.0,1.3488107417506986e-06,0.3164624538910181,"B"
"MULE-12608","Task","2017-05-26T13:32:13.000-0500",False,0.017753327896092675,0.0,2.6005488719334446e-06,0.14778120834463584,"B"
"MULE-13839","Bug","2017-10-19T16:29:05.000-0500",False,0.015189850372966877,0.0,0.9999982057448346,0.12890645733455883,"B"
"MULE-11237","Improvement","2016-12-19T15:51:38.000-0600",False,0.05428378376463783,0.0,0.11588224527940884,0.35513157501373777,"B"
"MULE-10265","Task","2016-08-17T13:28:27.000-0500",False,0.0306401957779434,1.0,4.0848928325233836e-05,0.2326935216591404,"B"
"MULE-7650","Bug","2014-06-04T10:51:14.000-0500",False,0.02353853633556135,0.0,1.2226680338365229e-05,0.18783534954160705,"B"
"MULE-12894","Task","2017-06-21T15:49:03.000-0500",False,0.05859156412553381,0.0,7.346484211095315e-05,0.3738752821915482,"B"
"MULE-13411","Bug","2017-08-29T15:35:24.000-0500",False,0.04723164716942351,0.0,3.1017434244391255e-06,0.3223160173371207,"B"
"MULE-11686","Task","2017-02-07T09:00:41.000-0600",True,0.06008398658809969,0.0,0.004050416443721334,0.38015553487562886,"B"
"MULE-14797","Task","2018-03-23T17:40:49.000-0500",True,0.12694113385368602,1.0,0.10109101320487211,0.582459846448989,"B"
"MULE-12810","Task","2017-06-14T20:31:04.000-0500",False,0.015764269528467437,0.0,3.86936609091244e-07,0.13319954832458236,"B"
"MULE-14806","Enhancement Request","2018-03-26T12:16:44.000-0500",False,0.019440627565333525,0.0,2.693257472990754e-06,0.15981582503797326,"B"
"MULE-11255","New Feature","2016-12-22T07:58:01.000-0600",False,0.010226696419854754,0.0,8.175615611743725e-06,0.09019015986440508,"B"
"MULE-7757","Task","2014-07-17T10:50:16.000-0500",False,0.040392246262427677,1.0,2.099401374844662e-05,0.2876699139208146,"B"
"MULE-7811","Bug","2014-08-14T11:11:17.000-0500",False,0.05066474881761628,1.0,9.364396630054896e-05,0.3386373463087199,"B"
"MULE-15401","Bug","2018-07-18T13:56:44.000-0500",False,0.008714273269679934,0.0,2.9926165015562105e-06,0.07778129130306911,"B"
"MULE-13803","Bug","2017-10-17T09:10:39.000-0500",False,0.10079163728469641,1.0,6.722973772480449e-06,0.5181669145336647,"B"
"MULE-9464","Bug","2016-03-11T13:24:51.000-0600",False,0.023744728220970315,0.0,5.300420179518497e-06,0.18920187832838106,"B"
"MULE-11108","Bug","2016-11-29T18:03:38.000-0600",False,0.02199789687729601,0.0,8.049437854769309e-07,0.17749590591987424,"B"
"MULE-16126","Task","2018-11-28T11:55:40.000-0600",False,0.019244710150690948,0.0,0.15890599263004687,0.15843381830852843,"B"
"MULE-8656","Bug","2015-05-28T15:37:20.000-0500",False,0.01577597228553993,0.0,3.296386747271864e-07,0.13328662435577598,"B"
"MULE-12850","Bug","2017-06-18T08:43:32.000-0500",False,0.04725649074547777,0.0,1.3734900906511834e-05,0.3224365866690669,"B"
"MULE-13878","Bug","2017-10-25T10:24:00.000-0500",False,0.03285371831192443,0.0,0.8622381068547135,0.24580252314522283,"B"
"MULE-10248","Task","2016-08-16T08:55:42.000-0500",False,0.042187098829680816,1.0,3.5037576267313616e-05,0.2970513247056694,"B"
"MULE-13492","Task","2017-09-08T12:51:21.000-0500",False,0.01716031981705663,0.0,2.961274802344072e-07,0.14347935896403954,"B"
"MULE-7777","Task","2014-07-23T14:23:35.000-0500",False,0.040842835721256424,0.0,9.385297779096924e-06,0.29004521344623907,"B"
"MULE-9171","Bug","2015-12-02T10:18:34.000-0600",False,0.018439882597553574,0.0,7.382617503616314e-05,0.15271439455375935,"B"
"MULE-16005","Task","2018-11-06T15:40:13.000-0600",False,0.030725397820312562,0.0,8.246002701980022e-07,0.2332054096831021,"B"
"MULE-9250","Bug","2016-01-04T08:26:58.000-0600",False,0.014160197301217446,0.0,3.0804304971550665e-06,0.121116464162708,"B"
"MULE-10970","Task","2016-11-15T06:45:33.000-0600",False,0.0630322603575251,1.0,0.021819938328682578,0.3922550265069784,"B"
"MULE-7688","New Feature","2014-06-19T09:50:39.000-0500",False,0.022961042901447105,0.0,9.06018184752375e-05,0.18398650486981674,"B"
"MULE-11491","Bug","2017-01-20T17:35:59.000-0600",False,0.0696289820378837,1.0,5.922081498167856e-05,0.41793808880746586,"B"
"MULE-9494","Task","2016-03-17T11:15:54.000-0500",False,0.04349292590372817,0.0,4.6647809897300655e-06,0.3037442825559443,"B"
"MULE-9958","Task","2016-06-22T13:33:19.000-0500",False,0.02273536243046992,1.0,6.1431588281200695e-06,0.1824737175405204,"B"
"MULE-9473","Task","2016-03-14T07:15:49.000-0500",True,0.05490320631020088,0.0,0.00012273374931470217,0.35788480721373667,"B"
"MULE-10545","Task","2016-09-14T14:58:37.000-0500",False,0.07444736456125166,0.0,0.00021042100123004555,0.4355752273498573,"B"
"MULE-14215","Task","2017-12-13T13:49:06.000-0600",False,0.06341142369909898,0.0,1.395263363541207e-06,0.3937822821805506,"B"
"MULE-16343","Bug","2019-01-16T14:19:41.000-0600",False,0.038425367090491165,0.0,1.8417466203359163e-06,0.2771394957444542,"B"
"MULE-12999","Task","2017-07-05T09:28:08.000-0500",False,0.02675451225255134,1.0,1.9892799711088544e-06,0.2087008572852085,"B"
"MULE-16174","Task","2018-12-05T09:05:17.000-0600",False,0.03868021868896495,0.0,0.0005345232270250309,0.2785190054980782,"B"
"MULE-9427","New Feature","2016-03-03T08:07:24.000-0600",False,0.04355626508411759,0.0,1.1566366459504545e-06,0.3040661451176175,"B"
"MULE-12846","Bug","2017-06-16T20:06:15.000-0500",False,0.01712787550533611,0.0,4.4261263845183925e-07,0.14324289590062048,"B"
"MULE-11318","Improvement","2017-01-02T09:35:15.000-0600",False,0.024699617106212296,1.0,3.9466357911621945e-06,0.19547827610079882,"B"
"MULE-12574","Improvement","2017-05-24T09:38:32.000-0500",True,0.19143261927944427,0.0,0.021028659974255213,0.6943278057704447,"B"
"MULE-16141","Bug","2018-12-04T08:40:38.000-0600",False,0.039855816055833854,0.0,7.322589052138884e-05,0.2848242343431034,"B"
"MULE-10677","Bug","2016-09-30T14:16:11.000-0500",False,0.022642127383010455,0.0,4.377318533845163e-06,0.18184730797259135,"B"
"MULE-12360","Bug","2017-05-02T08:28:09.000-0500",False,0.05624952827310031,0.0,0.00040656422708797277,0.36380083760663934,"B"
"MULE-7307","Bug","2014-02-07T15:32:35.000-0600",False,0.016330742599293072,1.0,1.3464904207426519e-05,0.13739684928942353,"B"
"MULE-8129","Bug","2014-12-04T09:07:55.000-0600",False,0.02237556323755832,0.0,1.0030939660750628e-05,0.18005172371535164,"B"
"MULE-13636","Bug","2017-09-27T16:19:59.000-0500",False,0.06269400672452094,1.0,4.0501056852061235e-06,0.3908870944941961,"B"
"MULE-7482","New Feature","2014-03-31T15:17:33.000-0500",False,0.09950730216889857,1.0,9.07980998936934e-05,0.5146078481293915,"B"
"MULE-9963","Improvement","2016-06-23T09:52:34.000-0500",False,0.014582933098075271,0.0,0.9679165290104397,0.12432955877857355,"B"
"MULE-13422","Bug","2017-08-30T14:24:57.000-0500",False,0.019195132277243395,0.0,0.0005525378038914205,0.15808346127748135,"B"
"MULE-7411","Bug","2014-03-05T10:39:23.000-0600",False,0.018382658217505062,0.0,4.884231081957354e-07,0.1523051336582523,"B"
"MULE-11814","New Feature","2017-02-11T11:20:08.000-0600",True,0.045315649223500204,1.0,2.254382141079539e-05,0.31290578548679604,"B"
"MULE-11162","Improvement","2016-12-07T14:16:18.000-0600",False,0.04636760743996543,0.0,0.47965960635869054,0.31809980642462227,"B"
"MULE-12367","Improvement","2017-05-02T12:42:23.000-0500",False,0.06448769261006104,0.0,1.768422758792155e-05,0.3980825636420305,"B"
"MULE-15037","Bug","2018-05-17T08:20:05.000-0500",False,0.02546939470386121,1.0,3.655519904401767e-06,0.20047642670088126,"B"
"MULE-7384","Bug","2014-02-26T10:00:20.000-0600",False,0.035331380613698594,0.0,5.388599223670842e-06,0.26002203079500275,"B"
"MULE-15540","Task","2018-08-13T13:16:16.000-0500",True,0.024943442460646212,0.0,6.304046286908999e-05,0.1970673221013185,"B"
"MULE-14062","Bug","2017-11-14T12:13:35.000-0600",False,0.015100542066472584,0.0,0.22617577215764895,0.12823561531889552,"B"
"MULE-16564","Task","2019-03-14T19:58:21.000-0500",False,0.021918242582666374,0.0,3.3275098496818384e-07,0.17695507095713928,"B"
"MULE-9986","Task","2016-06-27T03:50:16.000-0500",False,0.05981181526861413,1.0,1.0490441474166974e-06,0.3790181457888726,"B"
"MULE-11493","Task","2017-01-23T09:23:50.000-0600",False,0.013475224918776948,0.0,9.36188103657175e-05,0.11586576481400443,"B"
"MULE-10130","Task","2016-07-21T10:25:49.000-0500",False,0.026514396797689542,1.0,1.639845842732733e-06,0.2071754181534412,"B"
"MULE-11173","Task","2016-12-12T06:09:27.000-0600",False,0.020964939039876396,0.0,3.768185057198334e-05,0.17043366304668173,"B"
"MULE-14328","Bug","2017-12-27T13:24:17.000-0600",False,0.010931344505183575,0.0,0.00011780975161855733,0.09587083701475708,"B"
"MULE-12657","Task","2017-05-31T10:30:56.000-0500",False,0.024574480733271925,0.0,6.6183010339302595e-06,0.19466060872341873,"B"
"MULE-7326","Bug","2014-02-14T16:30:08.000-0600",False,0.02060126005374197,0.0,0.9996036963379707,0.16792186597147135,"B"
"MULE-12768","Task","2017-06-12T15:05:53.000-0500",False,0.013784144812692405,0.0,0.9703614675687681,0.11824065251756673,"B"
"MULE-7261","New Feature","2014-01-29T11:20:43.000-0600",False,0.013480024486968235,0.0,1.841542793710277e-07,0.11590274894621883,"B"
"MULE-14044","Enhancement Request","2017-11-13T09:00:42.000-0600",False,0.018185239943794233,1.0,2.3957778541301758e-06,0.15089055306566,"B"
"MULE-13584","Task","2017-09-20T14:14:56.000-0500",False,0.05963079953805991,1.0,3.6182046449693685e-06,0.3782597429871796,"B"
"MULE-13953","Bug","2017-11-03T11:43:04.000-0500",False,0.043806880099989225,0.0,0.1269066280243581,0.3053371668414686,"B"
"MULE-11290","Task","2016-12-27T12:12:37.000-0600",False,0.031732432633657916,0.0,0.0010436423811756809,0.23921098253696413,"B"
"MULE-16282","Bug","2019-01-02T09:39:58.000-0600",False,0.12420479902512972,0.0,1.6061470196747844e-05,0.5763868967966553,"B"
"MULE-14585","Bug","2018-02-01T23:50:46.000-0600",False,0.06115777042833567,0.0,9.322277397224423e-06,0.3846087954720033,"B"
"MULE-14363","Task","2018-01-03T20:14:58.000-0600",False,0.04715319004853708,0.0,0.0007936032793822975,0.321935013457191,"B"
"MULE-15741","Enhancement Request","2018-09-24T19:50:42.000-0500",False,0.0642307649988339,0.0,1.078468617289591e-05,0.3970606552673125,"B"
"MULE-10833","Bug","2016-10-25T15:03:16.000-0500",False,0.03695365918987705,0.0,0.003016888935926801,0.2690834367728281,"B"
"MULE-10330","Improvement","2016-08-20T20:11:50.000-0500",False,0.026748494396314635,0.0,6.71112819506838e-06,0.2086626887439422,"B"
"MULE-10894","Bug","2016-11-04T15:44:53.000-0500",False,0.03100871838199462,1.0,1.5934838268864557e-05,0.23490332351344165,"B"
"MULE-16047","Task","2018-11-13T20:50:54.000-0600",False,0.05583932055736513,0.0,1.680880308189452e-05,0.3620080951935461,"B"
"MULE-15077","Task","2018-05-24T09:02:37.000-0500",False,0.10487779679789774,0.0,0.00013170199054280085,0.5292153419660731,"B"
"MULE-12165","Bug","2017-04-06T09:02:23.000-0500",False,0.040006321868662646,0.0,0.0017844824565850601,0.28562461505653397,"B"
"MULE-11324","Bug","2017-01-02T14:06:35.000-0600",False,0.09066037422633826,0.0,0.22889130000719662,0.48889202161760653,"B"
"MULE-12635","Bug","2017-05-29T15:01:50.000-0500",False,0.032907180321481495,0.0,0.0011690909755887506,0.24611432910831543,"B"
"MULE-16320","Bug","2019-01-11T14:08:37.000-0600",False,0.03230217195258267,0.0,9.523298330982048e-06,0.2425726531307576,"B"
"MULE-13541","Task","2017-09-14T11:03:18.000-0500",True,0.06703791241077194,1.0,0.0010128229786769785,0.40807059392925943,"B"
"MULE-13752","Enhancement Request","2017-10-10T12:22:51.000-0500",False,0.03808806584781723,1.0,2.065134612167576e-06,0.2753066864446142,"B"
"MULE-10140","New Feature","2016-07-21T12:43:50.000-0500",False,0.04692793577571293,0.0,0.00024842163092587505,0.3208390978600618,"B"
"MULE-10773","Bug","2016-10-13T16:06:42.000-0500",False,0.038929562984097305,0.0,1.26636297674654e-05,0.27986432197332944,"B"
"MULE-12771","Task","2017-06-12T16:29:57.000-0500",False,0.03119278059194633,0.0,8.112347177840435e-05,0.23600289715833367,"B"
"MULE-14836","Bug","2018-04-03T08:40:38.000-0500",False,0.018131866527888625,0.0,0.00014452922794599973,0.15050739810819505,"B"
"MULE-16079","Task","2018-11-15T16:14:24.000-0600",False,0.029436471629543746,1.0,1.4375026745811764e-06,0.22539769431986498,"B"
"MULE-9187","Story","2015-12-11T07:32:33.000-0600",False,0.015234399969035677,0.0,5.128960622464762e-07,0.12924075256000397,"B"
"MULE-9602","Bug","2016-04-20T07:50:30.000-0500",False,0.09774863979465162,0.0,0.00028470888377324995,0.5096650918915172,"B"
"MULE-13388","Task","2017-08-25T13:15:39.000-0500",True,0.024644968966062466,0.0,4.362802188997502e-05,0.1951213721686656,"B"
"MULE-14173","Enhancement Request","2017-12-05T13:54:41.000-0600",False,0.05639373271805871,0.0,0.0018495200535447516,0.36442903580848374,"B"
"MULE-14714","Task","2018-03-14T06:39:57.000-0500",False,0.01584994335890981,1.0,2.2882011108166985e-06,0.13383665999685335,"B"
"MULE-16144","Task","2018-12-04T11:57:00.000-0600",False,0.01265593973866999,0.0,0.0020171527423552492,0.10951225598743188,"B"
"MULE-11653","New Feature","2017-02-06T14:28:23.000-0600",True,0.025507579746246782,1.0,4.2909281003251394e-05,0.20072294936021381,"B"
"MULE-10223","Task","2016-08-08T15:46:12.000-0500",False,0.06251633208632609,0.0,4.390994178679755e-06,0.39016648775129315,"B"
"MULE-9561","Improvement","2016-04-08T14:37:01.000-0500",False,0.07139715098357767,0.0,5.249770617209894e-06,0.4245154145205532,"B"
"MULE-7864","New Feature","2014-09-11T09:45:54.000-0500",False,0.009504411953130372,0.0,1.2278626612257316e-06,0.08430128771272284,"B"
"MULE-14873","Bug","2018-04-11T05:55:59.000-0500",False,0.04521545380767473,1.0,0.0007328067066982303,0.31240754506316165,"B"
"MULE-8412","Improvement","2015-03-19T09:14:31.000-0500",False,0.022024652253788756,0.0,0.3606217093114866,0.1776774292909351,"B"
"MULE-12960","Bug","2017-06-28T09:12:07.000-0500",False,0.08397635851984211,0.0,0.06849613528688704,0.4679570229923161,"B"
"MULE-10267","Task","2016-08-17T13:43:36.000-0500",False,0.08466778469734967,0.0,0.008995727388440625,0.4701871954678783,"B"
"MULE-11823","Bug","2017-02-12T13:58:07.000-0600",False,0.03285751641706521,0.0,0.00017431912821209308,0.2458246821700636,"B"
"MULE-10678","Improvement","2016-09-30T14:33:59.000-0500",False,0.03463593928510565,0.0,2.0574674951426177e-05,0.2560779451079091,"B"
"MULE-15532","Bug","2018-08-10T12:11:53.000-0500",False,0.042511036697303405,0.0,1.6648408615832628e-05,0.2987219153411407,"B"
"MULE-10625","Bug","2016-09-23T12:23:18.000-0500",False,0.03361622458592121,1.0,0.0002779889218314024,0.2502286559101337,"B"
"MULE-9472","Task","2016-03-14T07:13:32.000-0500",True,0.13804581004453187,1.0,0.000701349337031937,0.6057644194487091,"B"
"MULE-7459","Bug","2014-03-25T08:56:23.000-0500",False,0.05865269505388359,0.0,1.9864701268518613e-06,0.37413463066212277,"B"
"MULE-15631","Task","2018-08-30T14:43:21.000-0500",False,0.0539628654975717,0.0,1.1312962977219502e-05,0.353697270318084,"B"
"MULE-16545","Bug","2019-03-08T07:55:43.000-0600",False,0.042119927248168515,0.0,2.033489418944531e-05,0.2967040570139104,"B"
"MULE-10790","Task","2016-10-17T13:15:24.000-0500",False,0.03260985021339549,0.0,5.3124856740718825e-06,0.2443773747379629,"B"
"MULE-14629","Bug","2018-02-22T08:57:46.000-0600",False,0.02131769965978706,1.0,2.3548330243482617e-06,0.17285737240904953,"B"
"MULE-14285","Bug","2017-12-19T09:58:23.000-0600",False,0.038841334569341794,0.0,0.06346433471063326,0.27938878705309095,"B"
"MULE-16176","Task","2018-12-05T09:36:40.000-0600",False,0.02710036376393885,0.0,1.050063194314071e-06,0.21088905670279814,"B"
"MULE-10929","Task","2016-11-10T05:05:26.000-0600",False,0.022063059291391584,0.0,0.0029529968196284886,0.17793788135109906,"B"
"MULE-8199","Task","2014-12-22T21:41:11.000-0600",False,0.020427297698985273,0.0,6.854427670710164e-07,0.16671564938414332,"B"
"MULE-12970","Bug","2017-06-29T14:32:43.000-0500",False,0.0316277201316116,0.0,0.9999999601335227,0.2385903245803927,"B"
"MULE-11062","Improvement","2016-11-24T08:13:11.000-0600",False,0.0761403248850366,0.0,6.913618730014982e-05,0.44156250205967346,"B"
"MULE-14638","Task","2018-02-26T12:28:35.000-0600",False,0.041840279338786014,1.0,6.398110059568333e-06,0.29525514687258086,"B"
"MULE-10955","Bug","2016-11-14T06:37:13.000-0600",False,0.05662056476079306,0.0,0.0002741758418961744,0.3654150652600107,"B"
"MULE-10920","Task","2016-11-09T13:31:08.000-0600",False,0.05380786318090389,0.0,0.001280811417796917,0.35300256901139027,"B"
"MULE-14230","Task","2017-12-13T14:05:22.000-0600",False,0.03603681999611668,0.0,6.708629146547918e-07,0.26398604172937623,"B"
"MULE-12094","Improvement","2017-03-30T10:31:04.000-0500",False,0.05775170218209774,0.0,0.06566253056394987,0.37029372223353596,"B"
"MULE-15124","Task","2018-06-06T09:43:53.000-0500",False,0.043352160856773195,1.0,1.0285269616141232e-05,0.3030280607903352,"B"
"MULE-14076","Bug","2017-11-14T15:53:35.000-0600",False,0.022531549192237373,0.0,0.0026029291145184454,0.18110328643724363,"B"
"MULE-7947","Task","2014-10-07T09:45:37.000-0500",False,0.03722082723248705,0.0,0.00041735801787677894,0.2705573722689267,"B"
"MULE-12164","Bug","2017-04-05T16:56:29.000-0500",False,0.03222965939945026,0.0,7.195828585996476e-06,0.24214623426051957,"B"
"MULE-10629","Bug","2016-09-26T09:02:14.000-0500",False,0.028527314325865277,0.0,0.00856529588486735,0.21980689035155487,"B"
"MULE-10749","Task","2016-10-12T15:49:20.000-0500",True,0.05905742545963829,1.0,2.758001831076837e-05,0.3758471426206525,"B"
"MULE-9905","Bug","2016-06-13T13:29:18.000-0500",False,0.03819169007290862,0.0,0.0011114820434137522,0.27587060552329495,"B"
"MULE-10203","Task","2016-08-05T09:26:30.000-0500",True,0.1535314568028304,1.0,0.00041296285334254485,0.6350611499192321,"B"
"MULE-13341","Task","2017-08-17T10:35:04.000-0500",True,0.032437757200961786,1.0,0.008799719066275769,0.24336886354052684,"B"
"MULE-10057","Improvement","2016-07-07T17:18:52.000-0500",False,0.01648721619796856,1.0,4.466077094636414e-06,0.13854993611260244,"B"
"MULE-13475","Bug","2017-09-06T07:41:40.000-0500",False,0.045078223354845785,0.0,1.0137791124752185e-06,0.31172413737759674,"B"
"MULE-13612","Task","2017-09-24T17:15:07.000-0500",False,0.11676412595353312,0.0,9.230780001463502e-06,0.5591523538022604,"B"
"MULE-9060","Task","2015-11-16T07:28:28.000-0600",False,0.025134592682457966,0.0,0.2220172044717856,0.19830924674638917,"B"
"MULE-10147","Task","2016-07-22T15:27:41.000-0500",False,0.06009220258662497,1.0,2.542800345570257e-06,0.3801898145262113,"B"
"MULE-11652","New Feature","2017-02-06T14:25:51.000-0600",False,0.041974868985241394,0.0,7.164518245224513e-05,0.2959531208481117,"B"
"MULE-10474","Task","2016-09-06T10:02:55.000-0500",False,0.028773584210997422,0.0,2.9915615853560698e-05,0.22132822819229545,"B"
"MULE-12107","Improvement","2017-03-31T13:48:44.000-0500",False,0.04230637110881862,0.0,0.001435587390822794,0.2976672211417166,"B"
"MULE-10201","Improvement","2016-08-05T09:12:48.000-0500",True,0.01947406075955047,0.0,0.011441375549152429,0.16005126548027787,"B"
"MULE-10995","Bug","2016-11-17T11:02:15.000-0600",False,0.048538905942810975,0.0,6.2702242673279565e-06,0.32861098579129894,"B"
"MULE-10601","Task","2016-09-01T10:02:38.000-0500",True,0.04276914172279039,0.0,8.471220284588868e-06,0.3000481285171974,"B"
"MULE-10856","Improvement","2016-10-28T13:28:34.000-0500",False,0.015835641038593133,0.0,0.03145433058413246,0.13373035851045778,"B"
"MULE-11329","Task","2017-01-03T11:36:25.000-0600",True,0.017408541813339822,0.0,6.689482771940077e-06,0.14528467326107772,"B"
"MULE-11885","Task","2017-02-24T10:44:57.000-0600",False,0.03250988806663855,0.0,9.326330636104133e-06,0.24379185359504693,"B"
"MULE-10924","Bug","2016-11-09T19:42:32.000-0600",False,0.03357694281159182,0.0,2.2207378670355652e-06,0.2500017362220034,"B"
"MULE-7843","Improvement","2014-08-28T21:35:33.000-0500",True,0.05914702010774878,0.0,0.001789910082094823,0.3762251714237553,"B"
"MULE-8650","Task","2015-05-27T15:50:14.000-0500",False,0.029517753090541395,1.0,3.1715114781906688e-06,0.22589413570667496,"B"
"MULE-15843","Task","2018-10-12T11:40:27.000-0500",False,0.11769248662904584,1.0,0.0024515992510129947,0.5613625113330067,"B"
"MULE-9713","Bug","2016-05-17T11:57:19.000-0500",True,0.02667459057177447,1.0,0.0006546278083825743,0.20819368828304421,"B"
"MULE-12935","Bug","2017-06-26T09:03:31.000-0500",False,0.03636922224599301,0.0,0.08928832089490932,0.2658411865257369,"B"
"MULE-12894","Task","2017-06-21T15:49:03.000-0500",False,0.05859156412553381,0.0,7.346484211095315e-05,0.3738752821915482,"B"
"MULE-15381","Bug","2018-07-17T13:08:09.000-0500",False,0.054108726980066996,0.0,0.0001881690950295468,0.3543498497267824,"B"
"MULE-8214","Task","2015-01-09T07:46:11.000-0600",False,0.020778363374714816,0.0,1.3496284301170743e-05,0.16914671767666867,"B"
"MULE-14922","Task","2018-04-23T09:26:47.000-0500",True,0.037835774359541566,1.0,8.0712046433037e-05,0.27393055666456506,"B"
"MULE-11759","Bug","2017-02-08T08:30:04.000-0600",True,0.019841923613445587,1.0,0.00010129806085304861,0.16263416577424844,"B"
"MULE-13016","Bug","2017-07-07T12:42:01.000-0500",False,0.024155433784433307,0.0,1.625291428819096e-06,0.19191186346688296,"B"
"MULE-7540","Task","2014-04-22T15:55:51.000-0500",False,0.018613677686609688,0.0,2.5227722419401493e-07,0.15395522565341785,"B"
"MULE-11476","Task","2017-01-19T11:21:43.000-0600",False,0.028725278887504264,1.0,1.3458754876391668e-06,0.22103022812785217,"B"
"MULE-11540","Improvement","2017-01-26T15:47:02.000-0600",False,0.09052991111640186,0.0,7.479882230110466e-05,0.4884963421698924,"B"
"MULE-10592","Task","2016-09-19T10:03:43.000-0500",False,0.0555808555459944,0.0,0.015001727339414439,0.3608741252705427,"B"
"MULE-7156","Bug","2013-11-29T14:01:40.000-0600",False,0.042597081831322436,1.0,3.311451891737119e-05,0.2991645170022385,"B"
"MULE-13278","Task","2017-08-07T10:16:01.000-0500",False,0.09061564995953665,1.0,1.7512971668105518e-05,0.48875643430550153,"B"
"MULE-15911","Task","2018-10-24T09:27:57.000-0500",False,0.01894945591661038,0.0,2.7701877421348086e-05,0.15634352654590664,"B"
"MULE-9619","Bug","2016-04-27T17:42:03.000-0500",False,0.022829796138879747,0.0,0.013437489802952349,0.18310732498153517,"B"
"MULE-12814","Bug","2017-06-15T10:07:38.000-0500",False,0.16871481227144827,0.0,0.00039685259490595214,0.6606956756532014,"B"
"MULE-14042","Enhancement Request","2017-11-13T08:55:27.000-0600",False,0.048605827695189056,0.0,0.00284891994562048,0.32893055606689725,"B"
"MULE-8834","Task","2015-08-12T10:16:23.000-0500",False,0.048028592602437435,0.0,6.389408475166774e-06,0.32616553836621,"B"
"MULE-11102","Task","2016-11-29T10:37:43.000-0600",False,0.011220593198132253,0.0,3.5829349529724776e-05,0.09818451342663823,"B"
"MULE-12123","Improvement","2017-04-03T11:16:05.000-0500",False,0.012099386402935544,1.0,7.109873167361147e-07,0.1051499903372937,"B"
"MULE-12869","Bug","2017-06-19T16:35:53.000-0500",False,0.023417299246302536,0.0,1.0,0.18702997317507447,"B"
"MULE-7162","Task","2013-12-02T15:12:31.000-0600",False,0.021965886900263763,1.0,7.445111595819238e-06,0.17727864014902084,"B"
"MULE-13334","Bug","2017-08-17T07:14:50.000-0500",False,0.03537814433209813,0.0,1.4575460284008641e-05,0.260285946567715,"B"
"MULE-11136","Task","2016-12-02T10:48:44.000-0600",True,0.05154341100625305,1.0,0.9338878203975994,0.34270732588679254,"B"
"MULE-15201","Task","2018-06-25T14:38:26.000-0500",False,0.07741432069790552,0.0,0.00017673189521092846,0.44599909137122146,"B"
"MULE-10451","Task","2016-09-01T12:10:06.000-0500",False,0.02623761007133678,1.0,1.5956047356018867e-06,0.2054106344543806,"B"
"MULE-14880","Enhancement Request","2018-04-11T12:41:49.000-0500",False,0.04344236613120007,0.0,2.6563716557098508e-05,0.3034871763420835,"B"
"MULE-15827","Task","2018-10-10T11:24:15.000-0500",True,0.05474208876876814,0.0,0.23207930160665727,0.3571705842629216,"B"
"MULE-11750","Task","2017-02-07T14:25:55.000-0600",False,0.0298481697526304,1.0,2.6546271821590555e-05,0.227906533214577,"B"
"MULE-14405","Task","2018-01-05T14:42:33.000-0600",False,0.032578409109005675,0.0,0.8372409551692545,0.2441932954405992,"B"
"MULE-14349","Task","2017-12-29T20:50:15.000-0600",False,0.02530474360029093,0.0,2.2070927909785478e-05,0.19941191704868466,"B"
"MULE-11883","Task","2017-02-24T07:42:52.000-0600",False,0.043645615854246825,0.0,4.5645286689805536e-05,0.30451975413769605,"B"
"MULE-15383","Task","2018-07-17T13:23:46.000-0500",True,0.2415940365271764,1.0,0.9999947661828202,0.7534687938234956,"B"
"MULE-7759","Story","2014-07-17T11:32:46.000-0500",False,0.046309063235216844,0.0,5.562354212375613e-05,0.3178125109905682,"B"
"MULE-13422","Bug","2017-08-30T14:24:57.000-0500",False,0.019195132277243395,0.0,0.0005525378038914205,0.15808346127748135,"B"
"MULE-7376","Bug","2014-02-25T14:42:37.000-0600",False,0.05813965571524542,0.0,2.839511477974028e-05,0.3719524201761722,"B"
"MULE-10330","Improvement","2016-08-20T20:11:50.000-0500",False,0.026748494396314635,0.0,6.71112819506838e-06,0.2086626887439422,"B"
"MULE-9460","Bug","2016-03-11T11:54:32.000-0600",False,0.02934774528165848,0.0,1.2617478778073446e-06,0.22485514962557832,"B"
"MULE-14687","Task","2018-03-09T06:12:50.000-0600",True,0.06702002439834844,1.0,0.24760467872214195,0.40800150233910415,"B"
"MULE-14197","Task","2017-12-12T09:22:36.000-0600",True,0.13165170446603466,1.0,1.6230058726290817e-05,0.5926004482034373,"B"
"MULE-11954","Improvement","2017-03-09T14:08:40.000-0600",False,0.03815944517314609,0.0,2.2545015349094986e-05,0.27569521107040734,"B"
"MULE-7299","Task","2014-02-07T09:16:54.000-0600",False,0.0290945465680564,0.0,5.2494456445274585e-05,0.22330324816981134,"B"
"MULE-14960","Task","2018-05-03T05:52:43.000-0500",True,0.1523485852334333,1.0,0.9999971183721096,0.6329424343548832,"B"
"MULE-13009","Task","2017-07-06T11:54:21.000-0500",False,0.011726833342932886,0.0,9.330804454296149e-05,0.10220873724754623,"B"
"MULE-15282","Bug","2018-07-04T10:48:51.000-0500",False,0.031113621569995024,0.0,0.8057817211277667,0.2355303435700065,"B"
"MULE-10140","New Feature","2016-07-21T12:43:50.000-0500",False,0.04692793577571293,0.0,0.00024842163092587505,0.3208390978600618,"B"
"MULE-14959","Task","2018-05-03T05:46:55.000-0500",False,0.023093176798907045,0.0,0.003439380505033787,0.18486995565776215,"B"
"MULE-12444","Task","2017-05-11T08:52:20.000-0500",False,0.022116395474384043,0.0,5.2775607119176095e-05,0.17829933373195156,"B"
"MULE-14847","Bug","2018-04-04T07:46:41.000-0500",False,0.039525675121328714,0.0,2.4508069909958325e-05,0.283063151640304,"B"
"MULE-13354","Story","2017-08-18T11:57:18.000-0500",False,0.049258278512433924,0.0,8.353464305029328e-06,0.3320326599085546,"B"
"MULE-15820","Task","2018-10-10T11:03:11.000-0500",True,0.0761495737343161,0.0,0.016410055713810868,0.44159492204825646,"B"
"MULE-9770","Improvement","2016-05-27T16:00:58.000-0500",False,0.027045162666799707,0.0,1.0128863383480753e-06,0.21054050773356153,"B"
"MULE-15540","Task","2018-08-13T13:16:16.000-0500",True,0.024943442460646212,0.0,6.304046286908999e-05,0.1970673221013185,"B"
"MULE-12488","New Feature","2017-05-16T09:10:39.000-0500",False,0.12107651290964136,0.0,0.00012706027722796177,0.5692725726807962,"B"
"MULE-11688","Task","2017-02-07T09:08:05.000-0600",False,0.025720093539312722,1.0,1.1755233945401431e-06,0.2020925176481719,"B"
"MULE-13272","Enhancement Request","2017-08-04T16:52:28.000-0500",False,0.053389283902059596,1.0,0.00021312226566238957,0.3511202090455683,"B"
"MULE-15773","Task","2018-10-03T14:02:58.000-0500",False,0.08947945376786878,1.0,9.61249445823344e-05,0.48529214901629014,"B"
"MULE-11616","Bug","2017-02-03T11:22:58.000-0600",False,0.014499069009801727,0.0,0.9996812062300527,0.12369378239275483,"B"
"MULE-10369","Bug","2016-08-29T08:25:28.000-0500",False,0.027505901945283986,0.0,0.9999999999908482,0.21344149194166856,"B"
"MULE-9607","Task","2016-04-21T08:08:33.000-0500",False,0.0577344953674297,1.0,3.2227046065925453e-06,0.37021998316880206,"B"
"MULE-12579","Improvement","2017-05-24T11:34:16.000-0500",False,0.028254753637594603,0.0,8.90302013366338e-06,0.21811709962418824,"B"
"MULE-12987","Bug","2017-07-03T18:58:12.000-0500",False,0.03956614065309503,0.0,2.880994369007203e-06,0.2832794094062332,"B"
"MULE-14076","Bug","2017-11-14T15:53:35.000-0600",False,0.022531549192237373,0.0,0.0026029291145184454,0.18110328643724363,"B"
"MULE-7796","Bug","2014-08-01T18:48:50.000-0500",False,0.04946213981489856,0.0,6.025845200182921e-05,0.3329969213219131,"B"
"MULE-15741","Enhancement Request","2018-09-24T19:50:42.000-0500",False,0.0642307649988339,0.0,1.078468617289591e-05,0.3970606552673125,"B"
"MULE-16657","Bug","2019-04-04T13:57:59.000-0500",False,0.04826454598238004,0.0,0.00041564078728052734,0.3272981233687724,"B"
"MULE-12728","Task","2017-06-08T10:06:36.000-0500",False,0.04231769914936411,0.0,9.937786534361844e-06,0.29772566856465543,"B"
"MULE-14263","Bug","2017-12-15T07:12:26.000-0600",False,0.015755133014949154,0.0,0.0011949476274874897,0.13313155607082786,"B"
"MULE-16355","Task","2019-01-18T10:59:33.000-0600",False,0.07710610100083398,0.0,0.007083821358425495,0.44493109893561744,"B"
"MULE-12811","Bug","2017-06-15T04:16:17.000-0500",False,0.02597744878931102,0.0,5.239018647152915e-06,0.2037455964542916,"B"
"MULE-10527","Bug","2016-09-12T08:00:04.000-0500",False,0.014623426525152835,0.0,0.4377217936632322,0.12463624931009093,"B"
"MULE-9548","Bug","2016-04-06T09:26:40.000-0500",False,0.06642392659365041,0.0,1.9256889439095387e-05,0.4056913691062403,"B"
"MULE-11347","Task","2017-01-05T10:15:39.000-0600",False,0.05833073708112365,0.0,2.5921926256755203e-05,0.3727666818526828,"B"
"MULE-9468","Task","2016-03-14T06:58:29.000-0500",False,0.0341714918446409,0.0,4.10909254696223e-05,0.253423608403563,"B"
"MULE-13340","Task","2017-08-17T10:26:02.000-0500",True,0.00574557589644976,0.0,2.3761111497134704e-08,0.05253034372387798,"B"
"MULE-7142","Task","2013-11-21T12:38:19.000-0600",False,0.014642369404183656,0.0,0.00024940611748829836,0.12477965445426999,"B"
"MULE-10667","Task","2016-09-29T14:38:40.000-0500",False,0.03853011645221775,0.0,6.600183667402354e-05,0.2777070527277532,"B"
"MULE-14739","Bug","2018-03-09T18:36:36.000-0600",False,0.025659203697418306,0.0,2.0811709063242868e-06,0.2017005253868411,"B"
"MULE-15099","Enhancement Request","2018-06-01T13:36:44.000-0500",False,0.029941547738408535,0.0,0.00012563406649685095,0.22847360293257202,"B"
"MULE-16088","Task","2018-11-21T09:08:28.000-0600",False,0.03350615686534521,0.0,1.6208983151808118e-07,0.24959252552755626,"B"
"MULE-7435","Task","2014-03-14T12:31:12.000-0500",False,0.06484247939394296,0.0,2.6040188221382475e-05,0.3994889349398216,"B"
"MULE-10481","New Feature","2016-09-06T15:08:21.000-0500",False,0.018945671517665113,1.0,1.196241430675182e-05,0.15631667517405318,"B"
"MULE-13612","Task","2017-09-24T17:15:07.000-0500",False,0.11676412595353312,0.0,9.230780001463502e-06,0.5591523538022604,"B"
"MULE-12626","Task","2017-05-29T09:40:17.000-0500",False,0.02657741868021762,0.0,2.4929948753494763e-06,0.20757628846185464,"B"
"MULE-8447","Bug","2015-04-06T16:46:26.000-0500",False,0.06427488380623597,0.0,0.38071810712426996,0.3972363409208738,"B"
"MULE-13985","Bug","2017-11-07T12:30:02.000-0600",False,0.020223467352918707,0.0,6.116182058406135e-07,0.1652984254056752,"B"
"MULE-11331","Bug","2017-01-03T13:30:31.000-0600",False,0.07755725853932474,0.0,1.616201504346683e-05,0.4464932238609194,"B"
"MULE-8407","Task","2015-03-18T16:07:14.000-0500",False,0.021342459166811493,0.0,8.805312027677284e-07,0.17302702095191824,"B"
"MULE-11911","Bug","2017-03-03T06:36:29.000-0600",False,0.038187542624504425,0.0,0.0009689959495534797,0.27584804979525196,"B"
"MULE-11524","Task","2017-01-26T07:03:06.000-0600",False,0.07966498627317771,0.0,1.0429958716563489e-05,0.453695925541219,"B"
"MULE-13976","Task","2017-11-06T11:55:47.000-0600",False,0.014489644214027377,0.0,5.617721546219678e-06,0.12362228176807248,"B"
"MULE-14685","Task","2018-03-08T14:22:01.000-0600",False,0.11126721008176509,0.0,5.507927044365197e-06,0.5456963903556263,"B"
"MULE-8469","Bug","2015-04-12T06:59:54.000-0500",False,0.012173156439959011,0.0,7.022439820312768e-06,0.10573037182258785,"B"
"MULE-11254","New Feature","2016-12-22T07:52:47.000-0600",False,0.039279155874528585,0.0,5.613979980916721e-06,0.2817432627655338,"B"
"MULE-11574","Bug","2017-01-31T08:26:06.000-0600",False,0.05514924903126979,0.0,0.9999999999753868,0.35897290831001316,"B"
"MULE-6745","Bug","2013-03-19T14:47:01.000-0500",False,0.1046422188669449,0.0,1.0185827086195954e-05,0.52858946907434,"B"
"MULE-9752","New Feature","2016-05-26T11:03:08.000-0500",False,0.03990991982227694,0.0,2.4641834051354214e-06,0.2851121323621534,"B"
"MULE-7874","New Feature","2014-09-11T11:16:56.000-0500",False,0.017722082246654784,0.0,3.304310772749869e-05,0.14755549318401193,"B"
"MULE-12805","Bug","2017-06-14T12:34:41.000-0500",False,0.11615099196105196,0.0,1.4015672944995838e-06,0.5576829820411346,"B"
"MULE-13937","Bug","2017-11-01T15:34:25.000-0500",False,0.019971863411755435,0.0,2.3727759002388424e-05,0.1635431894160136,"B"
"MULE-12866","Bug","2017-06-19T15:29:23.000-0500",False,0.03198131882801527,1.0,4.691888483280964e-05,0.24068267858520406,"B"
"MULE-7946","Task","2014-10-07T09:30:54.000-0500",False,0.09716368640629028,0.0,0.00020868014668517238,0.5080030236853201,"B"
"MULE-12210","Bug","2017-04-12T16:47:52.000-0500",False,0.02969852163931376,0.0,0.0003342725031686766,0.22699623176822403,"B"
"MULE-11797","New Feature","2017-02-10T15:21:14.000-0600",False,0.017418964243190036,0.0,5.173641012043863e-05,0.1453603288571388,"B"
"MULE-10033","Improvement","2016-07-04T14:00:09.000-0500",False,0.09123383925570824,0.0,2.0330931766371774e-06,0.4906253767054898,"B"
"MULE-15737","Bug","2018-09-24T13:56:24.000-0500",False,0.020521762946811965,0.0,3.0538992216159803e-06,0.16737103098445943,"B"
"MULE-9432","New Feature","2016-03-03T08:42:06.000-0600",False,0.016103775426400617,0.0,1.0002879690687377e-05,0.13571943885807553,"B"
"MULE-11325","Improvement","2017-01-03T05:26:04.000-0600",False,0.020934098463887225,0.0,4.110805034599817e-06,0.17022117491533167,"B"
"MULE-11891","Bug","2017-02-25T18:05:07.000-0600",False,0.013251996314048777,0.0,2.126774666100424e-06,0.11414260120241958,"B"
"MULE-16320","Bug","2019-01-11T14:08:37.000-0600",False,0.03230217195258267,0.0,9.523298330982048e-06,0.2425726531307576,"B"
"MULE-15820","Task","2018-10-10T11:03:11.000-0500",True,0.0761495737343161,0.0,0.016410055713810868,0.44159492204825646,"B"
"MULE-14033","Task","2017-11-13T06:13:34.000-0600",False,0.06394054276732826,0.0,1.1411372614062065e-05,0.39590281723129694,"B"
"MULE-11287","Task","2016-12-27T09:39:36.000-0600",False,0.01832235588924291,0.0,2.7763459268574185e-05,0.15187348335459186,"B"
"MULE-11288","Improvement","2016-12-27T11:00:47.000-0600",False,0.038967168902163576,1.0,2.049509942816454e-05,0.2800668467457502,"B"
"MULE-11615","Task","2017-02-03T11:21:32.000-0600",False,0.025575619136192173,0.0,4.840205984219707e-05,0.20116188295833476,"B"
"MULE-10966","Task","2016-11-14T11:06:36.000-0600",False,0.015744714921238714,0.0,1.0072224041782733e-05,0.13305401505650447,"B"
"MULE-7435","Task","2014-03-14T12:31:12.000-0500",False,0.06484247939394296,0.0,2.6040188221382475e-05,0.3994889349398216,"B"
"MULE-10909","Bug","2016-11-08T11:41:37.000-0600",False,0.03904782083696645,0.0,2.996159107524342e-05,0.28050086314486333,"B"
"MULE-11789","Task","2017-02-10T13:03:23.000-0600",False,0.015706667650459496,0.0,2.2876282376109286e-06,0.13277072842712262,"B"
"MULE-12095","Improvement","2017-03-30T10:33:10.000-0500",False,0.04057075450065199,0.0,3.2736993584289564e-05,0.28861255843233885,"B"
"MULE-13253","Task","2017-08-03T10:54:29.000-0500",False,0.01219535793099709,0.0,1.5093232516202777e-07,0.10590491036531656,"B"
"MULE-11194","Improvement","2016-12-13T18:15:56.000-0600",True,0.07022588991583877,0.0,0.8586677680123066,0.4201724358302236,"B"
"MULE-15933","Bug","2018-10-26T07:48:03.000-0500",False,0.04804377722885136,0.0,1.0,0.32623852301505807,"B"
"MULE-10369","Bug","2016-08-29T08:25:28.000-0500",False,0.027505901945283986,0.0,0.9999999999908482,0.21344149194166856,"B"
"MULE-11414","Task","2017-01-13T07:29:04.000-0600",False,0.04186256972121679,0.0,1.8793542106807914e-05,0.295370825528926,"B"
"MULE-11207","Bug","2016-12-15T14:07:30.000-0600",False,0.05097835225339588,0.0,0.06193124299635356,0.3400948684366176,"B"
"MULE-11108","Bug","2016-11-29T18:03:38.000-0600",False,0.02199789687729601,0.0,8.049437854769309e-07,0.17749590591987424,"B"
"MULE-14458","Task","2018-01-16T07:23:40.000-0600",False,0.05492702311364709,0.0,0.026489394017749388,0.35799027146917933,"B"
"MULE-10929","Task","2016-11-10T05:05:26.000-0600",False,0.022063059291391584,0.0,0.0029529968196284886,0.17793788135109906,"B"
"MULE-11884","Task","2017-02-24T10:43:11.000-0600",False,0.03338582389744612,0.0,6.785404131728831e-06,0.2488959976510173,"B"
"MULE-8609","Bug","2015-05-15T08:55:36.000-0500",False,0.08265325629216512,0.0,0.00585481222268925,0.46364620020593167,"B"
"MULE-13511","Task","2017-09-11T15:50:04.000-0500",False,0.033894536649764676,0.0,2.9406876677876186e-06,0.251832987578027,"B"
"MULE-12454","Improvement","2017-05-11T16:21:03.000-0500",True,0.07691306526262708,1.0,0.07670798991868794,0.4442604883395774,"B"
"MULE-10914","Improvement","2016-11-09T07:12:38.000-0600",False,0.037364030478410484,0.0,0.00024822811948181005,0.27134529911690064,"B"
"MULE-7518","Bug","2014-04-16T08:44:54.000-0500",False,0.047321922441266574,0.0,1.0,0.3227539606544118,"B"
"MULE-11774","Bug","2017-02-08T16:29:02.000-0600",False,0.026844122924794107,0.0,0.1986936261492234,0.20926883771895743,"B"
"MULE-12835","Bug","2017-06-16T11:25:12.000-0500",False,0.021405086343453845,0.0,0.00021957682553445893,0.1734558610642275,"B"
"MULE-10770","Bug","2016-10-13T13:03:43.000-0500",False,0.01353241725757537,0.0,0.0009774020650188575,0.11630629524065719,"B"
"MULE-10384","Task","2016-08-30T09:49:52.000-0500",False,0.02273233804933791,0.0,2.331739956418956e-06,0.18245341109356586,"B"
"MULE-7972","Improvement","2014-10-09T09:32:15.000-0500",False,0.0808834946364006,0.0,0.05311695604522609,0.457789692457326,"B"
"MULE-9676","New Feature","2016-05-09T09:20:45.000-0500",True,0.046617156628241674,1.0,2.276852174617283e-05,0.31932211030601826,"B"
"MULE-11776","Task","2017-02-09T07:55:55.000-0600",False,0.04509224597646523,0.0,0.00015863950726900328,0.31179402332806755,"B"
"MULE-12007","Bug","2017-03-20T08:54:16.000-0500",False,0.017392934456424574,0.0,0.014779605771587132,0.14517135864010178,"B"
"MULE-10240","Bug","2016-08-12T09:53:15.000-0500",False,0.020181149745126397,0.0,0.002991012993586499,0.1650036623922951,"B"
"MULE-16333","Bug","2019-01-16T09:28:02.000-0600",False,0.034124283049431735,0.0,0.0009137059736342382,0.2531528907950936,"B"
"MULE-12811","Bug","2017-06-15T04:16:17.000-0500",False,0.02597744878931102,0.0,5.239018647152915e-06,0.2037455964542916,"B"
"MULE-7983","Improvement","2014-10-17T09:48:32.000-0500",True,0.0621158063304386,1.0,0.999727467135751,0.388536786341609,"B"
"MULE-8535","Improvement","2015-04-23T12:13:21.000-0500",False,0.02540186220632754,0.0,5.673136191258868e-05,0.2000401117104179,"B"
"MULE-8779","Bug","2015-07-14T13:05:10.000-0500",False,0.03615530796794196,0.0,0.0017876933464744352,0.2646482534110397,"B"
"MULE-15409","Bug","2018-07-19T18:04:13.000-0500",False,0.048897641182544374,0.0,6.04028244239081e-06,0.3303210229308677,"B"
"MULE-7221","New Feature","2014-01-07T16:03:28.000-0600",False,0.04225927956038521,1.0,4.073583850275347e-06,0.297424161156515,"B"
"MULE-11688","Task","2017-02-07T09:08:05.000-0600",False,0.025720093539312722,1.0,1.1755233945401431e-06,0.2020925176481719,"B"
"MULE-14721","Task","2018-03-14T09:35:55.000-0500",False,0.053738088594117425,1.0,3.3168361724589056e-06,0.3526894346479694,"B"
"MULE-15339","Bug","2018-07-12T11:14:17.000-0500",False,0.0419890522325172,0.0,3.887237551886999e-06,0.2960266052262772,"B"
"MULE-8864","Improvement","2015-08-25T07:46:15.000-0500",False,0.02740602913508952,0.0,4.1610790036850125e-05,0.2128142344069285,"B"
"MULE-15333","Bug","2018-07-11T14:40:15.000-0500",True,0.036010275805827066,0.0,1.4523431381658228e-06,0.26383754898179884,"B"
"MULE-14230","Task","2017-12-13T14:05:22.000-0600",False,0.03603681999611668,0.0,6.708629146547918e-07,0.26398604172937623,"B"
"MULE-10523","Bug","2016-09-11T11:23:55.000-0500",False,0.01496635359823671,0.0,9.218508000983277e-05,0.1272259392028538,"B"
"MULE-14755","Bug","2018-03-19T07:10:43.000-0500",False,0.029521045983737768,0.0,0.014326061529101193,0.22591423599396213,"B"
"MULE-15760","Enhancement Request","2018-09-27T16:34:01.000-0500",False,0.030749390637675175,0.0,4.4121954555889725e-06,0.2333494498854916,"B"
"MULE-11399","Task","2017-01-12T07:39:29.000-0600",False,0.1268390082825317,1.0,0.005572291572829453,0.5822356466745876,"B"
"MULE-12712","Bug","2017-06-07T09:20:49.000-0500",False,0.02899123192689834,0.0,2.9524822574817625e-05,0.2226684605380348,"B"
"MULE-16674","Bug","2019-04-05T20:47:08.000-0500",False,0.030117304496883286,0.0,2.974462291772235e-06,0.22953898473960796,"B"
"MULE-8070","Bug","2014-11-19T12:35:01.000-0600",False,0.02222178176758216,0.0,4.1949718302681335e-06,0.17901270494533225,"B"
"MULE-10747","Task","2016-10-12T15:32:06.000-0500",True,0.030693565756995896,0.0,7.37501098262166e-06,0.23301423424047135,"B"
"MULE-12088","Task","2017-03-30T09:04:09.000-0500",False,0.05519083577954701,0.0,1.842166173845397e-05,0.35915651348240674,"B"
"MULE-14071","Bug","2017-11-14T13:31:58.000-0600",False,0.02483902170903902,0.0,0.00028094779158988113,0.19638746846375532,"B"
"MULE-12358","Task","2017-05-02T06:52:18.000-0500",False,0.07587537124898051,0.0,1.074110520629306e-05,0.4406324353945331,"B"
"MULE-10547","Task","2016-09-14T15:03:20.000-0500",False,0.00951037161307696,1.0,3.731995292796928e-06,0.08435015406607595,"B"
"MULE-12470","Improvement","2017-05-15T04:41:06.000-0500",True,0.07055077737400538,1.0,2.454794611383978e-06,0.4213825576897655,"B"
"MULE-9468","Task","2016-03-14T06:58:29.000-0500",False,0.0341714918446409,0.0,4.10909254696223e-05,0.253423608403563,"B"
"MULE-7875","Task","2014-09-11T11:21:35.000-0500",False,0.10813572338332934,0.0,0.0005113714238810254,0.5377361605238453,"B"
"MULE-9464","Bug","2016-03-11T13:24:51.000-0600",False,0.023744728220970315,0.0,5.300420179518497e-06,0.18920187832838106,"B"
"MULE-11567","Task","2017-01-30T12:29:23.000-0600",False,0.02061579462233312,0.0,6.5105657797990795e-06,0.1680225067748639,"B"
"MULE-7611","Bug","2014-05-16T09:29:52.000-0500",False,0.031014975952996293,0.0,0.0001220809413513278,0.2349407508683596,"B"
"MULE-15909","Task","2018-10-24T09:03:58.000-0500",False,0.032210387060711256,0.0,0.9386199353461685,0.24203283091623545,"B"
"MULE-11701","Task","2017-02-07T10:10:56.000-0600",False,0.043608581147675234,1.0,1.9191797423670988e-06,0.30433180071751054,"B"
"MULE-9472","Task","2016-03-14T07:13:32.000-0500",True,0.13804581004453187,1.0,0.000701349337031937,0.6057644194487091,"B"
"MULE-11855","Bug","2017-02-21T10:59:13.000-0600",False,0.016825633402839917,0.0,0.005728789365073618,0.1410345367160734,"B"
"MULE-10528","Bug","2016-09-12T10:40:17.000-0500",False,0.022658345683163866,0.0,6.8679008025269715e-06,0.18195633271235995,"B"
"MULE-9925","Improvement","2016-06-15T09:34:00.000-0500",False,0.02243938305890603,0.0,6.703862836665921e-06,0.18048224394394938,"B"
"MULE-16338","Task","2019-01-16T10:09:14.000-0600",False,0.07376573426020491,0.0,0.032711189618683814,0.4331344850605567,"B"
"MULE-8411","Bug","2015-03-19T09:01:46.000-0500",False,0.031026051748756552,0.0,4.458074981080278e-06,0.23500698886808793,"B"
"MULE-11977","Bug","2017-03-15T11:18:55.000-0500",False,0.026478834743874465,0.0,0.15832230563978156,0.2069490585133965,"B"
"MULE-15863","Task","2018-10-17T14:08:54.000-0500",True,0.08843221716186121,1.0,0.004486928634571614,0.48206505960818,"B"
"MULE-16189","Task","2018-12-06T07:31:35.000-0600",True,0.02384299138547412,0.0,2.3221129191360815e-06,0.18985169946771824,"B"
"MULE-15419","Bug","2018-07-23T07:47:20.000-0500",False,0.0692928502410977,0.0,0.0006788153937575789,0.416673555951075,"B"
"MULE-14811","Bug","2018-03-27T07:07:49.000-0500",False,0.04208555761744145,0.0,0.00047610192639941745,0.29652625695135937,"B"
"MULE-7103","Improvement","2013-11-04T14:34:41.000-0600",False,0.027863665104986585,0.0,0.028276754825006915,0.2156813162824245,"B"
"MULE-11600","Bug","2017-02-01T13:28:34.000-0600",False,0.017103653078284656,0.0,1.978070887673902e-06,0.1430662812354215,"B"
"MULE-16370","Task","2019-01-23T15:35:42.000-0600",False,0.044260222963540596,0.0,0.005890868079469795,0.30762626835348944,"B"
"MULE-14880","Enhancement Request","2018-04-11T12:41:49.000-0500",False,0.04344236613120007,0.0,2.6563716557098508e-05,0.3034871763420835,"B"
"MULE-15395","Task","2018-07-18T09:46:06.000-0500",False,0.019164651589970893,0.0,6.54064982084887e-05,0.15786793303967647,"B"
"MULE-10652","Task","2016-09-28T10:03:33.000-0500",False,0.022187055980436448,0.0,5.5596226633659594e-05,0.17877776222412065,"B"
"MULE-15087","Bug","2018-05-28T12:32:24.000-0500",False,0.01912442978925106,0.0,9.193425133484636e-06,0.15758337719238216,"B"
"MULE-15354","Bug","2018-07-13T14:04:51.000-0500",False,0.037717654861004375,0.0,1.271588732812437e-05,0.2732847221952382,"B"
"MULE-13017","Enhancement Request","2017-07-07T12:42:42.000-0500",False,0.06090045629442147,0.0,0.0016874358644680797,0.38354656230238293,"B"
"MULE-12615","Bug","2017-05-26T14:21:12.000-0500",False,0.01911124349727084,0.0,5.492356409271727e-06,0.15749005178858752,"B"
"MULE-11567","Task","2017-01-30T12:29:23.000-0600",False,0.02061579462233312,0.0,6.5105657797990795e-06,0.1680225067748639,"B"
"MULE-9541","New Feature","2016-04-01T15:47:26.000-0500",False,0.07270388737836228,1.0,1.0949487723960068e-05,0.4292972223260777,"B"
"MULE-15614","Task","2018-08-28T13:42:58.000-0500",False,0.036506160199946756,0.0,1.0746917931802635e-06,0.26660309397309456,"B"
"MULE-9877","Task","2016-06-09T13:31:36.000-0500",False,0.02580031468761207,0.0,4.073657803920288e-06,0.20260844696980918,"B"
"MULE-10977","Bug","2016-11-15T12:35:12.000-0600",False,0.04547841568992893,0.0,0.09672064763356251,0.31371385700317955,"B"
"MULE-12979","Task","2017-07-03T08:06:33.000-0500",False,0.030847864988317413,0.0,1.994652259559189e-06,0.23394014603490657,"B"
"MULE-14665","Bug","2018-03-02T06:04:18.000-0600",False,0.018337212582919874,0.0,0.008530716621194269,0.15197986498554844,"B"
"MULE-12714","Task","2017-06-07T09:43:43.000-0500",False,0.0705079937341709,0.0,6.608169607877847e-06,0.42122344025967623,"B"
"MULE-9545","Improvement","2016-04-05T13:59:00.000-0500",False,0.044986885273117734,0.0,5.217996942651301e-05,0.31126862932767907,"B"
"MULE-9035","Task","2015-06-30T13:19:32.000-0500",False,0.024696026352749124,0.0,3.604232772689927e-05,0.19545483358033014,"B"
"MULE-10235","Improvement","2016-08-11T13:09:34.000-0500",False,0.025875931684532935,0.0,0.00015976935577221606,0.20309423260249707,"B"
"MULE-9430","New Feature","2016-03-03T08:34:44.000-0600",False,0.010233907104085055,0.0,4.397309670912572e-06,0.09024861065984478,"B"
"MULE-10633","New Feature","2016-09-26T11:26:28.000-0500",False,0.02893573552201393,1.0,2.5191266466044417e-05,0.22232710584666573,"B"
"MULE-16005","Task","2018-11-06T15:40:13.000-0600",False,0.030725397820312562,0.0,8.246002701980022e-07,0.2332054096831021,"B"
"MULE-13028","Task","2017-07-11T03:42:40.000-0500",False,0.04943271970540422,0.0,5.275461738471787e-06,0.3328579109895962,"B"
"MULE-8064","Bug","2014-11-19T11:49:48.000-0600",True,0.2039145216316987,1.0,0.27952672664506534,0.7107754910523767,"B"
"MULE-8723","Bug","2015-06-23T12:21:35.000-0500",False,0.03142150679157631,0.0,0.18127317005685525,0.23736547336064237,"B"
"MULE-12905","Bug","2017-06-22T12:46:52.000-0500",False,0.04267009158590066,0.0,0.00011781135808889583,0.29953969125510027,"B"
"MULE-15087","Bug","2018-05-28T12:32:24.000-0500",False,0.01912442978925106,0.0,9.193425133484636e-06,0.15758337719238216,"B"
"MULE-12101","Improvement","2017-03-31T08:12:36.000-0500",False,0.03539859051940641,0.0,4.852561245080474e-07,0.2604012855888433,"B"
"MULE-14607","Bug","2018-02-16T13:05:46.000-0600",False,0.048771305700825045,0.0,1.0,0.32971964817644417,"B"
"MULE-8215","Task","2015-01-09T07:50:44.000-0600",False,0.02976938623389196,0.0,2.1692463066483906e-06,0.22742752970258476,"B"
"MULE-9852","Bug","2016-06-08T15:50:48.000-0500",False,0.012182732370483776,0.0,6.534044389944976e-05,0.10580566105079596,"B"
"MULE-12357","Task","2017-05-02T03:57:42.000-0500",False,0.027940813444835136,1.0,1.4786092085452996e-06,0.21616285808947436,"B"
"MULE-12691","Bug","2017-06-05T15:02:26.000-0500",False,0.029803846622097122,0.0,0.0016969187485188655,0.2276371122757706,"B"
"MULE-12234","Task","2017-04-17T16:18:31.000-0500",True,0.011636333492530024,0.0,8.477160755565293e-07,0.10149166904066885,"B"
"MULE-8834","Task","2015-08-12T10:16:23.000-0500",False,0.048028592602437435,0.0,6.389408475166774e-06,0.32616553836621,"B"
"MULE-11866","Task","2017-02-22T10:36:24.000-0600",False,0.052096543032297375,0.0,0.0002789527541281042,0.34524766669533585,"B"
"MULE-10215","Task","2016-08-08T10:19:23.000-0500",False,0.043856034431901995,0.0,4.381868457670733e-05,0.30558599202308606,"B"
"MULE-9344","Bug","2016-01-22T12:00:34.000-0600",False,0.03545007466570754,1.0,3.309023055432879e-05,0.2606915752799887,"B"
"MULE-15747","Enhancement Request","2018-09-26T10:24:47.000-0500",False,0.023214990592033913,1.0,3.033719713073161e-06,0.18568292408464768,"B"
"MULE-15818","Task","2018-10-10T10:53:44.000-0500",True,0.06431355998717722,1.0,0.008920697652475466,0.3973902828946645,"B"
"MULE-7982","Task","2014-10-16T17:36:56.000-0500",False,0.04556525515278262,0.0,0.838745124359869,0.31414431621384786,"B"
"MULE-11937","Bug","2017-03-07T13:12:00.000-0600",False,0.03492465265213282,0.0,2.1999483856345988e-05,0.2577197395748631,"B"
"MULE-15857","Task","2018-10-16T14:31:04.000-0500",True,0.040552164544142906,0.0,9.252341342024219e-07,0.28851449090938425,"B"
"MULE-13946","Bug","2017-11-02T13:33:12.000-0500",False,0.034424606185734466,0.0,0.002673564252237708,0.2548721950022251,"B"
"MULE-11343","Improvement","2017-01-05T09:52:21.000-0600",False,0.043816467767148724,0.0,0.011411888750614007,0.30538571276286997,"B"
"MULE-9426","New Feature","2016-03-03T08:05:35.000-0600",False,0.04514473459831447,0.0,5.651926757288558e-06,0.31205550842333485,"B"
"MULE-14584","Bug","2018-02-01T23:46:48.000-0600",False,0.0682184422926027,0.0,1.008826099430115e-05,0.4126007284257646,"B"
"MULE-9559","Improvement","2016-04-08T14:31:45.000-0500",False,0.04764493074447479,0.0,0.0003885360253528441,0.3243169894843687,"B"
"MULE-11348","Task","2017-01-05T10:16:05.000-0600",False,0.04696986145492996,0.0,0.011179630192650907,0.3210433052161224,"B"
"MULE-13474","Task","2017-08-30T14:03:59.000-0500",False,0.03761227953514736,1.0,1.535542758839598e-06,0.27270773191206493,"B"
"MULE-8213","Task","2015-01-09T07:44:13.000-0600",False,0.026436232647274637,0.0,7.040854217379612e-06,0.20667773914530915,"B"
"MULE-13512","Task","2017-09-12T06:59:21.000-0500",False,0.07514994101259605,1.0,3.2545094566410794e-06,0.43807278871436856,"B"
"MULE-9613","Improvement","2016-04-27T08:34:28.000-0500",False,0.03333135683817178,0.0,0.448315492004327,0.24858035574577866,"B"
"MULE-11115","Task","2016-11-30T13:14:30.000-0600",False,0.0360709086647545,1.0,0.00043746402491153327,0.2641766637255764,"B"
"MULE-6512","Improvement","2012-11-02T13:49:18.000-0500",False,0.02353545113535652,0.0,3.561230053501517e-06,0.18781487190758525,"B"
"MULE-15427","Enhancement Request","2018-07-24T11:31:44.000-0500",False,0.021856711973258322,0.0,5.116457240842217e-05,0.17653686503164367,"B"
"MULE-6118","Improvement","2012-03-09T18:18:16.000-0600",False,0.022801160954364335,1.0,3.361521082414305e-05,0.18291528669883939,"B"
"MULE-9587","Task","2016-04-15T12:21:46.000-0500",True,0.12633478908913007,0.0,0.020978269054118703,0.581125951395352,"B"
"MULE-13104","Task","2017-07-18T09:03:07.000-0500",False,0.06739788193203344,0.0,3.833127462788796e-06,0.4094580999249024,"B"
"MULE-16674","Bug","2019-04-05T20:47:08.000-0500",False,0.030117304496883286,0.0,2.974462291772235e-06,0.22953898473960796,"B"
"MULE-7052","New Feature","2013-10-05T16:50:09.000-0500",False,0.04625529775729641,0.0,0.00022878262026339324,0.3175484840955098,"B"
"MULE-11768","Task","2017-02-08T15:39:05.000-0600",False,0.025058451337455406,0.0,1.629070014136804e-05,0.19781495012457168,"B"
"MULE-16672","Bug","2019-04-05T17:08:56.000-0500",False,0.008191274116740832,0.0,2.5001036640896056e-08,0.07342015274444304,"B"
"MULE-7871","New Feature","2014-09-11T09:58:44.000-0500",True,0.013449562414061996,0.0,1.051637209014297e-06,0.11566797031293137,"B"
"MULE-11895","Task","2017-02-28T11:33:12.000-0600",False,0.025365681528523146,1.0,3.285665512345021e-05,0.19980618397184283,"B"
"MULE-10406","Bug","2016-08-31T02:09:34.000-0500",False,0.04970326095755642,0.0,1.2791310799026741e-05,0.3341343651887018,"B"
"MULE-15254","Task","2018-07-02T08:24:17.000-0500",False,0.034563591020521124,0.0,1.3704099757543896e-05,0.25566554594620466,"B"
"MULE-11600","Bug","2017-02-01T13:28:34.000-0600",False,0.017103653078284656,0.0,1.978070887673902e-06,0.1430662812354215,"B"
"MULE-8055","Task","2014-11-17T14:45:00.000-0600",False,0.009142853265752397,1.0,9.074384329829866e-06,0.0813279982462457,"B"
"MULE-11171","Bug","2016-12-12T05:59:06.000-0600",False,0.013030841355771497,0.0,3.1116574875342544e-06,0.11242958142400199,"B"
"MULE-11678","New Feature","2017-02-07T07:57:28.000-0600",False,0.031736507724247624,0.0,1.0456385349510412e-05,0.23923511890472932,"B"
"MULE-14705","Task","2018-03-12T15:39:48.000-0500",False,0.04180074252218025,1.0,7.566160441815754e-06,0.295049885534735,"B"
"MULE-11656","New Feature","2017-02-06T14:41:03.000-0600",True,0.02920658480045299,0.0,1.9600909165543542e-05,0.22399061701852827,"B"
"MULE-11399","Task","2017-01-12T07:39:29.000-0600",False,0.1268390082825317,1.0,0.005572291572829453,0.5822356466745876,"B"
"MULE-14213","Task","2017-12-13T13:46:07.000-0600",True,0.025878875745359905,0.0,2.912958498243449e-07,0.20311313566107744,"B"
"MULE-16157","Task","2018-12-04T12:39:08.000-0600",False,0.02038852151498807,1.0,1.5688199870609744e-05,0.16644636559986056,"B"
"MULE-15399","Task","2018-07-18T09:54:28.000-0500",False,0.008334009069607098,0.0,0.0020472561081458867,0.07461400796187029,"B"
"MULE-11207","Bug","2016-12-15T14:07:30.000-0600",False,0.05097835225339588,0.0,0.06193124299635356,0.3400948684366176,"B"
"MULE-13278","Task","2017-08-07T10:16:01.000-0500",False,0.09061564995953665,1.0,1.7512971668105518e-05,0.48875643430550153,"B"
"MULE-12573","Task","2017-05-24T08:50:49.000-0500",False,0.03413275092521872,0.0,2.3564463173842805e-07,0.2532014621091529,"B"
"MULE-8572","Bug","2015-05-06T10:21:27.000-0500",False,0.10722742631590684,0.0,4.35118578342352e-05,0.5353855545667549,"B"
"MULE-14043","Task","2017-11-13T08:58:28.000-0600",False,0.022698702795818013,0.0,7.588958666110815e-07,0.18222751610037927,"B"
"MULE-10203","Task","2016-08-05T09:26:30.000-0500",True,0.1535314568028304,1.0,0.00041296285334254485,0.6350611499192321,"B"
"MULE-7283","Task","2014-02-05T14:24:32.000-0600",False,0.028383034054909786,0.0,0.0005963393688630239,0.21891319072158824,"B"
"MULE-11413","Task","2017-01-13T06:04:44.000-0600",False,0.03275201561303866,1.0,1.2286508635009923e-05,0.24520874622739075,"B"
"MULE-12191","Improvement","2017-04-10T13:09:24.000-0500",False,0.06269285305105708,0.0,2.5690597638405573e-06,0.3908824200776061,"B"
"MULE-9428","New Feature","2016-03-03T08:10:37.000-0600",False,0.020645827016979777,0.0,7.373568199795053e-07,0.16823039055874098,"B"
"MULE-15237","Bug","2018-06-29T06:47:05.000-0500",False,0.02386816206672558,0.0,1.723367197323185e-06,0.19001800841034747,"B"
"MULE-14624","Task","2018-02-21T16:25:00.000-0600",False,0.015889271469472777,0.0,3.39995527108671e-07,0.13412884623876065,"B"
"MULE-12941","Bug","2017-06-27T06:22:51.000-0500",False,0.04132870534758238,1.0,2.17783442972796e-06,0.2925912829158296,"B"
"MULE-10263","Task","2016-08-17T13:14:29.000-0500",False,0.038068811150700564,0.0,1.9950219878206483e-05,0.2752018197402737,"B"
"MULE-11768","Task","2017-02-08T15:39:05.000-0600",False,0.025058451337455406,0.0,1.629070014136804e-05,0.19781495012457168,"B"
"MULE-13884","Bug","2017-10-25T14:36:52.000-0500",False,0.04877376593567301,0.0,1.0,0.3297313680273492,"B"
"MULE-9060","Task","2015-11-16T07:28:28.000-0600",False,0.025134592682457966,0.0,0.2220172044717856,0.19830924674638917,"B"
"MULE-8178","Bug","2014-12-22T12:06:59.000-0600",False,0.03402548768105663,0.0,7.640373326007112e-05,0.25258580128124497,"B"
"MULE-9428","New Feature","2016-03-03T08:10:37.000-0600",False,0.020645827016979777,0.0,7.373568199795053e-07,0.16823039055874098,"B"
"MULE-13151","Bug","2017-07-20T11:36:56.000-0500",False,0.015351640959598453,0.0,4.682321895053179e-06,0.13011943524836994,"B"
"MULE-14350","Task","2017-12-29T21:11:42.000-0600",False,0.0870769282579057,0.0,1.2141869533810031e-05,0.4778393761700986,"B"
"MULE-9481","Task","2016-03-14T10:03:07.000-0500",False,0.03659451631859738,0.0,7.155104970773053e-05,0.26709397340857294,"B"
"MULE-6501","Bug","2012-10-26T16:45:41.000-0500",False,0.027817197318585236,0.0,0.04406444666775205,0.21539102659725964,"B"
"MULE-11789","Task","2017-02-10T13:03:23.000-0600",False,0.015706667650459496,0.0,2.2876282376109286e-06,0.13277072842712262,"B"
"MULE-13453","Bug","2017-09-03T14:31:34.000-0500",False,0.048138955533522834,0.0,0.14121844727279254,0.3266956889944002,"B"
"MULE-15960","Task","2018-10-31T06:36:09.000-0500",False,0.05910892402530404,0.0,9.012354431274612e-06,0.3760644789046635,"B"
"MULE-14171","Bug","2017-12-05T12:36:10.000-0600",False,0.04001800983177882,0.0,1.7010235110788112e-05,0.2856867064614903,"B"
"MULE-7870","Improvement","2014-09-11T09:57:37.000-0500",False,0.01962852439991571,0.0,6.817982742744873e-06,0.16113751341650068,"B"
"MULE-13354","Story","2017-08-18T11:57:18.000-0500",False,0.049258278512433924,0.0,8.353464305029328e-06,0.3320326599085546,"B"
"MULE-14675","Bug","2018-03-06T10:49:21.000-0600",False,0.03625933861451391,0.0,3.306838296448903e-06,0.26522881753757727,"B"
"MULE-8531","Task","2015-04-22T15:43:06.000-0500",False,0.04458888200861135,1.0,1.0246508359130273e-05,0.309277730321245,"B"
"MULE-7663","Bug","2014-06-10T16:16:50.000-0500",True,0.28675475841389564,1.0,0.9996294738292225,0.7941232656546162,"B"
"MULE-13369","Task","2017-08-23T10:29:57.000-0500",False,0.08135924447655485,0.0,0.0014875458558780762,0.45937435098143703,"B"
"MULE-15657","Enhancement Request","2018-09-05T12:54:40.000-0500",False,0.017397598503581867,0.0,5.623181830834329e-06,0.1452052239498309,"B"
"MULE-14736","Bug","2018-03-15T10:03:09.000-0500",False,0.06163995563611326,0.0,0.9991823885475224,0.3865910619799632,"B"
"MULE-13383","Bug","2017-08-24T16:28:45.000-0500",True,0.03546585295682464,1.0,0.0011869314126429337,0.2607805006362532,"B"
"MULE-11503","Task","2017-01-24T14:05:55.000-0600",False,0.06567991009805876,0.0,2.7503933982339725e-05,0.40278676112016903,"B"
"MULE-9445","Task","2016-03-06T18:11:12.000-0600",False,0.04371264699729777,0.0,4.68457654948037e-05,0.3048597201585136,"B"
"MULE-11069","Task","2016-11-24T10:18:15.000-0600",False,0.052692019866300746,1.0,6.878651292899003e-06,0.3479639005753689,"B"
"MULE-14613","Enhancement Request","2018-02-20T11:36:45.000-0600",False,0.0798709963505374,0.0,0.020911657683494154,0.45439161940165274,"B"
"MULE-14857","Task","2018-04-06T10:07:57.000-0500",False,0.033926931249121495,0.0,2.9832627712993464e-07,0.25201934037806334,"B"
"MULE-12765","Task","2017-06-12T11:09:38.000-0500",False,0.03892255041414826,1.0,1.1148084584878165e-06,0.2798265452803331,"B"
"MULE-10449","Task","2016-09-01T12:06:15.000-0500",False,0.016263366682132012,1.0,1.1214559093440426e-06,0.13689950395046083,"B"
"MULE-9066","Bug","2015-11-16T12:24:46.000-0600",False,0.01862207139121715,0.0,0.9999999993653432,0.15401507263695827,"B"
"MULE-14145","Bug","2017-11-28T18:07:51.000-0600",False,0.028541389677972717,0.0,2.2866505862021828e-05,0.21989398049581463,"B"
"MULE-7887","Bug","2014-09-19T14:36:01.000-0500",False,0.02336285192242439,0.0,1.413415159405476e-07,0.18666782553624797,"B"
"MULE-15535","Bug","2018-08-10T16:35:22.000-0500",False,0.03375978000274555,0.0,3.7850792829412755e-06,0.25105692487655795,"B"
"MULE-15265","Task","2018-07-03T08:22:11.000-0500",True,0.03284786887754282,0.0,1.9242131542505633e-07,0.24576839398397465,"B"
"MULE-13460","Enhancement Request","2017-09-04T11:13:21.000-0500",False,0.04519954754105515,0.0,0.00012390359910055023,0.31232839133845364,"B"
"MULE-14335","Bug","2017-12-28T11:01:30.000-0600",False,0.02685739905052989,0.0,0.0001228718619305485,0.2093529254983396,"B"
"MULE-13215","Task","2017-07-28T08:49:45.000-0500",False,0.03394101382858497,0.0,5.597467971264529e-06,0.2521003266115527,"B"
"MULE-11679","New Feature","2017-02-07T07:58:20.000-0600",False,0.0445384992473837,0.0,1.0135650176603534e-05,0.30902500243077863,"B"
"MULE-8101","Bug","2014-11-28T08:56:08.000-0600",False,0.0180198055763149,0.0,0.00027195398237016635,0.1497019490176052,"B"
"MULE-16417","Task","2019-02-03T21:16:00.000-0600",True,0.03598397716866973,0.0,0.9968069628337239,0.26369037886917734,"B"
"MULE-16400","Bug","2019-01-30T20:36:05.000-0600",False,0.10368643099272581,1.0,7.777232548722802e-05,0.5260364263817097,"B"
"MULE-12640","Task","2017-05-29T21:22:09.000-0500",False,0.04387373439664242,1.0,1.3853612889778795e-05,0.3056755540042728,"B"
"MULE-8833","Task","2015-08-12T10:02:42.000-0500",False,0.06658232275663226,0.0,1.0537755167462884e-05,0.4063066904981181,"B"
"MULE-7221","New Feature","2014-01-07T16:03:28.000-0600",False,0.04225927956038521,1.0,4.073583850275347e-06,0.297424161156515,"B"
"MULE-14518","Task","2018-01-20T17:30:19.000-0600",False,0.07723625590751008,0.0,1.2949851744208167e-05,0.44538250522610595,"B"
"MULE-11678","New Feature","2017-02-07T07:57:28.000-0600",False,0.031736507724247624,0.0,1.0456385349510412e-05,0.23923511890472932,"B"
"MULE-13329","Bug","2017-08-16T11:48:57.000-0500",False,0.014320740014067412,0.0,0.0006101627964241777,0.12233915197467934,"B"
"MULE-13297","Task","2017-08-10T13:53:48.000-0500",False,0.062009535585004785,1.0,0.0028155179783856837,0.388103152132524,"B"
"MULE-11176","Bug","2016-12-12T09:49:04.000-0600",True,0.04458440269478168,0.0,0.629318658626373,0.30925526778391194,"B"
"MULE-14657","Enhancement Request","2018-02-28T16:02:42.000-0600",False,0.03285285106458652,0.0,1.4192519432692919e-06,0.24579746326523985,"B"
"MULE-10323","Task","2016-08-19T08:36:49.000-0500",False,0.059211641642249145,0.0,0.008365279678479042,0.3764975910840825,"B"
"MULE-14528","Bug","2018-01-23T04:52:13.000-0600",False,0.025154357734200758,0.0,4.422401587776564e-06,0.19843747113027518,"B"
"MULE-10330","Improvement","2016-08-20T20:11:50.000-0500",False,0.026748494396314635,0.0,6.71112819506838e-06,0.2086626887439422,"B"
"MULE-14864","Bug","2018-04-09T11:37:35.000-0500",False,0.01437944021904858,0.0,9.605979960691277e-07,0.12278546102132216,"B"
"MULE-10931","Task","2016-11-10T07:05:45.000-0600",False,0.008429717629151422,1.0,1.337067586988114e-06,0.07541299817871258,"B"
"MULE-12364","Task","2017-05-02T12:27:38.000-0500",False,0.09877099987677947,1.0,5.280181501404516e-05,0.512548290039092,"B"
"MULE-11218","Bug","2016-12-16T09:36:14.000-0600",False,0.03339148904611239,0.0,1.949531366293131e-06,0.24892881455542448,"B"
"MULE-11730","Task","2017-02-07T12:57:12.000-0600",False,0.03348438503069814,0.0,1.2285336310703686e-06,0.24946658568597443,"B"
"MULE-10140","New Feature","2016-07-21T12:43:50.000-0500",False,0.04692793577571293,0.0,0.00024842163092587505,0.3208390978600618,"B"
"MULE-13906","Task","2017-10-28T21:30:06.000-0500",False,0.03485991148713292,0.0,4.8970796512291006e-05,0.25735212841752936,"B"
"MULE-14729","Task","2018-03-14T10:56:12.000-0500",False,0.04160557064543162,1.0,0.00013125847605823164,0.2940351157889144,"B"
"MULE-13209","Task","2017-07-27T11:23:57.000-0500",False,0.016369393489900384,0.0,9.738688200665187e-05,0.13768192866546952,"B"
"MULE-11011","Bug","2016-11-18T09:05:41.000-0600",False,0.032521441010599984,0.0,4.524719497645118e-06,0.24385956432505632,"B"
"MULE-16308","Bug","2019-01-09T13:58:06.000-0600",False,0.040947948557293334,1.0,3.9157296383245904e-06,0.2905973623184097,"B"
"MULE-11493","Task","2017-01-23T09:23:50.000-0600",False,0.013475224918776948,0.0,9.36188103657175e-05,0.11586576481400443,"B"
"MULE-14064","Task","2017-11-14T12:55:47.000-0600",False,0.04667093551703654,0.0,0.054213274210913036,0.31958503178085257,"B"
"MULE-13656","Task","2017-09-28T12:10:06.000-0500",False,0.04425735343797516,0.0,7.477328318415999e-06,0.307611819659322,"B"
"MULE-16320","Bug","2019-01-11T14:08:37.000-0600",False,0.03230217195258267,0.0,9.523298330982048e-06,0.2425726531307576,"B"
"MULE-14701","Bug","2018-03-12T11:12:48.000-0500",False,0.044775420705499704,1.0,0.6118738738484093,0.31021206208106755,"B"
"MULE-16511","Enhancement Request","2019-02-20T06:46:54.000-0600",False,0.0399387734873036,0.0,5.840158828509723e-05,0.28526558755550324,"B"
"MULE-7382","Bug","2014-02-26T08:43:06.000-0600",True,0.15917813469532804,1.0,0.007648408441021742,0.6449245762777479,"B"
"MULE-8325","Bug","2015-02-18T16:29:17.000-0600",True,0.09188142555630971,1.0,2.4767485268842473e-06,0.49257129312978776,"B"
"MULE-6129","Improvement","2012-03-15T14:20:29.000-0500",False,0.047384245741640484,0.0,0.007009742266973061,0.3230560216256449,"B"
"MULE-13802","Task","2017-10-17T08:12:40.000-0500",False,0.04873819679303664,0.0,0.0001276648297473419,0.32956189288615206,"B"
"MULE-16453","Bug","2019-02-11T08:49:50.000-0600",False,0.02163717319018696,0.0,8.31094925215747e-06,0.17504168359921243,"B"
"MULE-13665","Task","2017-09-29T08:08:41.000-0500",False,0.06140809850952625,1.0,2.4513348967282677e-05,0.3856392380737505,"B"
"MULE-14079","Bug","2017-11-14T20:33:06.000-0600",False,0.020072517431632,0.0,5.067728443872002e-06,0.16424614753199512,"B"
"MULE-9925","Improvement","2016-06-15T09:34:00.000-0500",False,0.02243938305890603,0.0,6.703862836665921e-06,0.18048224394394938,"B"
"MULE-7457","Improvement","2014-03-21T10:51:34.000-0500",False,0.0426587027604465,1.0,1.658199576402089e-06,0.2994811903282047,"B"
"MULE-14656","Story","2018-02-28T13:09:41.000-0600",False,0.08292915429902079,0.0,1.5862859659760855e-05,0.4645498319350709,"B"
"MULE-10476","New Feature","2016-09-06T10:31:12.000-0500",False,0.040526148536812516,0.0,0.00019949255612541927,0.28837720974895226,"B"
"MULE-13902","Enhancement Request","2017-10-27T15:25:16.000-0500",False,0.02163802969550554,0.0,0.0006527007379718097,0.1750475261216775,"B"
"MULE-11140","Task","2016-12-05T06:44:13.000-0600",False,0.013544892564918979,1.0,0.0002081034595909502,0.11640233616446301,"B"
"MULE-13633","Task","2017-09-27T06:53:27.000-0500",False,0.03689510698862958,1.0,2.9416564291495164e-05,0.26875972443071133,"B"
"MULE-15917","Task","2018-10-24T10:24:41.000-0500",False,0.02768976181274339,0.0,6.771252734706656e-05,0.2145939610090841,"B"
"MULE-14779","Task","2018-03-22T16:14:39.000-0500",True,0.05952306596670248,0.0,0.00046700045209266335,0.3778076298984773,"B"
"MULE-7213","Story","2014-01-05T20:23:12.000-0600",False,0.04008993969758547,0.0,1.8506725603131825e-05,0.2860686241043577,"B"
"MULE-11073","Bug","2016-11-24T13:56:54.000-0600",False,0.05456340331094903,0.0,4.384128329126874e-06,0.35637690919809195,"B"
"MULE-12888","Bug","2017-06-21T13:43:17.000-0500",False,0.009410643027291984,0.0,2.7774271920677624e-05,0.08353181781952901,"B"
"MULE-9371","Task","2016-02-10T10:18:25.000-0600",False,0.01669247351278878,0.0,7.553603527260491e-05,0.14005840803620667,"B"
"MULE-7842","Bug","2014-02-10T07:45:23.000-0600",True,0.011894643524514291,0.0,2.6990653343335645e-06,0.10353568959675773,"B"
"MULE-12771","Task","2017-06-12T16:29:57.000-0500",False,0.03119278059194633,0.0,8.112347177840435e-05,0.23600289715833367,"B"
"MULE-8075","Task","2014-11-20T07:36:42.000-0600",True,0.015765321934392937,0.0,2.198191050868925e-06,0.13320737953201717,"B"
"MULE-15670","Bug","2018-07-03T13:38:27.000-0500",False,0.010135335627551126,0.0,0.033655056272086814,0.08944899963958787,"B"
"MULE-13826","Task","2017-10-19T07:32:38.000-0500",False,0.022900005817697272,1.0,1.0873812440395064e-06,0.1835778431986484,"B"
"MULE-12593","Task","2017-04-12T12:52:50.000-0500",False,0.044677185138586754,0.0,0.0030729369946330518,0.3097202913027354,"B"
"MULE-12473","Bug","2017-05-15T09:44:19.000-0500",False,0.03453308335652427,0.0,1.7748149938893665e-05,0.2554915277951054,"B"
"MULE-15774","Task","2018-10-03T14:19:28.000-0500",False,0.030288992056569618,1.0,4.18183921095817e-06,0.23057723462190102,"B"
"MULE-14922","Task","2018-04-23T09:26:47.000-0500",True,0.037835774359541566,1.0,8.0712046433037e-05,0.27393055666456506,"B"
"MULE-10633","New Feature","2016-09-26T11:26:28.000-0500",False,0.02893573552201393,1.0,2.5191266466044417e-05,0.22232710584666573,"B"
"MULE-12472","Improvement","2017-05-15T08:40:07.000-0500",False,0.03280301594123464,0.0,0.003741020930163003,0.2455066056912636,"B"
"MULE-7335","Bug","2014-02-17T17:58:26.000-0600",False,0.03098391880785121,0.0,0.0005318821435127956,0.23475496273437663,"B"
"MULE-8253","Task","2015-01-22T09:32:47.000-0600",True,0.2109823564123037,1.0,0.07153521342124201,0.7195327094782774,"B"
"MULE-14885","Bug","2018-04-12T13:26:07.000-0500",True,0.041217358377268185,1.0,8.422965084520965e-05,0.29200918580033997,"B"
"MULE-14794","Bug","2018-03-23T15:22:57.000-0500",False,0.022839396042441982,0.0,5.301054602299727e-07,0.1831716878495553,"B"
"MULE-7949","Improvement","2014-10-07T10:04:52.000-0500",False,0.06839563468703719,1.0,2.6569094681331976e-06,0.4132756850134695,"B"
"MULE-14801","Bug","2018-03-24T17:39:10.000-0500",False,0.018666906300499764,0.0,2.159219484807879e-05,0.1543346188245975,"B"
"MULE-7263","Bug","2014-01-29T13:42:32.000-0600",False,0.0463290286509182,0.0,0.038134631198962,0.31791051100608936,"B"
"MULE-9893","Bug","2016-06-10T16:27:20.000-0500",False,0.06118486820863379,0.0,0.149906302640896,0.38472048016716776,"B"
"MULE-14847","Bug","2018-04-04T07:46:41.000-0500",False,0.039525675121328714,0.0,2.4508069909958325e-05,0.283063151640304,"B"
"MULE-11280","Improvement","2016-12-26T07:28:04.000-0600",False,0.033034629216129104,0.0,0.0003397230036906622,0.24685674792377807,"B"
"MULE-13424","Bug","2017-08-30T14:51:33.000-0500",False,0.04093830975451932,0.0,0.000447668158772835,0.29054676123154366,"B"
"MULE-10510","Improvement","2016-09-09T09:52:47.000-0500",False,0.040110597611810385,0.0,9.467935252472732e-05,0.28617824412445647,"B"
"MULE-16623","Bug","2019-03-28T18:21:01.000-0500",False,0.028848023762665258,0.0,9.494665769260426e-07,0.22178706456694483,"B"
"MULE-15676","Task","2018-09-11T15:44:54.000-0500",False,0.04901767984325921,1.0,1.3504740888800464e-05,0.3308915726600981,"B"
"MULE-7373","Bug","2014-02-24T14:07:12.000-0600",False,0.028810667593678015,0.0,0.09909690407421705,0.22155686448866352,"B"
"MULE-10696","Improvement","2016-10-03T13:34:56.000-0500",False,0.061575049346787765,0.0,0.010902965054256758,0.38632485756210155,"B"
"MULE-15078","Task","2018-05-24T09:13:40.000-0500",True,0.1526776830574643,1.0,0.005540049221216175,0.6335337727935739,"B"
"MULE-12858","Improvement","2017-06-19T06:34:22.000-0500",False,0.0748255550970424,1.0,0.00025753081479274825,0.4369219231029747,"B"
"MULE-10149","Improvement","2016-07-25T10:23:36.000-0500",False,0.048728890990005984,1.0,1.424871894792723e-06,0.3295175417754789,"B"
"MULE-13965","Bug","2017-11-03T17:12:52.000-0500",False,0.06545276697837976,0.0,4.678786032419161e-06,0.40189526756684246,"B"
"MULE-14677","Enhancement Request","2018-03-06T13:51:38.000-0600",False,0.03754471102714341,1.0,0.006893193942594106,0.27233733986603564,"B"
"MULE-8464","Improvement","2015-04-09T10:04:50.000-0500",False,0.03463309456760905,0.0,1.0301793387591876e-05,0.2560617371298394,"B"
"MULE-6956","Improvement","2013-07-16T14:29:03.000-0500",False,0.04467638030034639,0.0,0.00011232049984169379,0.30971625977560086,"B"
"MULE-16173","Task","2018-12-05T09:01:10.000-0600",False,0.03049540385448597,0.0,6.504056553948005e-07,0.23182225932320288,"B"
"MULE-8338","Bug","2015-02-23T11:22:44.000-0600",False,0.022237071653305344,0.0,5.861482235029927e-05,0.17911611371709973,"B"
"MULE-10149","Improvement","2016-07-25T10:23:36.000-0500",False,0.048728890990005984,1.0,1.424871894792723e-06,0.3295175417754789,"B"
"MULE-15019","Task","2018-05-11T15:47:24.000-0500",False,0.021021512354362556,0.0,4.183113002724475e-07,0.17082319885995625,"B"
"MULE-14078","Bug","2017-11-14T16:48:42.000-0600",False,0.008080536078508862,0.0,0.04012644368709068,0.07249203754729272,"B"
"MULE-13779","Bug","2017-10-12T11:35:31.000-0500",False,0.07419004992719486,0.0,0.1052739260106702,0.43465590176086216,"B"
"MULE-9428","New Feature","2016-03-03T08:10:37.000-0600",False,0.020645827016979777,0.0,7.373568199795053e-07,0.16823039055874098,"B"
"MULE-14814","Task","2018-03-27T11:35:48.000-0500",True,0.062177446840282945,1.0,0.01311011802144186,0.3887880718174207,"B"
"MULE-11598","Bug","2017-02-01T13:19:46.000-0600",False,0.03731226388323691,0.0,8.892246778553666e-06,0.27106064062304475,"B"
"MULE-13479","Task","2017-09-07T13:22:00.000-0500",False,0.11423869683662548,0.0,3.052668822848549e-06,0.5530499891296303,"B"
"MULE-8458","Task","2015-04-09T07:15:26.000-0500",False,0.0398553031769709,0.0,0.000258149828145718,0.28482150424788755,"B"
"MULE-15395","Task","2018-07-18T09:46:06.000-0500",False,0.019164651589970893,0.0,6.54064982084887e-05,0.15786793303967647,"B"
"MULE-14371","Task","2018-01-03T20:35:33.000-0600",False,0.022068119967784114,0.0,4.615045928215969e-05,0.1779721888578183,"B"
"MULE-15040","Bug","2018-05-14T14:02:14.000-0500",False,0.01742457954240335,0.0,1.8081245883794925e-06,0.14540108498472817,"B"
"MULE-14175","Task","2017-12-06T13:21:34.000-0600",False,0.022125800320886107,0.0,2.2465411954411345e-05,0.17836304027862065,"B"
"MULE-12164","Bug","2017-04-05T16:56:29.000-0500",False,0.03222965939945026,0.0,7.195828585996476e-06,0.24214623426051957,"B"
"MULE-15837","Bug","2018-10-11T11:22:21.000-0500",False,0.030950760123119373,0.0,0.001401863548167978,0.23455651642952796,"B"
"MULE-11351","Task","2017-01-05T10:38:13.000-0600",False,0.028192448193784417,1.0,7.587761270496278e-06,0.2177299305789999,"B"
"MULE-10277","Task","2016-08-17T14:26:08.000-0500",False,0.00810070422179511,0.0,3.720528164754386e-05,0.0726611933512178,"B"
"MULE-11710","Task","2017-02-07T12:25:43.000-0600",False,0.06621177068168185,0.0,6.283985919039049e-06,0.4048655345177863,"B"
"MULE-15087","Bug","2018-05-28T12:32:24.000-0500",False,0.01912442978925106,0.0,9.193425133484636e-06,0.15758337719238216,"B"
"MULE-14436","Task","2018-01-12T09:20:26.000-0600",False,0.03840762450199713,1.0,7.173922932749781e-06,0.277043286088542,"B"
"MULE-14188","Bug","2017-12-07T13:38:50.000-0600",True,0.1387995094765306,1.0,1.0,0.6072726426106088,"B"
"MULE-13175","Story","2017-07-24T13:59:07.000-0500",False,0.09813340591861403,0.0,4.028576208013503e-05,0.5107534116146292,"B"
"MULE-8023","Improvement","2014-11-06T06:31:19.000-0600",False,0.12264757149933435,0.0,7.826111302142046e-05,0.5728687409981752,"B"
"MULE-10547","Task","2016-09-14T15:03:20.000-0500",False,0.00951037161307696,1.0,3.731995292796928e-06,0.08435015406607595,"B"
"MULE-11679","New Feature","2017-02-07T07:58:20.000-0600",False,0.0445384992473837,0.0,1.0135650176603534e-05,0.30902500243077863,"B"
"MULE-15255","Bug","2018-07-02T09:03:00.000-0500",False,0.07028142730318246,0.0,0.0004418922286191795,0.4203795967879695,"B"
"MULE-12057","Task","2017-03-27T10:12:33.000-0500",False,0.10983039124234409,0.0,1.6794572632437147e-05,0.5420713659587252,"B"
"MULE-16554","Task","2019-03-13T10:05:12.000-0500",False,0.07513118939166853,0.0,0.001961708677562127,0.43800636736266135,"B"
"MULE-9990","Bug","2016-06-27T10:42:28.000-0500",False,0.03436577092142624,0.0,2.834704938145959e-06,0.2545359117319792,"B"
"MULE-11414","Task","2017-01-13T07:29:04.000-0600",False,0.04186256972121679,0.0,1.8793542106807914e-05,0.295370825528926,"B"
"MULE-15186","Task","2018-06-21T10:31:56.000-0500",False,0.023454067930182863,0.0,0.00030626302405992157,0.18727437461971633,"B"
"MULE-15632","Task","2018-08-31T12:06:01.000-0500",False,0.04785654179524837,0.0,0.016157672152755577,0.3253376361930324,"B"
"MULE-10546","Task","2016-09-14T15:02:35.000-0500",True,0.029493221160536327,0.0,3.3254301022913305e-07,0.2257443607571714,"B"
"MULE-7270","Bug","2014-01-31T12:33:45.000-0600",False,0.06794444076906284,0.0,0.04303148478971151,0.4115544539071522,"B"
"MULE-14763","Task","2018-03-19T16:55:27.000-0500",False,0.03918377163570964,0.0,6.274835210914334e-06,0.28123144335494776,"B"
"MULE-14603","Bug","2018-02-14T15:12:25.000-0600",True,0.04574583369691477,0.0,0.9815180195342565,0.3150379590680792,"B"
"MULE-12121","Improvement","2017-04-03T10:19:43.000-0500",False,0.0629352845472358,1.0,4.8054368290879596e-06,0.39186337425485746,"B"
"MULE-14320","Bug","2017-12-27T09:28:24.000-0600",False,0.023890000420929196,0.0,3.360367734495442e-07,0.1901622514760226,"B"
"MULE-10140","New Feature","2016-07-21T12:43:50.000-0500",False,0.04692793577571293,0.0,0.00024842163092587505,0.3208390978600618,"B"
"MULE-12925","Bug","2017-06-23T09:49:29.000-0500",False,0.015904761527162463,0.0,0.9999900284131299,0.13424388115435815,"B"
"MULE-10547","Task","2016-09-14T15:03:20.000-0500",False,0.00951037161307696,1.0,3.731995292796928e-06,0.08435015406607595,"B"
"MULE-9468","Task","2016-03-14T06:58:29.000-0500",False,0.0341714918446409,0.0,4.10909254696223e-05,0.253423608403563,"B"
"MULE-13028","Task","2017-07-11T03:42:40.000-0500",False,0.04943271970540422,0.0,5.275461738471787e-06,0.3328579109895962,"B"
"MULE-7237","Task","2014-01-15T09:09:47.000-0600",False,0.03729027789253957,0.0,2.0250673082602563e-06,0.27093968418147074,"B"
"MULE-13850","Enhancement Request","2017-10-20T13:07:22.000-0500",False,0.019481983724156705,0.0,3.155842762267711e-05,0.1601070429320118,"B"
"MULE-10398","Task","2016-08-30T12:07:20.000-0500",False,0.04017007570282664,0.0,0.005321388510855408,0.28649369957081994,"B"
"MULE-10121","Improvement","2016-07-21T09:04:42.000-0500",False,0.039537261058118174,0.0,6.38706706697831e-06,0.28312508120977414,"B"
"MULE-7269","Task","2014-01-31T12:10:59.000-0600",False,0.018088188405748266,0.0,1.3342313501988883e-06,0.150193616996422,"B"
"MULE-15361","Bug","2018-07-16T08:35:41.000-0500",False,0.04087702857509803,0.0,1.0245519916417286e-06,0.29022490664012174,"B"
"MULE-15081","Bug","2018-05-24T12:28:17.000-0500",False,0.015472708754360007,0.0,3.438175473858655e-06,0.13102515834044023,"B"
"MULE-14062","Bug","2017-11-14T12:13:35.000-0600",False,0.015100542066472584,0.0,0.22617577215764895,0.12823561531889552,"B"
"MULE-8233","Task","2015-01-16T09:00:59.000-0600",False,0.042551218325143934,1.0,3.651182139198898e-06,0.29892866251282585,"B"
"MULE-15284","Enhancement Request","2018-07-04T10:54:11.000-0500",False,0.045070242281782795,0.0,0.0014453722409772977,0.3116843558788818,"B"
"MULE-9901","Improvement","2016-06-13T10:11:27.000-0500",True,0.2869406818514337,1.0,0.9999999999897682,0.7942718180146232,"B"
"MULE-9709","Bug","2016-05-16T12:34:55.000-0500",True,0.01993362716009526,1.0,8.346539071457631e-06,0.1632758789347059,"B"
"MULE-10760","Task","2016-10-13T09:28:34.000-0500",False,0.010305587526361484,1.0,1.7650369244707037e-05,0.09082930009178622,"B"
"MULE-7620","Improvement","2014-05-21T11:15:14.000-0500",False,0.015576090272753265,0.0,4.257448259881655e-05,0.1317972524718369,"B"
"MULE-13118","Task","2017-07-18T13:43:47.000-0500",False,0.03516343040081906,0.0,0.00025613330417495413,0.2590728436386462,"B"
"MULE-8151","Bug","2014-12-11T14:25:09.000-0600",False,0.0511816414115333,0.0,2.541653293933646e-05,0.34103677235483354,"B"
"MULE-14861","Bug","2018-04-06T12:19:58.000-0500",False,0.04239218731399429,0.0,0.003170850297543794,0.29810978510912134,"B"
"MULE-10262","Task","2016-08-17T13:11:55.000-0500",False,0.025010322255353604,1.0,8.339279880223981e-05,0.1975022296767624,"B"
"MULE-13002","Task","2017-07-05T14:11:20.000-0500",False,0.05467159463732887,0.0,0.005168630624210569,0.3568576654503851,"B"
"MULE-14926","Task","2018-04-23T12:28:40.000-0500",False,0.09276146331022476,0.0,6.820868770939999e-06,0.49519637980949693,"B"
"MULE-13893","Task","2017-10-26T16:43:48.000-0500",False,0.04333901535485775,0.0,3.02645311139588e-06,0.30296111115495683,"B"
"MULE-11400","Task","2017-01-12T07:55:34.000-0600",True,0.13622995527697493,1.0,0.012150281569673842,0.6020937586442596,"B"
"MULE-13258","Task","2017-08-03T11:41:30.000-0500",False,0.013766068810629062,0.0,1.2041058741133008e-05,0.11810199999019433,"B"
"MULE-9820","Improvement","2016-06-04T19:41:59.000-0500",False,0.09616331086758313,0.0,0.9227493382934168,0.5051393844651026,"B"
"MULE-12635","Bug","2017-05-29T15:01:50.000-0500",False,0.032907180321481495,0.0,0.0011690909755887506,0.24611432910831543,"B"
"MULE-11496","Improvement","2017-01-23T13:26:02.000-0600",True,0.041078971678709365,1.0,0.1111240704567382,0.2912845834386583,"B"
"MULE-13512","Task","2017-09-12T06:59:21.000-0500",False,0.07514994101259605,1.0,3.2545094566410794e-06,0.43807278871436856,"B"
"MULE-14607","Bug","2018-02-16T13:05:46.000-0600",False,0.048771305700825045,0.0,1.0,0.32971964817644417,"B"
"MULE-7414","Improvement","2014-03-06T10:53:00.000-0600",False,0.08210533883293628,0.0,0.0018072700114502114,0.4618441907526297,"B"
"MULE-14961","Task","2018-05-03T05:59:57.000-0500",False,0.043426358764338466,0.0,0.5240966595581628,0.3034057418761312,"B"
"MULE-11356","Task","2017-01-05T14:57:29.000-0600",False,0.04439908786997067,0.0,1.532371552160305e-06,0.30832486730945147,"B"
"MULE-10543","Task","2016-09-14T14:56:58.000-0500",False,0.05084306211419409,0.0,1.0154281358324402e-05,0.33946675644898083,"B"
"MULE-12954","Bug","2017-06-27T14:55:05.000-0500",False,0.035572335921021686,0.0,3.5466294790183355e-05,0.26138014831150785,"B"
"MULE-15141","Bug","2018-06-07T16:37:57.000-0500",False,0.032705891597345604,0.0,0.18189853612976106,0.24493919058789093,"B"
"MULE-10449","Task","2016-09-01T12:06:15.000-0500",False,0.016263366682132012,1.0,1.1214559093440426e-06,0.13689950395046083,"B"
"MULE-13584","Task","2017-09-20T14:14:56.000-0500",False,0.05963079953805991,1.0,3.6182046449693685e-06,0.3782597429871796,"B"
"MULE-9925","Improvement","2016-06-15T09:34:00.000-0500",False,0.02243938305890603,0.0,6.703862836665921e-06,0.18048224394394938,"B"
"MULE-13364","Bug","2017-08-22T16:46:48.000-0500",False,0.02727040790566451,0.0,1.8626174679481245e-06,0.21196106006720486,"B"
"MULE-13253","Task","2017-08-03T10:54:29.000-0500",False,0.01219535793099709,0.0,1.5093232516202777e-07,0.10590491036531656,"B"
"MULE-11236","New Feature","2016-12-19T15:41:54.000-0600",False,0.027058622087398395,0.0,0.014145726099914999,0.2106255175037689,"B"
"MULE-11779","Task","2017-02-09T08:15:40.000-0600",True,0.12930851385298162,1.0,0.00013941757162155453,0.587604793424578,"B"
"MULE-13704","Bug","2017-10-03T14:15:06.000-0500",False,0.03710240676793309,0.0,5.118849243683258e-07,0.26990469337772277,"B"
"MULE-11682","Task","2017-02-07T08:48:28.000-0600",True,0.03448838059107667,0.0,6.535766040369556e-06,0.2552364125171832,"B"
"MULE-7870","Improvement","2014-09-11T09:57:37.000-0500",False,0.01962852439991571,0.0,6.817982742744873e-06,0.16113751341650068,"B"
"MULE-14532","Bug","2018-01-23T12:24:29.000-0600",True,0.03340809448214407,1.0,8.536459181486495e-06,0.2490249917265741,"B"
"MULE-11123","Bug","2016-12-01T10:30:45.000-0600",False,0.010976636376499305,0.0,4.892916162574715e-06,0.0962338170497681,"B"
"MULE-10823","Task","2016-10-21T09:52:01.000-0500",False,0.09092260670422535,1.0,7.894296741930214e-05,0.489685835493718,"B"
"MULE-9587","Task","2016-04-15T12:21:46.000-0500",True,0.12633478908913007,0.0,0.020978269054118703,0.581125951395352,"B"
"MULE-7716","New Feature","2014-07-03T09:41:35.000-0500",False,0.021425009042778897,0.0,0.00013766500688385541,0.1735922001792957,"B"
"MULE-14271","Enhancement Request","2017-12-15T15:32:39.000-0600",False,0.02557950366787627,1.0,6.0234631113069035e-06,0.20118693002985524,"B"
"MULE-13030","Bug","2017-07-11T10:39:45.000-0500",False,0.10620393453441347,0.0,1.0,0.5327138427954676,"B"
"MULE-8603","Bug","2015-05-14T08:58:25.000-0500",False,0.021064409280195862,0.0,0.0003631524947301575,0.17111835204140802,"B"
"MULE-12500","Task","2017-05-17T12:48:52.000-0500",False,0.011075930729898192,0.0,1.0719767113617288e-07,0.09702868318475912,"B"
"MULE-16174","Task","2018-12-05T09:05:17.000-0600",False,0.03868021868896495,0.0,0.0005345232270250309,0.2785190054980782,"B"
"MULE-7067","Task","2013-10-21T07:59:16.000-0500",False,0.026615537949137152,0.0,9.420185450382162e-06,0.20781858641556553,"B"
"MULE-14431","Bug","2018-01-11T14:41:54.000-0600",False,0.03548317409662507,0.0,2.0481650343512643e-06,0.26087810010072937,"B"
"MULE-13428","Task","2017-08-31T07:39:15.000-0500",False,0.05448852451956722,0.0,7.963339881296091e-05,0.35604382315067257,"B"
"MULE-9164","Task","2015-11-30T10:53:46.000-0600",False,0.09774863979465162,0.0,0.00028470888377324995,0.5096650918915172,"B"
"MULE-15095","Enhancement Request","2018-05-31T14:37:49.000-0500",False,0.06678691070629257,0.0,2.704937999546947e-05,0.4070998778863051,"B"
"MULE-12472","Improvement","2017-05-15T08:40:07.000-0500",False,0.03280301594123464,0.0,0.003741020930163003,0.2455066056912636,"B"
"MULE-12767","Improvement","2017-06-12T12:41:30.000-0500",False,0.02640040466656602,0.0,1.7043702328946368e-06,0.20644943663423238,"B"
"MULE-9465","Bug","2016-03-13T08:39:02.000-0500",True,0.039135261221163925,1.0,0.9938405148967986,0.2809709018995537,"B"
"MULE-12202","Task","2017-04-11T12:09:44.000-0500",False,0.07977168785728796,0.0,0.0005460328088671913,0.45405643811675994,"B"
"MULE-11689","Task","2017-02-07T09:09:20.000-0600",False,0.04603451577532499,0.0,1.3488107417506986e-06,0.3164624538910181,"B"
"MULE-11400","Task","2017-01-12T07:55:34.000-0600",True,0.13622995527697493,1.0,0.012150281569673842,0.6020937586442596,"B"
"MULE-14510","Enhancement Request","2018-01-18T14:25:53.000-0600",False,0.01139073471936414,0.0,0.0003984680063026253,0.09954056735719709,"B"
"MULE-14006","Bug","2017-11-08T09:34:03.000-0600",False,0.11790900998754693,0.0,0.028358915914008676,0.5618754714554517,"B"
"MULE-15902","Task","2018-10-23T14:05:31.000-0500",False,0.039888460188709424,0.0,0.0005375447753137179,0.2849979647985143,"B"
"MULE-11756","Improvement","2017-02-07T19:34:27.000-0600",False,0.03208742702076549,0.0,0.0037443792410220473,0.2413086095106348,"B"
"MULE-7292","Bug","2014-02-06T08:07:11.000-0600",False,0.02262655470651409,0.0,4.075064926777928e-05,0.18174259938168,"B"
"MULE-15579","Bug","2018-08-21T11:52:48.000-0500",True,0.09212868245979824,1.0,0.480403074929208,0.49331108049628464,"B"
"MULE-9840","Task","2016-06-07T10:02:36.000-0500",False,0.02680672682002647,0.0,9.011977221365203e-06,0.20903189597338148,"B"
"MULE-7128","New Feature","2013-11-19T11:04:24.000-0600",False,0.0278022548335348,0.0,0.00817379396228854,0.21529763938427007,"B"
"MULE-12233","Task","2017-04-17T15:45:43.000-0500",False,0.011356993769121918,0.0,0.007446152664351083,0.09927193403667957,"B"
"MULE-8483","Bug","2015-04-15T06:33:46.000-0500",False,0.028276470009206363,0.0,5.6431800167115146e-05,0.21825196781492429,"B"
"MULE-9281","Task","2016-01-07T06:19:40.000-0600",False,0.05416483126258712,0.0,1.795970895376374e-05,0.3546005611225044,"B"
"MULE-7457","Improvement","2014-03-21T10:51:34.000-0500",False,0.0426587027604465,1.0,1.658199576402089e-06,0.2994811903282047,"B"
"MULE-10642","Bug","2016-09-26T22:09:16.000-0500",False,0.06890718748788363,0.0,1.252495442782574e-05,0.4152170342826116,"B"
"MULE-14061","Task","2017-11-14T10:53:42.000-0600",False,0.047865355192545506,1.0,0.00017000156554077776,0.3253800880927973,"B"
"MULE-11331","Bug","2017-01-03T13:30:31.000-0600",False,0.07755725853932474,0.0,1.616201504346683e-05,0.4464932238609194,"B"
"MULE-10791","Improvement","2016-10-17T15:46:38.000-0500",False,0.05407180059256238,1.0,0.0007842129474033276,0.3541847478978269,"B"
"MULE-7876","Task","2014-09-11T11:26:56.000-0500",False,0.028422400602916308,0.0,4.317359025157686e-06,0.21915721135894511,"B"
"MULE-11765","Bug","2017-02-08T13:58:58.000-0600",True,0.10649295418851049,1.0,1.0,0.5334707830788639,"B"
"MULE-11016","Bug","2016-11-18T11:25:33.000-0600",False,0.03317963621024004,0.0,4.204483307057828e-06,0.2476999076277006,"B"
"MULE-14795","Task","2018-03-23T16:30:38.000-0500",False,0.07163458483109346,0.0,1.507122184273746e-05,0.4253892104875134,"B"
"MULE-12533","Bug","2017-05-22T07:09:11.000-0500",False,0.030068569477401948,0.0,2.0082104455882253e-05,0.22924382475386773,"B"
"MULE-12448","Bug","2017-05-11T11:12:57.000-0500",False,0.03803903038039942,0.0,0.00754193836773912,0.27503957345480995,"B"
"MULE-9704","Task","2016-05-12T11:26:27.000-0500",False,0.024675922891413696,0.0,1.2333281720852596e-05,0.19532356447900862,"B"
"MULE-9060","Task","2015-11-16T07:28:28.000-0600",False,0.025134592682457966,0.0,0.2220172044717856,0.19830924674638917,"B"
"MULE-12872","Enhancement Request","2017-06-20T09:13:58.000-0500",True,0.03103944047762356,0.0,0.0006951543507287126,0.23508704590801646,"B"
"MULE-15583","Bug","2018-08-22T12:18:03.000-0500",False,0.015347255960006224,0.0,1.3150723539084188e-07,0.13008659927855018,"B"
"MULE-11278","Task","2016-12-26T05:49:40.000-0600",False,0.08770650419067161,0.0,0.0001070182811346728,0.4798093249581846,"B"
"MULE-8202","Bug","2015-01-05T11:57:31.000-0600",False,0.03477375126186746,0.0,0.00035249958052777834,0.2568624077674287,"B"
"MULE-14272","Enhancement Request","2017-12-15T16:45:30.000-0600",False,0.02379469528132652,0.0,0.0007233442915471625,0.18953242784015797,"B"
"MULE-11247","Improvement","2016-12-21T15:40:37.000-0600",False,0.07796454974203335,0.0,0.0004506481653028436,0.4478972324273199,"B"
"MULE-8606","Bug","2015-05-14T12:07:43.000-0500",True,0.040599702884054775,1.0,0.2089538494795291,0.288765223470745,"B"
"MULE-11507","Task","2017-01-25T08:10:28.000-0600",False,0.017389225278268056,0.0,0.01214241881301258,0.14514442487917503,"B"
"MULE-9667","Bug","2016-05-05T12:47:27.000-0500",False,0.03208161377143115,0.0,0.006094849199110339,0.2412743403942907,"B"
"MULE-15147","Bug","2018-06-08T13:51:29.000-0500",False,0.05245966827991742,0.0,0.0016291442823646394,0.34690632171574826,"B"
"MULE-13637","Enhancement Request","2017-09-27T18:27:47.000-0500",False,0.02635211358416996,1.0,0.000944077519381277,0.2061415355541101,"B"
"MULE-12941","Bug","2017-06-27T06:22:51.000-0500",False,0.04132870534758238,1.0,2.17783442972796e-06,0.2925912829158296,"B"
"MULE-12365","Task","2017-05-02T12:41:05.000-0500",False,0.045083441831594795,0.0,6.878031597404879e-06,0.31175014664364264,"B"
"MULE-15189","Task","2018-06-21T11:15:33.000-0500",False,0.04486524733022933,0.0,3.0569168253567584e-05,0.310661212857951,"B"
"MULE-11279","Task","2016-12-26T06:58:03.000-0600",False,0.07861901115626568,0.0,1.9888000794629665e-05,0.45014099729304063,"B"
"MULE-11339","Task","2017-01-04T13:10:37.000-0600",False,0.057815321614852325,0.0,0.00011817894448998448,0.3705662340583982,"B"
"MULE-16473","Task","2019-02-13T18:59:55.000-0600",True,0.09395684297020912,1.0,0.000821300704225771,0.4987269205625317,"B"
"MULE-7314","Bug","2014-02-11T14:01:47.000-0600",False,0.05575762514253,0.0,0.006953158785886501,0.3616500390009811,"B"
"MULE-10912","Enhancement Request","2016-11-08T15:05:27.000-0600",False,0.05038257841034389,1.0,0.0008109001790783434,0.33732122837088285,"B"
"MULE-11162","Improvement","2016-12-07T14:16:18.000-0600",False,0.04636760743996543,0.0,0.47965960635869054,0.31809980642462227,"B"
"MULE-10647","Bug","2016-09-27T15:27:18.000-0500",True,0.0588811211328975,1.0,0.24782779418206494,0.37510212889730166,"B"
"MULE-11566","Improvement","2017-01-30T11:51:21.000-0600",False,0.07743687852405541,1.0,5.471775447392654e-06,0.4460771216439331,"B"
"MULE-13654","Task","2017-09-28T12:06:01.000-0500",False,0.04013660711999648,0.0,1.03729125486114e-06,0.28631622090886727,"B"
"MULE-12873","Task","2017-06-20T09:22:30.000-0500",False,0.031645647264352726,1.0,2.232304425193582e-06,0.23869664561874626,"B"
"MULE-10210","Task","2016-08-05T16:02:13.000-0500",False,0.013259414301023295,0.0,0.0006660096721767428,0.11419995804426701,"B"
"MULE-12960","Bug","2017-06-28T09:12:07.000-0500",False,0.08397635851984211,0.0,0.06849613528688704,0.4679570229923161,"B"
"MULE-8273","Task","2015-01-27T10:25:43.000-0600",False,0.020357296152410845,1.0,2.4767788564544824e-06,0.16622940796513852,"B"
"MULE-11212","Bug","2016-12-15T16:29:00.000-0600",False,0.051607508390959865,0.0,0.9917365137028502,0.34300255971161886,"B"
"MULE-12713","Bug","2017-06-07T09:33:59.000-0500",False,0.03173150292273553,0.0,6.043549728812016e-05,0.23920547576291298,"B"
"MULE-13937","Bug","2017-11-01T15:34:25.000-0500",False,0.019971863411755435,0.0,2.3727759002388424e-05,0.1635431894160136,"B"
"MULE-15458","Bug","2018-07-27T09:45:58.000-0500",True,0.03568474172864415,1.0,0.0009232470905354345,0.2620122385545355,"B"
"MULE-12509","Task","2017-05-18T10:41:55.000-0500",False,0.029133207783023047,0.0,2.3381584955410226e-07,0.2235405592812622,"B"
"MULE-7460","Improvement","2014-03-26T00:59:06.000-0500",False,0.038083468108426416,0.0,0.036079152871244226,0.27528164818943984,"B"
"MULE-13371","Bug","2017-08-23T12:00:53.000-0500",False,0.011403873514696449,0.0,0.00031945479377911334,0.09964513534058271,"B"
"MULE-11238","Improvement","2016-12-19T16:03:45.000-0600",False,0.059393594473901835,0.0,0.9694975767986457,0.37726355845057014,"B"
"MULE-12983","Bug","2017-07-03T13:33:45.000-0500",False,0.011926241616295545,0.0,1.2384704717284038e-07,0.10378516186192069,"B"
"MULE-9494","Task","2016-03-17T11:15:54.000-0500",False,0.04349292590372817,0.0,4.6647809897300655e-06,0.3037442825559443,"B"
"MULE-15484","Task","2018-08-01T08:16:12.000-0500",False,0.02486385163898465,0.0,0.032282877948796085,0.1965492201436012,"B"
"MULE-10931","Task","2016-11-10T07:05:45.000-0600",False,0.008429717629151422,1.0,1.337067586988114e-06,0.07541299817871258,"B"
"MULE-14521","Bug","2018-01-22T08:01:29.000-0600",False,0.025263894422883734,0.0,1.0646038571362457e-06,0.19914743390332032,"B"
"MULE-10254","Bug","2016-08-16T12:15:31.000-0500",False,0.09760942742121374,0.0,5.33003454509545e-05,0.50927036224792,"B"
"MULE-15413","Task","2018-07-20T12:58:31.000-0500",False,0.02247641670838053,0.0,0.002295110870084889,0.1807318866545362,"B"
"MULE-7145","Task","2013-11-22T13:33:24.000-0600",False,0.01760870878574125,0.0,4.443723915558228e-08,0.14673561155513162,"B"
"MULE-15857","Task","2018-10-16T14:31:04.000-0500",True,0.040552164544142906,0.0,9.252341342024219e-07,0.28851449090938425,"B"
"MULE-8076","Task","2014-11-20T09:19:51.000-0600",False,0.10564552395703752,0.0,6.543362958785786e-05,0.53124578717191,"B"
"MULE-11344","Task","2017-01-05T10:02:07.000-0600",False,0.10541292136131641,1.0,5.637589744854749e-06,0.5306320962173258,"B"
"MULE-14920","Bug","2018-04-20T16:11:25.000-0500",False,0.016642983653556282,0.0,0.9999575539720845,0.13969512437001388,"B"
"MULE-13264","Bug","2017-08-04T10:06:53.000-0500",False,0.035313197117839666,0.0,0.00013130676088192448,0.2599193664544424,"B"
"MULE-10065","Bug","2016-07-11T10:17:06.000-0500",False,0.033968753969620485,0.0,2.759044591300833e-06,0.2522598104987127,"B"
"MULE-14720","Enhancement Request","2018-03-14T08:52:27.000-0500",True,0.01762648470665352,0.0,0.016397631693996818,0.14686425321013347,"B"
"MULE-11831","Task","2017-02-14T15:43:07.000-0600",False,0.03947147352126844,1.0,3.578054386417081e-05,0.28277330896863634,"B"
"MULE-13778","Bug","2017-10-12T11:33:43.000-0500",False,0.030840309811401696,0.0,0.9999574987704882,0.23389485447063427,"B"
"MULE-8486","Improvement","2015-02-03T13:44:19.000-0600",False,0.017665858920797892,0.0,6.9541141723023e-05,0.14714907694521423,"B"
"MULE-8019","Improvement","2014-11-06T06:07:04.000-0600",False,0.031246077263574253,0.0,0.010654451560358212,0.23632077542346971,"B"
"MULE-15289","Bug","2018-07-04T11:13:06.000-0500",False,0.03215554577444483,0.0,5.645151158790129e-07,0.2417099697959428,"B"
"MULE-15530","Bug","2018-08-10T08:27:27.000-0500",True,0.014745195764023031,0.0,0.001051279399129116,0.1255573679628709,"B"
"MULE-16006","Bug","2018-11-02T10:35:27.000-0500",False,0.024187352584558796,0.0,0.00013022075276199644,0.19212181206482903,"B"
"MULE-10208","Task","2016-08-05T10:12:28.000-0500",False,0.02680486983249654,1.0,7.626531037204305e-06,0.20902012687307653,"B"
"MULE-14659","Task","2018-02-28T19:58:50.000-0600",False,0.022432702236967014,0.0,7.064110301398472e-05,0.18043719454074933,"B"
"MULE-7885","New Feature","2014-09-17T13:12:05.000-0500",False,0.024272468971377276,0.0,1.1376090997461517e-05,0.1926812063454484,"B"
"MULE-9987","Task","2016-06-27T09:56:42.000-0500",False,0.06285555109075182,0.0,8.549198805351232e-06,0.3915410404768542,"B"
"MULE-15821","Task","2018-10-10T11:03:56.000-0500",True,0.07508721310072307,1.0,0.4308082663386092,0.43785054500633896,"B"
"MULE-11574","Bug","2017-01-31T08:26:06.000-0600",False,0.05514924903126979,0.0,0.9999999999753868,0.35897290831001316,"B"
"MULE-14315","Task","2017-12-26T10:55:07.000-0600",False,0.07094696212651865,1.0,1.755357705748055e-05,0.4228525625570759,"B"
"MULE-15497","Task","2018-08-03T12:30:43.000-0500",False,0.02572527345010644,0.0,0.03823842919807346,0.20212584900014857,"B"
"MULE-11799","Improvement","2017-02-10T15:25:01.000-0600",True,0.14869179315641096,1.0,0.8856240138026358,0.6262729263995453,"B"
"MULE-9545","Improvement","2016-04-05T13:59:00.000-0500",False,0.044986885273117734,0.0,5.217996942651301e-05,0.31126862932767907,"B"
"MULE-13878","Bug","2017-10-25T10:24:00.000-0500",False,0.03285371831192443,0.0,0.8622381068547135,0.24580252314522283,"B"
"MULE-12386","Bug","2017-05-03T16:30:40.000-0500",False,0.02487963651769153,0.0,0.7022593399731145,0.1966520193232091,"B"
"MULE-13852","Task","2017-10-21T09:00:32.000-0500",False,0.016144329329849015,0.0,1.4186606426544922e-06,0.1360195758475511,"B"
"MULE-12476","Task","2017-05-15T10:01:13.000-0500",False,0.13842669287837814,0.0,3.891407699979296e-05,0.6065277169502298,"B"
"MULE-7202","Task","2013-12-30T12:19:09.000-0600",False,0.026300496962359823,0.0,7.881138859882528e-07,0.20581220054989102,"B"
"MULE-9280","Task","2016-01-07T06:17:03.000-0600",True,0.03288468871781653,0.0,9.022736389056372e-06,0.24598317876669934,"B"
"MULE-10926","Task","2016-11-10T04:55:26.000-0600",False,0.0252340283734105,0.0,1.9660806723108544e-05,0.19895396582767721,"B"
"MULE-11654","New Feature","2017-02-06T14:34:17.000-0600",False,0.024230215778615668,1.0,1.4974747454063567e-06,0.1924035983675636,"B"
"MULE-12850","Bug","2017-06-18T08:43:32.000-0500",False,0.04725649074547777,0.0,1.3734900906511834e-05,0.3224365866690669,"B"
"MULE-12061","Task","2017-03-27T12:39:09.000-0500",False,0.08408539910832247,0.0,3.503581819873612e-06,0.46830975171890576,"B"
"MULE-11701","Task","2017-02-07T10:10:56.000-0600",False,0.043608581147675234,1.0,1.9191797423670988e-06,0.30433180071751054,"B"
"MULE-10510","Improvement","2016-09-09T09:52:47.000-0500",False,0.040110597611810385,0.0,9.467935252472732e-05,0.28617824412445647,"B"
"MULE-13946","Bug","2017-11-02T13:33:12.000-0500",False,0.034424606185734466,0.0,0.002673564252237708,0.2548721950022251,"B"
"MULE-10235","Improvement","2016-08-11T13:09:34.000-0500",False,0.025875931684532935,0.0,0.00015976935577221606,0.20309423260249707,"B"
"MULE-7473","Task","2014-03-27T10:17:26.000-0500",False,0.043697846051710856,1.0,4.601782519688515e-06,0.3047846777777035,"B"
"MULE-12588","New Feature","2017-05-24T15:51:59.000-0500",False,0.027802341285943468,0.0,1.737590412098507e-05,0.21529817974830318,"B"
"MULE-11404","Improvement","2017-01-12T08:35:09.000-0600",False,0.07245750066683358,1.0,1.4323899122056532e-05,0.4284006700442187,"B"
"MULE-10216","New Feature","2016-08-08T10:21:46.000-0500",False,0.14971050915284548,0.0,4.655438907636293e-05,0.6281493526287146,"B"
"MULE-14959","Task","2018-05-03T05:46:55.000-0500",False,0.023093176798907045,0.0,0.003439380505033787,0.18486995565776215,"B"
"MULE-15285","Bug","2018-07-04T10:56:55.000-0500",False,0.011212839191865071,0.0,1.0255127431445446e-05,0.09812262663115914,"B"
"MULE-11491","Bug","2017-01-20T17:35:59.000-0600",False,0.0696289820378837,1.0,5.922081498167856e-05,0.41793808880746586,"B"
"MULE-9771","Task","2016-05-27T16:04:53.000-0500",False,0.015950167895259663,1.0,1.197464292803088e-05,0.13458093048770758,"B"
"MULE-13953","Bug","2017-11-03T11:43:04.000-0500",False,0.043806880099989225,0.0,0.1269066280243581,0.3053371668414686,"B"
"MULE-10633","New Feature","2016-09-26T11:26:28.000-0500",False,0.02893573552201393,1.0,2.5191266466044417e-05,0.22232710584666573,"B"
"MULE-14735","Bug","2018-03-14T16:41:35.000-0500",True,0.06836103653362928,1.0,3.235406691095048e-05,0.41314399637766414,"B"
"MULE-12116","Bug","2017-04-02T13:00:00.000-0500",False,0.030591729356417192,0.0,4.142435200304392e-06,0.23240207385757616,"B"
"MULE-11284","Task","2016-12-26T13:08:59.000-0600",False,0.190168182089449,0.0,0.8088741595147979,0.6925869074710943,"B"
"MULE-11016","Bug","2016-11-18T11:25:33.000-0600",False,0.03317963621024004,0.0,4.204483307057828e-06,0.2476999076277006,"B"
"MULE-12561","Task","2017-05-23T08:34:12.000-0500",True,0.033523361509679175,0.0,0.0008825868740552221,0.24969202043711036,"B"
"MULE-10554","Task","2016-09-14T17:40:43.000-0500",False,0.021213740285814155,0.0,0.0002313352318797682,0.17214439141217347,"B"
"MULE-9861","New Feature","2016-06-09T08:58:40.000-0500",False,0.035004659044096546,0.0,0.0002176810458767012,0.258173594805742,"B"
"MULE-11553","Improvement","2017-01-28T08:03:05.000-0600",False,0.024554430988080786,0.0,8.639420859684759e-05,0.19452946448874833,"B"
"MULE-15301","Bug","2018-07-05T11:28:10.000-0500",False,0.03162622542046377,0.0,1.0564652518078216e-05,0.23858145868417596,"B"
"MULE-12025","Task","2017-03-22T08:44:54.000-0500",False,0.0137266081455672,0.0,5.183771129125179e-06,0.11779918187210718,"B"
"MULE-11495","Task","2017-01-23T11:30:58.000-0600",False,0.03725564241226724,0.0,0.12103144661862289,0.2707490660418767,"B"
"MULE-10194","Task","2016-08-03T15:53:27.000-0500",False,0.019821310860536213,0.0,0.002761158013910864,0.16248980511500594,"B"
"MULE-12309","New Feature","2017-04-26T09:37:23.000-0500",False,0.06562820992263256,1.0,9.029078008741014e-06,0.4025840433806391,"B"
"MULE-15848","Bug","2018-10-12T16:20:27.000-0500",False,0.01842089607428304,0.0,1.3154930197972947e-06,0.15257864407529545,"B"
"MULE-15502","Bug","2018-08-03T15:22:03.000-0500",False,0.01935389356143191,0.0,6.645175996123915e-05,0.1592044932626584,"B"
"MULE-11808","Task","2017-02-10T18:18:37.000-0600",True,0.1461076188609716,1.0,0.00018001668718110327,0.6214476606509493,"B"
"MULE-11167","Improvement","2016-12-08T08:07:36.000-0600",False,0.055006506487515414,0.0,0.028481274871181718,0.35834202319372344,"B"
"MULE-15129","Bug","2018-06-06T21:47:45.000-0500",False,0.07352953878767972,0.0,0.8644884796032658,0.43228464201019773,"B"
"MULE-7145","Task","2013-11-22T13:33:24.000-0600",False,0.01760870878574125,0.0,4.443723915558228e-08,0.14673561155513162,"B"
"MULE-11459","New Feature","2017-01-18T16:13:09.000-0600",True,0.07150533678551686,1.0,0.00013255501162630988,0.4249138301459617,"B"
"MULE-7510","Bug","2014-04-14T08:04:25.000-0500",False,0.032851979270435025,0.0,0.03355615849682706,0.2457923767979819,"B"
"MULE-10548","Task","2016-09-14T15:04:02.000-0500",False,0.08978530404850898,1.0,1.7939496622593556e-05,0.48622844903866436,"B"
"MULE-11494","Task","2017-01-23T09:26:45.000-0600",False,0.026050622296073394,0.0,5.472861520155551e-06,0.20421452344069024,"B"
"MULE-14365","Task","2018-01-03T20:19:06.000-0600",False,0.04385256163615374,0.0,7.033488692131918e-05,0.3055684173229856,"B"
"MULE-13244","Task","2017-08-02T15:09:03.000-0500",False,0.06510670941940891,0.0,1.1611499527178903e-05,0.40053276720030395,"B"
"MULE-14195","Enhancement Request","2017-12-12T08:27:44.000-0600",False,0.017673950011434885,0.0,2.9564929941744954e-05,0.14720758525042096,"B"
"MULE-14259","Bug","2017-12-14T08:54:46.000-0600",False,0.037891383445744525,0.0,2.006059139116768e-06,0.2742342644802682,"B"
"MULE-16689","Bug","2019-04-09T16:14:41.000-0500",False,0.018194480642460275,0.0,1.270670206722484e-06,0.15095685895610833,"B"
"MULE-11141","Task","2016-12-05T07:17:12.000-0600",True,0.01860307494270009,0.0,0.0010762595216612953,0.1538796176131946,"B"
"MULE-15686","Task","2018-09-11T22:47:22.000-0500",True,0.043154467763724356,1.0,6.626349579730901e-05,0.3020200511008856,"B"
"MULE-6998","Bug","2013-09-01T15:23:32.000-0500",False,0.01664467387858087,0.0,2.7253942098114447e-06,0.1397075360403977,"B"
"MULE-9820","Improvement","2016-06-04T19:41:59.000-0500",False,0.09616331086758313,0.0,0.9227493382934168,0.5051393844651026,"B"
"MULE-15413","Task","2018-07-20T12:58:31.000-0500",False,0.02247641670838053,0.0,0.002295110870084889,0.1807318866545362,"B"
"MULE-12959","Task","2017-06-28T06:28:52.000-0500",False,0.028097480920947934,0.0,4.4336726940373555e-05,0.21713915685192497,"B"
"MULE-11495","Task","2017-01-23T11:30:58.000-0600",False,0.03725564241226724,0.0,0.12103144661862289,0.2707490660418767,"B"
"MULE-15431","Bug","2018-07-24T13:17:55.000-0500",False,0.05219833509485156,1.0,4.4533455722037495e-05,0.3457133453756946,"B"
"MULE-13407","Task","2017-08-29T12:57:08.000-0500",False,0.054331550239388654,0.0,4.1885671547415715e-05,0.3553446002674243,"B"
"MULE-13634","Enhancement Request","2017-09-27T08:46:13.000-0500",False,0.011035467161929081,0.0,8.130741059623118e-07,0.09670491586395209,"B"
"MULE-7650","Bug","2014-06-04T10:51:14.000-0500",False,0.02353853633556135,0.0,1.2226680338365229e-05,0.18783534954160705,"B"
"MULE-12941","Bug","2017-06-27T06:22:51.000-0500",False,0.04132870534758238,1.0,2.17783442972796e-06,0.2925912829158296,"B"
"MULE-11212","Bug","2016-12-15T16:29:00.000-0600",False,0.051607508390959865,0.0,0.9917365137028502,0.34300255971161886,"B"
"MULE-7342","Bug","2014-02-18T08:40:29.000-0600",False,0.05651230467578042,0.0,0.00019487323532237403,0.3649447859625286,"B"
"MULE-11503","Task","2017-01-24T14:05:55.000-0600",False,0.06567991009805876,0.0,2.7503933982339725e-05,0.40278676112016903,"B"
"MULE-14585","Bug","2018-02-01T23:50:46.000-0600",False,0.06115777042833567,0.0,9.322277397224423e-06,0.3846087954720033,"B"
"MULE-13703","Bug","2017-10-03T12:37:46.000-0500",False,0.07596562857132519,0.0,0.9999988491863205,0.4409495534368061,"B"
"MULE-10344","Improvement","2016-08-23T15:43:41.000-0500",False,0.06812983083157846,0.0,0.03610955402417261,0.412262705676979,"B"
"MULE-10450","Task","2016-09-01T12:06:55.000-0500",False,0.025956406441595543,1.0,1.4634321241865278e-06,0.20361065885751098,"B"
"MULE-13247","Enhancement Request","2017-08-02T18:18:39.000-0500",False,0.06543097652523001,0.0,0.00021980398151397808,0.4018096270695378,"B"
"MULE-10582","Bug","2016-09-16T14:35:40.000-0500",False,0.03936765172592986,0.0,0.1326983850535137,0.2822175592749333,"B"
"MULE-15159","Bug","2018-06-12T12:40:01.000-0500",True,0.14120106246627243,0.0,0.020706520482413192,0.6120195018868112,"B"
"MULE-11652","New Feature","2017-02-06T14:25:51.000-0600",False,0.041974868985241394,0.0,7.164518245224513e-05,0.2959531208481117,"B"
"MULE-9867","New Feature","2016-06-09T10:12:01.000-0500",True,0.016312159533578077,0.0,0.00019440059021981083,0.13725972607927317,"B"
"MULE-14544","Enhancement Request","2018-01-25T13:39:40.000-0600",False,0.06355567865909956,0.0,1.8956621339876942e-05,0.3943616452827228,"B"
"MULE-11676","New Feature","2017-02-07T07:52:38.000-0600",False,0.049129277321135235,0.0,6.542991039788116e-05,0.3314212585728053,"B"
"MULE-15748","Bug","2018-09-26T11:35:47.000-0500",False,0.06285139780750425,0.0,0.0010460881436107593,0.3915242423823251,"B"
"MULE-14656","Story","2018-02-28T13:09:41.000-0600",False,0.08292915429902079,0.0,1.5862859659760855e-05,0.4645498319350709,"B"
"MULE-14124","Bug","2017-11-22T13:00:55.000-0600",False,0.015436708520978545,1.0,1.0639026318194019e-06,0.13075600999414236,"B"
"MULE-12904","Task","2017-06-22T11:57:40.000-0500",False,0.018678274236136695,0.0,0.023160214122445805,0.1544156063552183,"B"
"MULE-15381","Bug","2018-07-17T13:08:09.000-0500",False,0.054108726980066996,0.0,0.0001881690950295468,0.3543498497267824,"B"
"MULE-13226","Task","2017-07-31T10:04:07.000-0500",False,0.023726355421590087,1.0,0.0002012835795948158,0.18908027656531792,"B"
"MULE-12783","Task","2017-06-13T11:57:36.000-0500",False,0.08106052559480283,0.0,2.7732090854833115e-05,0.4583802509336727,"B"
"MULE-7771","Bug","2014-07-18T14:39:10.000-0500",False,0.06892265406758197,0.0,4.868900079205943e-06,0.41527556318855924,"B"
"MULE-15265","Task","2018-07-03T08:22:11.000-0500",True,0.03284786887754282,0.0,1.9242131542505633e-07,0.24576839398397465,"B"
"MULE-14721","Task","2018-03-14T09:35:55.000-0500",False,0.053738088594117425,1.0,3.3168361724589056e-06,0.3526894346479694,"B"
"MULE-6899","New Feature","2013-06-25T10:58:12.000-0500",False,0.016893595929533493,0.0,6.296646489623436e-07,0.14153198411531673,"B"
"MULE-9676","New Feature","2016-05-09T09:20:45.000-0500",True,0.046617156628241674,1.0,2.276852174617283e-05,0.31932211030601826,"B"
"MULE-14405","Task","2018-01-05T14:42:33.000-0600",False,0.032578409109005675,0.0,0.8372409551692545,0.2441932954405992,"B"
"MULE-12005","Bug","2017-03-20T07:43:18.000-0500",False,0.006928032503637561,0.0,1.05986111937098e-08,0.06273372595590539,"B"
"MULE-11689","Task","2017-02-07T09:09:20.000-0600",False,0.04603451577532499,0.0,1.3488107417506986e-06,0.3164624538910181,"B"
"MULE-11220","Improvement","2016-12-16T10:48:37.000-0600",False,0.02881648910737194,0.0,3.5178695452151245e-05,0.2215927462196688,"B"
"MULE-11196","Improvement","2016-12-14T10:04:16.000-0600",False,0.01985354326966171,0.0,4.809324660426019e-05,0.16271552435361877,"B"
"MULE-10926","Task","2016-11-10T04:55:26.000-0600",False,0.0252340283734105,0.0,1.9660806723108544e-05,0.19895396582767721,"B"
"MULE-11701","Task","2017-02-07T10:10:56.000-0600",False,0.043608581147675234,1.0,1.9191797423670988e-06,0.30433180071751054,"B"
"MULE-15267","Task","2018-07-03T11:45:40.000-0500",False,0.032356041784853996,0.0,2.8440029577815913e-05,0.24288917199965063,"B"
"MULE-16204","Task","2018-12-12T14:48:48.000-0600",False,0.018972627867241614,1.0,1.4760243089645332e-06,0.1565079052851676,"B"
"MULE-12706","Task","2017-06-06T14:57:37.000-0500",False,0.03395059537897058,1.0,0.00034431820879401683,0.25215541960864024,"B"
"MULE-6845","Story","2013-05-22T01:45:12.000-0500",False,0.046463477470694715,0.0,6.491717988756714e-07,0.31856982563973835,"B"
"MULE-8411","Bug","2015-03-19T09:01:46.000-0500",False,0.031026051748756552,0.0,4.458074981080278e-06,0.23500698886808793,"B"
"MULE-9870","Improvement","2016-06-09T10:37:50.000-0500",True,0.04173993143303139,0.0,7.429844386787457e-05,0.29473397521896383,"B"
"MULE-12781","Task","2017-06-13T11:35:05.000-0500",False,0.040623030488624444,1.0,1.8878070147555775e-06,0.2888882052500236,"B"
"MULE-14668","Task","2018-03-02T12:05:53.000-0600",False,0.05077658687725408,1.0,5.859722947813483e-05,0.33915775906732043,"B"
"MULE-7835","Task","2014-08-25T12:10:00.000-0500",False,0.04792638325972,0.0,3.7270415650402984e-06,0.32567391984724586,"B"
"MULE-16208","Bug","2018-12-13T18:39:48.000-0600",False,0.022415682183583342,0.0,1.1652162728641337e-05,0.18032240713803122,"B"
"MULE-14858","Task","2018-04-06T11:23:56.000-0500",False,0.03964027408483756,0.0,1.059915933378831e-05,0.283675305673158,"B"
"MULE-11619","Bug","2017-02-03T11:47:50.000-0600",False,0.01159784810622308,0.0,0.0005377834296079637,0.1011864258210016,"B"
"MULE-11690","Task","2017-02-07T09:10:47.000-0600",False,0.03745472619381695,1.0,1.9825831299917625e-06,0.2718435623971628,"B"
"MULE-15593","Bug","2018-08-23T15:29:10.000-0500",False,0.10276050938045313,1.0,5.871318745765631e-05,0.5235419210912692,"B"
"MULE-15622","Enhancement Request","2018-08-29T10:50:54.000-0500",False,0.03304733483192126,0.0,1.34070435627722e-05,0.24693069159662534,"B"
"MULE-11310","Task","2016-12-30T11:22:11.000-0600",False,0.02981360898388947,0.0,0.0029678997418158617,0.22769646743705027,"B"
"MULE-8189","Bug","2014-12-30T09:02:36.000-0600",False,0.032261332691030764,0.0,0.008671835133282934,0.24233254407852609,"B"
"MULE-10451","Task","2016-09-01T12:10:06.000-0500",False,0.02623761007133678,1.0,1.5956047356018867e-06,0.2054106344543806,"B"
"MULE-14831","Task","2018-03-31T15:07:52.000-0500",False,0.06324285520923495,0.0,4.1482201416570067e-07,0.3931040908095442,"B"
"MULE-11759","Bug","2017-02-08T08:30:04.000-0600",True,0.019841923613445587,1.0,0.00010129806085304861,0.16263416577424844,"B"
"MULE-10885","New Feature","2016-11-02T13:11:31.000-0500",False,0.05236718356739584,1.0,7.151739020704935e-06,0.3464845549171371,"B"
"MULE-12111","New Feature","2017-03-31T15:01:57.000-0500",False,0.04123223117126209,0.0,0.0002518575546758756,0.2920869850471562,"B"
"MULE-14333","Task","2017-12-28T09:40:07.000-0600",False,0.028458826660526793,0.0,3.823114075151945e-05,0.2193828866633673,"B"
"MULE-15154","Enhancement Request","2018-06-11T13:17:20.000-0500",False,0.018355011170991743,0.0,0.9999999999802185,0.15210728121185185,"B"
"MULE-7480","Task","2014-03-27T16:12:33.000-0500",False,0.03279162122426428,0.0,9.694438820832385e-07,0.24544007429536877,"B"
"MULE-6367","Bug","2012-07-27T15:54:48.000-0500",False,0.054151678161678575,1.0,6.960618190071551e-06,0.3545417990910376,"B"
"MULE-14458","Task","2018-01-16T07:23:40.000-0600",False,0.05492702311364709,0.0,0.026489394017749388,0.35799027146917933,"B"
"MULE-13807","Bug","2017-10-17T14:10:01.000-0500",False,0.17897290173984523,0.0,0.012988613849674983,0.6765227618944665,"B"
"MULE-15339","Bug","2018-07-12T11:14:17.000-0500",False,0.0419890522325172,0.0,3.887237551886999e-06,0.2960266052262772,"B"
"MULE-16707","Task","2019-04-11T13:04:04.000-0500",False,0.11613022643623722,0.0,1.1968286254214813e-05,0.5576330819039488,"B"
"MULE-11669","Task","2017-02-07T06:11:26.000-0600",False,0.0229836548689398,0.0,0.0007242535386214242,0.18413780792245912,"B"
"MULE-9779","New Feature","2016-05-30T10:50:58.000-0500",False,0.18373841893831322,1.0,9.11441147492908e-05,0.6835073287189212,"B"
"MULE-10658","Bug","2016-09-29T09:25:04.000-0500",True,0.07848342782324623,1.0,0.9999409707756255,0.4496773993540681,"B"
"MULE-7109","Improvement","2013-11-05T19:45:14.000-0600",False,0.017693571686020027,0.0,3.8921406431889054e-07,0.1473494441963951,"B"
"MULE-16166","Task","2018-12-04T15:22:10.000-0600",False,0.04986348587274981,0.0,4.0475533531627794e-05,0.33488837126246224,"B"
"MULE-11347","Task","2017-01-05T10:15:39.000-0600",False,0.05833073708112365,0.0,2.5921926256755203e-05,0.3727666818526828,"B"
"MULE-10698","Bug","2016-10-03T13:55:27.000-0500",True,0.0469580686582929,1.0,1.0,0.32098587665345485,"B"
"MULE-14175","Task","2017-12-06T13:21:34.000-0600",False,0.022125800320886107,0.0,2.2465411954411345e-05,0.17836304027862065,"B"
"MULE-13876","Bug","2017-10-25T09:40:17.000-0500",False,0.04351727688121856,0.0,1.0,0.303868053960874,"B"
"MULE-7162","Task","2013-12-02T15:12:31.000-0600",False,0.021965886900263763,1.0,7.445111595819238e-06,0.17727864014902084,"B"
"MULE-10137","Improvement","2016-07-21T10:59:43.000-0500",True,0.039485897950935725,0.0,0.001306815724576045,0.28285046319158447,"B"
"MULE-11426","Task","2017-01-13T21:01:04.000-0600",True,0.03244101545398023,0.0,0.0008127773596761194,0.24338797944221585,"B"
"MULE-7575","Bug","2014-04-30T14:53:22.000-0500",False,0.055597724291582044,0.0,0.0007931575560294733,0.36094823791617553,"B"
"MULE-9479","Task","2016-03-14T09:37:41.000-0500",True,0.029953399795114282,0.0,2.1025312624651743e-06,0.22854552682927298,"B"
"MULE-13266","Task","2017-08-04T10:24:13.000-0500",False,0.05082953916829421,0.0,9.54379796876086e-05,0.3394039175391019,"B"
"MULE-9765","Task","2016-05-27T13:12:44.000-0500",False,0.03925050202838675,1.0,0.00013573046497054154,0.28158957589144845,"B"
"MULE-6956","Improvement","2013-07-16T14:29:03.000-0500",False,0.04467638030034639,0.0,0.00011232049984169379,0.30971625977560086,"B"
"MULE-7636","Bug","2014-05-29T09:26:21.000-0500",False,0.08013046597009925,1.0,6.535059964961547e-05,0.45526576979433325,"B"
"MULE-7950","Improvement","2014-10-07T10:08:44.000-0500",False,0.049728044411484436,0.0,3.6965540461481065e-07,0.3342510893184507,"B"
"MULE-15737","Bug","2018-09-24T13:56:24.000-0500",False,0.020521762946811965,0.0,3.0538992216159803e-06,0.16737103098445943,"B"
"MULE-11255","New Feature","2016-12-22T07:58:01.000-0600",False,0.010226696419854754,0.0,8.175615611743725e-06,0.09019015986440508,"B"
"MULE-7730","Improvement","2014-07-08T13:38:36.000-0500",False,0.020726901882547843,0.0,8.887105908121457e-08,0.16879113470513152,"B"
"MULE-11176","Bug","2016-12-12T09:49:04.000-0600",True,0.04458440269478168,0.0,0.629318658626373,0.30925526778391194,"B"
"MULE-7264","Bug","2014-01-29T14:22:50.000-0600",False,0.03296045558105104,0.0,4.878987741390099e-05,0.24642482378092884,"B"
"MULE-12005","Bug","2017-03-20T07:43:18.000-0500",False,0.006928032503637561,0.0,1.05986111937098e-08,0.06273372595590539,"B"
"MULE-12048","Task","2017-03-23T16:44:12.000-0500",False,0.024133966751044744,0.0,0.001920617014939826,0.19177060858998993,"B"
"MULE-10064","Task","2016-07-11T10:03:03.000-0500",False,0.013806984915507678,0.0,0.0024201448600904207,0.11841579315436086,"B"
"MULE-14793","Enhancement Request","2018-03-23T14:23:54.000-0500",False,0.06579257431562517,0.0,0.0014207758611507505,0.4032281218381946,"B"
"MULE-12495","Task","2017-05-16T16:21:01.000-0500",False,0.012569500868297832,0.0,0.00018477078723647678,0.1088372184664747,"B"
"MULE-16338","Task","2019-01-16T10:09:14.000-0600",False,0.07376573426020491,0.0,0.032711189618683814,0.4331344850605567,"B"
"MULE-11409","Task","2017-01-12T12:36:07.000-0600",False,0.008204940809080947,0.0,2.0302796178301753e-08,0.07353458132610578,"B"
"MULE-15899","Task","2018-10-23T13:57:33.000-0500",False,0.05017599937410446,0.0,0.0005645128815033685,0.336354860885722,"B"
"MULE-11803","New Feature","2017-02-10T15:39:26.000-0600",False,0.09453113927557857,1.0,0.0003584128917082026,0.5004088649119425,"B"
"MULE-7928","New Feature","2014-10-06T14:06:11.000-0500",False,0.01681912083583642,0.0,5.181971708027229e-06,0.1409868417382694,"B"
"MULE-7949","Improvement","2014-10-07T10:04:52.000-0500",False,0.06839563468703719,1.0,2.6569094681331976e-06,0.4132756850134695,"B"
"MULE-14042","Enhancement Request","2017-11-13T08:55:27.000-0600",False,0.048605827695189056,0.0,0.00284891994562048,0.32893055606689725,"B"
"MULE-15477","Task","2018-07-31T13:29:59.000-0500",False,0.05390859791662734,0.0,2.123734983086124e-06,0.3534541935960733,"B"
"MULE-10501","Improvement","2016-09-08T12:42:44.000-0500",False,0.01793104764738919,0.0,0.0004407121418537819,0.14906303867213355,"B"
"MULE-7156","Bug","2013-11-29T14:01:40.000-0600",False,0.042597081831322436,1.0,3.311451891737119e-05,0.2991645170022385,"B"
"MULE-10323","Task","2016-08-19T08:36:49.000-0500",False,0.059211641642249145,0.0,0.008365279678479042,0.3764975910840825,"B"
"MULE-9465","Bug","2016-03-13T08:39:02.000-0500",True,0.039135261221163925,1.0,0.9938405148967986,0.2809709018995537,"B"
"MULE-7627","Bug","2014-05-22T14:56:23.000-0500",False,0.021474842576539397,1.0,0.0001558093711774888,0.1739330586765942,"B"
"MULE-11379","Task","2017-01-10T16:38:44.000-0600",False,0.028857744803765645,1.0,0.00018363737957219654,0.2218469491594349,"B"
"MULE-7419","Bug","2014-03-07T13:32:20.000-0600",False,0.018490011810955487,0.0,1.2106852330480621e-06,0.15307262637375138,"B"
"MULE-11656","New Feature","2017-02-06T14:41:03.000-0600",True,0.02920658480045299,0.0,1.9600909165543542e-05,0.22399061701852827,"B"
"MULE-12271","Improvement","2017-04-21T04:22:34.000-0500",False,0.02037694726037509,0.0,2.5580269161609165e-06,0.16636595782216113,"B"
"MULE-14527","Enhancement Request","2018-01-22T14:03:51.000-0600",False,0.03744377200951867,0.0,6.909503370213175e-06,0.2717834136026392,"B"
"MULE-8657","Bug","2015-05-28T16:43:36.000-0500",False,0.03833276471933053,0.0,0.0021044119184838762,0.27663711393310786,"B"
"MULE-14572","Bug","2018-01-31T12:48:26.000-0600",False,0.031498689028782466,0.0,1.85323785012389e-05,0.23782431495488887,"B"
"MULE-9620","Improvement","2016-04-28T07:49:05.000-0500",False,0.040962352188060894,0.0,9.290014906698808e-05,0.29067296589737446,"B"
"MULE-9060","Task","2015-11-16T07:28:28.000-0600",False,0.025134592682457966,0.0,0.2220172044717856,0.19830924674638917,"B"
"MULE-11294","Task","2016-12-29T05:31:56.000-0600",False,0.015909212937525077,0.0,2.6438833230694338e-05,0.13427693399526233,"B"
"MULE-15837","Bug","2018-10-11T11:22:21.000-0500",False,0.030950760123119373,0.0,0.001401863548167978,0.23455651642952796,"B"
"MULE-16050","Task","2018-11-13T22:14:49.000-0600",False,0.04091271178384895,0.0,2.8903395262346443e-06,0.2904123487552609,"B"
"MULE-10243","Bug","2016-08-12T11:24:16.000-0500",False,0.050711453425425344,1.0,2.6814060939779045e-05,0.33885476021656397,"B"
"MULE-9545","Improvement","2016-04-05T13:59:00.000-0500",False,0.044986885273117734,0.0,5.217996942651301e-05,0.31126862932767907,"B"
"MULE-15922","Bug","2018-10-24T11:07:52.000-0500",False,0.038338313081484485,1.0,5.996720464070006e-06,0.27666723157245326,"B"
"MULE-8026","Improvement","2014-11-06T06:50:18.000-0600",False,0.07120739524924859,0.0,0.0005080246576492764,0.4238154914318267,"B"
"MULE-8713","Task","2015-06-18T10:42:28.000-0500",False,0.044492934548505114,1.0,1.8445545569532295e-06,0.3087963063661522,"B"
"MULE-13428","Task","2017-08-31T07:39:15.000-0500",False,0.05448852451956722,0.0,7.963339881296091e-05,0.35604382315067257,"B"
"MULE-14700","Bug","2018-03-12T08:27:20.000-0500",False,0.02257436397011335,0.0,5.366622705812832e-05,0.18139150469929463,"B"
"MULE-10901","Bug","2016-11-07T11:01:05.000-0600",False,0.04922005086150452,0.0,0.00030527495375610043,0.3318515792279676,"B"
"MULE-8007","Task","2014-10-29T13:25:07.000-0500",False,0.019359253373628368,0.0,9.15917838494562e-06,0.1592422937559278,"B"
"MULE-9711","Task","2016-05-17T07:51:53.000-0500",False,0.02880212121446174,0.0,1.1153952320756627e-06,0.22150418244592965,"B"
"MULE-7270","Bug","2014-01-31T12:33:45.000-0600",False,0.06794444076906284,0.0,0.04303148478971151,0.4115544539071522,"B"
"MULE-7269","Task","2014-01-31T12:10:59.000-0600",False,0.018088188405748266,0.0,1.3342313501988883e-06,0.150193616996422,"B"
"MULE-12948","Improvement","2017-06-27T10:49:31.000-0500",False,0.05281598064312213,0.0,9.588203300783504e-06,0.3485269360184894,"B"
"MULE-7299","Task","2014-02-07T09:16:54.000-0600",False,0.0290945465680564,0.0,5.2494456445274585e-05,0.22330324816981134,"B"
"MULE-7383","Bug","2014-02-26T09:44:15.000-0600",False,0.014695765344032939,0.0,4.924487404517043e-06,0.12518365987435268,"B"
"MULE-8201","Bug","2015-01-05T11:42:34.000-0600",False,0.02862235845485186,0.0,7.6122285734745705e-06,0.22039464006118534,"B"
"MULE-7759","Story","2014-07-17T11:32:46.000-0500",False,0.046309063235216844,0.0,5.562354212375613e-05,0.3178125109905682,"B"
"MULE-12533","Bug","2017-05-22T07:09:11.000-0500",False,0.030068569477401948,0.0,2.0082104455882253e-05,0.22924382475386773,"B"
"MULE-14518","Task","2018-01-20T17:30:19.000-0600",False,0.07723625590751008,0.0,1.2949851744208167e-05,0.44538250522610595,"B"
"MULE-11788","Task","2017-02-10T13:02:17.000-0600",True,0.07377298207374186,1.0,6.02298084230956e-05,0.4331605296636262,"B"
"MULE-14337","Task","2017-12-28T12:48:28.000-0600",False,0.020449336123970426,0.0,0.0002612616982990038,0.16686862865570976,"B"
"MULE-8407","Task","2015-03-18T16:07:14.000-0500",False,0.021342459166811493,0.0,8.805312027677284e-07,0.17302702095191824,"B"
"MULE-10762","Task","2016-10-13T09:54:26.000-0500",False,0.026731396846637695,1.0,0.0005760869827016131,0.20855422919827718,"B"
"MULE-8181","Bug","2014-12-29T11:21:26.000-0600",False,0.02253056492625943,0.0,0.42820469094458885,0.18109665851799173,"B"
"MULE-14716","Task","2018-03-14T06:48:06.000-0500",False,0.013275216140282356,0.0,7.360578069879947e-05,0.11432211803916226,"B"
"MULE-9551","Bug","2016-04-06T13:54:04.000-0500",False,0.05646054446408213,0.0,0.9999980465941328,0.3647197326092107,"B"
"MULE-8332","Task","2015-02-19T10:37:30.000-0600",False,0.026209763118652304,0.0,5.405115574861817e-05,0.20523270374942573,"B"
"MULE-10475","Bug","2016-09-06T10:23:36.000-0500",False,0.0405039225669621,0.0,8.930946645674718e-05,0.2882598917732144,"B"
"MULE-12340","Task","2017-04-28T11:58:32.000-0500",False,0.0373745402632983,0.0,4.1442728334178545e-05,0.27140306779182594,"B"
"MULE-10011","Task","2016-06-30T04:54:43.000-0500",False,0.029916161842679242,0.0,0.39104901000020903,0.22831951006852685,"B"
"MULE-16577","Bug","2019-03-20T08:27:51.000-0500",False,0.032637880564221136,0.0,5.259959102165866e-05,0.24454141947651903,"B"
"MULE-10856","Improvement","2016-10-28T13:28:34.000-0500",False,0.015835641038593133,0.0,0.03145433058413246,0.13373035851045778,"B"
"MULE-8690","Task","2015-06-08T14:33:11.000-0500",False,0.02433602039087593,0.0,0.0149120575423821,0.19309843194308088,"B"
"MULE-16346","Bug","2019-01-17T08:24:54.000-0600",False,0.0463600136935591,0.0,4.90458742235889e-05,0.3180625531122433,"B"
"MULE-10473","Improvement","2016-09-06T09:56:29.000-0500",False,0.027393599484977868,0.0,4.207613849509018e-06,0.21273610821230846,"B"
"MULE-7362","Improvement","2014-02-20T15:48:53.000-0600",False,0.025583945262164943,1.0,0.003901614891548039,0.20121556730536833,"B"
"MULE-9344","Bug","2016-01-22T12:00:34.000-0600",False,0.03545007466570754,1.0,3.309023055432879e-05,0.2606915752799887,"B"
"MULE-8298","Task","2015-02-05T14:06:29.000-0600",True,0.04526664284163584,1.0,0.0001715794608984246,0.3126621692793519,"B"
"MULE-10922","Bug","2016-11-09T14:31:55.000-0600",False,0.014194785662072102,0.0,3.9046141783040497e-07,0.12138014208258897,"B"
"MULE-14386","Bug","2018-01-05T11:26:54.000-0600",False,0.024697250720667065,1.0,8.025630145929882e-06,0.19546282709806742,"B"
"MULE-13032","Task","2017-07-11T10:52:12.000-0500",False,0.08342853887630454,0.0,3.655612402338384e-05,0.46617908838289296,"B"
"MULE-7222","New Feature","2014-01-07T16:10:09.000-0600",False,0.02263872317857755,1.0,1.834687530815268e-06,0.18182442056181478,"B"
"MULE-15277","Task","2018-07-04T08:38:18.000-0500",False,0.01245294313659254,1.0,2.5853016084345766e-06,0.10792553559006465,"B"
"MULE-13998","Task","2017-11-08T06:32:14.000-0600",False,0.042693899618246045,0.0,1.2247264426425622e-05,0.2996619588015816,"B"
"MULE-9753","Bug","2016-05-26T11:04:30.000-0500",False,0.09407689518383512,0.0,1.2823574398395584e-06,0.4990792770165267,"B"
"MULE-10689","Improvement","2016-10-01T08:16:38.000-0500",False,0.028294618806612014,0.0,0.0002661059936582746,0.2183646487427152,"B"
"MULE-7383","Bug","2014-02-26T09:44:15.000-0600",False,0.014695765344032939,0.0,4.924487404517043e-06,0.12518365987435268,"B"
"MULE-11071","Task","2016-11-24T10:21:50.000-0600",False,0.024391836275502086,0.0,1.4988170978256241e-05,0.1934645617002657,"B"
"MULE-14779","Task","2018-03-22T16:14:39.000-0500",True,0.05952306596670248,0.0,0.00046700045209266335,0.3778076298984773,"B"
"MULE-10216","New Feature","2016-08-08T10:21:46.000-0500",False,0.14971050915284548,0.0,4.655438907636293e-05,0.6281493526287146,"B"
"MULE-7353","Bug","2014-02-19T11:48:57.000-0600",False,0.19441263389278163,0.0,2.2808969370453668e-05,0.6983747025420752,"B"
"MULE-11598","Bug","2017-02-01T13:19:46.000-0600",False,0.03731226388323691,0.0,8.892246778553666e-06,0.27106064062304475,"B"
"MULE-13876","Bug","2017-10-25T09:40:17.000-0500",False,0.04351727688121856,0.0,1.0,0.303868053960874,"B"
"MULE-14326","Enhancement Request","2017-12-27T12:52:07.000-0600",True,0.03966648152798769,0.0,2.267917157298167e-05,0.28381517180512844,"B"
"MULE-8603","Bug","2015-05-14T08:58:25.000-0500",False,0.021064409280195862,0.0,0.0003631524947301575,0.17111835204140802,"B"
"MULE-14984","Bug","2018-05-08T18:15:25.000-0500",False,0.048870840359751325,0.0,3.495108373234721e-06,0.3301935240777017,"B"
"MULE-11224","Improvement","2016-12-16T12:18:52.000-0600",False,0.014439335689182906,1.0,3.7527322794164327e-06,0.12324044498486918,"B"
"MULE-8411","Bug","2015-03-19T09:01:46.000-0500",False,0.031026051748756552,0.0,4.458074981080278e-06,0.23500698886808793,"B"
"MULE-13828","Task","2017-10-19T08:27:03.000-0500",False,0.04780469702292304,0.0,3.5939684270033057e-06,0.32508782079915366,"B"
"MULE-13401","Task","2017-08-29T08:56:55.000-0500",True,0.0699570870762811,1.0,0.996458580184994,0.4191680243026967,"B"
"MULE-14359","Bug","2018-01-02T15:12:46.000-0600",False,0.01700690285668288,0.0,5.182688584060082e-06,0.1423601997285668,"B"
"MULE-12767","Improvement","2017-06-12T12:41:30.000-0500",False,0.02640040466656602,0.0,1.7043702328946368e-06,0.20644943663423238,"B"
"MULE-10842","Task","2016-10-27T09:18:50.000-0500",True,0.0838156276025763,1.0,0.8913109471508481,0.46743638366796675,"B"
"MULE-11955","New Feature","2017-03-09T14:22:29.000-0600",False,0.033020769511856,0.0,4.033175109405629e-05,0.24677607338492613,"B"
"MULE-13215","Task","2017-07-28T08:49:45.000-0500",False,0.03394101382858497,0.0,5.597467971264529e-06,0.2521003266115527,"B"
"MULE-13257","Task","2017-08-03T11:41:23.000-0500",False,0.05033918018880545,0.0,3.2771849161513996e-06,0.33711841216607424,"B"
"MULE-15403","Bug","2018-07-18T14:41:32.000-0500",False,0.018085577226431393,0.0,0.4283431553976199,0.15017485197607205,"B"
"MULE-9905","Bug","2016-06-13T13:29:18.000-0500",False,0.03819169007290862,0.0,0.0011114820434137522,0.27587060552329495,"B"
"MULE-14561","Bug","2018-01-28T16:19:45.000-0600",True,0.04564736426153949,0.0,0.7440982603879729,0.3145509028215124,"B"
"MULE-11220","Improvement","2016-12-16T10:48:37.000-0600",False,0.02881648910737194,0.0,3.5178695452151245e-05,0.2215927462196688,"B"
"MULE-11442","Bug","2017-01-16T14:04:36.000-0600",False,0.013054842559963814,0.0,2.388051644416628e-06,0.11261577292481037,"B"
"MULE-10793","New Feature","2016-10-18T12:40:12.000-0500",False,0.014326063208413382,1.0,9.612372812105352e-06,0.12237964178511788,"B"
"MULE-15766","Task","2018-10-01T14:35:59.000-0500",False,0.06507416044571684,1.0,2.0625764378926057e-05,0.4004043477175385,"B"
"MULE-6900","New Feature","2013-06-25T10:59:35.000-0500",False,0.026635629569637,0.0,1.0627224662351067e-06,0.2079462430285964,"B"
"MULE-9060","Task","2015-11-16T07:28:28.000-0600",False,0.025134592682457966,0.0,0.2220172044717856,0.19830924674638917,"B"
"MULE-11137","Bug","2016-12-02T14:34:06.000-0600",False,0.025863577087710206,0.0,0.00020303594849780472,0.20301489837573977,"B"
"MULE-11519","Task","2017-01-26T04:55:37.000-0600",False,0.042305092567712525,0.0,3.012833769198846e-06,0.29766062393984677,"B"
"MULE-15430","Enhancement Request","2018-07-24T13:05:25.000-0500",False,0.028205806395923346,0.0,6.574076194206629e-06,0.21781296719960244,"B"
"MULE-10733","Bug","2016-10-07T16:34:36.000-0500",False,0.008677990683927675,0.0,0.5664655559810454,0.07747991903645418,"B"
"MULE-13554","Bug","2017-09-15T11:59:48.000-0500",False,0.08053520880364941,0.0,2.5165253357786316e-05,0.4566247441196044,"B"
"MULE-7991","Task","2014-10-23T09:23:06.000-0500",False,0.01053267472301414,0.0,5.455836300139802e-07,0.09266462199699803,"B"
"MULE-12585","Task","2017-05-24T14:49:26.000-0500",False,0.04453223593082465,0.0,0.006916370675281138,0.30899357358377566,"B"
"MULE-6889","Bug","2013-06-19T15:56:49.000-0500",False,0.01879694988685297,0.0,0.595004676261399,0.1552602627998595,"B"
"MULE-12515","Bug","2017-05-18T15:21:49.000-0500",False,0.02671745035332802,0.0,0.0017361257007035655,0.2084657394109514,"B"
"MULE-14493","Bug","2018-01-17T15:14:37.000-0600",False,0.012594843041747426,0.0,7.567473613724245e-05,0.1090352199327412,"B"
"MULE-7408","Bug","2014-03-03T14:30:11.000-0600",False,0.020552467013872682,0.0,1.8434183120441494e-06,0.16758385510568446,"B"
"MULE-13736","Task","2017-10-06T11:38:14.000-0500",False,0.01884823127790369,0.0,1.7256864938886334e-06,0.15562479174010663,"B"
"MULE-11681","Task","2017-02-07T08:00:37.000-0600",True,0.022113390864691575,0.0,1.3551959877469627e-05,0.1782789792836786,"B"
"MULE-7512","Bug","2014-04-14T10:21:36.000-0500",False,0.09329244574103261,0.0,3.0081106291781768e-05,0.49676960052254004,"B"
"MULE-10527","Bug","2016-09-12T08:00:04.000-0500",False,0.014623426525152835,0.0,0.4377217936632322,0.12463624931009093,"B"
"MULE-12826","Improvement","2017-06-15T17:25:42.000-0500",False,0.03910605444538999,0.0,0.0015550055932309424,0.280813958694415,"B"
"MULE-7067","Task","2013-10-21T07:59:16.000-0500",False,0.026615537949137152,0.0,9.420185450382162e-06,0.20781858641556553,"B"
"MULE-7970","Improvement","2014-10-08T14:43:54.000-0500",False,0.0072091736511117515,1.0,7.745011828025575e-06,0.06513094989313084,"B"
"MULE-10551","Task","2016-09-14T15:08:47.000-0500",False,0.21210840655870097,0.0,0.00016251381705295725,0.7208931082397658,"B"
"MULE-8151","Bug","2014-12-11T14:25:09.000-0600",False,0.0511816414115333,0.0,2.541653293933646e-05,0.34103677235483354,"B"
"MULE-15043","Task","2018-05-17T13:25:04.000-0500",False,0.02379405710500596,0.0,0.00032186589612188314,0.18952820756739508,"B"
"MULE-9180","New Feature","2015-12-04T12:09:10.000-0600",False,0.04186336553631174,0.0,0.003196485635220146,0.2953749549057427,"B"
"MULE-14342","Task","2017-12-28T14:20:03.000-0600",False,0.02862785915356708,0.0,2.072092187069329e-05,0.22042863260816573,"B"
"MULE-13588","Bug","2017-09-21T07:07:55.000-0500",False,0.028200960145198253,0.0,2.5289568897842213e-06,0.2177828439402465,"B"
"MULE-13917","Bug","2017-10-31T11:30:27.000-0500",True,0.025942705781230223,0.0,0.0009757723238497301,0.20352277961595547,"B"
"MULE-12107","Improvement","2017-03-31T13:48:44.000-0500",False,0.04230637110881862,0.0,0.001435587390822794,0.2976672211417166,"B"
"MULE-11392","Task","2017-01-12T07:25:56.000-0600",False,0.10639456552412334,1.0,0.003128529882308365,0.5332133244341525,"B"
"MULE-10382","Task","2016-08-30T09:05:35.000-0500",False,0.02038733299858668,0.0,2.600502035714684e-05,0.16643810945658644,"B"
"MULE-13321","Bug","2017-08-15T14:56:29.000-0500",False,0.07282240649829995,0.0,1.0,0.429727657987274,"B"
"MULE-7646","Task","2014-06-04T08:56:41.000-0500",False,0.049921291674195005,1.0,3.1579445655441184e-05,0.33516004420363915,"B"
"MULE-13438","Task","2017-08-31T11:32:21.000-0500",False,0.05445285141739371,0.0,2.3952509868755212e-06,0.3558850344898327,"B"
"MULE-10652","Task","2016-09-28T10:03:33.000-0500",False,0.022187055980436448,0.0,5.5596226633659594e-05,0.17877776222412065,"B"
"MULE-12360","Bug","2017-05-02T08:28:09.000-0500",False,0.05624952827310031,0.0,0.00040656422708797277,0.36380083760663934,"B"
"MULE-14768","Bug","2018-03-21T09:53:03.000-0500",False,0.022215896859436837,0.0,8.011652928339354e-06,0.1789728979693814,"B"
"MULE-15990","Bug","2018-11-05T13:19:40.000-0600",True,0.014549854599539133,1.0,2.259497950210443e-06,0.12407888688940065,"B"
"MULE-14716","Task","2018-03-14T06:48:06.000-0500",False,0.013275216140282356,0.0,7.360578069879947e-05,0.11432211803916226,"B"
"MULE-10012","Bug","2016-06-30T11:42:25.000-0500",False,0.02444023452080541,0.0,0.0022660048960216356,0.19378179974273155,"B"
"MULE-16082","Task","2018-11-21T06:47:21.000-0600",False,0.0437936241764192,0.0,3.430136297389186e-06,0.30527003760102206,"B"
"MULE-10048","Bug","2016-07-06T13:43:03.000-0500",False,0.023183664523626486,1.0,9.962116086104133e-07,0.18547399380388876,"B"
"MULE-15037","Bug","2018-05-17T08:20:05.000-0500",False,0.02546939470386121,1.0,3.655519904401767e-06,0.20047642670088126,"B"
"MULE-8024","Improvement","2014-11-06T06:34:00.000-0600",False,0.06723837549224562,1.0,5.5997580829665566e-05,0.40884395211588764,"B"
"MULE-10543","Task","2016-09-14T14:56:58.000-0500",False,0.05084306211419409,0.0,1.0154281358324402e-05,0.33946675644898083,"B"
"MULE-15129","Bug","2018-06-06T21:47:45.000-0500",False,0.07352953878767972,0.0,0.8644884796032658,0.43228464201019773,"B"
"MULE-11071","Task","2016-11-24T10:21:50.000-0600",False,0.024391836275502086,0.0,1.4988170978256241e-05,0.1934645617002657,"B"
"MULE-8157","Bug","2014-12-15T14:42:37.000-0600",False,0.012201179714542829,0.0,9.731306356514369e-05,0.10595066873888384,"B"
"MULE-13828","Task","2017-10-19T08:27:03.000-0500",False,0.04780469702292304,0.0,3.5939684270033057e-06,0.32508782079915366,"B"
"MULE-12488","New Feature","2017-05-16T09:10:39.000-0500",False,0.12107651290964136,0.0,0.00012706027722796177,0.5692725726807962,"B"
"MULE-15545","Bug","2018-08-13T16:38:58.000-0500",False,0.013341886834478914,0.0,0.18411874464400013,0.11483720445756956,"B"
"MULE-11426","Task","2017-01-13T21:01:04.000-0600",True,0.03244101545398023,0.0,0.0008127773596761194,0.24338797944221585,"B"
"MULE-13906","Task","2017-10-28T21:30:06.000-0500",False,0.03485991148713292,0.0,4.8970796512291006e-05,0.25735212841752936,"B"
"MULE-14431","Bug","2018-01-11T14:41:54.000-0600",False,0.03548317409662507,0.0,2.0481650343512643e-06,0.26087810010072937,"B"
"MULE-13450","Enhancement Request","2017-09-02T16:53:37.000-0500",False,0.033587761789845585,0.0,7.083179649933234e-07,0.25006424625959145,"B"
"MULE-12807","Bug","2017-06-14T13:02:37.000-0500",False,0.0345287860133196,0.0,1.0288287552854505e-06,0.2554670097520927,"B"
"MULE-11655","New Feature","2017-02-06T14:37:27.000-0600",True,0.02447499593384021,1.0,0.00012685282950180985,0.1940095173156278,"B"
"MULE-7335","Bug","2014-02-17T17:58:26.000-0600",False,0.03098391880785121,0.0,0.0005318821435127956,0.23475496273437663,"B"
"MULE-7089","Task","2013-10-30T13:37:14.000-0500",False,0.020085973508588508,0.0,0.034874938929844466,0.16434004490180978,"B"
"MULE-10901","Bug","2016-11-07T11:01:05.000-0600",False,0.04922005086150452,0.0,0.00030527495375610043,0.3318515792279676,"B"
"MULE-14214","Task","2017-12-13T13:46:24.000-0600",False,0.02913271407952961,0.0,3.3470114535842466e-07,0.22353752961473322,"B"
"MULE-11224","Improvement","2016-12-16T12:18:52.000-0600",False,0.014439335689182906,1.0,3.7527322794164327e-06,0.12324044498486918,"B"
"MULE-11338","Task","2017-01-04T11:06:55.000-0600",False,0.015182169966355035,0.0,2.3347836449771523e-07,0.12884880153149697,"B"
"MULE-11108","Bug","2016-11-29T18:03:38.000-0600",False,0.02199789687729601,0.0,8.049437854769309e-07,0.17749590591987424,"B"
"MULE-14056","Bug","2017-11-14T08:01:44.000-0600",False,0.021022905126886718,0.0,8.307183340040871e-06,0.1708327847551168,"B"
"MULE-11467","Task","2017-01-19T10:33:06.000-0600",False,0.023711148999024052,0.0,1.3082076496021314e-07,0.18897960757881743,"B"
"MULE-7204","Task","2014-01-02T10:51:10.000-0600",False,0.03725690843128599,0.0,1.8349907592471283e-06,0.2707560351559498,"B"
"MULE-11889","Bug","2017-02-24T13:49:37.000-0600",False,0.016533717821480977,0.0,0.0004218583955577956,0.13889209294359867,"B"
"MULE-14103","Bug","2017-11-17T07:22:53.000-0600",False,0.02628924345483829,0.0,0.00016497505457062977,0.20574036695683048,"B"
"MULE-13122","Task","2017-07-18T15:24:20.000-0500",False,0.02365326565979877,0.0,0.0003855226621572153,0.18859621043423516,"B"
"MULE-14677","Enhancement Request","2018-03-06T13:51:38.000-0600",False,0.03754471102714341,1.0,0.006893193942594106,0.27233733986603564,"B"
"MULE-15646","Task","2018-09-03T15:39:02.000-0500",False,0.05245597565842819,0.0,3.6241194008439246e-07,0.3468894907614088,"B"
"MULE-13045","Enhancement Request","2017-07-12T14:27:02.000-0500",False,0.03909318297869806,0.0,5.0683271114136806e-05,0.28074477488371546,"B"
"MULE-7730","Improvement","2014-07-08T13:38:36.000-0500",False,0.020726901882547843,0.0,8.887105908121457e-08,0.16879113470513152,"B"
"MULE-6501","Bug","2012-10-26T16:45:41.000-0500",False,0.027817197318585236,0.0,0.04406444666775205,0.21539102659725964,"B"
"MULE-13045","Enhancement Request","2017-07-12T14:27:02.000-0500",False,0.03909318297869806,0.0,5.0683271114136806e-05,0.28074477488371546,"B"
"MULE-14271","Enhancement Request","2017-12-15T15:32:39.000-0600",False,0.02557950366787627,1.0,6.0234631113069035e-06,0.20118693002985524,"B"
"MULE-10460","Bug","2016-09-03T00:17:55.000-0500",False,0.18537886267677525,0.0,0.9675700725790501,0.6858605961337814,"B"
"MULE-7217","New Feature","2014-01-07T15:39:13.000-0600",False,0.03230209952255207,0.0,4.866871278240542e-06,0.2425722274047244,"B"
"MULE-10848","Task","2016-10-27T11:37:40.000-0500",False,0.0313067860386176,0.0,3.5681894462477894e-05,0.2366825822740372,"B"
"MULE-11236","New Feature","2016-12-19T15:41:54.000-0600",False,0.027058622087398395,0.0,0.014145726099914999,0.2106255175037689,"B"
"MULE-13217","Task","2017-07-28T08:52:37.000-0500",False,0.02712984152616595,0.0,1.605824652499421e-06,0.2110750743858328,"B"
"MULE-10923","Improvement","2016-11-09T15:32:45.000-0600",False,0.06065709564284881,0.0,3.230397589805072e-05,0.38253908976369894,"B"
"MULE-10674","Bug","2016-09-29T16:19:09.000-0500",False,0.12410364360464489,0.0,7.332075566094847e-05,0.5761597459478034,"B"
"MULE-11754","Task","2017-02-07T14:45:26.000-0600",False,0.05219866568789938,0.0,1.6736558493075968e-05,0.34571485685760234,"B"
"MULE-12925","Bug","2017-06-23T09:49:29.000-0500",False,0.015904761527162463,0.0,0.9999900284131299,0.13424388115435815,"B"
"MULE-7013","Improvement","2013-09-10T09:01:56.000-0500",False,0.0410006654254636,0.0,5.765355303282296e-05,0.29087400183855594,"B"
"MULE-12987","Bug","2017-07-03T18:58:12.000-0500",False,0.03956614065309503,0.0,2.880994369007203e-06,0.2832794094062332,"B"
"MULE-13554","Bug","2017-09-15T11:59:48.000-0500",False,0.08053520880364941,0.0,2.5165253357786316e-05,0.4566247441196044,"B"
"MULE-14721","Task","2018-03-14T09:35:55.000-0500",False,0.053738088594117425,1.0,3.3168361724589056e-06,0.3526894346479694,"B"
"MULE-14984","Bug","2018-05-08T18:15:25.000-0500",False,0.048870840359751325,0.0,3.495108373234721e-06,0.3301935240777017,"B"
"MULE-9771","Task","2016-05-27T16:04:53.000-0500",False,0.015950167895259663,1.0,1.197464292803088e-05,0.13458093048770758,"B"
"MULE-7191","Improvement","2013-12-18T16:51:36.000-0600",False,0.027635204339000408,0.0,0.0029118224517962715,0.2142522913417474,"B"
"MULE-16704","Bug","2019-04-10T14:46:28.000-0500",False,0.038927077625438525,0.0,0.0003261547043306381,0.25596292289442624,"S"
"MULE-16693","Task","2019-04-10T11:11:03.000-0500",False,0.11009286361025118,1.0,0.000817014422767518,0.5123747318496035,"S"
"MULE-16691","Task","2019-04-10T10:36:11.000-0500",False,0.07049098620210897,0.0,8.583575214583685e-05,0.39177201075199175,"S"
"MULE-16676","Task","2019-04-08T08:04:32.000-0500",False,0.02145700773824253,0.0,0.0002880117610845904,0.1570012775332873,"S"
"MULE-16626","Bug","2019-03-28T19:04:47.000-0500",False,0.0476622306930852,0.0,0.0001271447771243294,0.2982848673602392,"S"
"MULE-16624","Bug","2019-03-28T18:53:05.000-0500",False,0.043994803896660724,1.0,3.2612799015250914e-05,0.28102359944307864,"S"
"MULE-16605","Bug","2019-03-26T18:32:31.000-0500",False,0.03896100534868651,1.0,6.30334679572698e-05,0.2561355991974737,"S"
"MULE-16600","Bug","2019-03-26T10:12:33.000-0500",False,0.013170245308473697,0.0,2.8221867161400212e-05,0.10181345946818683,"S"
"MULE-16599","Enhancement Request","2019-03-26T08:38:30.000-0500",False,0.02023926332277788,0.0,3.540749797348907e-06,0.14926441747582586,"S"
"MULE-16581","Bug","2019-03-21T12:18:51.000-0500",False,0.04424911995132631,0.0,0.5728455685597569,0.28224356500600356,"S"
"MULE-16575","Bug","2019-03-19T15:45:12.000-0500",False,0.017844606183027238,0.0,4.869475920464969e-07,0.13368685035525563,"S"
"MULE-16553","Task","2019-03-12T15:03:31.000-0500",False,0.09464995615731771,0.0,0.0044437598565039375,0.4703263333296994,"S"
"MULE-16544","Task","2019-03-08T07:44:47.000-0600",False,0.021536824197932944,0.0,4.924550459077453e-05,0.15750414064483642,"S"
"MULE-16537","Bug","2019-03-06T12:17:10.000-0600",False,0.007851071135020654,0.0,7.0303141917874e-06,0.0629779987363117,"S"
"MULE-16531","Enhancement Request","2019-02-22T10:24:37.000-0600",False,0.018048895195213518,0.0,2.4589602132260147e-05,0.13503499163751678,"S"
"MULE-16529","Enhancement Request","2019-02-21T13:49:48.000-0600",False,0.07469054601031314,0.0,0.00010610863627509099,0.40673657801645663,"S"
"MULE-16517","Bug","2019-02-19T07:26:24.000-0600",False,0.01930793192907623,0.0,2.09869879604947e-05,0.14326401783014514,"S"
"MULE-16492","Task","2019-02-15T11:38:33.000-0600",False,0.0882722193029368,0.0,0.0013462537316292677,0.4512518239532585,"S"
"MULE-16466","Task","2019-02-13T18:20:14.000-0600",False,0.30350779361524155,1.0,0.9703440114271549,0.7872876023399908,"S"
"MULE-16394","Task","2019-01-29T17:03:37.000-0600",True,0.021376346988819833,0.0,0.6669564414921606,0.1564925684571992,"S"
"MULE-16392","Bug","2019-01-29T14:44:10.000-0600",False,0.03737919390224228,1.0,0.0001120110863359043,0.24801196822382648,"S"
"MULE-16374","Task","2019-01-24T11:59:56.000-0600",False,0.014928625234856566,0.0,1.979812382146037e-05,0.11403908005768804,"S"
"MULE-16366","Bug","2019-01-21T15:59:31.000-0600",False,0.05718267972814154,0.0,0.04022449653007706,0.33999431273931197,"S"
"MULE-16364","Bug","2019-01-21T15:32:20.000-0600",False,0.0488152068664379,0.0,0.0002874353490310349,0.3035679938986829,"S"
"MULE-16342","Task","2019-01-16T14:01:15.000-0600",False,0.04888859803136638,0.0,3.3401411038503155e-05,0.3039020224666927,"S"
"MULE-16339","Bug","2019-01-16T10:10:43.000-0600",False,0.07348364537623651,0.0,4.703221052910892e-05,0.40249814543455437,"S"
"MULE-16336","Task","2019-01-16T09:46:27.000-0600",False,0.0369695466044025,0.0,0.001469452560022539,0.2458835783733639,"S"
"MULE-16334","Task","2019-01-16T09:29:30.000-0600",False,0.09127419343256106,0.0,9.083254334032204e-05,0.4603649867544806,"S"
"MULE-16331","Task","2019-01-16T07:56:56.000-0600",False,0.04390907268846246,1.0,2.434689256353101e-05,0.2806115544785349,"S"
"MULE-16330","Bug","2019-01-09T12:05:40.000-0600",True,0.0725806211706685,0.0,0.0005463665673735734,0.3992943992834824,"S"
"MULE-16317","Bug","2019-01-11T08:39:55.000-0600",False,0.014614472665432678,1.0,0.00011418913957853704,0.1118761530792683,"S"
"MULE-16310","Bug","2019-01-09T14:48:07.000-0600",False,0.0667784794182518,0.0,0.003175547437197233,0.3780202413537734,"S"
"MULE-16306","Bug","2019-01-09T11:00:09.000-0600",False,0.022295289535412162,0.0,2.3077881611180255e-05,0.16225693674842756,"S"
"MULE-16294","Bug","2019-01-04T09:22:32.000-0600",False,0.13301038178372612,1.0,0.00040534298566106004,0.5657918215044369,"S"
"MULE-16291","Bug","2019-01-03T14:50:21.000-0600",False,0.08267976391673448,0.0,0.000301553662471534,0.4335995747650547,"S"
"MULE-16279","Enhancement Request","2019-01-02T08:01:50.000-0600",False,0.011181470158143917,0.0,0.001072455530177635,0.08762770270419061,"S"
"MULE-16274","Bug","2018-12-27T16:07:35.000-0600",False,0.05174853296116253,0.0,0.9886323440596337,0.3167124071295796,"S"
"MULE-16251","Task","2018-12-21T14:16:15.000-0600",False,0.05086243468306749,0.0,0.0011765912999423338,0.312785850567791,"S"
"MULE-16240","Bug","2018-12-19T15:36:19.000-0600",False,0.01833921207461229,0.0,1.4601093513778435e-05,0.13694460398594374,"S"
"MULE-16235","Bug","2018-12-19T11:02:34.000-0600",False,0.03618085967287435,1.0,7.794125396959101e-05,0.24175687761102813,"S"
"MULE-16231","Bug","2018-12-19T07:59:43.000-0600",False,0.03916625107572802,1.0,0.00014914569141878886,0.25717875692356224,"S"
"MULE-16230","Bug","2018-12-10T13:40:17.000-0600",False,0.008042520011259787,0.0,0.0001733100852171833,0.06442642920939576,"S"
"MULE-16211","Task","2018-12-14T08:07:12.000-0600",False,0.06537032494292379,0.0,0.002992883610380113,0.3726698515647425,"S"
"MULE-16203","Task","2018-12-12T13:20:39.000-0600",False,0.0736406011804173,0.0,0.028068686581754834,0.4030521424907725,"S"
"MULE-16177","Bug","2018-12-05T09:38:54.000-0600",True,0.014302156645598646,0.0,0.08685628303728407,0.10971675340720853,"S"
"MULE-16175","Task","2018-12-05T09:32:12.000-0600",False,0.05134676518357005,1.0,6.922525316051726e-05,0.3149367245575641,"S"
"MULE-16168","Task","2018-12-05T07:43:57.000-0600",False,0.02863820427721295,0.0,0.00046053807956526315,0.20026235789451,"S"
"MULE-16165","Bug","2018-12-04T14:18:49.000-0600",False,0.0821300455139702,0.0,6.033299722558151e-06,0.4318149845070816,"S"
"MULE-16155","Task","2018-12-04T12:26:11.000-0600",False,0.021060315789314586,0.0,1.8360006139500045e-05,0.15449431402071753,"S"
"MULE-16081","Task","2018-11-21T06:47:07.000-0600",False,0.09794870046386543,1.0,0.9984350751891629,0.479779637729393,"S"
"MULE-16072","Bug","2018-11-20T10:49:11.000-0600",False,0.013584549928675421,0.0,1.6832192027763446e-05,0.10472035851516047,"S"
"MULE-16071","Task","2018-11-20T06:19:38.000-0600",False,0.07583964923703738,0.0,0.00020738769890183876,0.4107266078220387,"S"
"MULE-16052","Task","2018-11-14T18:57:04.000-0600",False,0.03789703934567862,0.0,5.624049505622493e-05,0.25068795540827793,"S"
"MULE-16048","Task","2018-11-13T21:50:32.000-0600",False,0.04600590016806694,0.0,0.000201720181332496,0.29057647594445163,"S"
"MULE-16045","Task","2018-11-13T18:39:03.000-0600",False,0.032687609539155206,0.0,5.991322792665141e-05,0.22300781583275106,"S"
"MULE-16043","Task","2018-11-13T18:17:01.000-0600",False,0.030184711559320135,0.0,0.00023131809016146298,0.20908193940979009,"S"
"MULE-16042","Task","2018-11-13T12:34:44.000-0600",False,0.031382667932731215,0.0,0.022098310299701687,0.21580001806469576,"S"
"MULE-16024","Task","2018-11-08T11:29:28.000-0600",False,0.01623538746175273,0.0,0.0006473080895731562,0.12293865442418564,"S"
"MULE-16018","Bug","2018-11-07T11:50:59.000-0600",False,0.059405701832383834,1.0,8.04159102375662e-05,0.3491404116812581,"S"
"MULE-16017","Enhancement Request","2018-11-07T11:48:34.000-0600",False,0.05423071282802384,1.0,0.0002639743025751351,0.3275142575234198,"S"
"MULE-16010","Task","2018-11-07T08:35:10.000-0600",True,0.0871650202959025,0.0,0.9952629047194478,0.44782806907136263,"S"
"MULE-15981","Bug","2018-11-02T15:16:03.000-0500",False,0.06370740330397164,1.0,0.00034761344976560506,0.3662530338066487,"S"
"MULE-15980","Task","2018-11-02T15:10:59.000-0500",False,0.11799226053293609,0.0,0.00048576837468510177,0.5318866990636133,"S"
"MULE-15974","Task","2018-11-01T09:58:09.000-0500",False,0.08853075089030783,0.0,7.082709557631492e-05,0.4520463540215592,"S"
"MULE-15965","Task","2018-10-31T13:50:02.000-0500",False,0.021506045343041777,0.0,2.8404596676723653e-05,0.15731028773883474,"S"
"MULE-15929","Enhancement Request","2018-10-25T13:56:49.000-0500",False,0.014684830316913002,1.0,0.00018008748186849066,0.11236135972421206,"S"
"MULE-15916","Bug","2018-10-24T10:03:08.000-0500",False,0.0420164275042028,0.0,0.0003284101772129441,0.27141247958631787,"S"
"MULE-15912","Task","2018-10-24T09:36:51.000-0500",False,0.006492569704617943,0.0,7.213850743165499e-07,0.05258625072072637,"S"
"MULE-15908","Bug","2018-10-23T18:48:06.000-0500",False,0.04620739856952208,0.0,3.724338903582712e-05,0.29152182251539854,"S"
"MULE-15905","Task","2018-10-23T15:48:56.000-0500",False,0.05455017900770208,0.0,0.00018929054553974204,0.32888377960036425,"S"
"MULE-15901","Task","2018-10-23T14:01:48.000-0500",False,0.07117527854720845,0.0,0.9290025280068526,0.39425228394881734,"S"
"MULE-15900","Task","2018-10-23T13:59:01.000-0500",False,0.13334177182347015,0.0,0.9999764121338679,0.5664969282850733,"S"
"MULE-15897","Task","2018-10-23T13:55:14.000-0500",False,0.0868992809021394,0.0,0.9722924007707209,0.44700121187610575,"S"
"MULE-15896","Task","2018-10-23T13:54:03.000-0500",True,0.06534689655388146,1.0,0.9797417652945786,0.3725801925800618,"S"
"MULE-15892","Task","2018-10-23T13:21:08.000-0500",False,0.022754276887953943,1.0,3.063736487687306e-05,0.16511068723164068,"S"
"MULE-15883","Bug","2018-10-19T14:26:14.000-0500",False,0.03500626533163966,0.0,0.9995873747614193,0.2355393387467179,"S"
"MULE-15840","Bug","2018-10-11T13:18:35.000-0500",False,0.02792399575898017,0.0,0.0007181673415365713,0.1961322351442506,"S"
"MULE-15834","Task","2018-08-29T12:46:51.000-0500",False,0.03718293656527306,0.0,0.0006496545597617094,0.24699355618781227,"S"
"MULE-15833","Bug","2018-10-10T17:00:04.000-0500",False,0.039296432266712616,1.0,0.00036301750059295363,0.2578391157501151,"S"
"MULE-15826","Task","2018-10-10T11:23:04.000-0500",True,0.2052988381786574,0.0,0.9999476943752587,0.6869293248337226,"S"
"MULE-15825","Task","2018-10-10T11:20:40.000-0500",False,0.12854657679804363,1.0,0.9999973474896756,0.5561202398946861,"S"
"MULE-15823","Task","2018-10-10T11:11:57.000-0500",False,0.1296992165833831,1.0,0.9999942436720893,0.5586490515312061,"S"
"MULE-15810","Task","2018-10-10T10:10:15.000-0500",False,0.20654625237087437,0.0,0.9999881500359988,0.6885675683840933,"S"
"MULE-15808","Task","2018-10-10T07:57:15.000-0500",False,0.013602268378532727,0.0,0.0003441099700235263,0.10484431181724575,"S"
"MULE-15806","Task","2018-10-09T12:12:22.000-0500",False,0.014792063972315396,0.0,0.0007602152272606202,0.11309998799023144,"S"
"MULE-15795","Task","2018-10-07T17:39:41.000-0500",False,0.13324901103189807,1.0,0.00037706975019395015,0.5662997354527574,"S"
"MULE-15786","Bug","2018-10-04T15:32:53.000-0500",True,0.07294143683042081,0.0,4.621211881958976e-05,0.4005778627879716,"S"
"MULE-15743","Task","2018-09-25T09:14:27.000-0500",False,0.00843817010199877,0.0,1.931056936545546e-05,0.06740738375176149,"S"
"MULE-15740","Enhancement Request","2018-09-24T19:48:54.000-0500",False,0.03801634265006366,0.0,0.00013633846773309152,0.2513021691647654,"S"
"MULE-15739","Enhancement Request","2018-09-24T19:47:34.000-0500",False,0.04513552048974935,0.0,0.00034795402338989395,0.2864685077737116,"S"
"MULE-15735","Bug","2018-09-24T11:55:46.000-0500",False,0.04912762593476449,0.0,0.993439893009359,0.30498805952623104,"S"
"MULE-15725","Task","2018-09-21T09:00:13.000-0500",False,0.05356823779725647,0.0,0.000534978266255538,0.3246593767274965,"S"
"MULE-15723","Bug","2018-09-20T15:00:35.000-0500",False,0.07341801537896732,1.0,0.00016424353420330256,0.4022662460979837,"S"
"MULE-15696","Task","2018-09-12T12:51:56.000-0500",False,0.0611386618171434,0.0,3.5798654028092e-05,0.356125315302714,"S"
"MULE-15695","Task","2018-09-12T12:50:02.000-0500",False,0.04917410841578642,1.0,1.6789588538544093e-05,0.3051989251777593,"S"
"MULE-15688","Task","2018-09-12T07:44:12.000-0500",False,0.009517998488456466,0.0,8.306782655968326e-05,0.07545919215937258,"S"
"MULE-15684","Task","2018-09-11T22:44:55.000-0500",True,0.22522290335439768,1.0,0.09088298524887754,0.711733296498213,"S"
"MULE-15682","Task","2018-09-11T22:41:29.000-0500",False,0.1341358560080827,1.0,0.010993487825398962,0.5681794143296728,"S"
"MULE-15681","Task","2018-09-11T22:39:51.000-0500",False,0.2785921588524897,1.0,0.29581507160664167,0.7663556389577884,"S"
"MULE-15666","Task","2018-09-10T10:07:00.000-0500",False,0.027772453074469124,0.0,0.0010387372231317861,0.1952511886807107,"S"
"MULE-15656","Task","2018-09-05T12:51:14.000-0500",False,0.05116975627341939,1.0,0.0005883440698287205,0.3141519503253137,"S"
"MULE-15647","Task","2018-09-04T08:40:52.000-0500",False,0.01671022618745648,0.0,4.331688647291002e-06,0.1261341276641038,"S"
"MULE-15642","Bug","2018-09-03T13:23:36.000-0500",False,0.016182596727577037,0.0,1.1559321717676222e-05,0.12258214134387639,"S"
"MULE-15627","Bug","2018-08-29T18:22:50.000-0500",False,0.04093656795328155,0.0,0.0002515452639365244,0.26607442942845,"S"
"MULE-15606","Enhancement Request","2018-08-27T13:26:57.000-0500",False,0.01926726899224583,0.0,0.00010905664720016918,0.1430003664336195,"S"
"MULE-15597","Bug","2018-08-24T13:19:50.000-0500",False,0.02541947720710681,1.0,6.328775707391097e-05,0.18135568022002901,"S"
"MULE-15590","Bug","2018-08-23T13:09:58.000-0500",False,0.018675961590440656,0.0,0.00012157517110570778,0.13915050501525947,"S"
"MULE-15586","Bug","2018-08-22T15:18:51.000-0500",False,0.03429622604539841,0.0,5.1484672754528196e-05,0.2317386253610865,"S"
"MULE-15585","Task","2018-08-22T14:25:07.000-0500",False,0.021360446782271975,1.0,3.320766990102916e-05,0.15639222690792137,"S"
"MULE-15584","Bug","2018-08-22T13:01:13.000-0500",True,0.012050854774533638,0.0,3.299180932962986e-05,0.09387665483802303,"S"
"MULE-15562","Task","2018-08-15T10:22:04.000-0500",False,0.11716927657318651,1.0,0.0004730705310622837,0.5299112794053479,"S"
"MULE-15539","Task","2018-08-13T08:01:24.000-0500",False,0.05610002220430619,1.0,0.0025777527055813494,0.33546229187528276,"S"
"MULE-15538","Task","2018-08-13T06:32:18.000-0500",False,0.01975389188516373,0.0,2.019819030889043e-06,0.14614636002340095,"S"
"MULE-15533","Task","2018-08-10T15:16:04.000-0500",False,0.03383615582601578,0.0,3.934584441470158e-05,0.22925872603366065,"S"
"MULE-15527","Bug","2018-08-09T13:21:05.000-0500",False,0.08237765047699418,0.0,0.00047426624134085305,0.43261992743044464,"S"
"MULE-15520","Task","2018-08-08T09:15:22.000-0500",False,0.05435008991667457,0.0,0.0002826605940942647,0.3280265613527614,"S"
"MULE-15512","Bug","2018-08-07T12:36:08.000-0500",False,0.024577871196691956,0.0,0.00017370217969103356,0.1762850995689692,"S"
"MULE-15508","Task","2018-06-25T15:06:38.000-0500",True,0.05991555259537236,0.0,2.2617776034407698e-05,0.3512084253059838,"S"
"MULE-15501","Task","2018-08-03T15:18:14.000-0500",False,0.026199327055893753,0.0,0.0004555546126462719,0.18600646695166198,"S"
"MULE-15500","Bug","2018-08-03T13:24:55.000-0500",False,0.07721454574177751,0.0,4.162108647389731e-05,0.4154434605182013,"S"
"MULE-15498","Task","2018-08-03T12:33:12.000-0500",True,0.014650555506680492,0.0,9.392553997306965e-05,0.11212504834202996,"S"
"MULE-15488","Bug","2018-08-02T07:04:44.000-0500",False,0.05994594430859382,0.0,1.0,0.3513313532501882,"S"
"MULE-15485","Story","2018-08-01T10:35:12.000-0500",True,0.0654667734578344,0.0,1.4069928051716036e-05,0.37303873157980255,"S"
"MULE-15457","Task","2018-07-26T16:41:52.000-0500",False,0.028362361129603088,0.0,4.62146887920333e-05,0.198671534449016,"S"
"MULE-15441","Bug","2018-07-25T08:36:18.000-0500",False,0.03522343542076011,0.0,0.0010760852914701972,0.23669542118222553,"S"
"MULE-15428","Bug","2018-07-24T11:57:16.000-0500",False,0.03118058952620769,0.0,1.8415528335526122e-05,0.21467362783623542,"S"
"MULE-15393","Bug","2018-07-18T09:07:06.000-0500",False,0.01753723767223818,0.0,0.005932858771568327,0.13165159451721747,"S"
"MULE-15392","Bug","2018-07-18T08:49:01.000-0500",False,0.01091104098381671,1.0,3.1717605226401495e-05,0.08566856774105988,"S"
"MULE-15390","Bug","2018-07-18T06:14:58.000-0500",False,0.088689450406936,0.0,0.9996762462232197,0.45253315993858345,"S"
"MULE-15389","Bug","2018-07-17T17:42:24.000-0500",False,0.03868543493359162,0.0,7.029491257934441e-06,0.2547311053148381,"S"
"MULE-15375","Bug","2018-07-16T16:06:24.000-0500",False,0.023260185142594914,1.0,8.65908028377236e-05,0.16823680059103377,"S"
"MULE-15374","Bug","2018-07-16T15:35:24.000-0500",False,0.0395546513462173,0.0,0.7292193291498501,0.25914602060000186,"S"
"MULE-15371","Bug","2018-07-16T13:24:55.000-0500",False,0.08606703126948748,0.0,0.0013665865396122222,0.44439868603703064,"S"
"MULE-15364","Bug","2018-07-16T08:52:58.000-0500",False,0.0145013649094165,1.0,7.409140296067194e-05,0.11109516212401654,"S"
"MULE-15363","Enhancement Request","2018-07-16T08:45:34.000-0500",True,0.034085881169316996,0.0,0.0007712726110126808,0.23060650127856105,"S"
"MULE-15355","Bug","2018-07-13T16:43:29.000-0500",False,0.017103036028601252,0.0,5.08781380752497e-05,0.1287623450448739,"S"
"MULE-15348","Task","2018-07-13T09:56:40.000-0500",False,0.041185892066552314,0.0,2.127282756758091e-05,0.2673127702791754,"S"
"MULE-15309","Bug","2018-07-05T14:33:42.000-0500",False,0.06865495734160158,0.0,1.0,0.38503418633972636,"S"
"MULE-15297","Task","2018-07-04T15:27:44.000-0500",False,0.018831016732772834,1.0,0.00026902928781418763,0.14016292415231338,"S"
"MULE-15290","Task","2018-07-04T11:55:29.000-0500",False,0.12065485417027866,1.0,0.5470288701963146,0.5381900919058396,"S"
"MULE-15270","Bug","2018-07-03T13:29:26.000-0500",False,0.029668123850287314,1.0,0.0002334390016201982,0.20615449098574967,"S"
"MULE-15262","Bug","2018-07-02T15:48:51.000-0500",False,0.009869916698469396,0.0,0.0004908592394844538,0.07805707785454855,"S"
"MULE-15240","Bug","2018-06-29T09:25:48.000-0500",False,0.028585395808096267,0.0,0.0032101026505260994,0.19995822376594682,"S"
"MULE-15235","Bug","2018-06-28T15:39:26.000-0500",False,0.0223863092519659,0.0,4.47087102486596e-06,0.16282418743758087,"S"
"MULE-15228","Task","2018-06-27T16:09:16.000-0500",False,0.016351722358411012,0.0,3.0446659353052104e-07,0.12372341500037494,"S"
"MULE-15223","Task","2018-06-26T15:34:44.000-0500",True,0.04275313243165443,0.0,0.0005638338531714385,0.2750166749853892,"S"
"MULE-15204","Task","2018-06-25T14:59:38.000-0500",False,0.018758417667478215,0.0,7.701021848480068e-06,0.1396891516349367,"S"
"MULE-15200","Task","2018-06-25T10:53:50.000-0500",True,0.012690044357670039,1.0,4.8879021625828606e-06,0.0984235869139685,"S"
"MULE-15191","Task","2018-06-21T17:03:58.000-0500",False,0.03831673869627371,0.0,2.0176749735550357e-05,0.2528449307151815,"S"
"MULE-15176","Task","2018-06-18T15:19:01.000-0500",False,0.1530317963558763,1.0,0.00013195127810676862,0.6054639473021349,"S"
"MULE-15162","Bug","2018-06-13T13:29:22.000-0500",False,0.022389017638534552,0.0,0.000729440324825892,0.1628410564213936,"S"
"MULE-15134","Bug","2018-06-07T10:13:44.000-0500",False,0.023422230922981995,0.0,0.02254980338526852,0.16923385192296966,"S"
"MULE-15125","Task","2018-06-06T10:51:48.000-0500",False,0.05330138593857497,0.0,0.0011301194878151695,0.323503678303518,"S"
"MULE-15117","Bug","2018-06-05T12:06:47.000-0500",True,0.016072897252801623,0.0,0.014501890521223606,0.12184049984887728,"S"
"MULE-15106","Bug","2018-06-05T09:46:31.000-0500",False,0.07212688397954874,0.0,0.002113745942862224,0.3976740078857685,"S"
"MULE-15101","Bug","2018-06-04T08:47:45.000-0500",True,0.05109931878351323,0.0,0.00020274149948634973,0.31383924491191356,"S"
"MULE-15090","Bug","2018-05-29T05:45:38.000-0500",False,0.018091364681901173,0.0,6.155290109956914e-05,0.13531479933464793,"S"
"MULE-15076","Task","2018-05-23T12:42:04.000-0500",False,0.15196115469847668,1.0,0.0009227615876143246,0.6034833488625865,"S"
"MULE-15049","Enhancement Request","2018-05-17T17:19:10.000-0500",False,0.026999842688248246,0.0,0.0002137826429802474,0.1907334755266164,"S"
"MULE-15048","Task","2018-05-17T16:13:20.000-0500",True,0.04031803945952305,1.0,6.724338858887959e-05,0.2629869843025641,"S"
"MULE-15041","Bug","2018-05-17T12:22:01.000-0500",False,0.019181447397398372,0.0,3.053399904458869e-06,0.14244345303660394,"S"
"MULE-15036","Bug","2018-05-16T13:25:56.000-0500",False,0.06468977429509325,0.0,0.0004057289178363751,0.370056789135847,"S"
"MULE-15032","Bug","2018-05-15T12:20:02.000-0500",False,0.014959311885069089,0.0,4.661080340976058e-07,0.11424986541077602,"S"
"MULE-15029","Task","2018-05-14T13:08:06.000-0500",False,0.04319544927872442,0.0,5.167482994976418e-06,0.27716618660017334,"S"
"MULE-15011","Task","2018-05-11T13:26:45.000-0500",False,0.026456828607273764,1.0,0.0001458724670257621,0.1875321654498088,"S"
"MULE-15010","Task","2018-05-11T10:08:42.000-0500",False,0.02862345881866499,0.0,1.6183563958024673e-05,0.2001774559073085,"S"
"MULE-15008","Enhancement Request","2018-05-11T09:58:12.000-0500",False,0.18653900702860868,0.0,0.00032115273722670796,0.6607513604543847,"S"
"MULE-14999","Task","2018-05-10T14:04:57.000-0500",False,0.09721297462505421,1.0,0.000988834296700156,0.4776946750417035,"S"
"MULE-14996","Bug","2018-05-10T13:24:36.000-0500",False,0.01540681261043056,1.0,7.33202301155654e-06,0.11731385515391742,"S"
"MULE-14968","Task","2018-05-04T13:51:03.000-0500",False,0.06750948369679696,1.0,0.0001263701943080179,0.3807681816234419,"S"
"MULE-14942","Task","2018-04-26T09:27:04.000-0500",False,0.03797967538549308,0.0,0.00013394996667272804,0.2511134846847843,"S"
"MULE-14939","Task","2018-04-25T10:48:30.000-0500",False,0.043000784406089294,0.0,0.00045358463123737,0.27622150831529824,"S"
"MULE-14934","Bug","2018-04-24T15:26:04.000-0500",True,0.028699427177839916,0.0,7.116145730406246e-05,0.2006147043889084,"S"
"MULE-14928","Bug","2018-04-23T14:07:40.000-0500",False,0.025457196301884654,0.0,3.870401506787669e-06,0.18158167595098335,"S"
"MULE-14907","Bug","2018-04-17T11:05:02.000-0500",False,0.03193224135859374,0.0,1.211026071945787e-06,0.21884943169147558,"S"
"MULE-14902","Task","2018-04-16T15:27:19.000-0500",False,0.029829403050158458,0.0,0.000327777648135654,0.20707043215826434,"S"
"MULE-14891","Task","2018-04-13T09:39:36.000-0500",False,0.03566245776260149,1.0,1.3682647024471866e-05,0.23902344259736485,"S"
"MULE-14889","Bug","2018-04-12T22:27:34.000-0500",False,0.04506388415657011,0.0,4.167032406902853e-06,0.2861286185216696,"S"
"MULE-14888","Task","2018-04-12T16:04:45.000-0500",False,0.11863705828724916,0.0,0.0008223405947725154,0.5334254042837765,"S"
"MULE-14877","Bug","2018-04-11T10:20:22.000-0500",False,0.014909324727025282,1.0,1.170389033790964e-05,0.11390646098480392,"S"
"MULE-14876","Bug","2018-04-03T12:16:58.000-0500",False,0.10668726779019869,0.0,0.0016037166052173353,0.5035666970012399,"S"
"MULE-14871","Task","2018-04-10T15:16:15.000-0500",False,0.015379851991423629,0.0,0.00021581346897324715,0.1171297802785777,"S"
"MULE-14870","Task","2018-04-10T08:55:11.000-0500",False,0.06297539902433644,0.0,0.0003820449778267876,0.36339396435056,"S"
"MULE-14862","Task","2018-04-06T13:46:59.000-0500",False,0.019132402373511912,0.0,0.00017104630069929194,0.1421249088099648,"S"
"MULE-14859","Task","2018-04-06T11:44:23.000-0500",False,0.04560016857832023,0.0,8.005393224423907e-05,0.2886664966791657,"S"
"MULE-14856","Bug","2018-04-06T08:51:58.000-0500",False,0.030128546500119546,0.0,0.00014884725622088063,0.20876455377318615,"S"
"MULE-14853","Bug","2018-04-05T13:51:37.000-0500",False,0.02624425645042673,0.0,2.1148237441971393e-05,0.18627302828525213,"S"
"MULE-14842","Enhancement Request","2018-04-03T10:52:56.000-0500",False,0.023442382339992664,1.0,7.307793337693812e-05,0.1693576975693413,"S"
"MULE-14841","Task","2018-04-03T09:17:08.000-0500",False,0.059593546203225864,0.0,8.495630222249182e-05,0.34990360108694823,"S"
"MULE-14837","Task","2018-04-03T08:51:52.000-0500",False,0.12719390628719654,0.0,0.0020251397022258686,0.5531240494058851,"S"
"MULE-14820","Task","2018-03-27T16:01:55.000-0500",False,0.10103888332484562,0.0,4.1722904359503366e-05,0.4883939786083004,"S"
"MULE-14817","Task","2018-03-27T13:31:11.000-0500",False,0.0739871029259037,0.0,5.2273085551922526e-05,0.40427219962149347,"S"
"MULE-14813","Bug","2018-03-27T09:53:44.000-0500",False,0.012066269024520496,0.0,0.9999513135364104,0.09398677551537374,"S"
"MULE-14800","Bug","2018-03-24T11:00:32.000-0500",False,0.05179928765674386,0.0,0.0002751409878698135,0.31693617836954735,"S"
"MULE-14788","Bug","2018-03-23T10:09:14.000-0500",False,0.027694719331479833,0.0,9.781647090129216e-05,0.19479861333204349,"S"
"MULE-14782","Task","2018-03-22T16:39:27.000-0500",False,0.049244227559926204,0.0,0.0003022124657915774,0.3055168144531458,"S"
"MULE-14778","Bug","2018-03-22T16:04:11.000-0500",False,0.04014719121332231,0.0,7.65253761075631e-05,0.26213030078608635,"S"
"MULE-14751","Task","2018-03-16T13:27:07.000-0500",False,0.040648660242634874,0.0,1.268466016115806e-05,0.2646400392615317,"S"
"MULE-14749","Bug","2018-03-16T12:09:37.000-0500",False,0.032394702603938716,1.0,7.48987213025928e-05,0.22139982771416916,"S"
"MULE-14743","Bug","2018-03-15T16:50:09.000-0500",False,0.021229909328048958,1.0,8.0406325447386e-05,0.1555676633513862,"S"
"MULE-14724","Task","2018-03-14T10:31:53.000-0500",False,0.041381880577306525,0.0,0.00018881106488799517,0.2682837248797514,"S"
"MULE-14723","Enhancement Request","2018-03-14T10:11:11.000-0500",False,0.012649791418333022,1.0,5.409536997699745e-06,0.09813841791464578,"S"
"MULE-14719","Enhancement Request","2018-03-14T08:38:16.000-0500",False,0.02323238138232088,0.0,4.357585800793077e-05,0.16806551957141536,"S"
"MULE-14713","Task","2018-03-14T06:38:02.000-0500",True,0.01800736762147324,1.0,0.00020580097256240048,0.1347612379394237,"S"
"MULE-14702","Bug","2018-03-12T14:36:52.000-0500",False,0.1122679298223502,0.0,1.0,0.5178724323019205,"S"
"MULE-14698","Bug","2018-03-09T19:08:30.000-0600",False,0.023922063625169743,0.0,0.14999442801951077,0.17229633733845265,"S"
"MULE-14693","Enhancement Request","2018-03-09T12:19:45.000-0600",False,0.07795595552232043,0.0,3.338099426067686e-05,0.4179615498076415,"S"
"MULE-14690","Bug","2018-03-09T10:36:20.000-0600",False,0.08357912584952976,0.0,0.017684870709873953,0.43649974349855963,"S"
"MULE-14680","Bug","2018-03-07T13:54:32.000-0600",False,0.06396484910555385,0.0,0.006190016915993964,0.3672535283281336,"S"
"MULE-14671","Bug","2018-03-02T09:02:32.000-0600",True,0.044593856251107795,0.0,0.0003131251835774633,0.28389171637301575,"S"
"MULE-14670","Bug","2018-03-02T12:41:00.000-0600",False,0.054959080135949426,0.0,0.9999999999921556,0.3306299244329844,"S"
"MULE-14667","Task","2018-03-02T09:04:25.000-0600",False,0.05368252791681305,1.0,4.487016180745101e-05,0.32515334325363004,"S"
"MULE-14661","Enhancement Request","2018-03-01T13:07:55.000-0600",False,0.020995207427157152,0.0,0.0008496378114131442,0.1540816201342483,"S"
"MULE-14653","Task","2018-02-28T12:58:18.000-0600",False,0.0396399997785196,0.0,4.848771244226469e-05,0.25957713079469447,"S"
"MULE-14651","Bug","2018-02-28T11:04:46.000-0600",False,0.029759036679706318,1.0,3.284789123309601e-05,0.20667102818013658,"S"
"MULE-14650","Task","2018-02-28T09:54:19.000-0600",False,0.045477734436513484,0.0,0.0008381219544375956,0.2880884372920241,"S"
"MULE-14649","Task","2018-02-28T09:50:58.000-0600",False,0.047571114984217865,0.0,0.00177117140552393,0.29786449079805793,"S"
"MULE-14645","Bug","2018-02-27T12:30:13.000-0600",True,0.011437752851435983,0.0,0.02935535005874043,0.0894776033687938,"S"
"MULE-14644","Bug","2018-02-27T11:15:15.000-0600",False,0.014857911904292016,0.0,1.632855903580172e-05,0.11355302096393179,"S"
"MULE-14643","Task","2018-02-27T07:15:39.000-0600",False,0.012200939896971635,1.0,2.8098656774792837e-06,0.09494788397383283,"S"
"MULE-14640","Bug","2018-02-26T13:51:59.000-0600",False,0.0107908201064801,1.0,9.809617228143948e-05,0.08479526397510366,"S"
"MULE-14639","Task","2018-02-26T13:51:38.000-0600",False,0.0379720014519789,0.0,2.1144503827438706e-05,0.2510739855099399,"S"
"MULE-14637","Bug","2018-02-26T12:26:05.000-0600",False,0.017042236079810247,0.0,2.6654028944138193e-06,0.12835644140274294,"S"
"MULE-14632","Bug","2018-02-22T15:21:01.000-0600",False,0.044306224920482265,1.0,0.006292962835565968,0.28251702018856817,"S"
"MULE-14611","Bug","2018-02-19T12:29:13.000-0600",False,0.014132462220236813,1.0,0.0002855197948218989,0.10853962871855799,"S"
"MULE-14606","Bug","2018-02-15T17:46:22.000-0600",False,0.0627762684425634,1.0,4.042127991824026e-05,0.36261250749672597,"S"
"MULE-14604","Task","2018-02-14T15:53:16.000-0600",False,0.01610132917776041,1.0,2.2934984175119152e-05,0.12203282304774422,"S"
"MULE-14594","Bug","2018-02-08T13:05:50.000-0600",False,0.06547683665155003,0.0,0.0004041269034195667,0.3730771989782889,"S"
"MULE-14592","Task","2018-02-05T13:11:22.000-0600",False,0.023821454875047204,1.0,3.308440235326264e-05,0.17168147020904884,"S"
"MULE-14586","Bug","2018-02-01T23:53:56.000-0600",False,0.04213529621316146,0.0,6.809277159416546e-05,0.2719960695158361,"S"
"MULE-14583","Bug","2018-02-01T23:36:34.000-0600",False,0.03629493005956746,0.0,2.0115330029484867e-05,0.24235610803156288,"S"
"MULE-14573","Task","2018-01-31T15:35:35.000-0600",False,0.024632832241176534,0.9999999999436113,1.335567048946509e-05,0.17661788140805673,"S"
"MULE-14568","Enhancement Request","2018-01-31T09:36:43.000-0600",False,0.04645960177645445,0.0,9.23740159929996e-05,0.2927020709831294,"S"
"MULE-14557","Bug","2018-01-26T15:18:04.000-0600",False,0.02023026982292969,1.0,0.0004058055917972447,0.14920682174380098,"S"
"MULE-14552","Enhancement Request","2018-01-26T13:20:41.000-0600",False,0.027891855357941975,1.0,1.0233310017754071e-05,0.19594551395566556,"S"
"MULE-14551","Bug","2018-01-26T12:53:43.000-0600",False,0.016150344414286484,1.0,2.8028795145077795e-05,0.12236420711268077,"S"
"MULE-14534","Bug","2018-01-23T14:31:48.000-0600",False,0.021698990774171298,1.0,0.00011266809951270722,0.1585242360014797,"S"
"MULE-14530","Enhancement Request","2018-01-23T07:45:52.000-0600",False,0.018505148234114026,0.0,4.472309492711965e-05,0.13803280217601654,"S"
"MULE-14526","Bug","2018-01-22T14:02:37.000-0600",False,0.013959717935115204,1.0,3.065330671252736e-06,0.10733856429552945,"S"
"MULE-14524","Bug","2018-01-22T11:45:00.000-0600",False,0.026149322913536676,0.0,0.0014452913830911018,0.18570962121003806,"S"
"MULE-14519","Enhancement Request","2018-01-20T19:41:51.000-0600",False,0.05106872894673782,1.0,7.297954393872907e-05,0.31370336776833807,"S"
"MULE-14514","Task","2018-01-19T12:12:45.000-0600",False,0.046952292192798915,0.0,8.79111822085914e-05,0.2949982196283505,"S"
"MULE-14508","Bug","2018-01-18T13:51:49.000-0600",False,0.0692719830196105,0.0,0.0023373684837149776,0.38731215165485267,"S"
"MULE-14506","Bug","2018-01-18T11:29:05.000-0600",False,0.03182560920026925,1.0,8.088391105751782e-05,0.2182593483894616,"S"
"MULE-14502","Task","2018-01-18T10:40:51.000-0600",False,0.035388804902913025,0.0,0.0002927272699493653,0.23757375388286014,"S"
"MULE-14471","Task","2018-01-17T05:18:27.000-0600",False,0.009119968386120102,0.0,0.00020985745150593958,0.07250544900199193,"S"
"MULE-14470","Bug","2018-01-16T19:09:21.000-0600",False,0.04597453034824049,1.0,0.06563079325828737,0.29042911080321127,"S"
"MULE-14464","Task","2018-01-16T13:25:45.000-0600",False,0.0689980852789984,1.0,0.002460721576604094,0.3863026765629784,"S"
"MULE-14457","Bug","2018-01-15T14:59:55.000-0600",False,0.0560877375042695,1.0,0.0004317448087501624,0.33541057086087084,"S"
"MULE-14427","Bug","2018-01-11T13:15:25.000-0600",False,0.022405337684003664,0.0,1.4423889694993611e-06,0.1629426921974726,"S"
"MULE-14423","Task","2018-01-11T08:16:59.000-0600",False,0.06495102367372113,1.0,0.0006425728314804717,0.3710620099577485,"S"
"MULE-14422","Task","2018-01-11T08:12:55.000-0600",False,0.0599856466117077,1.0,0.000384934230888128,0.3514918823369491,"S"
"MULE-14420","Task","2018-01-10T15:16:16.000-0600",False,0.05271783913604845,0.0,0.002346386388442004,0.3209648735826411,"S"
"MULE-14396","Bug","2018-01-08T09:47:25.000-0600",True,0.05110101693599136,0.0,0.0003960957488349585,0.3138467866239079,"S"
"MULE-14394","Task","2018-01-08T08:11:08.000-0600",False,0.03134133040317219,0.0,0.00011775182970030662,0.2155698263676737,"S"
"MULE-14383","Task","2018-01-05T07:46:04.000-0600",False,0.09100878254384269,0.0,2.2738382202301497e-05,0.4595690959137716,"S"
"MULE-14377","Task","2018-01-04T12:06:49.000-0600",False,0.021294498916488876,0.0,1.1053715165182713e-06,0.15597582910301702,"S"
"MULE-14375","Bug","2018-01-04T10:09:04.000-0600",False,0.03363186176755046,0.0,0.00018386111703724487,0.22815314869364497,"S"
"MULE-14374","Enhancement Request","2018-01-04T10:08:48.000-0600",False,0.053869874607103546,1.0,0.0016006357148924371,0.3259617593567093,"S"
"MULE-14373","Task","2018-01-04T10:06:45.000-0600",False,0.01718539847336913,0.0,0.0005748558759332848,0.12931167845773392,"S"
"MULE-14370","Task","2018-01-03T20:32:43.000-0600",False,0.025909145350596595,0.0,5.3433287985356965e-05,0.18428122930620552,"S"
"MULE-14368","Task","2018-01-03T20:25:52.000-0600",False,0.01961536960605501,0.0,4.376005386831339e-05,0.1452528568016575,"S"
"MULE-14361","Bug","2018-01-03T14:42:30.000-0600",False,0.011931572001515256,0.0,2.0495592429881054e-05,0.09302369929383555,"S"
"MULE-14355","Task","2018-01-02T12:02:10.000-0600",False,0.10928517540276665,0.0,0.0043983007264846935,0.5103081315416853,"S"
"MULE-14354","Task","2018-01-02T11:17:32.000-0600",False,0.07508793219887744,0.0,0.00022884157900798148,0.408121395571003,"S"
"MULE-14348","Task","2017-12-29T20:48:29.000-0600",False,0.008861540240756173,0.0,5.748510874434383e-06,0.07057883214838591,"S"
"MULE-14317","Task","2017-12-26T11:56:51.000-0600",False,0.02143225834924446,1.0,3.058993758603313e-05,0.15684524509019557,"S"
"MULE-14303","Bug","2017-12-21T15:11:06.000-0600",True,0.013882511005487583,0.0,1.919231375923926e-05,0.1068008456912658,"S"
"MULE-14293","Bug","2017-12-20T08:13:21.000-0600",False,0.03750574147720316,1.0,2.5887687192466357e-05,0.2486674047159459,"S"
"MULE-14266","Task","2017-12-12T15:00:47.000-0600",False,0.04321502131179187,0.0,0.0006210621205793008,0.27726105144554486,"S"
"MULE-14262","Bug","2017-12-14T20:34:32.000-0600",False,0.024901701322342023,0.0,0.2909933641913682,0.17824251883034517,"S"
"MULE-14253","Task","2017-12-13T14:54:43.000-0600",False,0.022104070054486075,1.0,1.2847975887638307e-05,0.16106306144270713,"S"
"MULE-14245","Task","2017-12-13T14:31:37.000-0600",False,0.022104070054486075,1.0,1.2847975887638307e-05,0.16106306144270713,"S"
"MULE-14244","Task","2017-12-13T14:30:48.000-0600",True,0.021232750540049267,1.0,1.6517580620948593e-05,0.15558562519945177,"S"
"MULE-14207","Task","2017-12-13T13:37:45.000-0600",False,0.022104070054486075,1.0,1.2847975887638307e-05,0.16106306144270713,"S"
"MULE-14205","Task","2017-12-13T13:30:12.000-0600",False,0.0603942785911297,0.0,0.00011380644026070201,0.3531402904942426,"S"
"MULE-14203","Task","2017-12-13T08:53:36.000-0600",True,0.026504534655851064,0.0,0.0009074289905104119,0.1878142847803596,"S"
"MULE-14201","Task","2017-12-12T16:48:04.000-0600",False,0.07399382490608393,0.0,0.00013771998721222783,0.4042958278869736,"S"
"MULE-14193","Bug","2017-12-11T15:51:44.000-0600",False,0.017890723624323954,0.0,0.10298549729768011,0.13399150602563778,"S"
"MULE-14184","Task","2017-12-07T10:15:05.000-0600",False,0.029555069779754868,1.0,0.004440396360114225,0.20551135068850054,"S"
"MULE-14176","Bug","2017-12-06T13:45:15.000-0600",False,0.06085902120324284,0.0,0.008247360239224073,0.35500662047377024,"S"
"MULE-14172","Task","2017-12-05T12:55:00.000-0600",False,0.026980924081199287,0.0,1.391112571252607e-05,0.19062230626477158,"S"
"MULE-14169","Task","2017-12-05T11:46:06.000-0600",False,0.04167546607712547,0.0,8.419397048859243e-05,0.26973412259840246,"S"
"MULE-14136","Bug","2017-11-27T09:28:42.000-0600",False,0.2862953463720318,0.0,0.0011343346520858646,0.7730925703768327,"S"
"MULE-14134","Bug","2017-11-27T07:58:49.000-0600",False,0.02617262174413387,0.0,0.0003734998437434128,0.18584795606436055,"S"
"MULE-14131","Bug","2017-11-24T13:42:43.000-0600",False,0.01693430362332232,0.0,0.3991221303927742,0.1276350701876978,"S"
"MULE-14127","Task","2017-11-24T07:36:55.000-0600",False,0.016312101844491778,0.0,7.242861101653076e-06,0.12345628371670814,"S"
"MULE-14126","Task","2017-11-24T07:27:08.000-0600",False,0.04365159228810119,0.0,2.0437250741797135e-05,0.27937164303401274,"S"
"MULE-14119","Task","2017-11-21T15:52:45.000-0600",False,0.07683368365572464,0.0,0.0006090952387053148,0.4141430148554742,"S"
"MULE-14112","Bug","2017-11-17T21:32:53.000-0600",False,0.08351230869929688,0.0,0.007087935846817143,0.4362851053118825,"S"
"MULE-14095","Bug","2017-11-16T10:49:42.000-0600",False,0.05820078557850632,1.0,0.000457272033552149,0.34420940362048713,"S"
"MULE-14092","Bug","2017-11-15T13:57:37.000-0600",False,0.0749106976287876,0.0,1.431984544736303e-05,0.4075044183760729,"S"
"MULE-14085","Enhancement Request","2017-11-15T10:46:24.000-0600",True,0.026477840070978285,1.0,1.2348613623414326e-05,0.18765644171446028,"S"
"MULE-14073","Bug","2017-11-14T13:35:57.000-0600",False,0.025109331725524285,1.0,0.012314938522650313,0.17949335211441877,"S"
"MULE-14070","Task","2017-11-14T13:08:22.000-0600",True,0.05978048959361213,0.0,1.5138164810722242e-05,0.35066165673340943,"S"
"MULE-14068","Bug","2017-11-14T13:05:24.000-0600",False,0.06593163080387078,0.0,0.0003050924784489772,0.3748116343103285,"S"
"MULE-14054","Bug","2017-11-13T13:51:21.000-0600",False,0.022117423037416314,0.0,3.166045711067101e-05,0.16114652586553077,"S"
"MULE-14048","Bug","2017-11-13T10:31:36.000-0600",False,0.05306052196139617,1.0,0.00012466414604257674,0.32245769013470527,"S"
"MULE-14047","Task","2017-11-13T09:51:34.000-0600",False,0.06861949242052456,0.0,0.0006345791083792876,0.38490283244030077,"S"
"MULE-14025","Bug","2017-11-10T09:12:53.000-0600",False,0.04074822900038958,0.0,0.4923474721569111,0.2651366388898639,"S"
"MULE-14022","Enhancement Request","2017-11-09T21:27:53.000-0600",False,0.019550329859301406,0.0,0.7893754394472082,0.14483277606094846,"S"
"MULE-14021","Task","2017-11-09T14:47:04.000-0600",False,0.06522956378615584,1.0,0.00021567518242495163,0.3721308492621196,"S"
"MULE-14016","Bug","2017-11-09T13:09:10.000-0600",False,0.023125020872062745,1.0,0.04798596120832292,0.16740356982623328,"S"
"MULE-14012","Task","2017-11-09T09:02:19.000-0600",False,0.06686412411863463,0.0,0.43981487445633405,0.378343228177565,"S"
"MULE-14007","Bug","2017-11-08T09:35:48.000-0600",False,0.04143822493678143,0.0,0.0017285386364019853,0.2685624599984563,"S"
"MULE-13995","Bug","2017-11-08T06:16:25.000-0600",False,0.01208864091219387,0.0,3.032624208561866e-05,0.09414656063602032,"S"
"MULE-13994","Bug","2017-11-08T06:15:45.000-0600",False,0.0527842597949741,1.0,0.00032533982565287654,0.32125464867093967,"S"
"MULE-13989","Task","2017-11-07T14:54:21.000-0600",False,0.041554495885661444,0.0,4.11899361942531e-05,0.26913708415759074,"S"
"MULE-13987","Task","2017-11-07T13:54:50.000-0600",True,0.04829135056050349,0.0,0.11405504134934392,0.30117590742343153,"S"
"MULE-13980","Bug","2017-11-07T08:51:23.000-0600",False,0.01552457523709229,0.0,0.0008067418158514977,0.11811710385245526,"S"
"MULE-13977","Bug","2017-11-06T13:05:39.000-0600",False,0.021168037649980032,0.0,0.00017450797632341414,0.15517635330011503,"S"
"MULE-13973","Task","2017-11-06T08:57:18.000-0600",False,0.06897512406576639,0.0,0.0032602346000505525,0.38621792681319284,"S"
"MULE-13971","Bug","2017-11-06T08:04:07.000-0600",False,0.04492082619492462,1.0,6.786180977849074e-05,0.2854490417283333,"S"
"MULE-13968","Task","2017-11-06T06:58:43.000-0600",False,0.04270348178254275,0.0,0.0015908813256063838,0.2747747155985296,"S"
"MULE-13956","Bug","2017-11-03T13:12:34.000-0500",False,0.05101732521837801,0.0,3.6489211669758024e-05,0.3134749358084644,"S"
"MULE-13947","Task","2017-11-02T15:00:59.000-0500",False,0.041317333437815025,0.0,0.0943435392113265,0.26796418979047854,"S"
"MULE-13939","Task","2017-11-02T06:04:22.000-0500",False,0.2730771735526382,0.0,0.0013151921231179654,0.7613756043281639,"S"
"MULE-13928","Enhancement Request","2017-11-01T05:49:20.000-0500",False,0.02729181306022582,0.0,0.9719773660012728,0.1924458295754204,"S"
"MULE-13920","Bug","2017-10-31T12:53:39.000-0500",False,0.03486697901344527,0.0,1.866042225346696e-05,0.2347962921987556,"S"
"MULE-13913","Task","2017-10-30T13:06:20.000-0500",False,0.042121187449503265,0.0,8.037382207754352e-06,0.27192684339636236,"S"
"MULE-13910","Bug","2017-10-30T10:03:23.000-0500",False,0.01227955493873343,0.0,0.0065754247180764575,0.09550811645245032,"S"
"MULE-13909","Task","2017-10-30T09:01:06.000-0500",False,0.06689593225734129,0.0,6.279816829780502e-05,0.37846311401645727,"S"
"MULE-13908","Bug","2017-10-30T06:28:37.000-0500",False,0.016500665160556486,0.0,1.3193787984625864e-05,0.12472636132847906,"S"
"MULE-13905","Task","2017-10-28T10:08:54.000-0500",False,0.06094761817597945,1.0,9.484645367587212e-05,0.35536139862062976,"S"
"MULE-13901","Bug","2017-10-27T12:06:46.000-0500",False,0.035213317968339354,0.0,0.00013689884109525382,0.23664162809256875,"S"
"MULE-13897","Bug","2017-10-27T10:26:49.000-0500",False,0.03770926689583142,0.0,5.4095683806090944e-05,0.24971950494574893,"S"
"MULE-13890","Bug","2017-10-26T10:06:03.000-0500",False,0.02426215847481473,0.0,0.05592304284329104,0.17436900798937371,"S"
"MULE-13888","Bug","2017-10-26T08:35:06.000-0500",False,0.05816611712266931,0.0,0.03893598670074108,0.3440666083536937,"S"
"MULE-13880","Task","2017-08-03T10:08:59.000-0500",False,0.05162395122735046,0.0,9.987658110390859e-06,0.3161626211455746,"S"
"MULE-13863","Bug","2017-10-23T16:20:34.000-0500",False,0.021277159464046753,0.0,6.0344050229632706e-05,0.1558662880836841,"S"
"MULE-13861","Task","2017-10-23T15:43:37.000-0500",False,0.033055845644600894,0.0,4.489017590148513e-06,0.22502131593690894,"S"
"MULE-13860","Bug","2017-10-23T14:12:16.000-0500",False,0.061725038684231015,0.0,2.1117793901036445e-05,0.35846069172519224,"S"
"MULE-13856","Bug","2017-10-23T12:47:39.000-0500",False,0.06124658656674177,0.0,4.179791997641068e-05,0.35655620593751536,"S"
"MULE-13853","Bug","2017-10-21T10:50:45.000-0500",False,0.09816007041926975,0.0,0.999999999942986,0.4803761865279099,"S"
"MULE-13847","Bug","2017-10-20T10:35:32.000-0500",False,0.08187744417607329,0.0,0.007044206333242828,0.430991891162081,"S"
"MULE-13845","Task","2017-10-20T10:11:29.000-0500",False,0.03831673869627371,0.0,2.0176749735550357e-05,0.2528449307151815,"S"
"MULE-13843","Bug","2017-10-20T09:59:35.000-0500",False,0.022742008218477567,1.0,0.00020331266406851375,0.1650346250376194,"S"
"MULE-13842","Bug","2017-10-20T06:18:42.000-0500",False,0.011958388088848077,0.0,2.1846121617118256e-05,0.09321557507797915,"S"
"MULE-13837","Task","2017-10-19T15:59:56.000-0500",False,0.011813404912705616,1.0,1.1643477888394071e-05,0.09217734045026232,"S"
"MULE-13829","Bug","2017-10-19T09:02:21.000-0500",False,0.04490363521730995,1.0,0.00013813494745989072,0.285367305024819,"S"
"MULE-13827","Task","2017-10-19T08:06:13.000-0500",False,0.0403425232242793,0.0,2.4158570858709914e-05,0.2631096151377369,"S"
"MULE-13824","Task","2017-10-19T07:45:32.000-0500",False,0.08572975128436214,1.0,0.00015248047356208655,0.4433383507182048,"S"
"MULE-13823","Bug","2017-10-19T06:31:53.000-0500",False,0.04313399779230501,0.0,4.1061865375365976e-05,0.27686819708667026,"S"
"MULE-13820","Bug","2017-10-18T16:33:08.000-0500",False,0.10323604570875645,0.0,0.00034799992439160215,0.4943820675639195,"S"
"MULE-13819","Bug","2017-10-18T15:51:11.000-0500",False,0.0382330400636148,1.0,2.4706714796615778e-05,0.25241561731576073,"S"
"MULE-13816","Bug","2017-10-18T10:06:35.000-0500",False,0.033336068873061675,0.0,0.0002442087905813753,0.2265476078155499,"S"
"MULE-13814","Bug","2017-10-18T09:38:43.000-0500",False,0.03580909082779161,0.0,1.0458129689826031e-05,0.23979830919255565,"S"
"MULE-13791","Bug","2017-10-13T10:31:39.000-0500",False,0.10584531419256861,0.0,0.00012435481241587415,0.5013504644645329,"S"
"MULE-13790","Bug","2017-10-13T09:34:34.000-0500",False,0.028455848677792654,1.0,0.0003797034683947233,0.19921129660272432,"S"
"MULE-13783","Task","2017-10-12T12:14:48.000-0500",False,0.02274606125275743,1.0,1.7229962520407917e-05,0.16505975399684364,"S"
"MULE-13782","Task","2017-10-12T11:58:51.000-0500",False,0.03741584550144219,0.0,3.325514541407663e-05,0.24820190022828773,"S"
"MULE-13773","Bug","2017-10-11T13:44:09.000-0500",False,0.05253907510016872,0.0,5.801418465181234e-05,0.3201839470762951,"S"
"MULE-13770","Task","2017-10-11T11:31:55.000-0500",False,0.041916344769845584,0.0,3.350649441008841e-05,0.27092050654698874,"S"
"MULE-13764","Enhancement Request","2017-10-11T10:06:09.000-0500",False,0.021949456884436083,0.0,5.563198074568769e-06,0.16009558867414472,"S"
"MULE-13743","Enhancement Request","2017-10-09T06:25:01.000-0500",False,0.017676918799856656,1.0,0.00038353393239074597,0.13257752629535324,"S"
"MULE-13727","Task","2017-10-05T17:43:09.000-0500",False,0.057734306814922545,1.0,5.285153876599569e-05,0.34228369315004287,"S"
"MULE-13714","Bug","2017-10-04T14:17:24.000-0500",False,0.07323105336756192,0.0,0.0008664896719857417,0.4016048205942901,"S"
"MULE-13707","Bug","2017-10-03T16:05:16.000-0500",False,0.012863420858746113,0.0,0.002496549058024375,0.09965006664021121,"S"
"MULE-13702","Task","2017-10-03T10:13:25.000-0500",False,0.012762320209872974,0.0,0.0009467971005423208,0.09893522581622205,"S"
"MULE-13687","Bug","2017-10-02T12:37:11.000-0500",False,0.1046934903441374,0.0,0.0009300634119812079,0.49829319229186675,"S"
"MULE-13682","Bug","2017-10-02T09:59:08.000-0500",False,0.11123663290547697,1.0,0.001690652428064855,0.5152779096623956,"S"
"MULE-13671","Enhancement Request","2017-09-29T15:41:57.000-0500",False,0.07875950139502957,1.0,8.103734592862861e-05,0.42067080615176267,"S"
"MULE-13668","Bug","2017-09-29T10:00:02.000-0500",False,0.058164775828069185,0.0,1.2042473724784085e-05,0.34406108268172664,"S"
"MULE-13666","Bug","2017-09-29T09:47:49.000-0500",False,0.06585922831839536,0.0,0.0010358268642378158,0.37453604480245645,"S"
"MULE-13660","Bug","2017-09-28T14:47:36.000-0500",False,0.03521842796615583,0.0,3.3382965835216e-05,0.23666879804801383,"S"
"MULE-13659","Enhancement Request","2017-09-28T14:40:57.000-0500",False,0.14736342254427562,1.0,0.15718553335575905,0.5948062376119925,"S"
"MULE-13655","Task","2017-09-28T12:06:27.000-0500",False,0.03383139598888345,1.0,1.1535950837700617e-05,0.22923299796750918,"S"
"MULE-13653","Task","2017-09-28T12:04:55.000-0500",False,0.020708978173137386,1.0,5.2023608603542735e-06,0.15226320118688405,"S"
"MULE-13651","Task","2017-09-28T12:00:16.000-0500",False,0.04512489559356309,0.0,0.0001459859809283515,0.28641811359485736,"S"
"MULE-13647","Task","2017-09-28T11:36:33.000-0500",False,0.016922015188647072,1.0,1.7794206302919378e-05,0.1275528742432149,"S"
"MULE-13631","Bug","2017-09-26T15:48:42.000-0500",False,0.009064541709178997,0.0,9.442362569305975e-07,0.07209282420900658,"S"
"MULE-13628","Task","2017-09-26T11:40:27.000-0500",False,0.19629578825586988,0.0,0.0009373448109567452,0.6747379590454481,"S"
"MULE-13607","Bug","2017-09-22T19:33:17.000-0500",False,0.0032917801349449326,0.0,8.226763604681373e-08,0.02728570024331502,"S"
"MULE-13606","Bug","2017-09-22T15:32:49.000-0500",False,0.059797696324646696,0.0,0.00011183182054931175,0.3507313563358876,"S"
"MULE-13599","Bug","2017-09-22T09:25:03.000-0500",False,0.02884153329671082,1.0,9.997682840387886e-06,0.20143152065026415,"S"
"MULE-13596","Task","2017-09-21T16:08:21.000-0500",False,0.031140888913521736,1.0,0.004418929508903566,0.21445201052759075,"S"
"MULE-13578","Bug","2017-09-20T10:19:42.000-0500",False,0.03400904421767778,0.0,0.9942356346937321,0.23019223806160885,"S"
"MULE-13568","Bug","2017-09-18T15:18:28.000-0500",False,0.04495475937121076,1.0,0.00015256437379875478,0.28561033512422124,"S"
"MULE-13545","Task","2017-09-14T11:49:01.000-0500",False,0.07195679167255017,1.0,0.0025057197394486768,0.39706472749310967,"S"
"MULE-13533","Task","2017-09-14T09:28:40.000-0500",False,0.01923838040774766,1.0,2.7786868934357574e-05,0.14281297256374503,"S"
"MULE-13526","Task","2017-09-13T09:09:57.000-0500",False,0.012317516966985867,0.0,8.407912430180188e-05,0.09577842798462796,"S"
"MULE-13521","Bug","2017-09-12T15:57:22.000-0500",True,0.046608338063698684,0.0,1.810568474795225e-05,0.2933965700084225,"S"
"MULE-13519","Bug","2017-09-12T14:14:49.000-0500",False,0.007298624563945447,0.0,0.02396753431564014,0.05877630440856951,"S"
"MULE-13517","Task","2017-09-12T12:00:41.000-0500",False,0.017998997733892536,0.0,0.47085975670889557,0.13470604466948516,"S"
"MULE-13503","Task","2017-09-11T09:51:25.000-0500",True,0.0484012407457511,1.0,0.00010423562525676167,0.30167884156127733,"S"
"MULE-13472","Story","2017-09-05T15:22:40.000-0500",False,0.04604945767593833,1.0,0.0009184650712911513,0.2907810094398504,"S"
"MULE-13455","Task","2017-09-04T06:46:49.000-0500",False,0.011023560361256901,0.0,3.8053156243273716e-06,0.08648460983683222,"S"
"MULE-13451","Task","2017-09-03T11:27:54.000-0500",True,0.013838661844284872,1.0,0.0002590838395082242,0.1064952009890923,"S"
"MULE-13447","Task","2017-08-31T10:40:04.000-0500",False,0.044617580711300495,0.0,0.9998070819223521,0.28400490605293915,"S"
"MULE-13433","Task","2017-08-31T11:30:47.000-0500",False,0.014024442033472946,0.0,7.002371946625009e-05,0.10778891061306474,"S"
"MULE-13431","Enhancement Request","2017-08-31T10:27:02.000-0500",False,0.05447009228097336,0.0,0.004387983725565193,0.3285408925237589,"S"
"MULE-13430","Task","2017-08-31T09:54:33.000-0500",False,0.03840235688593959,1.0,0.0002184954394150051,0.2532836573698033,"S"
"MULE-13416","Bug","2017-08-30T12:35:21.000-0500",False,0.03190348209785605,0.0,0.00020945664418494742,0.21869035803495057,"S"
"MULE-13405","Task","2017-08-29T12:09:34.000-0500",False,0.011982798694147275,1.0,7.385820720816084e-05,0.09339017751557949,"S"
"MULE-13399","Bug","2017-08-28T17:06:31.000-0500",False,0.018316514551002482,0.0,8.858784535562344e-07,0.13679557014181679,"S"
"MULE-13397","Bug","2017-08-28T14:26:43.000-0500",False,0.03131482206058172,0.0,0.013979843397863507,0.21542215152852065,"S"
"MULE-13394","Bug","2017-08-28T09:07:14.000-0500",False,0.03839915896597782,0.0,0.004435061909708128,0.25326727837567414,"S"
"MULE-13390","Enhancement Request","2017-08-25T15:14:48.000-0500",False,0.028312888046834704,0.0,0.576592782786052,0.1983856429241812,"S"
"MULE-13367","Task","2017-08-23T08:39:53.000-0500",False,0.01788072574432308,0.0,0.00011987773355599906,0.13392547495916468,"S"
"MULE-13360","Bug","2017-08-22T08:25:55.000-0500",False,0.01728539201376142,0.0,2.575305232158862e-06,0.1299777992819449,"S"
"MULE-13355","Bug","2017-08-18T13:45:41.000-0500",False,0.0121923518857713,0.0,7.312648301033256e-06,0.0948866467924863,"S"
"MULE-13350","Bug","2017-08-17T14:55:26.000-0500",False,0.022461020747802218,1.0,2.533057692023579e-05,0.16328930751573598,"S"
"MULE-13342","Task","2017-08-17T10:37:31.000-0500",True,0.032927666057109735,0.0,0.0029257783907312837,0.22432144641255364,"S"
"MULE-13338","Task","2017-08-17T10:00:18.000-0500",False,0.03106813620339913,0.0,5.702143109957683e-05,0.21404561174547204,"S"
"MULE-13332","Bug","2017-08-16T22:36:43.000-0500",False,0.028077881418990924,0.0,0.14629125990538153,0.19702521160265105,"S"
"MULE-13327","Bug","2017-08-16T09:06:43.000-0500",False,0.23752336414631747,0.0,0.9986474342489693,0.7257162725645416,"S"
"MULE-13314","Bug","2017-08-14T21:24:09.000-0500",False,0.10122237332026299,1.0,0.0015888862829469407,0.4888983485356625,"S"
"MULE-13303","Task","2017-08-11T11:44:20.000-0500",False,0.0553252188890807,0.0,3.198333254271769e-05,0.33218704027076196,"S"
"MULE-13302","Bug","2017-08-11T10:37:39.000-0500",False,0.029360224453414012,0.0,6.816458692802598e-05,0.20440082129091794,"S"
"MULE-13290","Bug","2017-08-09T15:44:10.000-0500",False,0.048266188341393595,0.0,0.0011496474773222058,0.30106066196980485,"S"
"MULE-13275","Story","2017-08-07T08:25:05.000-0500",False,0.05552118776111097,1.0,0.0003243693566003543,0.3330179781273812,"S"
"MULE-13261","Bug","2017-08-03T19:28:53.000-0500",False,0.011933949155069887,0.0,8.133571357711034e-05,0.09304071127885712,"S"
"MULE-13259","Task","2017-08-03T11:42:26.000-0500",False,0.07054500371034905,1.0,0.0004714364278733317,0.3919684065291363,"S"
"MULE-13256","Task","2017-08-03T11:30:08.000-0500",False,0.0915528520285844,0.0,0.0006594081786666497,0.46119858307670836,"S"
"MULE-13255","Bug","2017-08-03T11:05:38.000-0500",False,0.051369772493142035,0.0,0.0017122420310386626,0.3150386177529124,"S"
"MULE-13251","Task","2017-08-03T10:20:58.000-0500",False,0.021021140905989156,1.0,2.7364231909888406e-05,0.1542460429837821,"S"
"MULE-13245","Enhancement Request","2017-08-02T15:16:46.000-0500",False,0.0539329681538554,0.0,0.0007417936819889749,0.326233649234306,"S"
"MULE-13243","Task","2017-08-02T14:17:41.000-0500",False,0.04617753302068003,0.0,3.856236599747704e-05,0.29138183968129655,"S"
"MULE-13228","Enhancement Request","2017-07-31T12:32:32.000-0500",False,0.01788147032621235,1.0,0.0017605571701245428,0.1339303928560108,"S"
"MULE-13224","Story","2017-07-31T08:03:41.000-0500",False,0.04098289117371993,1.0,0.0008359290011212324,0.2663047749601448,"S"
"MULE-13216","Task","2017-07-28T08:51:56.000-0500",False,0.047905298638213335,0.0,0.0007298042058743717,0.2994042328340991,"S"
"MULE-13204","Task","2017-07-27T06:42:51.000-0500",False,0.030458198658089637,0.0,0.00010100613151766852,0.2106242915956669,"S"
"MULE-13203","Story","2017-07-27T06:30:36.000-0500",False,0.027385195590735885,1.0,0.0001740536134172944,0.19299218922399017,"S"
"MULE-13199","Task","2017-07-26T12:32:28.000-0500",False,0.03831673869627371,0.0,2.0176749735550357e-05,0.2528449307151815,"S"
"MULE-13192","Task","2017-07-26T05:35:44.000-0500",False,0.02615468814698184,1.0,2.8568415840377704e-05,0.1857414804134389,"S"
"MULE-13182","Task","2017-07-25T04:39:14.000-0500",False,0.021013324583610573,0.0,1.1233306051019997e-05,0.1541964919279713,"S"
"MULE-13170","Task","2017-07-24T10:52:04.000-0500",False,0.01122307660845212,0.0,0.00023642083500897106,0.08792847217986091,"S"
"MULE-13159","Task","2017-07-21T10:43:51.000-0500",False,0.027277124553676396,1.0,6.363577742455035e-05,0.1923598327264806,"S"
"MULE-13158","Enhancement Request","2017-07-21T10:41:09.000-0500",False,0.015395421936706368,0.0,0.0013248666539238448,0.117236092936555,"S"
"MULE-13150","Bug","2017-07-20T11:28:35.000-0500",False,0.025957127401399094,0.0,4.7677568733522345e-05,0.18456693379580807,"S"
"MULE-13149","Story","2017-07-20T11:26:19.000-0500",False,0.014024442033472946,0.0,7.002371946625009e-05,0.10778891061306474,"S"
"MULE-13148","Enhancement Request","2017-07-20T10:40:23.000-0500",False,0.022102009185929344,0.0,0.00017536894194867194,0.1610501784599155,"S"
"MULE-13138","Task","2017-07-19T17:09:29.000-0500",False,0.0627082451394277,0.0,0.0013400878092088497,0.3623451971071783,"S"
"MULE-13131","Bug","2017-07-18T17:38:31.000-0500",False,0.06032771225902973,0.0,5.725165508113742e-05,0.35287223808699963,"S"
"MULE-13113","Task","2017-07-18T12:14:40.000-0500",False,0.058133578746090174,1.0,0.0003162961686241307,0.34393253961665954,"S"
"MULE-13101","Bug","2017-07-17T15:42:52.000-0500",False,0.10035542277343873,1.0,0.00013282295172752066,0.4865083435656723,"S"
"MULE-13097","Task","2017-07-17T13:26:42.000-0500",False,0.03652617099945909,0.0,9.939343580114455e-05,0.24356838674718587,"S"
"MULE-13064","Bug","2017-07-14T10:23:18.000-0500",False,0.023903148234326786,1.0,6.62514059730996e-05,0.1721807965549133,"S"
"MULE-13063","Bug","2017-07-14T10:01:46.000-0500",False,0.031719913832606354,0.0,6.382931221727532e-05,0.21767369722069155,"S"
"MULE-13044","Task","2017-07-12T13:01:09.000-0500",True,0.019866446332581618,0.0,0.002157611803044376,0.14687117531889804,"S"
"MULE-13037","Bug","2017-07-11T15:03:05.000-0500",False,0.015431798972263558,0.0,2.204315856111787e-05,0.1174843911732696,"S"
"MULE-13025","Bug","2017-07-10T14:17:40.000-0500",False,0.04310352991221935,1.0,0.00037727936225175475,0.2767203758345647,"S"
"MULE-13013","Bug","2017-07-07T10:16:44.000-0500",False,0.06441395272305937,0.0,1.0,0.36899261751341494,"S"
"MULE-13010","Bug","2017-07-06T12:00:23.000-0500",False,0.043203705434303664,0.0,0.00022472447014898567,0.27720620641265264,"S"
"MULE-13008","Task","2017-07-06T11:43:58.000-0500",False,0.015302786058915666,0.0,2.798476173234897e-05,0.11660324108644729,"S"
"MULE-13006","Task","2017-07-06T11:24:50.000-0500",False,0.028137188991284548,0.0,0.0002653852341509524,0.197368910886944,"S"
"MULE-13005","Task","2017-07-06T10:51:32.000-0500",False,0.07699201589098317,0.0,5.062129926628703e-05,0.41468420865469063,"S"
"MULE-12998","Task","2017-07-05T08:49:29.000-0500",False,0.03127118418833631,0.0,0.00011831368947237777,0.21517894658203948,"S"
"MULE-12985","Task","2017-07-03T18:51:13.000-0500",False,0.02748509950634086,1.0,0.9389533212246755,0.19357600197321126,"S"
"MULE-12971","Task","2017-06-29T16:31:14.000-0500",False,0.02400054252436062,1.0,4.815358115751012e-05,0.17277541306260605,"S"
"MULE-12967","Bug","2017-06-29T06:43:28.000-0500",False,0.048752992022080235,0.0,0.00010862732510778122,0.3032846218837188,"S"
"MULE-12966","Task","2017-06-29T06:13:35.000-0500",False,0.03298078173638639,0.0,0.0004433859154035486,0.22461159254531085,"S"
"MULE-12942","Bug","2017-06-27T09:22:06.000-0500",False,0.018664333957313917,1.0,1.1415427507703163e-05,0.1390745001972587,"S"
"MULE-12930","Bug","2017-06-23T14:12:48.000-0500",False,0.020114153272737807,1.0,8.709908198513774e-05,0.14846258796555384,"S"
"MULE-12922","Task","2017-06-23T08:31:27.000-0500",False,0.03411909553793936,0.0,0.00033800309273201686,0.23078545755244306,"S"
"MULE-12871","Improvement","2017-06-19T21:59:17.000-0500",False,0.02689697067016531,1.0,0.00011175791613691276,0.1901286638710502,"S"
"MULE-12828","Bug","2017-06-16T07:28:57.000-0500",False,0.0210501052722485,0.0,0.0009861454235865878,0.1544296169442907,"S"
"MULE-12825","Improvement","2017-06-15T17:21:03.000-0500",False,0.043687096244099916,0.0,3.5978822315440644e-06,0.27954282859534085,"S"
"MULE-12823","Bug","2017-06-15T17:02:23.000-0500",False,0.19854880132929603,1.0,0.0003660414093262225,0.6778508774950593,"S"
"MULE-12806","Bug","2017-06-14T12:48:48.000-0500",False,0.03913183779642852,1.0,3.518666681307794e-05,0.2570040251818791,"S"
"MULE-12800","Task","2017-06-14T10:30:31.000-0500",False,0.008100974993732654,0.0,3.397210143963753e-06,0.0648678969249416,"S"
"MULE-12799","Task","2017-06-14T10:13:25.000-0500",True,0.046557845799812404,1.0,0.0004650361808608774,0.29316093356799106,"S"
"MULE-12798","Enhancement Request","2017-06-14T10:11:07.000-0500",True,0.06171693613904943,1.0,0.00015704567760389088,0.35842851715132773,"S"
"MULE-12786","Bug","2017-06-13T13:07:01.000-0500",False,0.03184703242311127,0.0,4.450539194652239e-05,0.2183779617878469,"S"
"MULE-12769","Task","2017-06-12T15:07:19.000-0500",False,0.009993417474830646,0.0,2.3957939000685114e-05,0.07896574785176272,"S"
"MULE-12764","Task","2017-06-12T11:08:22.000-0500",False,0.04654295018188797,1.0,1.913893852720194e-05,0.29309139369754295,"S"
"MULE-12757","Task","2017-06-09T15:53:07.000-0500",False,0.0237137271676155,1.0,2.94286201558911e-05,0.17102222305350295,"S"
"MULE-12751","Task","2017-06-09T14:08:54.000-0500",False,0.06856453568042016,0.0,0.00016929578282302564,0.38469919422438315,"S"
"MULE-12749","Improvement","2017-06-09T12:50:00.000-0500",False,0.008475125506068097,0.0,0.05559176231556347,0.06768496889795314,"S"
"MULE-12741","Improvement","2017-06-09T08:44:49.000-0500",False,0.0389802889225148,0.0,0.0004139628660513749,0.2562337133160987,"S"
"MULE-12732","Bug","2017-06-08T11:58:38.000-0500",False,0.02350631687278142,0.0,7.272719502246413e-06,0.16975041296000717,"S"
"MULE-12715","Task","2017-06-07T12:02:13.000-0500",False,0.0504339548891775,0.0,0.0023128400780831515,0.31087355932219457,"S"
"MULE-12702","Improvement","2017-06-06T10:20:08.000-0500",False,0.038642757225874715,0.0,0.0004672936325026392,0.25451318849970445,"S"
"MULE-12698","Task","2017-06-06T08:24:16.000-0500",False,0.015860071418347225,0.0,0.2207511260454608,0.1203985474166145,"S"
"MULE-12696","Bug","2017-06-06T06:38:49.000-0500",True,0.049723224766021624,1.0,0.0005121097470804572,0.30768186659210345,"S"
"MULE-12689","Bug","2017-06-05T14:08:23.000-0500",False,0.027815213169348377,0.0,0.30762766306585115,0.19549995716258728,"S"
"MULE-12682","Bug","2017-06-02T16:33:23.000-0500",False,0.09482798850862777,0.0,0.0010513791622366992,0.47084350035223327,"S"
"MULE-12673","Bug","2017-06-01T11:28:53.000-0500",False,0.012986983940905035,0.0,0.00021667494716720194,0.10052238964328142,"S"
"MULE-12671","Bug","2017-06-01T09:29:23.000-0500",False,0.03791958114206998,1.0,4.8143972385937296e-05,0.2508040737272587,"S"
"MULE-12669","Bug","2017-05-31T16:13:33.000-0500",False,0.0715925035331117,1.0,4.4258697764120763e-05,0.39575642565492186,"S"
"MULE-12661","Task","2017-05-31T11:51:22.000-0500",False,0.04261967787411385,1.0,4.4999146201744823e-05,0.27436600972832975,"S"
"MULE-12654","Task","2017-05-30T16:37:45.000-0500",False,0.04702520421055191,0.0,0.00013171804988101237,0.29533695597065723,"S"
"MULE-12651","Improvement","2017-05-30T12:59:45.000-0500",False,0.034831428320615684,0.0,8.958037378790222e-05,0.23460644394239333,"S"
"MULE-12649","Task","2017-05-30T11:55:07.000-0500",False,0.008783522419261985,0.0,1.251709764877236e-06,0.06999582287943518,"S"
"MULE-12645","Task","2017-05-30T09:51:50.000-0500",False,0.05289036122809716,0.0,0.00038971003202954404,0.3217171115084634,"S"
"MULE-12614","Improvement","2017-05-26T14:12:50.000-0500",False,0.07238934566989827,0.0,0.04992634808159284,0.3986121850412824,"S"
"MULE-12609","Task","2017-05-26T13:42:02.000-0500",True,0.014903820511316682,0.0,7.1120890607327e-05,0.11386863368816828,"S"
"MULE-12606","Task","2017-05-26T13:28:55.000-0500",False,0.012233072646295003,0.0,0.0011565322069378825,0.09517694387352935,"S"
"MULE-12595","Bug","2017-05-24T18:34:36.000-0500",False,0.04729684181285756,0.0,0.0023121175628222357,0.2965965305689457,"S"
"MULE-12580","Bug","2017-05-24T12:23:03.000-0500",False,0.017393643981224113,0.0,0.0003980706258053935,0.13069793919939088,"S"
"MULE-12565","Task","2016-06-13T12:14:53.000-0500",True,0.04211723295121987,0.0,3.536947978764859e-06,0.27190743824204083,"S"
"MULE-12559","Bug","2017-05-23T03:25:33.000-0500",False,0.1210739595182959,0.0,3.1082531458241366e-05,0.5391702638451151,"S"
"MULE-12541","Task","2017-05-22T13:15:55.000-0500",False,0.07267342106175481,0.0,2.5268715432381404e-05,0.3996249285714296,"S"
"MULE-12524","Bug","2017-05-19T13:56:51.000-0500",False,0.009414137786932042,0.0,1.1451928679861053e-06,0.07469003890178262,"S"
"MULE-12519","Bug","2017-05-19T06:55:08.000-0500",False,0.026870616960154046,0.0,3.51620312963609e-05,0.18997359858745147,"S"
"MULE-12490","Bug","2017-05-16T14:26:30.000-0500",False,0.013721055788802554,0.0,1.872115584089513e-05,0.10567454441079467,"S"
"MULE-12489","Task","2017-05-16T09:44:18.000-0500",False,0.025621031998090616,1.0,0.0005406813207297844,0.18256206142698472,"S"
"MULE-12480","Improvement","2017-05-15T10:37:11.000-0500",False,0.029416187308081147,1.0,0.0008248507630223015,0.20472005600504806,"S"
"MULE-12478","Task","2017-05-15T10:19:47.000-0500",False,0.06488031479332476,0.0,0.0002459001452974497,0.3707902016474473,"S"
"MULE-12477","Bug","2017-05-15T10:18:30.000-0500",False,0.0655061060358493,1.0,0.00034062778876723255,0.37318906152531117,"S"
"MULE-12474","Improvement","2017-05-15T09:48:02.000-0500",False,0.050872340279333184,0.0,0.01775086594595176,0.3128299537744102,"S"
"MULE-12459","Bug","2017-05-12T13:02:39.000-0500",False,0.03222852616223319,1.0,0.00010596670763851301,0.22048503145704043,"S"
"MULE-12432","Task","2017-05-10T08:59:16.000-0500",False,0.06252376458446748,1.0,0.00018129497731322308,0.3616193119246749,"S"
"MULE-12429","Bug","2017-05-09T17:34:54.000-0500",False,0.06134808884750682,0.0,5.861961425753095e-05,0.3569610191169488,"S"
"MULE-12420","Task","2017-05-08T15:56:48.000-0500",True,0.05598033504331186,0.0,0.0001850055900501834,0.33495809957459627,"S"
"MULE-12414","Bug","2017-05-08T11:37:47.000-0500",False,0.024998075024466788,0.0,2.016204972832132e-05,0.17882351312248732,"S"
"MULE-12410","Bug","2017-05-04T12:33:22.000-0500",False,0.07036130660627207,1.0,0.008208469885984365,0.39130009931087795,"S"
"MULE-12407","Task","2017-05-06T00:56:43.000-0500",False,0.013150829784147526,0.0,0.00010743218618686279,0.10167683066178226,"S"
"MULE-12399","Bug","2017-05-04T15:04:32.000-0500",True,0.03242282272156845,0.0,0.0004290968169173924,0.22155444677841102,"S"
"MULE-12383","Bug","2017-05-03T12:24:15.000-0500",False,0.09994264976081162,0.0,1.0,0.48536417351265343,"S"
"MULE-12379","Task","2017-05-03T10:25:49.000-0500",False,0.023730924530747308,0.0,0.0009576725725446327,0.17112752412147914,"S"
"MULE-12370","Task","2017-05-02T13:12:04.000-0500",False,0.10727909093910598,0.0,0.0005608358575618197,0.5051152451893137,"S"
"MULE-12369","Bug","2017-05-02T12:45:12.000-0500",False,0.053568291699497894,0.0,3.619116848627676e-05,0.3246596098374692,"S"
"MULE-12363","Bug","2017-05-02T12:07:09.000-0500",False,0.1023435415755917,0.0,1.8110244850857713e-05,0.4919631188224673,"S"
"MULE-12361","Improvement","2017-05-02T09:01:33.000-0500",False,0.048496492258632076,0.0,9.937233354280631e-05,0.30211428740836666,"S"
"MULE-12355","Bug","2017-05-01T23:13:28.000-0500",True,0.05548606293137927,0.0,0.5267720392238375,0.3328691702920214,"S"
"MULE-12348","Task","2017-04-30T07:34:46.000-0500",False,0.048019973613112416,0.0,0.00034266366451976386,0.2999312877515768,"S"
"MULE-12328","Bug","2017-04-27T13:31:48.000-0500",True,0.028154308123167653,0.0,0.00017259545194967348,0.1974680727733224,"S"
"MULE-12327","Bug","2017-04-27T12:08:52.000-0500",False,0.020517225047155828,1.0,0.0006623386272757829,0.15104120867277343,"S"
"MULE-12325","Task","2017-04-27T11:12:01.000-0500",False,0.020093646195166803,0.0,0.00012903648462379892,0.1483310335908716,"S"
"MULE-12324","Task","2017-04-27T11:04:29.000-0500",False,0.0454682344336796,0.0,3.7847712674120386e-06,0.2880435509944931,"S"
"MULE-12318","Improvement","2017-04-26T19:17:33.000-0500",False,0.009687220027551496,0.0,1.5006971532927385e-05,0.07670999227434555,"S"
"MULE-12315","Task","2017-04-26T15:12:47.000-0500",False,0.04548622208807141,1.0,0.0003798828997093416,0.28812853632793534,"S"
"MULE-12310","Task","2017-04-26T10:03:56.000-0500",False,0.06794736572383943,0.0,0.00018572666290897656,0.38240468361754676,"S"
"MULE-12302","Improvement","2017-04-25T10:07:05.000-0500",False,0.022503963703019686,0.0,4.315944273962319e-05,0.1635564492974877,"S"
"MULE-12301","Task","2017-04-25T06:34:49.000-0500",False,0.02611344263321969,1.0,0.011790131452028544,0.1854965060405752,"S"
"MULE-12300","Task","2017-04-25T06:32:41.000-0500",True,0.06243646966427275,1.0,0.005238059561820804,0.3612753515297939,"S"
"MULE-12293","Bug","2017-04-24T14:39:01.000-0500",True,0.02208448288257525,0.0,0.0001627802454510204,0.1609406035435842,"S"
"MULE-12278","New Feature","2017-04-21T11:54:37.000-0500",False,0.04673982407786901,0.0,0.0005150840797978571,0.29400956699754194,"S"
"MULE-12255","Task","2017-03-25T18:40:38.000-0500",False,0.0230996444005212,0.0,0.000648296204952752,0.16724697414914125,"S"
"MULE-12247","Bug","2017-04-18T15:16:44.000-0500",False,0.03849019263483364,0.0,0.027579099059737475,0.2537332932358866,"S"
"MULE-12242","Task","2017-04-18T13:10:32.000-0500",False,0.04029900302953841,0.0,0.001057803216881701,0.262891613428743,"S"
"MULE-12239","Bug","2017-03-21T17:27:42.000-0500",False,0.030404367726264564,0.0,0.026118685174915703,0.2103211147601801,"S"
"MULE-12231","Task","2017-04-17T14:40:57.000-0500",False,0.060343770619147044,1.0,0.0001258943116532302,0.3529369194930877,"S"
"MULE-12219","Bug","2017-04-17T10:34:43.000-0500",True,0.014734294586122567,0.0,1.6685949628243449e-06,0.11270220375073037,"S"
"MULE-12216","Improvement","2017-04-17T10:21:33.000-0500",False,0.03109988213136061,0.0,8.036466253426457e-05,0.2142229896272196,"S"
"MULE-12215","New Feature","2017-04-17T06:32:36.000-0500",False,0.04772608356104085,0.0,0.012258247265232926,0.2985792105623813,"S"
"MULE-12197","Bug","2017-04-10T18:18:01.000-0500",False,0.012264922184452019,0.0,0.000487414309836817,0.09540388519564465,"S"
"MULE-12189","Task","2017-04-10T11:49:42.000-0500",False,0.010034378870437281,0.0,0.008376118504525772,0.07926678020056227,"S"
"MULE-12179","Task","2017-04-07T11:34:30.000-0500",False,0.011095699320147704,0.0,0.0008552119218996605,0.08700712625173783,"S"
"MULE-12167","Task","2017-04-06T10:28:04.000-0500",False,0.018742100304049086,0.0,0.20903911239855705,0.13958260432704367,"S"
"MULE-12144","Bug","2017-04-04T15:47:44.000-0500",False,0.020149573691147935,0.0,0.13634530614391935,0.14868972975639266,"S"
"MULE-12138","Improvement","2017-04-04T13:58:00.000-0500",False,0.015232420210584704,1.0,0.0002280550908463198,0.11612200229865106,"S"
"MULE-12136","New Feature","2017-03-29T14:00:27.000-0500",False,0.06889031455168594,1.0,0.00015113870893779894,0.3859047284945254,"S"
"MULE-12125","Task","2017-04-03T14:21:47.000-0500",False,0.02312387806715608,1.0,0.0016967159439018372,0.16739651878253684,"S"
"MULE-12119","Improvement","2017-04-03T09:36:31.000-0500",False,0.05367916793452823,1.0,0.0001670072993236513,0.3251388298827739,"S"
"MULE-12118","Improvement","2017-04-03T09:28:40.000-0500",False,0.016332577466191028,1.0,1.9447115727353514e-05,0.12359435305744504,"S"
"MULE-12109","Improvement","2017-03-31T14:45:12.000-0500",False,0.030843365547371177,1.0,0.00014201348361786534,0.21278776246717418,"S"
"MULE-12106","Task","2017-03-31T13:41:13.000-0500",False,0.016639434074691907,0.0,0.06346249905199561,0.12565900778144554,"S"
"MULE-12103","Bug","2017-03-31T09:00:46.000-0500",False,0.02093561104593129,1.0,8.30309622066213e-05,0.15370355918875403,"S"
"MULE-12099","Bug","2017-03-30T14:05:36.000-0500",False,0.07820107340197162,0.0,8.070132075064814e-05,0.4187901762177959,"S"
"MULE-12091","Task","2017-03-30T10:25:57.000-0500",False,0.02036989804389461,0.0,0.00010129728042902908,0.15010026254636635,"S"
"MULE-12080","Task","2017-03-29T13:41:43.000-0500",False,0.017715105039532077,0.0,0.0226834876403468,0.13283036108788399,"S"
"MULE-12077","New Feature","2017-03-29T13:20:33.000-0500",False,0.017875780067831224,0.0,0.9991512010253042,0.13389280797953493,"S"
"MULE-12073","Task","2017-03-28T16:42:11.000-0500",False,0.026762181798006133,0.0,0.913962096127449,0.18933502908151986,"S"
"MULE-12068","Bug","2017-03-28T08:57:39.000-0500",False,0.03065753386189586,0.0,0.09078741626902272,0.2117452193466515,"S"
"MULE-12060","Improvement","2017-03-27T12:26:36.000-0500",False,0.02118600486665906,1.0,5.312874575119227e-05,0.15529001998727496,"S"
"MULE-12054","Task","2017-03-27T07:59:34.000-0500",False,0.0648785127560165,0.0,0.00024244845603182236,0.3707832719974062,"S"
"MULE-12051","Task","2017-03-24T12:00:41.000-0500",False,0.02665376540606137,0.0,0.00011787015264304243,0.18869570534953772,"S"
"MULE-12049","Bug","2017-03-24T07:20:33.000-0500",False,0.025653396440186223,0.0,0.00017750689003139357,0.18275548997569993,"S"
"MULE-12047","Bug","2017-03-23T15:10:12.000-0500",False,0.010475515666073592,0.0,8.825083779558747e-05,0.08249791088936255,"S"
"MULE-12045","Task","2017-03-23T14:18:05.000-0500",False,0.10169202979042545,1.0,0.00021048304573851174,0.4901857354605826,"S"
"MULE-12039","Improvement","2017-03-23T11:16:28.000-0500",False,0.008188811010622073,0.0,0.0596542666725484,0.06553057294255639,"S"
"MULE-12037","Task","2017-03-23T09:13:21.000-0500",False,0.02706696846124332,1.0,4.509623191598339e-05,0.19112770764124898,"S"
"MULE-12033","Task","2017-03-22T19:29:31.000-0500",False,0.03862135849954383,0.0,4.329150141229511e-05,0.254403883688707,"S"
"MULE-12030","Bug","2017-03-22T12:53:54.000-0500",False,0.07226026942021718,0.0,0.18944134295091045,0.3981510973009267,"S"
"MULE-12027","Task","2017-03-22T08:46:48.000-0500",False,0.015362159482740606,1.0,2.4050082665445332e-05,0.11700894760896406,"S"
"MULE-12020","Task","2017-03-21T11:47:50.000-0500",False,0.014992001031445098,0.0,0.00036930779868981777,0.11447430996265603,"S"
"MULE-12013","Bug","2017-03-20T12:16:32.000-0500",False,0.01571432343015405,0.0,2.6877180409695897e-05,0.11940869167459847,"S"
"MULE-12012","Task","2017-03-20T11:02:14.000-0500",False,0.04590040936187286,1.0,2.8204937169680316e-05,0.2900807098765597,"S"
"MULE-12010","Improvement","2017-03-20T10:16:31.000-0500",False,0.021624149606544348,0.0,2.0784117768540924e-05,0.15805371897173692,"S"
"MULE-11997","New Feature","2017-03-17T08:00:59.000-0500",False,0.0266960281792972,1.0,8.172081087510405e-05,0.18894502885902142,"S"
"MULE-11994","Bug","2017-03-16T14:50:44.000-0500",False,0.03205745055411061,0.0,0.00011195209750651439,0.2195413464022434,"S"
"MULE-11993","Improvement","2017-03-16T14:29:54.000-0500",False,0.013554820189788258,0.0,0.0002172890699481377,0.10451231047656005,"S"
"MULE-11981","Task","2017-02-07T12:49:00.000-0600",True,0.14243621780416488,1.0,0.000602417066701488,0.5851862812152757,"S"
"MULE-11978","Bug","2017-03-15T11:19:31.000-0500",True,0.04174755938543044,0.0,0.0005378880716360897,0.27008954110095684,"S"
"MULE-11964","Improvement","2017-03-13T10:34:03.000-0500",True,0.018382021109442842,0.0,0.00031596538718727457,0.1372255704262456,"S"
"MULE-11962","Improvement","2017-03-13T09:50:05.000-0500",False,0.043735088272918825,0.0,0.004211025063973197,0.2797741174947916,"S"
"MULE-11942","Bug","2017-03-08T11:21:03.000-0600",False,0.010115864217530707,0.0,9.658316759238735e-06,0.07986511928539962,"S"
"MULE-11939","Bug","2017-03-08T07:50:59.000-0600",True,0.043528578421676845,0.0,0.006073546825165126,0.27877798920290725,"S"
"MULE-11933","Bug","2017-03-07T06:56:57.000-0600",False,0.055520927031524024,0.0,0.21179444289878463,0.33301687373918604,"S"
"MULE-11913","New Feature","2017-03-03T07:56:39.000-0600",False,0.024479966875600237,0.0,3.350298646498832e-05,0.17569172809074182,"S"
"MULE-11906","Bug","2017-03-02T12:37:16.000-0600",True,0.026864589544869873,0.0,2.6195715626309394e-05,0.1899381261000849,"S"
"MULE-11902","Task","2017-03-02T08:25:07.000-0600",False,0.01938671395936124,0.0,8.869333004021394e-06,0.1437744275756156,"S"
"MULE-11886","Task","2017-02-24T10:48:31.000-0600",False,0.010435134864817156,1.0,1.0854468794800583e-05,0.08220296329624238,"S"
"MULE-11876","Improvement","2017-02-23T09:22:57.000-0600",False,0.06540980055035796,1.0,0.000184205295348679,0.37282087446660733,"S"
"MULE-11875","Bug","2017-02-23T07:07:32.000-0600",False,0.023727912985835094,0.0,6.732519981011089e-05,0.17110908581370635,"S"
"MULE-11854","Task","2017-02-21T10:19:51.000-0600",False,0.02181869152814017,1.0,0.0022290977071853153,0.15927583672478962,"S"
"MULE-11852","Task","2017-02-09T06:35:37.000-0600",False,0.0259519392144045,0.0,0.0010002494742613092,0.18453604953082045,"S"
"MULE-11849","Task","2017-02-21T06:17:53.000-0600",False,0.03096114425842403,0.0,0.001849784543821585,0.21344729818440786,"S"
"MULE-11843","Bug","2017-02-20T10:25:05.000-0600",False,0.02540404871892354,0.0,3.78524207187502e-05,0.1812632087792908,"S"
"MULE-11839","Improvement","2017-02-17T16:34:48.000-0600",False,0.019047918468917003,0.0,0.00014310385882098235,0.14157571090106605,"S"
"MULE-11838","Improvement","2017-02-17T16:29:28.000-0600",False,0.042455972771523486,1.0,8.966987784563726e-05,0.2735665078877676,"S"
"MULE-11837","Improvement","2017-02-17T16:27:37.000-0600",False,0.04452449201313228,1.0,0.002980662967473899,0.28356060567757646,"S"
"MULE-11834","Bug","2017-02-14T20:06:39.000-0600",False,0.045650862534221855,0.0,1.0601333319162528e-05,0.28890561127256775,"S"
"MULE-11815","Task","2017-02-11T11:56:34.000-0600",True,0.0821459746244266,0.0,2.5663991457193456e-05,0.4318668243530503,"S"
"MULE-11804","Task","2017-02-10T15:55:19.000-0600",False,0.016425181310117037,0.0,9.938939839109622e-05,0.1242183196974772,"S"
"MULE-11795","Task","2017-02-10T14:38:58.000-0600",False,0.03258932245064219,1.0,3.401587923411348e-05,0.2224688759802926,"S"
"MULE-11784","Task","2017-02-10T11:49:02.000-0600",False,0.029627297569259213,0.0,3.779279480090195e-05,0.20592234191816078,"S"
"MULE-11772","Task","2017-02-08T16:02:09.000-0600",False,0.01485860169913055,0.0,0.00019784071601956906,0.11355776461487917,"S"
"MULE-11767","Task","2017-02-08T15:23:18.000-0600",False,0.04019277480040442,0.0,0.00038772893614038483,0.26235903523100446,"S"
"MULE-11762","Bug","2017-02-08T11:31:33.000-0600",False,0.017021948650416126,0.0,1.366333301234979e-05,0.12822092847431626,"S"
"MULE-11761","New Feature","2017-02-08T09:25:17.000-0600",False,0.030239011610244795,1.0,0.00040087617677136316,0.20938857891194018,"S"
"MULE-11752","Bug","2017-02-07T14:31:03.000-0600",False,0.018711810160327563,1.0,6.427663747399216e-05,0.13938475852738128,"S"
"MULE-11733","Bug","2017-02-07T12:59:22.000-0600",False,0.03351037207655642,0.0,6.71837849998429e-05,0.2274944005213348,"S"
"MULE-11726","Task","2017-02-07T12:52:50.000-0600",True,0.03061734926044955,1.0,0.01022643471414699,0.211519467248665,"S"
"MULE-11723","Task","2017-02-07T12:49:49.000-0600",True,0.06770258500823774,0.0,1.5207642234899095e-05,0.3814907397882404,"S"
"MULE-11722","Task","2017-02-07T12:47:28.000-0600",False,0.03641627191989993,0.0,2.790891909425248e-05,0.24299265329593606,"S"
"MULE-11720","Task","2017-02-07T12:45:10.000-0600",True,0.05996179880413904,0.0,0.00010911298804599313,0.35139546594156,"S"
"MULE-11717","Task","2017-02-07T12:36:49.000-0600",False,0.09107383288208448,0.0,0.00016593267837148955,0.45976433722443955,"S"
"MULE-11715","Task","2017-02-07T12:32:33.000-0600",True,0.016224115396941248,0.0,2.833727534620434e-05,0.12286255160318102,"S"
"MULE-11711","Task","2017-02-07T12:27:38.000-0600",True,0.13456690691589188,0.0,5.42059766399364e-05,0.5690885395802892,"S"
"MULE-11709","Task","2017-02-07T12:25:00.000-0600",False,0.06942243130752375,0.0,4.2136790878427734e-05,0.3878654827061033,"S"
"MULE-11706","Task","2017-02-07T11:41:48.000-0600",True,0.045745837208203674,0.0,0.0007606318665661514,0.28935322616411574,"S"
"MULE-11703","Task","2017-02-07T11:12:02.000-0600",False,0.011387780272567863,1.0,1.441404338796946e-05,0.08911740492952552,"S"
"MULE-11700","Task","2017-02-07T10:09:33.000-0600",False,0.043940411616276924,0.0,2.7920393098446993e-05,0.28076222314582633,"S"
"MULE-11693","Task","2017-02-07T09:37:30.000-0600",False,0.05531806339970412,1.0,7.213213037381104e-05,0.3321566672582526,"S"
"MULE-11685","Task","2017-02-07T08:59:48.000-0600",False,0.017751467063860757,0.0,0.00045364112861046924,0.13307099887057555,"S"
"MULE-11675","New Feature","2017-02-07T07:49:46.000-0600",False,0.03877726549611991,1.0,0.00011685485273842958,0.2551996355125943,"S"
"MULE-11647","Task","2017-02-06T09:27:39.000-0600",True,0.025321106140656656,0.0,5.880837357227753e-06,0.18076578014570308,"S"
"MULE-11644","Task","2017-02-06T06:53:16.000-0600",True,0.025752360776255694,0.0,2.2037801445591284e-05,0.18334646993852474,"S"
"MULE-11631","Task","2017-02-03T14:14:21.000-0600",False,0.031176013987237544,0.0,0.0001514414407173473,0.21464809164905332,"S"
"MULE-11613","Bug","2017-02-03T07:57:50.000-0600",False,0.015855887161790483,0.0,6.729829569613704e-06,0.12037015674473918,"S"
"MULE-11612","Bug","2017-02-02T15:14:24.000-0600",False,0.035120067731438,0.0,0.000904346726480221,0.23614552550400772,"S"
"MULE-11611","Bug","2017-02-02T15:10:45.000-0600",False,0.067261007153541,0.0,0.0011936526203473812,0.3798363715107815,"S"
"MULE-11608","Improvement","2017-02-02T13:39:51.000-0600",False,0.05974206229537105,0.0,8.080501849067914e-05,0.350505953787429,"S"
"MULE-11605","Bug","2017-02-02T07:41:02.000-0600",False,0.05575136798476944,0.0,6.206595247803536e-05,0.33399177901202354,"S"
"MULE-11599","New Feature","2017-02-01T13:21:19.000-0600",False,0.025015911475053703,1.0,0.001747233650859755,0.1789309636710345,"S"
"MULE-11588","New Feature","2017-01-31T14:16:21.000-0600",False,0.01564100523498237,0.0,1.1924506322167054e-05,0.11891001532848544,"S"
"MULE-11572","Task","2017-01-30T14:45:30.000-0600",False,0.04323430784398429,1.0,3.250436772223034e-05,0.2773545119202111,"S"
"MULE-11568","Task","2017-01-30T12:39:08.000-0600",False,0.017563826212154368,0.0,2.410119744195364e-06,0.13182797919872674,"S"
"MULE-11541","Improvement","2017-01-26T16:55:21.000-0600",False,0.03116016174483639,0.0,7.980570918427645e-05,0.21455960894400664,"S"
"MULE-11529","Task","2017-01-26T08:48:27.000-0600",False,0.026721521085428947,1.0,4.490711162943876e-05,0.18909535718853027,"S"
"MULE-11527","Task","2017-01-26T07:10:56.000-0600",True,0.017908096779045608,0.0,0.0010407625980192706,0.13410622639465983,"S"
"MULE-11526","Bug","2017-01-26T07:05:26.000-0600",False,0.03550637760494334,0.0,5.903415902303404e-05,0.23819717610746943,"S"
"MULE-11511","Task","2017-01-25T11:38:36.000-0600",False,0.046232094063889395,1.0,2.8934405633088544e-05,0.2916375376355293,"S"
"MULE-11484","Bug","2017-01-20T08:30:27.000-0600",False,0.02297822432810243,0.0,0.0028270671591275427,0.16649699984015187,"S"
"MULE-11483","Task","2017-01-20T08:02:55.000-0600",False,0.023618865826516053,0.0,0.0003893246590623163,0.1704409637626346,"S"
"MULE-11482","Task","2017-01-20T07:56:58.000-0600",False,0.014012600009931502,0.0,0.00018260787792008783,0.10770654408614778,"S"
"MULE-11473","Task","2017-01-19T10:55:05.000-0600",False,0.012328292012398613,0.0,0.0006585162966697928,0.09585512687046398,"S"
"MULE-11450","Task","2017-01-18T07:38:23.000-0600",False,0.12246069757406568,0.0,0.005952869849463838,0.5423905762402723,"S"
"MULE-11444","Task","2017-01-16T15:29:03.000-0600",False,0.05156676740565276,0.0,0.0038346342470047426,0.3159100179002252,"S"
"MULE-11441","Task","2017-01-16T14:00:08.000-0600",False,0.14401850584643536,0.0,0.0003029019676365027,0.5883128085420759,"S"
"MULE-11435","Improvement","2017-01-16T09:39:42.000-0600",False,0.03674801442140309,1.0,0.00020495101453824586,0.2447283029755531,"S"
"MULE-11433","Bug","2017-01-16T09:20:50.000-0600",False,0.025735473941009116,0.0,2.6515181053963057e-05,0.18324567973511816,"S"
"MULE-11421","Bug","2017-01-13T11:56:47.000-0600",False,0.018826904756204056,0.0,4.353517090296566e-05,0.14013610197089554,"S"
"MULE-11405","Bug","2017-01-12T08:36:28.000-0600",False,0.008187805648772691,0.0,2.317701558303202e-06,0.06552299267221824,"S"
"MULE-11403","Task","2017-01-12T07:58:22.000-0600",False,0.25327493799989265,1.0,0.6475374911305343,0.7423235514162098,"S"
"MULE-11398","Task","2017-01-12T07:38:32.000-0600",True,0.22795829658727212,1.0,0.2872746905880382,0.7149251477701652,"S"
"MULE-11396","Task","2017-01-12T07:35:22.000-0600",False,0.1758814305198978,0.0,0.05575920030330394,0.6444651775444487,"S"
"MULE-11393","Task","2017-01-12T07:26:52.000-0600",False,0.20899434473558137,1.0,0.237409575189886,0.691747980400653,"S"
"MULE-11386","Improvement","2017-01-12T06:20:41.000-0600",False,0.01713879584074564,1.0,9.657988852932696e-06,0.12900092634228214,"S"
"MULE-11364","Task","2017-01-09T08:57:55.000-0600",False,0.029944744886989248,1.0,0.0008948034847281482,0.20772437563591414,"S"
"MULE-11361","Bug","2017-01-09T05:54:13.000-0600",False,0.01604659659779842,0.0,0.0023643598441359204,0.1216625281496775,"S"
"MULE-11359","Task","2017-01-06T14:35:33.000-0600",False,0.020854492803330942,0.0,0.6274386888131616,0.15318850096284656,"S"
"MULE-11328","Bug","2017-01-03T11:27:57.000-0600",False,0.015903492990623543,0.0,0.1972584290635883,0.12069307397144365,"S"
"MULE-11322","Task","2017-01-02T11:33:31.000-0600",False,0.045720693073107714,1.0,5.762384524227751e-05,0.28923476823960126,"S"
"MULE-11320","Improvement","2017-01-02T09:45:20.000-0600",False,0.03691606960981832,1.0,1.7811972244737958e-05,0.2456049745501942,"S"
"MULE-11314","Bug","2016-12-30T15:19:21.000-0600",False,0.011076927446687949,0.0,1.4757230437458403e-09,0.08687120815313129,"S"
"MULE-11307","Task","2016-12-30T10:53:22.000-0600",False,0.06662046435771553,1.0,0.0054509164320522,0.37742360269677505,"S"
"MULE-11292","Bug","2016-12-27T13:36:12.000-0600",False,0.03987853944496773,0.0,0.024107995910334894,0.26077978576136956,"S"
"MULE-11283","Improvement","2016-12-26T12:28:42.000-0600",True,0.01515933627257724,1.0,0.18607832563292678,0.11562169175652875,"S"
"MULE-11272","Improvement","2016-12-23T12:33:09.000-0600",False,0.04896697951291101,1.0,0.00029329668307576394,0.3042584668772278,"S"
"MULE-11264","Improvement","2016-12-22T12:57:44.000-0600",False,0.020739760611026226,0.0,0.0009746451592318431,0.15245908648797804,"S"
"MULE-11261","Task","2016-12-22T11:25:50.000-0600",False,0.06423416782865143,1.0,0.00011587388758129104,0.3682973748342932,"S"
"MULE-11257","Task","2016-12-22T08:16:28.000-0600",True,0.014953105180655337,0.0,0.00036318187345561894,0.11420723884313182,"S"
"MULE-11249","Task","2016-12-21T15:50:00.000-0600",False,0.03450077781890759,1.0,0.0004775464574455261,0.2328368499123985,"S"
"MULE-11248","Task","2016-12-21T15:42:55.000-0600",False,0.0746377811107813,0.0,0.0005991087817812673,0.40655230429965583,"S"
"MULE-11246","Bug","2016-12-21T15:11:15.000-0600",False,0.04034976846933154,0.0,0.15145266875597757,0.26314589747650563,"S"
"MULE-11243","Task","2016-12-21T10:31:10.000-0600",False,0.02410583151901411,0.0,8.433310628464027e-06,0.1734174017790732,"S"
"MULE-11242","Bug","2016-12-21T09:14:50.000-0600",False,0.017977752973208614,0.0,0.000952730370454447,0.13456592365590062,"S"
"MULE-11229","Task","2016-12-16T14:11:37.000-0600",False,0.02731128829200876,1.0,5.134458222611657e-05,0.19255982704958174,"S"
"MULE-11228","Improvement","2016-12-16T13:50:12.000-0600",False,0.03095468751031588,0.0,6.323250100814742e-05,0.21341116625153028,"S"
"MULE-11208","Bug","2016-12-15T14:09:43.000-0600",False,0.027689887213317724,1.0,0.0001284110932815656,0.19477046573459236,"S"
"MULE-11193","Bug","2016-12-13T16:46:33.000-0600",False,0.033840138296742456,0.0,0.37197868090115793,0.2292802511222167,"S"
"MULE-11192","Task","2016-12-13T14:06:43.000-0600",False,0.007321879336310291,0.0,0.0001369119112065094,0.05895383607235581,"S"
"MULE-11186","Bug","2016-12-13T08:50:23.000-0600",False,0.026065992808880036,0.0,0.001066855850278713,0.18521452496656604,"S"
"MULE-11183","Task","2016-12-12T13:16:39.000-0600",True,0.041720751983296084,1.0,4.040405516862304e-05,0.26995741533572715,"S"
"MULE-11180","Improvement","2016-12-12T12:28:57.000-0600",False,0.027037183503456796,0.0,9.294118794636259e-05,0.19095282019823473,"S"
"MULE-11170","Task","2016-12-12T05:52:55.000-0600",True,0.024710090841276094,0.0,0.0074267320359700534,0.17708528092154843,"S"
"MULE-11163","Task","2016-12-07T14:45:14.000-0600",True,0.020776936765334136,1.0,7.582669025464332e-05,0.15269555422082348,"S"
"MULE-11133","Task","2016-12-02T07:12:51.000-0600",False,0.032106632774944834,1.0,4.2410767813386176e-05,0.21981284448065147,"S"
"MULE-11131","Task","2016-12-02T06:44:37.000-0600",False,0.01933510558856189,1.0,2.650779318785508e-05,0.14344012887437002,"S"
"MULE-11125","Bug","2016-12-01T11:58:42.000-0600",False,0.0513678630039729,0.0,3.153901398996708e-05,0.31503016210355445,"S"
"MULE-11120","Bug","2016-11-30T15:46:46.000-0600",False,0.016073466814915307,0.0,0.00041693447068439184,0.12184435327842057,"S"
"MULE-11100","Improvement","2016-11-29T09:19:07.000-0600",False,0.014743729101285517,1.0,0.0003985984276522123,0.11276718843798865,"S"
"MULE-11099","Improvement","2016-11-29T08:24:28.000-0600",False,0.06600344180777047,1.0,0.010727183759516198,0.3750847747933604,"S"
"MULE-11089","Bug","2016-11-25T13:41:36.000-0600",True,0.022248130790085478,0.0,0.002632317885031526,0.16196277442063256,"S"
"MULE-11067","Bug","2016-11-24T09:35:56.000-0600",False,0.05802302004298285,0.0,0.0011725290467149388,0.34347666120888554,"S"
"MULE-11061","Bug","2016-11-24T06:56:12.000-0600",False,0.01615452521848162,1.0,0.00032215952562086327,0.12239246280106406,"S"
"MULE-11057","Bug","2016-11-23T15:00:33.000-0600",False,0.06515259429379562,0.0,0.0004970871107818776,0.37183579473656725,"S"
"MULE-11049","Task","2016-11-22T14:56:56.000-0600",False,0.032407621509456044,1.0,1.8349470259989234e-05,0.22147086910118358,"S"
"MULE-11032","Improvement","2016-11-21T12:57:13.000-0600",False,0.026609386041608826,0.0,1.8764241795922743e-05,0.18843375357466163,"S"
"MULE-11031","Bug","2016-11-21T12:47:30.000-0600",False,0.09615158391356184,0.0,0.221760399288905,0.47466327247770557,"S"
"MULE-11015","Task","2016-11-18T10:58:29.000-0600",True,0.03128484024704524,0.0,0.001671981494389546,0.21525506911790873,"S"
"MULE-11013","Task","2016-11-18T09:27:43.000-0600",True,0.013476986620795547,0.0,0.001964394069173618,0.10396723417134741,"S"
"MULE-11002","Bug","2016-11-17T14:13:43.000-0600",False,0.024154473079963185,0.0,7.206688166818672e-07,0.17371369897302436,"S"
"MULE-11001","Task","2016-11-17T14:09:11.000-0600",False,0.02702755821847451,0.0,1.700281715485777e-05,0.19089628982171014,"S"
"MULE-10976","Bug","2016-11-15T11:49:21.000-0600",False,0.023843713988273556,0.0,0.001364440231784856,0.1718175738225176,"S"
"MULE-10974","Bug","2016-11-15T10:27:59.000-0600",False,0.02536642036750945,0.0,0.00010811088673496061,0.181037605967785,"S"
"MULE-10968","Bug","2016-11-14T12:00:22.000-0600",False,0.02868841039745934,0.0,0.05732609559944716,0.20055132088496344,"S"
"MULE-10960","Bug","2016-11-14T09:49:33.000-0600",False,0.004604751196437514,0.0,1.5600667702072654e-06,0.03780596176574882,"S"
"MULE-10958","Improvement","2016-11-14T09:48:28.000-0600",False,0.0339593398427375,1.0,3.941336869278418e-05,0.229924056437885,"S"
"MULE-10956","Bug","2016-11-14T07:11:27.000-0600",False,0.010743860611939398,0.0,8.857854993530646e-07,0.08445374715901942,"S"
"MULE-10954","Bug","2016-11-14T06:29:49.000-0600",False,0.016496706609421784,0.0,0.0004030557761387781,0.12469973113609603,"S"
"MULE-10943","Bug","2016-11-10T11:53:11.000-0600",False,0.07209341978598957,0.0,0.029445041073087232,0.39755421690686155,"S"
"MULE-10940","Task","2016-11-10T08:49:29.000-0600",True,0.04220760502991124,1.0,0.001563837698322304,0.2723506857159767,"S"
"MULE-10939","Task","2016-11-10T08:44:27.000-0600",True,0.044551189738449085,0.0,0.0001927469166090391,0.2836880780116452,"S"
"MULE-10938","Task","2016-11-10T08:34:07.000-0600",False,0.05211791971870583,0.0,0.0014225757609675337,0.3183381917318125,"S"
"MULE-10937","Task","2016-11-10T08:26:03.000-0600",True,0.007747798670667616,1.0,9.228698256690383e-05,0.06219504710178155,"S"
"MULE-10932","Task","2016-11-10T07:13:37.000-0600",True,0.027866726984727974,1.0,0.0001899924814500346,0.19579947765019193,"S"
"MULE-10927","Task","2016-11-10T04:57:53.000-0600",False,0.027753018358188563,1.0,0.00011200968663681429,0.19513807830954288,"S"
"MULE-10925","Task","2016-11-10T04:50:48.000-0600",False,0.030884554307074916,0.0,0.0010464186868413914,0.21301851825301932,"S"
"MULE-10910","Bug","2016-11-08T13:04:45.000-0600",False,0.026864656392972138,1.0,0.001045058701367665,0.18993851952853025,"S"
"MULE-10905","Improvement","2016-11-07T14:49:45.000-0600",False,0.27415783724904946,1.0,0.01334511716192316,0.7623620603010273,"S"
"MULE-10893","Task","2016-11-04T14:25:44.000-0500",False,0.028941074785605748,1.0,1.0356467647074972e-05,0.20200282691623472,"S"
"MULE-10881","Bug","2016-11-02T08:37:05.000-0500",False,0.03325682363866751,0.0,1.2531478570797981e-05,0.2261165031525949,"S"
"MULE-10877","New Feature","2016-11-01T13:16:53.000-0500",True,0.034477370078228334,0.0,0.00020711970759057304,0.2327113109123395,"S"
"MULE-10859","Task","2016-10-31T08:54:13.000-0500",False,0.10375701895176559,1.0,0.00011317192557998846,0.49578564444374035,"S"
"MULE-10850","Task","2016-10-27T11:49:13.000-0500",True,0.024617559367269597,0.0,0.000658867389405861,0.17652542940019791,"S"
"MULE-10844","Task","2016-10-27T09:31:23.000-0500",True,0.041155500265756546,1.0,0.0005768316384638934,0.2671620098179963,"S"
"MULE-10841","Task","2016-10-27T08:46:14.000-0500",True,0.02009185989464904,0.0,0.5829272761084788,0.14831957268099735,"S"
"MULE-10835","Task","2016-10-25T15:20:47.000-0500",False,0.03117498131030129,0.0,8.88458544527224e-05,0.2146423280592154,"S"
"MULE-10828","Task","2016-10-24T06:55:48.000-0500",True,0.05055627949314835,1.0,0.00027381865567241713,0.31142039835313257,"S"
"MULE-10818","Improvement","2016-10-20T16:28:08.000-0500",True,0.022003075926162706,1.0,4.377823206360435e-05,0.1604313211663462,"S"
"MULE-10807","Bug","2016-10-20T08:43:50.000-0500",False,0.0229998786503961,1.0,4.001296817881279e-05,0.1666308371972977,"S"
"MULE-10796","Improvement","2016-10-18T18:10:35.000-0500",False,0.03969539012351993,0.0,0.0005232599559017378,0.2598566899109197,"S"
"MULE-10795","Task","2016-10-18T16:25:34.000-0500",False,0.03285125095062346,0.0,0.007962887518471051,0.22390370127023712,"S"
"MULE-10792","Bug","2016-10-18T09:09:04.000-0500",False,0.006420371623192548,0.0,0.00017691944255403684,0.05202832815820603,"S"
"MULE-10782","Improvement","2016-10-14T14:14:35.000-0500",False,0.026290263442307265,0.0,0.00014866990151285103,0.1865458275018873,"S"
"MULE-10780","Improvement","2016-10-14T14:08:03.000-0500",False,0.055993845374453656,0.0,0.0006970594006736221,0.335015044886796,"S"
"MULE-10779","Improvement","2016-10-14T14:03:30.000-0500",True,0.01492966780063513,0.0,0.000478222201971406,0.11404624283038797,"S"
"MULE-10778","Improvement","2016-10-14T13:49:50.000-0500",False,0.02877475529361876,1.0,0.00010791446595278875,0.2010478634842981,"S"
"MULE-10765","Task","2016-10-13T10:31:03.000-0500",True,0.09788496766482559,1.0,0.002064816675503147,0.47959955093433626,"S"
"MULE-10761","Task","2016-10-13T09:47:24.000-0500",False,0.022976479716141494,0.0,2.5852563997368765e-05,0.1664862154259254,"S"
"MULE-10758","Bug","2016-07-07T09:28:24.000-0500",False,0.05303027096805107,0.0,0.0006855017081425771,0.32232612963788654,"S"
"MULE-10756","New Feature","2016-10-13T08:07:10.000-0500",False,0.04035375966758538,0.0,0.0006966171385675218,0.26316588308694155,"S"
"MULE-10750","Task","2016-10-12T16:05:30.000-0500",False,0.020027974171092814,1.0,3.21838546317971e-05,0.14790950628244806,"S"
"MULE-10744","Task","2016-09-29T11:16:41.000-0500",False,0.034245831767720086,0.0,7.180729962514318e-05,0.2314676505765148,"S"
"MULE-10730","Improvement","2016-10-07T14:28:24.000-0500",False,0.014666442654438505,0.0,4.312662409579657e-05,0.1122345975969076,"S"
"MULE-10728","Bug","2016-10-07T13:34:29.000-0500",False,0.025206579844306663,0.0,7.169918585799087e-05,0.18007808070653117,"S"
"MULE-10697","Bug","2016-10-03T13:36:42.000-0500",False,0.07860699565219485,1.0,0.999720257352948,0.42015819242841884,"S"
"MULE-10692","Task","2016-10-03T11:34:51.000-0500",False,0.11733831968801764,0.0,0.000621447233741941,0.5303180939381423,"S"
"MULE-10685","Bug","2016-09-30T16:08:55.000-0500",False,0.025734194743771917,0.0,0.0004175164837755807,0.18323804388971135,"S"
"MULE-10683","Improvement","2016-09-30T15:44:49.000-0500",False,0.007954306167605903,0.0,0.01501540401798948,0.06375952356417419,"S"
"MULE-10680","Improvement","2016-09-30T15:30:28.000-0500",False,0.043385584798025616,0.0,0.0017325614607376066,0.2780868768034343,"S"
"MULE-10668","Bug","2016-09-29T14:42:53.000-0500",True,0.009859905587806373,1.0,6.140481320460572e-06,0.07798335142880274,"S"
"MULE-10659","Task","2016-09-29T09:44:24.000-0500",False,0.023192430409905956,0.0,0.006037375544650523,0.16781930096378594,"S"
"MULE-10655","Improvement","2016-09-29T05:31:43.000-0500",False,0.05868680855670505,1.0,6.065839930635465e-05,0.3462058496402033,"S"
"MULE-10651","Task","2016-09-28T07:34:59.000-0500",True,0.023438172313445946,1.0,0.00029905413922398026,0.16933182641201555,"S"
"MULE-10641","Improvement","2016-09-26T16:13:32.000-0500",False,0.06349274781842769,0.0,0.08569878165689074,0.3654168327315088,"S"
"MULE-10640","Task","2016-09-26T14:12:09.000-0500",False,0.028483205355074176,0.0,5.9556711148979274e-05,0.19936912595981335,"S"
"MULE-10635","Task","2016-09-26T12:37:54.000-0500",False,0.09409582622442463,0.0,0.0006008268793937963,0.46871145920102397,"S"
"MULE-10634","Improvement","2016-09-26T12:30:46.000-0500",False,0.04385010735599841,0.0,0.0007259777718038391,0.28032792151113256,"S"
"MULE-10622","Bug","2016-09-22T14:13:12.000-0500",False,0.02096388078439456,0.0,0.00032040595458371086,0.15388293001810954,"S"
"MULE-10619","Bug","2016-09-22T12:22:46.000-0500",True,0.03470160098148053,0.0,5.581106241569039e-06,0.2339124564808615,"S"
"MULE-10599","Task","2016-09-19T14:29:02.000-0500",False,0.05470084042399426,0.0,4.563064377851934e-05,0.3295280373779929,"S"
"MULE-10594","Bug","2016-09-19T10:27:08.000-0500",False,0.011700590901472175,1.0,0.0002609146709522277,0.09136803661354183,"S"
"MULE-10587","Task","2016-09-16T17:31:11.000-0500",True,0.08249407755331303,0.0,0.00011814950051322032,0.4329977840115329,"S"
"MULE-10585","Task","2016-09-16T17:26:34.000-0500",False,0.02363603813926166,0.0,0.00013950992325033456,0.1705462385011915,"S"
"MULE-10570","Task","2016-09-15T12:21:29.000-0500",False,0.04523263944964331,1.0,0.0005974443984706502,0.28692886794650274,"S"
"MULE-10569","New Feature","2016-09-15T11:36:06.000-0500",False,0.027110347134635823,0.0,3.541328183764768e-05,0.1913822968322442,"S"
"MULE-10568","Task","2016-09-15T11:35:47.000-0500",False,0.030805865368708128,0.0,5.220975875182115e-05,0.21257757092936994,"S"
"MULE-10565","Task","2016-09-15T11:33:51.000-0500",True,0.014659830379937892,0.0,1.1842614438212345e-05,0.11218900575159343,"S"
"MULE-10564","Task","2016-09-15T11:32:38.000-0500",False,0.04369741499364749,0.0,0.009309603338381796,0.2795925685175858,"S"
"MULE-10561","Task","2016-09-15T09:23:02.000-0500",False,0.04469668117195139,1.0,0.00016184252660472455,0.28438207745781036,"S"
"MULE-10558","Bug","2016-09-15T09:17:02.000-0500",True,0.05358234945546393,0.0,1.0,0.32472040055421575,"S"
"MULE-10556","Bug","2016-09-15T08:23:44.000-0500",False,0.017291158685033725,0.0,7.285379172970893e-07,0.13001618780908844,"S"
"MULE-10555","Task","2016-09-15T06:18:06.000-0500",False,0.14136792615212057,0.0,0.0018463287229669298,0.5830550274082843,"S"
"MULE-10531","Task","2016-09-12T22:06:50.000-0500",False,0.014895871854426217,0.0,0.00117408599928851,0.1138140022047285,"S"
"MULE-10530","Task","2016-09-12T16:38:34.000-0500",True,0.011308748648848153,1.0,0.0007210863716261873,0.08854724350765716,"S"
"MULE-10520","Task","2016-09-09T12:18:50.000-0500",True,0.013589674026236872,0.0,7.162706807717704e-05,0.10475620833389299,"S"
"MULE-10513","Task","2016-09-09T10:16:23.000-0500",False,0.026857605951044465,0.0,0.0012596359620727022,0.18989702298402267,"S"
"MULE-10509","Task","2016-09-09T09:52:09.000-0500",True,0.03152973360810383,1.0,0.004211167967837923,0.2166180310850286,"S"
"MULE-10505","Task","2016-09-08T16:11:28.000-0500",False,0.01121513904341627,1.0,0.00010348234865683268,0.08787110555469443,"S"
"MULE-10495","Task","2016-09-08T10:21:31.000-0500",False,0.016588310980318245,0.0,4.2750471037739855e-05,0.12531561733062396,"S"
"MULE-10488","Task","2016-09-07T22:47:06.000-0500",False,0.03276567248916589,1.0,0.000248153384303171,0.2234354060557081,"S"
"MULE-10480","Task","2016-09-06T12:40:33.000-0500",False,0.05260365881513996,1.0,0.0002926117786800826,0.3204662526679147,"S"
"MULE-10478","Improvement","2016-09-06T10:37:40.000-0500",False,0.03508194803067555,1.0,0.2667675157225634,0.23594256598116947,"S"
"MULE-10477","Improvement","2016-09-06T10:32:49.000-0500",False,0.19334098695893273,0.0,0.0006638790809445363,0.6705903407470571,"S"
"MULE-10470","Bug","2016-09-05T16:56:15.000-0500",False,0.0844878185677624,0.0,0.0003880007388464817,0.43940569106266636,"S"
"MULE-10462","Task","2016-09-04T09:07:47.000-0500",True,0.033962011588134076,1.0,7.803487594727983e-05,0.22993847597977748,"S"
"MULE-10461","Bug","2016-09-03T00:46:35.000-0500",False,0.01921695135942596,0.0,2.731471329384522e-05,0.14267392124291528,"S"
"MULE-10453","Bug","2016-09-01T16:11:50.000-0500",False,0.00905081329991027,0.0,4.0404828183969444e-05,0.07199057324584159,"S"
"MULE-10447","Task","2016-09-01T11:28:44.000-0500",False,0.010206218358634582,1.0,1.8389699642389572e-05,0.08052778744404772,"S"
"MULE-10446","Task","2016-09-01T11:25:46.000-0500",False,0.014466152583928471,1.0,1.719236169734738e-05,0.1108517828500818,"S"
"MULE-10440","Improvement","2016-09-01T10:52:15.000-0500",False,0.01641163642116907,0.0,0.0001842538053985902,0.12412710209930752,"S"
"MULE-10436","Improvement","2016-09-01T10:24:04.000-0500",False,0.0216736671389359,0.0,0.0002142008454511812,0.1583650803055852,"S"
"MULE-10435","New Feature","2016-09-01T10:20:07.000-0500",False,0.012364952208874923,0.0,6.365625274944945e-05,0.09611599644461227,"S"
"MULE-10424","Story","2016-09-01T08:23:01.000-0500",False,0.07283086946367559,1.0,0.0001247182809816488,0.40018503886518236,"S"
"MULE-10421","Task","2016-09-01T08:15:35.000-0500",False,0.012943544060228573,0.0,0.0002489257690793258,0.10021588330942649,"S"
"MULE-10415","Task","2016-08-31T13:20:50.000-0500",False,0.1153158707017902,1.0,7.807875724476983e-05,0.5254146610274668,"S"
"MULE-10413","Story","2016-08-31T09:05:43.000-0500",False,0.03493702238175087,1.0,6.418609617854973e-05,0.23517010411100797,"S"
"MULE-10409","Story","2016-08-31T08:44:54.000-0500",False,0.07391520398053725,1.0,0.001288381792576826,0.40401937360419415,"S"
"MULE-10404","Task","2016-08-30T15:10:02.000-0500",False,0.012575366403929587,0.0,0.0013622627662845143,0.09761074527873861,"S"
"MULE-10401","Task","2016-08-30T13:25:03.000-0500",True,0.011510829943990483,0.0,9.12718702400374e-05,0.09000389021490852,"S"
"MULE-10400","Task","2016-08-30T13:21:12.000-0500",False,0.039618898325651526,1.0,0.008563442758591775,0.2594705831503919,"S"
"MULE-10399","Task","2016-08-30T13:15:12.000-0500",False,0.012893441576580615,0.0,0.00011362097660194535,0.09986214051826268,"S"
"MULE-10396","Bug","2016-08-30T12:05:41.000-0500",False,0.007716109722761037,0.0,6.715424191528277e-07,0.06195457027864995,"S"
"MULE-10394","Task","2016-08-30T11:00:47.000-0500",False,0.010628573064816686,0.0,0.00045480106413222824,0.08361436474383334,"S"
"MULE-10390","Task","2016-08-30T10:25:45.000-0500",False,0.024383546407373752,1.0,0.00026949494324292995,0.17510663034928875,"S"
"MULE-10381","Task","2016-08-30T09:05:12.000-0500",False,0.021124836527254855,0.0,0.0003083138966258471,0.15490294023912324,"S"
"MULE-10376","Task","2016-08-29T15:05:49.000-0500",False,0.028669925740104733,0.0,7.159160876601725e-05,0.20044495264334444,"S"
"MULE-10374","Bug","2016-08-29T13:29:13.000-0500",False,0.028469583738381807,0.0,0.0009603629816313577,0.1992905451945371,"S"
"MULE-10365","Improvement","2016-08-26T10:09:52.000-0500",True,0.03866210608209271,0.0,0.052094412916849527,0.25461199916382743,"S"
"MULE-10364","Task","2016-08-26T10:00:55.000-0500",False,0.043631336329866224,0.0,5.3417858568420196e-05,0.2792739463307623,"S"
"MULE-10351","Improvement","2016-08-25T13:04:11.000-0500",True,0.01187325303251762,0.0,1.445595965126239e-05,0.0926061680827764,"S"
"MULE-10327","Task","2016-08-19T14:09:09.000-0500",False,0.05744173519808575,0.0,3.7441972282978585e-05,0.3410711008827033,"S"
"MULE-10302","Task","2016-08-18T10:51:22.000-0500",False,0.029470729885804445,1.0,2.6789440780869077e-05,0.20503097785032437,"S"
"MULE-10301","Improvement","2016-08-18T10:50:14.000-0500",True,0.021460945361384494,0.0,0.6865932618888808,0.15702609766850592,"S"
"MULE-10294","Task","2016-08-18T09:45:12.000-0500",False,0.014787349643462636,0.0,2.3618770452172028e-05,0.11306753802564601,"S"
"MULE-10292","Task","2016-08-18T09:42:15.000-0500",True,0.09138426431516819,1.0,0.0027116171944259328,0.4606945064071716,"S"
"MULE-10260","Improvement","2016-08-17T11:50:35.000-0500",False,0.03903039901134873,0.0,0.00015527803284868033,0.2564885690385682,"S"
"MULE-10228","Bug","2016-08-09T15:05:58.000-0500",False,0.017169888422273627,0.0,0.9999999939457211,0.12920827686948053,"S"
"MULE-10218","New Feature","2016-08-08T10:27:29.000-0500",False,0.09037250254135148,0.0,0.0001483764488373166,0.4576533886914963,"S"
"MULE-10217","Bug","2016-08-08T10:25:45.000-0500",False,0.05303196965183218,0.0,0.0005136416386440733,0.3223335182844953,"S"
"MULE-10213","New Feature","2016-08-08T09:53:53.000-0500",False,0.057981492225660264,0.0,0.0015325547500811042,0.3433052891196171,"S"
"MULE-10209","Improvement","2016-08-05T13:58:57.000-0500",True,0.06590116385048328,1.0,0.00010818381674716177,0.3746956906881788,"S"
"MULE-10206","Task","2016-08-05T10:07:20.000-0500",False,0.04199150152684906,0.0,0.04445152065552147,0.2712900043600116,"S"
"MULE-10202","Improvement","2016-08-05T09:22:02.000-0500",False,0.03174236975978617,0.0,0.0010867408681395634,0.21779818675335422,"S"
"MULE-10175","Task","2016-07-31T22:23:53.000-0500",False,0.026787906388042414,0.0,4.415499815842596e-05,0.18948659816331437,"S"
"MULE-10160","Task","2016-07-26T15:55:54.000-0500",False,0.033641781024058584,1.0,0.00014555991899716748,0.22820689113983955,"S"
"MULE-10158","Task","2016-07-26T15:05:02.000-0500",False,0.05309398331959014,0.0,0.0006924576616756301,0.32260316269229133,"S"
"MULE-10136","Improvement","2016-07-21T10:57:27.000-0500",True,0.028269191621034546,1.0,0.00013768495583693313,0.19813298765622206,"S"
"MULE-10134","Task","2016-07-21T10:49:32.000-0500",False,0.042191001131045465,0.0,0.005323707259341494,0.2722692828611052,"S"
"MULE-10126","Improvement","2016-07-21T09:45:52.000-0500",False,0.00954022027711457,0.0,0.00010606975100431496,0.07562361325249586,"S"
"MULE-10117","Improvement","2016-07-19T14:31:31.000-0500",False,0.02074256444105085,0.0,0.19351477119973612,0.15247692488844572,"S"
"MULE-10104","New Feature","2016-07-15T14:19:01.000-0500",False,0.018831414700209298,1.0,0.0002010635120803375,0.14016551999362659,"S"
"MULE-10102","Bug","2016-07-15T13:50:49.000-0500",False,0.03226186652959202,0.0,0.02067547435270531,0.22066871629168783,"S"
"MULE-10092","Task","2016-07-14T12:14:18.000-0500",False,0.03697600336251324,1.0,4.529916928141625e-05,0.24591720488684038,"S"
"MULE-10069","Task","2016-07-11T12:42:06.000-0500",False,0.010912248999207291,1.0,2.3350326073563558e-05,0.08567733557767232,"S"
"MULE-10056","Bug","2016-07-07T16:26:43.000-0500",True,0.03588507413274396,0.0,0.0002593524842405754,0.24019930689149924,"S"
"MULE-10042","Task","2016-07-05T16:41:00.000-0500",False,0.013680381072772143,0.0,8.893594627881639e-05,0.10539041037433444,"S"
"MULE-10040","Bug","2016-07-05T14:03:00.000-0500",True,0.01679666040418815,0.0,2.8599839395695327e-06,0.12671362216756285,"S"
"MULE-10031","Improvement","2016-07-04T10:27:49.000-0500",False,0.033047548134367485,0.0,0.0014706729298758373,0.22497604357080173,"S"
"MULE-10008","Bug","2016-06-29T15:11:10.000-0500",False,0.02590840395363322,0.0,1.6090864143815055e-05,0.18427681337979993,"S"
"MULE-10000","Bug","2016-06-28T13:33:32.000-0500",False,0.03910449088904191,0.0,0.014934550370483626,0.25686512289977537,"S"
"MULE-9989","Bug","2016-06-27T10:22:08.000-0500",False,0.021533951271754746,0.0,0.001354497039502244,0.1574860494971515,"S"
"MULE-9988","Improvement","2016-06-27T10:02:10.000-0500",False,0.038798729343720355,0.0,0.3941298850777344,0.25530907452648727,"S"
"MULE-9976","Task","2016-06-24T04:34:53.000-0500",False,0.03486190028180791,0.0,9.949251441117146e-05,0.23476917560251387,"S"
"MULE-9918","Improvement","2016-06-14T14:18:57.000-0500",False,0.030929310241769283,0.0,0.0026964721990828952,0.21326912767049758,"S"
"MULE-9897","Improvement","2016-06-13T09:52:50.000-0500",False,0.013947108371863153,0.0,5.34964613264096e-05,0.10725078169328754,"S"
"MULE-9866","New Feature","2016-06-09T10:01:56.000-0500",False,0.02008129909762365,0.0,0.0008617472029175175,0.14825180912407054,"S"
"MULE-9855","Task","2016-06-09T05:14:56.000-0500",False,0.04632891042207404,0.0,1.610092888751971e-05,0.29209088123586063,"S"
"MULE-9842","Task","2016-06-07T16:50:17.000-0500",False,0.0369462671223197,0.0,2.7148283361440006e-05,0.2457623186924151,"S"
"MULE-9838","Bug","2016-06-07T09:06:11.000-0500",False,0.0371753454534017,0.0,0.946863533944612,0.24695411758100275,"S"
"MULE-9834","Task","2016-06-06T16:53:11.000-0500",False,0.04125816176084412,1.0,0.004929106048066065,0.2676710580339076,"S"
"MULE-9827","Task","2016-06-06T11:26:41.000-0500",False,0.016388980617249433,0.0,4.2632761703367455e-05,0.12397449048936686,"S"
"MULE-9825","Task","2016-06-06T11:05:51.000-0500",False,0.008926713443118954,0.0,0.0008301633117885986,0.07106536671364767,"S"
"MULE-9824","Task","2016-06-06T09:57:12.000-0500",False,0.02939606565435859,0.0,0.0009279408882040007,0.20460529923233978,"S"
"MULE-9808","Bug","2016-06-02T15:41:18.000-0500",False,0.013369930935038408,0.0,0.0002953028376658501,0.10321656831960284,"S"
"MULE-9807","Bug","2016-06-02T15:39:44.000-0500",False,0.026433905832873642,0.0,6.626140690876625e-07,0.1873965471212299,"S"
"MULE-9802","Task","2016-06-02T09:23:10.000-0500",False,0.05191840634242911,1.0,0.0001598797684449499,0.31746087679085716,"S"
"MULE-9801","Task","2016-06-02T08:49:55.000-0500",False,0.025117467340900722,0.0,0.0001305741293759647,0.1795422970239618,"S"
"MULE-9761","Improvement","2016-05-27T11:19:27.000-0500",False,0.07448875239674223,0.0,0.9980287340249476,0.4060313381662481,"S"
"MULE-9755","New Feature","2016-05-26T11:30:09.000-0500",False,0.10525882002782158,0.0,0.0006129080954306874,0.4997974268435743,"S"
"MULE-9743","Task","2016-05-24T18:02:12.000-0500",False,0.08677842602387063,1.0,0.004593809709863804,0.44662450767654593,"S"
"MULE-9739","Task","2016-05-24T13:52:31.000-0500",False,0.0836726811881622,1.0,0.0007107615136265628,0.43680005136971334,"S"
"MULE-9733","Bug","2016-05-23T11:08:44.000-0500",False,0.014381491735407492,0.0,4.477672074936392e-05,0.11026615257540905,"S"
"MULE-9721","Bug","2016-05-19T07:36:42.000-0500",False,0.006611909533158182,0.0,0.00012547621355554368,0.053507207731660414,"S"
"MULE-9716","Bug","2016-05-17T13:51:30.000-0500",False,0.14981765510412204,1.0,0.0005588618101247466,0.5994730590033822,"S"
"MULE-9696","Bug","2016-05-12T09:42:28.000-0500",True,0.08204237612413162,0.0,0.998910911784708,0.4315295352600773,"S"
"MULE-9690","Improvement","2016-05-11T12:45:24.000-0500",True,0.014080588236398607,1.0,7.722657895865667e-05,0.10817925239115189,"S"
"MULE-9665","Bug","2016-05-05T10:05:47.000-0500",False,0.00927531119689519,0.0,0.0005882705856494419,0.07366019326626197,"S"
"MULE-9662","Bug","2016-05-04T16:38:00.000-0500",False,0.05777825384142676,1.0,0.0004761437289886356,0.34246551545546505,"S"
"MULE-9661","Improvement","2016-05-04T16:10:36.000-0500",True,0.014899968707906368,0.0,0.0002584185379337492,0.11384216079773941,"S"
"MULE-9635","Task","2016-04-28T11:14:13.000-0500",False,0.015661726858443626,0.0,1.630066448724656e-06,0.11905100391116966,"S"
"MULE-9615","Bug","2016-04-27T13:05:50.000-0500",False,0.008300922641406151,0.0,0.021825736047676552,0.06637520246225163,"S"
"MULE-9606","Improvement","2016-04-20T14:54:13.000-0500",True,0.018335076124644082,0.0,0.004690005888721374,0.1369174503124996,"S"
"MULE-9578","Bug","2016-04-13T11:35:36.000-0500",False,0.06575551444609093,1.0,0.006699231619280554,0.3741409240472237,"S"
"MULE-9527","Task","2016-03-29T15:34:31.000-0500",False,0.12384971985366922,0.0,0.00037201751759485206,0.5455813948637521,"S"
"MULE-9520","Task","2016-03-28T10:26:12.000-0500",False,0.05248393148381878,0.0,6.823912945750653e-05,0.3199427504294708,"S"
"MULE-9508","Task","2016-03-23T10:15:38.000-0500",False,0.06581263865861142,1.0,8.360347182068855e-05,0.3743586021537779,"S"
"MULE-9490","Improvement","2016-03-16T12:22:31.000-0500",False,0.02744734670186688,1.0,0.00024332429009667816,0.19335546952870872,"S"
"MULE-9486","Task","2016-03-15T18:57:10.000-0500",False,0.07751905007076235,1.0,0.0004945287689557818,0.4164798064839708,"S"
"MULE-9484","Bug","2016-03-14T16:03:50.000-0500",True,0.020497125921329098,0.0,0.00017632131880388407,0.15091294593555127,"S"
"MULE-9478","Task","2016-03-14T09:20:18.000-0500",False,0.037024863685775206,1.0,0.0001021051823047488,0.24617158474002404,"S"
"MULE-9477","Task","2016-03-14T09:17:29.000-0500",False,0.043172754001957775,0.0,0.0013684603695971796,0.277056157195247,"S"
"MULE-9476","Task","2016-03-14T07:19:22.000-0500",False,0.043064830907032836,0.0,4.321733619748285e-05,0.27653254599614896,"S"
"MULE-9467","Task","2016-03-14T06:51:38.000-0500",False,0.03182373916121968,0.0,3.646613863061038e-05,0.2182489931338486,"S"
"MULE-9463","Improvement","2016-03-11T13:07:06.000-0600",False,0.03952201234172473,0.0,3.181496495595197e-05,0.25898104269284167,"S"
"MULE-9462","Improvement","2016-03-11T13:04:01.000-0600",False,0.0318438294286964,0.0,0.005259113010670148,0.21836022980713954,"S"
"MULE-9461","Improvement","2016-03-11T12:54:41.000-0600",False,0.0366241104255829,0.0,5.556886596651388e-05,0.24408083959058313,"S"
"MULE-9451","Task","2016-03-08T12:16:10.000-0600",False,0.029282314776951007,0.0,0.0688570038819312,0.20395602743217292,"S"
"MULE-9443","Task","2016-03-04T08:35:57.000-0600",False,0.04483156103297749,1.0,0.00014182298822239264,0.28502444750677497,"S"
"MULE-9433","New Feature","2016-03-03T08:49:55.000-0600",True,0.020717030892191478,0.0,0.00068325241521832,0.15231445254879042,"S"
"MULE-9411","Task","2016-02-29T09:13:50.000-0600",False,0.0166269395626281,1.0,7.18137836347732e-05,0.12557510457026722,"S"
"MULE-9410","Task","2016-02-29T09:09:36.000-0600",False,0.020597576510454435,0.0,0.0014300722491155115,0.15155363783570727,"S"
"MULE-9409","Task","2016-02-29T09:07:06.000-0600",True,0.025048133693724075,0.0,0.0010845319195688335,0.17912501581979415,"S"
"MULE-9408","Improvement","2016-02-26T14:32:34.000-0600",False,0.06911822353743872,1.0,0.000857888237204055,0.3867457931609784,"S"
"MULE-9407","Improvement","2016-02-26T13:23:18.000-0600",False,0.029550632280060447,0.0,0.00014866995419682348,0.2054860885108346,"S"
"MULE-9397","Improvement","2016-02-22T19:30:59.000-0600",False,0.03556878436262622,0.0,0.34665213857296445,0.23852773184025738,"S"
"MULE-9393","New Feature","2016-02-18T11:56:28.000-0600",False,0.014867291446511747,0.0,0.00015486752664970008,0.11361751936984026,"S"
"MULE-9391","Task","2016-02-18T10:35:58.000-0600",False,0.07632780224499153,0.0,0.006086645249028802,0.4124083917795389,"S"
"MULE-9387","Improvement","2016-02-17T14:37:16.000-0600",False,0.04520698345889382,0.0,0.846610361398671,0.28680730288951023,"S"
"MULE-9377","Bug","2016-02-11T14:42:10.000-0600",False,0.011366848947464477,0.0,0.0012097483456588705,0.08896645970674943,"S"
"MULE-9354","Task","2016-01-27T08:13:18.000-0600",False,0.015498601332186269,0.0,0.30098323207217975,0.11794004727015833,"S"
"MULE-9290","Bug","2016-01-08T20:37:06.000-0600",False,0.022211677415473478,0.0,0.9984980658256298,0.16173526689547857,"S"
"MULE-9285","Task","2016-01-07T09:29:16.000-0600",True,0.030560489969393763,0.0,4.974905926522401e-06,0.21119984981135426,"S"
"MULE-9283","Task","2016-01-07T06:23:24.000-0600",False,0.02895088468501618,1.0,7.341711007581742e-05,0.20205909172922526,"S"
"MULE-9275","Bug","2016-01-06T21:17:43.000-0600",False,0.012767165645040804,0.0,1.1222458663877708e-06,0.09896950843555703,"S"
"MULE-9273","Bug","2016-01-06T15:27:10.000-0600",False,0.02372585644849833,0.0,0.4569397367413639,0.17109649417315081,"S"
"MULE-9272","Bug","2016-01-06T14:24:22.000-0600",False,0.01289351723563589,0.0,1.3301140040663898e-06,0.09986267488288104,"S"
"MULE-9252","Bug","2016-01-04T08:53:47.000-0600",False,0.02170372264685637,0.0,3.423763490013466e-05,0.15855396943409386,"S"
"MULE-9249","New Feature","2016-01-04T08:15:15.000-0600",True,0.04017879053665352,0.0,0.0001366831944323429,0.2622888761920201,"S"
"MULE-9217","Task","2015-12-17T11:06:36.000-0600",False,0.057734306814922545,1.0,5.285153876599569e-05,0.34228369315004287,"S"
"MULE-9139","Improvement","2015-11-20T14:52:13.000-0600",False,0.011630212422555837,0.0,9.909457517684612e-05,0.09086251878684193,"S"
"MULE-9032","Improvement","2015-11-02T09:29:03.000-0600",False,0.04441119475158389,0.0,0.00016576007948405214,0.2830192249487824,"S"
"MULE-8936","Improvement","2015-09-11T13:47:59.000-0500",False,0.017512838540642804,0.0,1.4865044844815127e-05,0.13148967939772382,"S"
"MULE-8904","Bug","2015-08-31T11:05:11.000-0500",False,0.01438145776317101,0.0,0.0004362836880181158,0.11026591744230078,"S"
"MULE-8893","Task","2015-08-25T14:10:13.000-0500",False,0.015650075645429508,0.0,2.418354566651874e-06,0.11897173463577546,"S"
"MULE-8804","Bug","2015-07-23T12:41:18.000-0500",False,0.04657722638460448,1.0,0.00015274729832275526,0.2932513941827667,"S"
"MULE-8785","Task","2015-07-16T15:08:03.000-0500",False,0.03421094695680156,0.0,0.00014546930438130373,0.23127997624684682,"S"
"MULE-8741","Task","2015-06-25T16:24:16.000-0500",False,0.06357655374102066,1.0,0.0008470007776995562,0.3657435196706644,"S"
"MULE-8738","Bug","2015-06-25T14:29:54.000-0500",False,0.03726322897895719,0.0,0.0004782475661417704,0.24741048993780657,"S"
"MULE-8736","Bug","2015-06-25T11:12:02.000-0500",False,0.07676406543079761,1.0,0.0009932059388935142,0.41390479547033016,"S"
"MULE-8735","Bug","2015-06-25T08:01:22.000-0500",False,0.028691615616808455,0.0,6.111347087557027e-05,0.2005697625542998,"S"
"MULE-8725","Task","2015-06-23T12:24:51.000-0500",False,0.02516581298880892,0.0,0.00010183190302456481,0.17983304709577708,"S"
"MULE-8666","Bug","2015-06-02T15:13:36.000-0500",False,0.028662211519327293,0.0,0.00010265013933487804,0.200400554703305,"S"
"MULE-8664","Bug","2015-06-02T12:18:43.000-0500",False,0.01676526987949183,0.0,0.0034709537016377684,0.126503242857986,"S"
"MULE-8658","Bug","2015-05-29T10:27:59.000-0500",False,0.030525405362309,0.0,0.013709512453605018,0.2110025216397806,"S"
"MULE-8654","Bug","2015-05-28T12:25:42.000-0500",True,0.03338896429015046,1.0,0.571303257346777,0.22683513803858626,"S"
"MULE-8619","Task","2015-05-20T05:49:46.000-0500",False,0.03469888993240442,1.0,0.0006687763763021888,0.23389795324084034,"S"
"MULE-8594","Bug","2015-05-12T16:37:18.000-0500",False,0.009206269047561591,0.0,1.6472118441682864e-05,0.07314727738378167,"S"
"MULE-8583","Task","2015-05-07T12:11:21.000-0500",False,0.04343082575383443,0.0,0.000406061205305953,0.2783056548455675,"S"
"MULE-8565","Improvement","2015-05-05T09:13:40.000-0500",False,0.021557289122313705,1.0,0.0015127179884187303,0.15763299123258995,"S"
"MULE-8564","Bug","2015-05-04T16:57:45.000-0500",False,0.011847502906072817,0.0,4.792482630682484e-05,0.0924217049052419,"S"
"MULE-8556","Bug","2015-04-28T18:51:25.000-0500",False,0.06747521332600741,0.0,0.032872954836863026,0.3806398015630657,"S"
"MULE-8544","Bug","2015-04-27T13:04:25.000-0500",False,0.04195930736775206,0.0,4.819070371549242e-05,0.27113176499132996,"S"
"MULE-8541","Improvement","2015-04-23T11:55:53.000-0500",False,0.03773667071851723,0.0,0.006663126046479221,0.24986097461849663,"S"
"MULE-8536","Improvement","2015-04-23T19:04:10.000-0500",False,0.08700250928259037,0.0,7.611360858104996e-05,0.4473226472850529,"S"
"MULE-8509","Bug","2015-04-17T17:01:18.000-0500",False,0.035252232209834984,1.0,0.3458421939843375,0.23684849439364208,"S"
"MULE-8498","Improvement","2015-04-16T03:38:56.000-0500",False,0.017329559472172983,0.0,9.57362685384761e-06,0.1302717456114586,"S"
"MULE-8497","Bug","2015-04-15T16:57:25.000-0500",False,0.07907067584619672,1.0,4.014250765756645e-05,0.4217144669566409,"S"
"MULE-8493","Task","2015-04-15T15:10:03.000-0500",False,0.06919302287166772,0.0,0.14960239944414147,0.3870214167821494,"S"
"MULE-8485","Task","2015-04-15T08:49:53.000-0500",False,0.010380117427777587,0.0,1.2110895367624221e-05,0.08180084091945021,"S"
"MULE-8484","Bug","2015-04-15T08:04:36.000-0500",False,0.021114897292548493,0.0,1.0911850557036706e-07,0.15484001477054357,"S"
"MULE-8481","Improvement","2015-04-14T08:58:02.000-0500",False,0.035830298828498905,0.0,0.0027122710552638547,0.2399102694623324,"S"
"MULE-8480","Improvement","2015-04-13T16:41:01.000-0500",False,0.05536439250331124,1.0,3.7656419524117404e-05,0.3323532802951987,"S"
"MULE-8474","Improvement","2015-04-13T16:18:39.000-0500",False,0.025371764241438166,0.0,0.000685857687232627,0.18106965196517366,"S"
"MULE-8468","Improvement","2015-04-11T08:13:27.000-0500",False,0.015511311432996874,1.0,2.9260407716905665e-05,0.11802669605864233,"S"
"MULE-8459","Task","2015-04-09T07:17:47.000-0500",False,0.02091034800044736,0.0,1.1241850965044318e-05,0.15354321016522635,"S"
"MULE-8453","Improvement","2015-04-08T10:41:29.000-0500",False,0.02343090157654744,0.0,0.00039452872428263013,0.1692871435242062,"S"
"MULE-8452","New Feature","2015-04-07T18:22:35.000-0500",False,0.01858296765561645,0.0,0.0018695427566882115,0.13854231848683043,"S"
"MULE-8450","Improvement","2015-04-07T10:21:18.000-0500",False,0.036646701353128926,0.0,0.8300636863053741,0.24419895935257638,"S"
"MULE-8448","Bug","2015-04-07T07:28:27.000-0500",False,0.05973617033768239,0.0,0.0088904172800548,0.35048207478280285,"S"
"MULE-8442","Bug","2015-03-31T08:24:54.000-0500",False,0.0241943900948959,1.0,0.00014874152159209425,0.17395671451598482,"S"
"MULE-8410","Improvement","2015-03-19T08:51:43.000-0500",False,0.041212675236745704,0.0,0.0002165836316210903,0.2674455864074693,"S"
"MULE-8383","Bug","2015-03-13T08:15:36.000-0500",False,0.018489256523959264,0.0,0.0782890007915346,0.13792868832594135,"S"
"MULE-8382","Bug","2015-03-12T20:59:30.000-0500",False,0.026461838161813543,0.0,1.9128580653573753e-05,0.1875617983698951,"S"
"MULE-8364","Bug","2015-03-06T10:46:02.000-0600",False,0.038110279867793695,0.0,0.001162878409184479,0.251785188609747,"S"
"MULE-8304","Bug","2015-02-09T09:02:00.000-0600",False,0.011205181768030597,0.0,5.179788303045175e-05,0.08779913311151422,"S"
"MULE-8297","Task","2015-02-05T14:03:22.000-0600",True,0.02282506419920852,1.0,0.006775132224057164,0.16554931479556004,"S"
"MULE-8278","Bug","2015-01-29T15:49:24.000-0600",False,0.019237999162231744,0.0,9.006827716412673e-07,0.14281049903417062,"S"
"MULE-8270","Bug","2015-01-26T12:22:01.000-0600",False,0.14859490123699484,0.0,0.002711823778460961,0.5971580956869429,"S"
"MULE-8254","Task","2015-01-22T09:36:35.000-0600",True,0.07206171080881316,0.0,0.0006852454004395287,0.3974406730378152,"S"
"MULE-8242","Task","2015-01-19T12:20:13.000-0600",False,0.049552058434771375,0.0,0.0004694842226648964,0.3069095016234918,"S"
"MULE-8220","Bug","2015-01-12T09:59:31.000-0600",False,0.029985888086508927,1.0,0.00011344839277271668,0.2079574182723103,"S"
"MULE-8210","New Feature","2015-01-07T16:10:36.000-0600",False,0.022801951677706524,0.0,0.9757655727211514,0.16540614371573525,"S"
"MULE-8176","Task","2014-12-22T08:04:31.000-0600",False,0.04555647412298442,1.0,0.00011472651721781087,0.2884602888405434,"S"
"MULE-8170","Improvement","2014-12-18T11:34:55.000-0600",False,0.035925251913175166,0.0,0.0011510410036330914,0.2404111974909229,"S"
"MULE-8167","Bug","2014-12-18T11:15:56.000-0600",False,0.0869458360170516,0.0,2.201270231692065e-05,0.44714621376766295,"S"
"MULE-8166","New Feature","2014-12-18T10:13:46.000-0600",False,0.028198403077672043,1.0,0.00023349702425951827,0.1977233943085954,"S"
"MULE-8163","Bug","2014-12-17T13:05:25.000-0600",False,0.015679997982781996,0.0,2.91956401232033e-05,0.1191752869518801,"S"
"MULE-8162","Bug","2014-12-17T09:22:17.000-0600",False,0.007387588118475282,0.0,3.082294896664669e-06,0.05945515341267694,"S"
"MULE-8133","Bug","2014-12-05T13:02:45.000-0600",False,0.034880672302022415,0.0,2.9833970742467545e-06,0.23486939587802333,"S"
"MULE-8127","Bug","2014-12-04T08:25:49.000-0600",False,0.02701083712405825,0.0,0.00025183322540682534,0.19079806883724,"S"
"MULE-8114","Task","2014-12-02T14:05:26.000-0600",False,0.01552534410077165,0.0,5.015268412086859e-05,0.11812234403248711,"S"
"MULE-8102","Task","2014-11-28T09:32:42.000-0600",False,0.03391709737633645,1.0,2.959595147956882e-05,0.2296960105780812,"S"
"MULE-8100","Improvement","2014-11-27T15:24:36.000-0600",False,0.022282565420412466,0.0,0.014243531080037328,0.16217758502614968,"S"
"MULE-8089","Bug","2014-11-26T08:19:26.000-0600",False,0.04797515534563713,0.0,9.17286989878221e-05,0.29972537889626133,"S"
"MULE-8086","Bug","2014-11-25T11:18:04.000-0600",False,0.011544269661200946,0.0,3.755959779987633e-06,0.09024453956154822,"S"
"MULE-8079","Bug","2014-11-20T12:16:56.000-0600",False,0.032615018725770745,0.0,8.676954411020781e-05,0.2226098385480191,"S"
"MULE-8069","Bug","2014-11-19T12:25:34.000-0600",False,0.015596731404510147,0.0,6.427445798314135e-05,0.11860864769374473,"S"
"MULE-8067","Improvement","2014-11-19T12:08:12.000-0600",False,0.026814406957874154,0.0,0.0038518053271221976,0.18964268843007512,"S"
"MULE-8025","Improvement","2014-11-06T06:35:38.000-0600",False,0.056039584260898896,1.0,0.0008367800127050428,0.33520777152912057,"S"
"MULE-8022","Improvement","2014-11-06T06:27:38.000-0600",False,0.03372078147420117,0.0,6.329448710099177e-05,0.2286346872258648,"S"
"MULE-8020","Improvement","2014-11-06T06:09:17.000-0600",False,0.03990840195384792,0.0,1.749790500602255e-05,0.26093011166096625,"S"
"MULE-8009","Improvement","2014-10-30T16:19:04.000-0500",False,0.015532584074775951,0.0,0.011877011189990008,0.11817168532501693,"S"
"MULE-8006","Task","2014-10-29T13:14:37.000-0500",False,0.004570898495738842,0.0,8.994302106163979e-06,0.0375372287354654,"S"
"MULE-7992","Task","2014-10-23T09:27:15.000-0500",False,0.009616146623572134,0.0,2.720424765559803e-06,0.07618501398581126,"S"
"MULE-7990","New Feature","2014-10-23T09:15:10.000-0500",True,0.07675658884107182,0.0,0.0008379333998826253,0.41387920272025946,"S"
"MULE-7987","Improvement","2014-10-22T09:38:37.000-0500",False,0.12186185861743427,1.0,0.0021402547709763317,0.5410042313298293,"S"
"MULE-7969","Improvement","2014-10-08T14:42:45.000-0500",False,0.01833933347744605,0.0,0.0001598957297336177,0.1369454010072967,"S"
"MULE-7951","Improvement","2014-10-07T10:11:54.000-0500",False,0.05291821591813343,0.0,0.006960781273428385,0.32183843409119567,"S"
"MULE-7948","Task","2014-10-07T09:58:34.000-0500",False,0.01947910271560937,0.0,0.002411290341255356,0.14437232204476871,"S"
"MULE-7929","New Feature","2014-10-06T14:07:28.000-0500",False,0.026099647220842556,1.0,0.00013021957333397548,0.18541454104481717,"S"
"MULE-7927","New Feature","2014-10-06T14:03:43.000-0500",False,0.0229379305021907,0.0,0.00016709784332054074,0.166247859954506,"S"
"MULE-7919","Improvement","2014-10-03T12:04:56.000-0500",False,0.025789890593358136,0.0,0.002357705066189011,0.18357039260986896,"S"
"MULE-7903","Task","2014-09-25T12:10:13.000-0500",False,0.07195312667323399,1.0,0.0002213367955587883,0.39705158814982194,"S"
"MULE-7899","Task","2014-09-25T10:22:14.000-0500",False,0.07371111878359139,1.0,0.0011115927250724415,0.403300770743129,"S"
"MULE-7897","Task","2014-09-25T10:21:19.000-0500",False,0.02223237748956751,0.0,3.596302616751627e-06,0.16186447027436074,"S"
"MULE-7872","New Feature","2014-09-11T10:00:26.000-0500",False,0.009205363701839992,1.0,0.0002857482211360166,0.07314054824952909,"S"
"MULE-7869","Improvement","2014-09-11T09:55:51.000-0500",False,0.025461720905043183,1.0,3.005794248850698e-05,0.1816087781171098,"S"
"MULE-7868","Task","2014-09-11T09:55:30.000-0500",False,0.024409392217728205,0.0,0.00021320370390673815,0.17526353776088954,"S"
"MULE-7867","Improvement","2014-09-11T09:54:23.000-0500",False,0.03285871314239999,1.0,0.0004930621223407306,0.22394451240003663,"S"
"MULE-7865","New Feature","2014-09-11T09:49:40.000-0500",False,0.040267384904028876,0.0,0.0005473941352832287,0.26273316315490525,"S"
"MULE-7846","Task","2014-08-29T12:11:07.000-0500",False,0.04665170396490489,0.0,0.0032080245319214907,0.29359884379186235,"S"
"MULE-7845","New Feature","2014-08-29T11:59:09.000-0500",False,0.009221001610821147,1.0,8.454547536729536e-05,0.07325676763411243,"S"
"MULE-7829","Improvement","2014-08-22T12:51:56.000-0500",False,0.0249587171814129,0.0,1.0786971452931295e-05,0.17858632754981016,"S"
"MULE-7818","Bug","2014-08-19T13:27:13.000-0500",False,0.02816406236189995,0.0,1.5674173967658408e-06,0.19752456441572194,"S"
"MULE-7817","Bug","2014-08-19T13:22:35.000-0500",False,0.020077441082421484,0.0,2.2204785458741394e-06,0.14822705177050458,"S"
"MULE-7809","Task","2014-08-13T18:13:48.000-0500",False,0.05735208990871208,0.0,0.9989082094359459,0.3406988127482237,"S"
"MULE-7797","Bug","2014-08-02T09:51:47.000-0500",False,0.046601020839726094,0.0,0.07745089007112238,0.2933624303002235,"S"
"MULE-7787","Task","2014-07-30T16:06:43.000-0500",False,0.03832266546504958,0.0,3.873071460107337e-05,0.2528753148869941,"S"
"MULE-7783","Task","2014-07-28T14:59:03.000-0500",False,0.06135030836650719,0.0,0.0003373177882472143,0.35696986632836825,"S"
"MULE-7758","Task","2014-07-17T10:55:24.000-0500",False,0.02310866600240392,1.0,2.6116926111733968e-05,0.1673026513710922,"S"
"MULE-7720","New Feature","2014-07-03T10:50:52.000-0500",False,0.0160722622027644,0.0,9.276062834065335e-05,0.12183620331961272,"S"
"MULE-7718","New Feature","2014-07-03T10:41:07.000-0500",False,0.02588340449850581,0.0,0.00022458839865194488,0.18412788696874802,"S"
"MULE-7715","New Feature","2014-07-03T09:31:33.000-0500",False,0.021357615367078784,0.0,0.00173569656854621,0.1563743565133772,"S"
"MULE-7704","Bug","2014-06-30T10:16:17.000-0500",False,0.02712356468272598,0.0,0.01968955239559508,0.19145984320585185,"S"
"MULE-7703","Improvement","2014-06-30T07:43:09.000-0500",False,0.014077174469988029,0.0,0.00010459716569378647,0.10815552755718046,"S"
"MULE-7651","Improvement","2014-06-04T19:36:23.000-0500",False,0.03181670437814852,1.0,0.00014785975318671145,0.21821003624574037,"S"
"MULE-7631","Bug","2014-05-26T10:52:44.000-0500",False,0.026440547320393498,0.0,0.00022204903323975404,0.18743584424724963,"S"
"MULE-7621","Improvement","2014-05-21T12:14:21.000-0500",False,0.05200619240962826,1.0,0.0024527900775061203,0.3178471287207606,"S"
"MULE-7615","Improvement","2014-05-16T13:26:31.000-0500",False,0.0588211798038485,1.0,4.711704820588672e-05,0.34675602802269306,"S"
"MULE-7608","New Feature","2014-05-14T15:01:41.000-0500",True,0.012173761576140077,1.0,5.8402653109416376e-05,0.09475406305399327,"S"
"MULE-7599","Task","2014-05-12T15:46:59.000-0500",False,0.04567703984712504,1.0,1.0437921759734282e-05,0.28902903212678294,"S"
"MULE-7597","Bug","2014-05-12T11:17:57.000-0500",False,0.07950235550984872,0.0,0.0013554548752315754,0.42315724458545034,"S"
"MULE-7596","Bug","2014-05-09T18:00:18.000-0500",False,0.02839404573397413,0.0,0.0016350915067647681,0.19885453936702727,"S"
"MULE-7578","Task","2014-04-30T18:46:11.000-0500",False,0.039847370238071736,0.0,4.8876731876165674e-05,0.2606228267715912,"S"
"MULE-7548","Bug","2014-04-24T13:03:33.000-0500",False,0.0493904600024497,1.0,0.00021884094209004333,0.3061789833909089,"S"
"MULE-7543","Task","2014-04-23T09:00:14.000-0500",False,0.05003544968852735,1.0,0.0009870031607437952,0.30908702772673113,"S"
"MULE-7520","Bug","2014-04-16T12:55:57.000-0500",False,0.008937877753498103,0.0,5.082341191425933e-06,0.07114866645262104,"S"
"MULE-7513","Improvement","2014-04-14T13:27:53.000-0500",False,0.016705350785877888,0.0,0.00030116891861344945,0.12610142086597018,"S"
"MULE-7494","Bug","2014-04-07T13:11:17.000-0500",False,0.026985546444107323,0.0,1.1960612523382349e-05,0.19064947055130824,"S"
"MULE-7488","Bug","2014-04-04T06:27:57.000-0500",False,0.015946040265030985,0.0,9.245630841612445e-06,0.12098150413166966,"S"
"MULE-7458","Task","2014-02-12T02:10:00.000-0600",False,0.04888068786769848,0.0,0.16551224868593792,0.3038660335062991,"S"
"MULE-7446","Improvement","2014-03-17T17:56:36.000-0500",False,0.07642837192579595,1.0,0.00011059636972723405,0.41275390237050713,"S"
"MULE-7431","Bug","2014-03-12T14:53:19.000-0500",False,0.025370105266209402,0.0,1.609364520996644e-05,0.18105970369860525,"S"
"MULE-7429","Bug","2014-03-12T12:46:47.000-0500",False,0.01975526896235988,1.0,1.2016226942710202e-05,0.1461552344033955,"S"
"MULE-7428","Improvement","2014-03-12T11:34:24.000-0500",False,0.016795845918050882,0.0,2.544103375671917e-05,0.12670816459201897,"S"
"MULE-7424","Improvement","2014-03-10T16:43:24.000-0500",False,0.057380930916674115,1.0,3.678622203887901e-05,0.34081862480214237,"S"
"MULE-7413","Bug","2014-03-05T15:47:04.000-0600",False,0.019761445723994353,0.0,0.0037151881211330137,0.14619503771105527,"S"
"MULE-7412","Bug","2014-03-05T12:55:03.000-0600",False,0.014927961102042815,0.0,4.7303501563343746e-05,0.11403451719249012,"S"
"MULE-7401","Improvement","2014-02-28T13:10:51.000-0600",False,0.016560158973505785,0.0,0.00010591453707306518,0.12512642222796577,"S"
"MULE-7395","Task","2014-02-27T15:57:29.000-0600",False,0.08645493075369069,0.0,0.00014346201463034648,0.44561413664384186,"S"
"MULE-7387","Improvement","2014-02-26T12:49:07.000-0600",False,0.019437406149578285,0.0,3.096578921904589e-05,0.14410257190213965,"S"
"MULE-7374","Bug","2014-02-25T07:20:32.000-0600",False,0.014202187657623686,0.0,4.182669971144501e-06,0.10902362283834587,"S"
"MULE-7367","Task","2014-02-21T13:40:07.000-0600",False,0.026850893076408696,0.0,0.007016694597428447,0.18985750985545902,"S"
"MULE-7365","Task","2014-02-21T11:05:15.000-0600",False,0.06727021136833142,1.0,6.080520691406339e-05,0.3798709293174889,"S"
"MULE-7361","Bug","2014-02-20T15:08:10.000-0600",False,0.013541009473352475,0.0,5.0286771930909785e-06,0.10441563476789019,"S"
"MULE-7343","Bug","2014-02-18T09:13:36.000-0600",False,0.0197183641998825,0.0,1.836009314023763e-05,0.1459173516956003,"S"
"MULE-7321","Improvement","2014-02-13T14:09:05.000-0600",False,0.03077036428961194,0.0,0.0024743667854095286,0.21237849605000497,"S"
"MULE-7316","Task","2014-02-12T12:46:37.000-0600",False,0.08467414092490659,1.0,4.4858397840803626e-05,0.43999854808905137,"S"
"MULE-7311","Bug","2014-02-10T07:43:49.000-0600",False,0.06195813524385545,0.0,0.09787961289502622,0.3593851574344521,"S"
"MULE-7300","Bug","2014-02-07T09:54:17.000-0600",False,0.017621768104625016,0.0,3.3453899379193158e-06,0.1322121425910507,"S"
"MULE-7293","Bug","2014-02-06T08:41:11.000-0600",False,0.03593236140183186,0.0,0.00013141893036998896,0.24044868122536148,"S"
"MULE-7285","Bug","2014-02-05T15:19:32.000-0600",False,0.02875573647182632,0.0,3.735784271026937e-05,0.20093853756160698,"S"
"MULE-7282","Task","2014-02-05T13:11:15.000-0600",False,0.03391709737633645,1.0,2.959595147956882e-05,0.2296960105780812,"S"
"MULE-7256","Bug","2014-01-28T08:29:48.000-0600",False,0.022985927251966166,0.0,2.6358263273685266e-05,0.1665446130095222,"S"
"MULE-7242","Task","2014-01-15T12:46:01.000-0600",False,0.006304225723569798,0.0,1.1029539686648424e-05,0.05112958199214579,"S"
"MULE-7236","Task","2014-01-15T09:06:24.000-0600",False,0.017156607118291207,1.0,0.00013693592683290378,0.129119716847747,"S"
"MULE-7235","Task","2014-01-15T08:59:47.000-0600",False,0.006328895506479836,1.0,0.0020615371076029374,0.0513206036557005,"S"
"MULE-7220","New Feature","2014-01-07T15:54:39.000-0600",False,0.03871097672565095,1.0,6.573634556543606e-05,0.25486147268264464,"S"
"MULE-7218","New Feature","2014-01-07T15:43:28.000-0600",False,0.10981057782143738,0.0,0.00037455190747341134,0.5116540182121989,"S"
"MULE-7203","Task","2013-12-30T15:41:33.000-0600",False,0.0180634543697568,0.0,0.0014774491957073705,0.1351309315664862,"S"
"MULE-7197","Improvement","2013-12-20T14:41:36.000-0600",False,0.023694448277733735,0.0,5.7017716480050277e-05,0.17090414920088967,"S"
"MULE-7196","Story","2013-12-18T10:31:27.000-0600",False,0.024841144989572628,1.0,0.0008674139263784538,0.17787708963629853,"S"
"MULE-7194","Bug","2013-12-19T11:48:27.000-0600",False,0.017388786937927874,0.0,0.00023718377896820352,0.13066565014976209,"S"
"MULE-7185","Task","2013-12-16T13:12:14.000-0600",False,0.037963750218022785,0.0,2.460501851675001e-06,0.2510315109157116,"S"
"MULE-7121","Bug","2013-11-13T09:21:01.000-0600",False,0.03422042171000793,0.0,0.024699754369787774,0.23133095652705835,"S"
"MULE-7098","Task","2013-11-04T12:26:14.000-0600",False,0.09102572874598162,0.0,0.0007560037994550487,0.45961996894267987,"S"
"MULE-7097","Improvement","2013-11-04T12:22:29.000-0600",False,0.05686686097535853,0.0,0.8995806171161287,0.3386776174567253,"S"
"MULE-7090","Improvement","2013-10-30T13:54:13.000-0500",False,0.02588596313680672,0.0,0.9898968564787165,0.18414313140045682,"S"
"MULE-7084","Task","2013-10-29T08:46:03.000-0500",False,0.025486483958961182,0.0,9.57869549858704e-06,0.18175708034502355,"S"
"MULE-7063","New Feature","2013-10-17T14:49:24.000-0500",False,0.03451108550859597,0.0,3.568891910966041e-05,0.23289212040260593,"S"
"MULE-7057","Task","2013-10-14T11:55:05.000-0500",True,0.019024478462510503,0.0,0.005093835724920391,0.14142322843125302,"S"
"MULE-7012","Bug","2013-09-10T08:58:37.000-0500",False,0.031858251980245764,0.0,0.019178179132671766,0.21844006855031814,"S"
"MULE-6980","Bug","2013-08-12T08:21:08.000-0500",False,0.03241435240091015,0.0,0.005902707933249826,0.22150787805795094,"S"
"MULE-6968","Improvement","2013-07-24T15:28:22.000-0500",False,0.022300140844343647,0.0,0.0004597693525301307,0.16228718767577446,"S"
"MULE-6846","Story","2013-05-22T01:46:51.000-0500",False,0.175262190155223,1.0,0.09970152917249117,0.6434843301506945,"S"
"MULE-6843","Story","2013-05-22T01:06:56.000-0500",True,0.22454437518129922,0.0,0.9916901080566319,0.7109339912010145,"S"
"MULE-6831","Bug","2013-05-08T14:58:40.000-0500",False,0.01723973612020112,1.0,2.201718994658204e-05,0.1296737658936557,"S"
"MULE-6829","Bug","2013-05-08T14:39:44.000-0500",False,0.03356770349784441,0.0,0.2398522056969115,0.22780538556542776,"S"
"MULE-6826","Task","2013-05-08T09:05:55.000-0500",False,0.03210094088683898,0.0,0.004082207534955795,0.21978143209842504,"S"
"MULE-6788","Improvement","2013-04-10T15:27:57.000-0500",False,0.05391877354028423,1.0,9.046788398469519e-05,0.3261724961571408,"S"
"MULE-6732","Bug","2013-03-13T09:32:52.000-0500",False,0.032319232206599074,0.0,0.01707178039717361,0.22098459280760746,"S"
"MULE-6714","Story","2013-03-05T13:07:40.000-0600",False,0.12778804180953857,0.0,9.673362500720172e-05,0.5544438919407526,"S"
"MULE-6700","Improvement","2013-02-27T12:23:49.000-0600",False,0.025248278339633425,0.0,4.615082733020589e-05,0.1803285838005721,"S"
"MULE-6673","Story","2013-02-20T09:20:02.000-0600",False,0.046002870934948516,1.0,6.44365610381375e-05,0.2905622478465873,"S"
"MULE-6661","Story","2013-02-19T00:08:05.000-0600",False,0.1396728206164295,0.0,0.4464748475659801,0.5796390568887443,"S"
