"issue_key","issuetype","created","sp_fluctuate","text_multinomial","text_gaussian","text_bernoulli","text_complement","GROUP"
"TESB-22860","New Feature","2018-07-24T11:06:19.000-0500",True,0.021850836851140698,0.0,1.3802393714725162e-15,0.27094524700400024,"A"
"TESB-10956","New Feature","2013-08-30T01:53:27.000-0500",False,0.007240529389788655,0.0,1.5526302558622922e-07,0.10820553108397395,"A"
"TESB-2341","New Feature","2011-07-19T08:21:07.000-0500",False,0.011917150549819773,0.0,7.629467042926571e-15,0.16711726801175159,"A"
"TESB-8366","Change request","2013-02-06T12:14:00.000-0600",False,0.011745546867646861,0.0,7.086923303192786e-17,0.1650842117484527,"A"
"TESB-5664","Bug","2012-04-20T08:40:02.000-0500",False,0.015168225107881971,0.0,6.362306134367399e-12,0.2039678528957643,"A"
"TESB-7918","New Feature","2012-12-20T08:55:46.000-0600",False,0.03437490371738921,0.0,2.1629793037101167e-16,0.371950541907449,"A"
"TESB-5072","Bug","2012-03-06T04:12:07.000-0600",False,0.027593822819054977,0.0,3.267700094213591e-13,0.320692586858781,"A"
"TESB-20119","New Feature","2017-07-26T13:29:04.000-0500",False,0.033008277244948064,0.0,1.386526582142731e-13,0.3621971144649136,"A"
"TESB-475","New Feature","2011-02-02T09:50:12.000-0600",False,0.019024238365059547,0.0,0.002053920814494222,0.2439317822750721,"A"
"TESB-9665","Change request","2013-05-15T03:05:34.000-0500",False,0.009361062520875936,0.0,1.3536246972906175e-16,0.13584936418004204,"A"
"TESB-8640","New Feature","2013-03-06T10:54:18.000-0600",False,0.0033669273234602087,0.0,2.6501897129866894e-12,0.05321200164733181,"A"
"TESB-7139","Bug","2012-09-28T00:56:51.000-0500",False,0.02055753937573836,0.0,1.0,0.2588096052556275,"A"
"TESB-8123","Change request","2013-01-16T05:34:32.000-0600",False,0.03812355197506662,0.0,6.3422388996133766e-15,0.3973634617055742,"A"
"TESB-2966","New Feature","2011-09-06T05:35:28.000-0500",False,0.01722915598219223,0.0,2.717342065739087e-15,0.22579974765249983,"A"
"TESB-3583","Work Item","2011-10-20T08:11:14.000-0500",True,0.07567620899771649,1.0,0.0003197459757496996,0.576639268483473,"A"
"TESB-6574","Change request","2012-07-23T01:16:02.000-0500",False,0.017727077825043715,0.0,7.226556828702992e-15,0.23090910321407618,"A"
"TESB-3104","New Feature","2011-09-14T05:02:25.000-0500",False,0.01864902560356415,0.0,2.5040569985821066e-14,0.24020692459190682,"A"
"TESB-8062","New Feature","2013-01-09T08:08:26.000-0600",False,0.006211162528252821,0.0,2.5451782536053976e-12,0.0941840079581734,"A"
"TESB-4484","Change request","2012-01-10T03:01:10.000-0600",False,0.03212896999097449,1.0,7.298527485944268e-17,0.35577492793251897,"A"
"TESB-7684","Work Item","2012-11-21T04:21:22.000-0600",False,0.01894249120125825,0.0,5.359698273975246e-15,0.2431231248579807,"A"
"TESB-3824","Bug","2011-11-06T20:25:53.000-0600",False,0.034067158824717135,0.0,0.999347994346882,0.3697779346193,"A"
"TESB-2219","New Feature","2011-07-12T07:51:43.000-0500",False,0.009268325041292652,0.0,5.957183889984865e-15,0.13467389428581267,"A"
"TESB-22886","New Feature","2018-07-26T15:02:16.000-0500",False,0.022122433868398513,0.0,1.137245367103265e-16,0.27344744119966263,"A"
"TESB-6788","Work Item","2012-08-16T02:38:36.000-0500",False,0.032669265911162836,0.0,1.6184001489257265e-10,0.3597349266906665,"A"
"TESB-13063","New Feature","2014-03-07T00:52:25.000-0600",False,0.014095863135388097,0.0,3.6342242816394863e-16,0.19215204822136522,"A"
"TESB-7521","Work Item","2012-11-07T08:41:43.000-0600",False,0.023656623367331767,0.0,6.368483325029164e-13,0.2872904332052236,"A"
"TESB-6439","Bug","2012-07-10T03:07:19.000-0500",False,0.013584235124177418,0.0,1.0,0.1863995187830161,"A"
"TESB-22210","New Feature","2018-05-21T03:10:29.000-0500",False,0.006155351897236776,0.0,3.884420997030936e-12,0.09341201620315277,"A"
"TESB-6983","Change request","2012-09-06T04:03:45.000-0500",False,0.007438249062837661,0.0,1.9885852247198968e-08,0.11085247848183583,"A"
"TESB-9358","Bug","2013-04-25T01:40:48.000-0500",False,0.07499262164075153,0.0,1.599891577763188e-14,0.5742417789851783,"A"
"TESB-14267","Bug","2014-09-08T10:42:42.000-0500",False,0.009015859632572985,0.0,0.9998197821877217,0.13145869559004056,"A"
"TESB-5889","Bug","2012-05-11T02:05:35.000-0500",False,0.020914700273296016,0.0,3.401949636903184e-06,0.26219798807075606,"A"
"TESB-20123","New Feature","2017-07-26T13:45:29.000-0500",False,0.013450364346851004,0.0,2.654142037036805e-14,0.18488177996345895,"A"
"TESB-3584","Bug","2011-10-20T08:16:58.000-0500",True,0.019713132321251832,0.0,1.9914576290633074e-10,0.25068367439877826,"A"
"TESB-4834","New Feature","2012-02-10T03:00:46.000-0600",False,0.012688457037696086,0.0,1.1718212520544994e-14,0.176142816510395,"A"
"TESB-2256","Bug","2011-07-13T15:22:45.000-0500",False,0.02914803470363014,0.0,2.424319687959272e-12,0.33310038523101976,"A"
"TESB-17912","Bug","2016-09-06T05:23:05.000-0500",False,0.03181460980373976,1.0,2.754446141991378e-14,0.3534503214184933,"A"
"TESB-14685","Bug","2014-12-03T01:58:11.000-0600",False,0.023733916482932136,0.0,1.2231700067541976e-14,0.28797503217818704,"A"
"TESB-5240","Bug","2012-03-19T13:11:24.000-0500",False,0.02879305265568211,0.0,2.749973693777266e-12,0.3303030870414908,"A"
"TESB-8904","New Feature","2013-03-27T06:04:53.000-0500",False,0.01332934599934772,0.0,1.9156749460732853e-12,0.18350522841286301,"A"
"TESB-5517","Bug","2012-04-11T08:06:52.000-0500",False,0.014182335180512965,0.0,6.656610208192652e-14,0.19311686115920979,"A"
"TESB-3855","Bug","2011-11-09T05:49:28.000-0600",False,0.04862240603211346,0.0,0.9999999438499587,0.4595298024030515,"A"
"TESB-11029","Change request","2013-09-03T01:21:24.000-0500",False,0.022131304059831856,0.0,1.3547138510092247e-11,0.2735288950751906,"A"
"TESB-19078","Bug","2017-03-14T03:35:00.000-0500",False,0.02587203167264649,0.0,2.211132003176548e-12,0.3064456329968956,"A"
"TESB-11525","Change request","2013-10-10T10:31:12.000-0500",False,0.052698435846082345,0.0,5.671517535282978e-09,0.4806494622868475,"A"
"TESB-2237","Work Item","2011-07-13T09:43:45.000-0500",False,0.007547693760372101,0.0,3.120250052884553e-17,0.11231136137910055,"A"
"TESB-10959","Work Item","2013-08-30T05:00:07.000-0500",False,0.00922279047139788,0.0,0.04486664505471152,0.13409564205302138,"A"
"TESB-10459","New Feature","2013-07-18T02:08:02.000-0500",False,0.004084201548824054,0.0,1.7400968624261154e-12,0.06386754885618373,"A"
"TESB-19157","Work Item","2017-03-22T05:14:43.000-0500",False,0.025527083020963664,0.0,5.4800014610650744e-17,0.3035254313343124,"A"
"TESB-5142","Bug","2012-03-08T00:40:46.000-0600",False,0.05212892188074072,0.0,2.642310565906367e-10,0.4777877040913402,"A"
"TESB-6864","Change request","2012-08-23T08:46:17.000-0500",False,0.01960244325440022,0.0,6.649384611290052e-16,0.24960631130731373,"A"
"TESB-2136","Bug","2011-07-01T16:38:44.000-0500",False,0.013318677131108363,0.0,4.2831276410555036e-16,0.18338366605705247,"A"
"TESB-9001","Change request","2013-04-02T06:06:16.000-0500",False,0.017123959750385276,0.0,7.761012114298475e-15,0.22471226133860836,"A"
"TESB-8123","Change request","2013-01-16T05:34:32.000-0600",False,0.03812355197506662,0.0,6.3422388996133766e-15,0.3973634617055742,"A"
"TESB-3104","New Feature","2011-09-14T05:02:25.000-0500",False,0.01864902560356415,0.0,2.5040569985821066e-14,0.24020692459190682,"A"
"TESB-3467","Change request","2011-10-12T04:15:26.000-0500",False,0.04393757734064051,0.0,2.8665099942680167e-05,0.43328461326595447,"A"
"TESB-4539","Change request","2012-01-13T09:35:34.000-0600",False,0.017232541051736546,0.0,0.005958896648023004,0.22583469465903983,"A"
"TESB-2521","Work Item","2011-07-26T15:04:02.000-0500",False,0.015452663199640178,0.0,2.6284824211981078e-15,0.20704837837461662,"A"
"TESB-3765","Bug","2011-11-03T03:58:05.000-0500",False,0.03258792149410466,0.0,2.0818078788950379e-07,0.35914156215972787,"A"
"TESB-7707","Bug","2012-11-22T05:24:59.000-0600",False,0.012749546336730493,0.0,2.3277189268937705e-07,0.17684990367878664,"A"
"TESB-15337","Bug","2015-05-20T21:57:15.000-0500",False,0.007675583531182678,0.0,8.78101594375727e-14,0.11401046609009194,"A"
"TESB-5265","Bug","2012-03-22T04:41:20.000-0500",False,0.038607464713787024,0.0,1.316324125396635e-11,0.4005086294882676,"A"
"TESB-18122","Change request","2016-10-24T02:37:28.000-0500",False,0.01971584558273668,0.0,2.202627167048472e-15,0.2507100474264901,"A"
"TESB-5170","New Feature","2012-03-12T03:14:08.000-0500",False,0.006710915154045636,0.0,4.5367120819851065e-10,0.10104240936067466,"A"
"TESB-9333","Change request","2013-04-24T02:17:33.000-0500",False,0.013521603443750078,0.0,1.0699667425667517e-09,0.18569009490893146,"A"
"TESB-5169","New Feature","2012-03-12T03:11:06.000-0500",False,0.0052714549632299915,0.0,7.978080008841227e-13,0.08101968202064391,"A"
"TESB-10443","New Feature","2013-07-17T10:21:04.000-0500",False,0.02719115017830584,0.0,3.518207604182151e-11,0.31740889585140936,"A"
"TESB-8064","New Feature","2013-01-09T08:10:43.000-0600",True,0.045172495732396394,1.0,3.0517648077023017e-10,0.44042154402875616,"A"
"TESB-3055","Work Item","2011-09-13T02:18:31.000-0500",False,0.03421021309704892,0.0,3.5049206667307263e-14,0.370789558847267,"A"
"TESB-6","Work Item","2010-12-07T14:00:06.000-0600",False,0.060271881116179045,0.0,1.2792298668519227e-14,0.5162108064436961,"A"
"TESB-7157","Bug","2012-09-28T04:39:52.000-0500",False,0.04153245194901304,0.0,1.2757399529005012e-15,0.4189050881784419,"A"
"TESB-6085","Change request","2012-05-31T07:00:34.000-0500",False,0.009375973799898981,0.0,1.1275188110416751e-07,0.13603809077299125,"A"
"TESB-10712","Change request","2013-08-08T05:11:49.000-0500",False,0.05104159853131103,0.0,2.5369490066484087e-12,0.47224527822735024,"A"
"TESB-3905","Bug","2011-11-14T01:43:30.000-0600",False,0.018828262374152735,0.0,7.173586417462958e-11,0.24199047800246412,"A"
"TESB-368","New Feature","2011-01-17T09:34:30.000-0600",False,0.025741288381593373,1.0,3.558655461401925e-17,0.3053414542075071,"A"
"TESB-7378","Change request","2012-10-30T04:03:03.000-0500",False,0.06405615903952795,0.0,4.407029127887901e-16,0.5324034183351434,"A"
"TESB-7919","New Feature","2012-12-20T09:01:10.000-0600",False,0.018425633772482797,0.0,4.2517886193936834e-14,0.23797312738165197,"A"
"TESB-3802","New Feature","2011-11-03T17:56:46.000-0500",False,0.01290390904074754,0.0,9.17659089060518e-12,0.17863158914675642,"A"
"TESB-2142","Work Item","2011-07-05T13:22:16.000-0500",False,0.023162902421951338,0.0,8.123464969502899e-17,0.28288879518574295,"A"
"TESB-4330","Bug","2011-12-19T07:41:36.000-0600",False,0.009499766464709515,0.0,1.3502635645089129e-14,0.13760193052444386,"A"
"TESB-8605","New Feature","2013-03-04T05:36:52.000-0600",False,0.010114569062352188,0.0,0.0002528202009710266,0.14529112022135254,"A"
"TESB-9298","Bug","2013-04-19T07:20:21.000-0500",False,0.018630454921407427,0.0,1.5458019471452533e-09,0.2400216883946076,"A"
"TESB-5620","Change request","2012-04-17T06:20:27.000-0500",False,0.018750292650713214,0.0,6.120201973181699e-16,0.24121556508066683,"A"
"TESB-10597","New Feature","2013-07-29T08:19:36.000-0500",False,0.01927934910420432,0.0,2.0838832335490876e-11,0.2464451694176933,"A"
"TESB-18761","New Feature","2017-01-15T06:45:07.000-0600",False,0.019671208130533656,0.0,1.4082218809967642e-14,0.2502759517975331,"A"
"TESB-7116","Change request","2012-09-26T02:48:17.000-0500",False,0.014952960889089621,0.0,1.4681272908717958e-15,0.2016217311563259,"A"
"TESB-13541","Change request","2014-05-12T02:18:48.000-0500",False,0.02612316633703337,0.0,1.7846694586174003e-13,0.3085575728956874,"A"
"TESB-11322","New Feature","2013-09-26T11:27:53.000-0500",False,0.04700415117236668,0.0,3.460560456907827e-11,0.4507146223831678,"A"
"TESB-4998","New Feature","2012-02-28T12:00:20.000-0600",False,0.010524838892244464,0.0,0.003174651814626598,0.1503516454419581,"A"
"TESB-10442","New Feature","2013-07-17T10:13:27.000-0500",False,0.011797281188938281,0.0,4.0461376376975437e-10,0.16569809847495265,"A"
"TESB-7374","New Feature","2012-10-29T10:32:25.000-0500",False,0.015714867895003898,0.0,4.410815229062683e-09,0.2098686266369134,"A"
"TESB-11028","Change request","2013-09-02T11:49:43.000-0500",False,0.017301157794947945,0.0,6.347826981189218e-12,0.22654245704262727,"A"
"TESB-11029","Change request","2013-09-03T01:21:24.000-0500",False,0.022131304059831856,0.0,1.3547138510092247e-11,0.2735288950751906,"A"
"TESB-8456","Change request","2013-02-08T08:24:30.000-0600",False,0.0636530307664886,0.0,1.0717355452624619e-08,0.5307241713561137,"A"
"TESB-12344","Change request","2013-12-13T02:26:40.000-0600",False,0.010868263655379639,0.0,5.944303349141024e-13,0.15454499146776426,"A"
"TESB-6934","New Feature","2012-09-05T04:23:52.000-0500",False,0.04856073533363605,0.0,1.050358163060447e-11,0.4591985089037691,"A"
"TESB-10688","New Feature","2013-08-08T03:32:58.000-0500",False,0.014580364251226469,0.0,1.179020714728181e-17,0.19753047747745214,"A"
"TESB-10680","Change request","2013-08-07T02:56:38.000-0500",False,0.008366084998267905,0.0,2.9628780847389686e-12,0.12308044562625345,"A"
"TESB-6092","Change request","2012-06-04T02:31:13.000-0500",False,0.013575640838964675,0.0,4.3144128849599864e-14,0.1863022398740299,"A"
"TESB-11311","Change request","2013-09-26T07:25:08.000-0500",False,0.044434512752124664,0.0,9.29999218997984e-14,0.4361760928920223,"A"
"TESB-8305","Bug","2013-01-29T03:26:48.000-0600",False,0.034298508352598844,0.0,6.373011744722315e-14,0.3714124783637697,"A"
"TESB-2389","New Feature","2011-07-20T11:02:12.000-0500",False,0.011177690429797167,0.0,1.4057971986201715e-14,0.15829037843376556,"A"
"TESB-8329","Bug","2013-01-31T01:45:06.000-0600",False,0.011235251241783746,0.0,1.0,0.15898370969935283,"A"
"TESB-14984","Bug","2015-03-13T18:07:14.000-0500",False,0.01939305342974709,0.0,4.510526781439407e-05,0.24756044342934141,"A"
"TESB-5011","Change request","2012-02-29T03:32:26.000-0600",False,0.008075765489192747,0.0,4.25082686135277e-11,0.11928818366005173,"A"
"TESB-4116","Bug","2011-11-24T12:32:08.000-0600",False,0.009406919476530388,0.0,2.891767893837754e-06,0.13642951403081333,"A"
"TESB-18573","Change request","2016-12-17T09:46:03.000-0600",False,0.024078446316984668,0.0,5.9952452993815374e-09,0.29101197246224647,"A"
"TESB-6789","Work Item","2012-08-16T02:44:32.000-0500",False,0.005792842606752074,0.0,4.6240531367967246e-11,0.08836758884010357,"A"
"TESB-9665","Change request","2013-05-15T03:05:34.000-0500",False,0.009361062520875936,0.0,1.3536246972906175e-16,0.13584936418004204,"A"
"TESB-6727","Change request","2012-08-10T11:39:37.000-0500",False,0.01725028282047413,0.0,1.066204420637563e-15,0.2260178106596182,"A"
"TESB-11028","Change request","2013-09-02T11:49:43.000-0500",False,0.017301157794947945,0.0,6.347826981189218e-12,0.22654245704262727,"A"
"TESB-10129","New Feature","2013-06-21T04:36:50.000-0500",False,0.02306865002893654,0.0,1.4409824295313967e-08,0.2820428355508162,"A"
"TESB-5011","Change request","2012-02-29T03:32:26.000-0600",False,0.008075765489192747,0.0,4.25082686135277e-11,0.11928818366005173,"A"
"TESB-799","Work Item","2011-03-03T12:31:14.000-0600",False,0.07281427829856967,0.0,2.059830450849021e-16,0.5664419861853122,"A"
"TESB-2675","Work Item","2011-08-11T07:29:23.000-0500",False,0.025297635753214892,0.0,1.4793857276054197e-10,0.3015705188139755,"A"
"TESB-9358","Bug","2013-04-25T01:40:48.000-0500",False,0.07499262164075153,0.0,1.599891577763188e-14,0.5742417789851783,"A"
"TESB-15064","New Feature","2015-04-02T11:35:51.000-0500",False,0.017538577252157118,0.0,6.44941906155488e-12,0.22898217520409994,"A"
"TESB-12344","Change request","2013-12-13T02:26:40.000-0600",False,0.010868263655379639,0.0,5.944303349141024e-13,0.15454499146776426,"A"
"TESB-7859","Work Item","2012-12-12T02:27:01.000-0600",False,0.024925657130432734,0.0,1.7644466168048678e-11,0.29837977968788104,"A"
"TESB-7521","Work Item","2012-11-07T08:41:43.000-0600",False,0.023656623367331767,0.0,6.368483325029164e-13,0.2872904332052236,"A"
"TESB-8887","Change request","2013-03-26T10:56:07.000-0500",False,0.014179457996368753,0.0,1.7080907727494994e-16,0.1930847932870437,"A"
"TESB-8968","Change request","2013-04-01T06:19:31.000-0500",False,0.016345450058123358,0.0,1.6308028810474494e-15,0.21657569761604678,"A"
"TESB-4338","Work Item","2011-12-21T02:39:40.000-0600",False,0.06176839942749133,0.0,1.2061939980009033e-13,0.5227308083919615,"A"
"TESB-8887","Change request","2013-03-26T10:56:07.000-0500",False,0.014179457996368753,0.0,1.7080907727494994e-16,0.1930847932870437,"A"
"TESB-6707","Bug","2012-08-09T04:28:31.000-0500",False,0.030594822641326288,0.0,0.6469474167024187,0.34428397426099716,"A"
"TESB-6388","New Feature","2012-07-09T02:46:28.000-0500",False,0.017483387867974327,0.0,1.1201000700007614e-08,0.2284163191114838,"A"
"TESB-8639","New Feature","2013-03-06T09:40:07.000-0600",False,0.005179487570144588,0.0,1.2438349335130146e-09,0.07971208809005453,"A"
"TESB-9879","Bug","2013-05-30T01:26:44.000-0500",False,0.04138928579629438,0.0,0.0009270586078839268,0.4180284348104008,"A"
"TESB-6265","Bug","2012-06-20T08:57:26.000-0500",False,0.029586951572938464,0.0,7.826267041939435e-06,0.3365297442990729,"A"
"TESB-10372","New Feature","2013-07-12T09:00:47.000-0500",True,0.02083930079052217,0.0,0.02356193556183378,0.26148505067795147,"A"
"TESB-11323","Change request","2013-09-26T11:28:29.000-0500",False,0.032801893965483,0.0,2.4179608484329627e-14,0.3607002387528512,"A"
"TESB-5259","New Feature","2012-03-21T10:28:50.000-0500",False,0.003781077412355332,0.0,9.614514398763502e-11,0.05939198777006208,"A"
"TESB-1051","New Feature","2011-03-24T06:33:41.000-0500",False,0.007880060949733049,0.0,8.530994724716678e-09,0.11671452149039026,"A"
"TESB-13816","Change request","2014-07-01T09:39:18.000-0500",False,0.025609441151899,0.0,6.789265466868628e-10,0.30422468753128407,"A"
"TESB-5323","Bug","2012-03-23T11:22:38.000-0500",True,0.016327376586578828,0.0,3.633058054268828e-13,0.21638492913844778,"A"
"TESB-6728","Change request","2012-08-12T23:33:32.000-0500",False,0.009954891838962266,0.0,1.2307565000720051e-16,0.1433063729469543,"A"
"TESB-5626","Bug","2012-04-17T17:49:44.000-0500",True,0.0445259785655718,1.0,1.0,0.43670541122076234,"A"
"TESB-3104","New Feature","2011-09-14T05:02:25.000-0500",False,0.01864902560356415,0.0,2.5040569985821066e-14,0.24020692459190682,"A"
"TESB-1312","Bug","2011-04-12T06:48:40.000-0500",False,0.015856965696264172,0.0,6.127908516015627e-14,0.21138927430593116,"A"
"TESB-3286","Work Item","2011-09-27T22:54:28.000-0500",False,0.03158445762664201,0.0,4.710342871035011e-14,0.35173870988027417,"A"
"TESB-1740","Work Item","2011-05-24T12:32:31.000-0500",False,0.017201694469888406,0.0,3.433102554955141e-16,0.2255161309017618,"A"
"TESB-6386","New Feature","2012-07-09T02:06:06.000-0500",False,0.03499457288390584,0.0,0.0018071316985477132,0.37628425884560446,"A"
"TESB-4287","Change request","2011-12-13T03:31:29.000-0600",False,0.012963721745273991,0.0,8.863024852544484e-15,0.1793200371168327,"A"
"TESB-9359","Bug","2013-04-25T01:45:46.000-0500",False,0.015831396907124533,0.0,1.8838831609858648e-14,0.21111605169564437,"A"
"TESB-10359","New Feature","2013-07-12T02:22:44.000-0500",True,0.022454145641416724,0.0,3.6272840683824818e-12,0.27648212864924826,"A"
"TESB-10065","Change request","2013-06-14T11:18:53.000-0500",False,0.030734273719933723,0.0,1.4719842113945186e-07,0.3453438650828537,"A"
"TESB-6531","New Feature","2012-07-19T02:52:26.000-0500",False,0.007550585820329115,0.0,8.1481580708019e-17,0.11234985157871445,"A"
"TESB-763","New Feature","2011-03-01T21:33:03.000-0600",False,0.006726548672401116,0.0,1.8133377405738982e-05,0.10125539295063773,"A"
"TESB-18250","Work Item","2016-11-14T05:01:30.000-0600",False,0.022433231098322532,1.0,2.4239768138610598e-17,0.27629147893145206,"A"
"TESB-16087","New Feature","2015-08-05T04:44:56.000-0500",True,0.0551529436022608,1.0,1.8622531233760132e-06,0.49267000754627577,"A"
"TESB-10680","Change request","2013-08-07T02:56:38.000-0500",False,0.008366084998267905,0.0,2.9628780847389686e-12,0.12308044562625345,"A"
"TESB-9354","Bug","2013-04-24T09:40:34.000-0500",False,0.011474030586662484,0.0,0.00039150951005357415,0.16184855390832528,"A"
"TESB-4330","Bug","2011-12-19T07:41:36.000-0600",False,0.009499766464709515,0.0,1.3502635645089129e-14,0.13760193052444386,"A"
"TESB-7761","New Feature","2012-11-28T10:08:16.000-0600",False,0.012576041644167556,0.0,9.1890952983602e-10,0.17483869787756073,"A"
"TESB-3259","Change request","2011-09-26T05:31:21.000-0500",False,0.05975809699605883,1.0,6.705020855219138e-17,0.5139359872256766,"A"
"TESB-6081","Bug","2012-05-30T03:13:36.000-0500",False,0.012676054848975932,0.0,7.97355886576369e-16,0.17599912786189995,"A"
"TESB-17756","Change request","2016-08-09T01:45:32.000-0500",False,0.015762273738570858,0.0,3.156063403733379e-17,0.21037653890264776,"A"
"TESB-10444","New Feature","2013-07-17T10:25:15.000-0500",False,0.008894051523352783,0.0,6.901983713794228e-14,0.12989947440385632,"A"
"TESB-14047","Bug","2014-08-06T22:33:39.000-0500",False,0.013367567739593482,0.0,3.206361779395148e-17,0.18394045610353638,"A"
"TESB-10958","Change request","2013-08-30T04:44:46.000-0500",False,0.0198732588171302,0.0,1.7536244705498847e-12,0.2522371886395408,"A"
"TESB-11757","Change request","2013-10-28T10:45:00.000-0500",False,0.010496772496429132,0.0,1.8831815017947801e-13,0.15000723414450579,"A"
"TESB-7707","Bug","2012-11-22T05:24:59.000-0600",False,0.012749546336730493,0.0,2.3277189268937705e-07,0.17684990367878664,"A"
"TESB-4334","Bug","2011-12-20T07:28:17.000-0600",False,0.028461910696677008,0.0,2.7297941681311244e-14,0.3276742780597666,"A"
"TESB-33","Work Item","2010-12-10T12:41:15.000-0600",False,0.012658575304633745,0.0,6.423511788008914e-10,0.17579653525606864,"A"
"TESB-15556","Bug","2015-06-12T03:30:12.000-0500",False,0.049754975983289554,1.0,1.2713228269634096e-16,0.4655500411635335,"A"
"TESB-3802","New Feature","2011-11-03T17:56:46.000-0500",False,0.01290390904074754,0.0,9.17659089060518e-12,0.17863158914675642,"A"
"TESB-3287","New Feature","2011-09-27T23:00:47.000-0500",False,0.023161840800943884,0.0,1.6869718213034107e-05,0.2828792768300831,"A"
"TESB-12833","New Feature","2014-02-11T02:57:00.000-0600",False,0.03991333471180434,0.0,6.080580786275864e-11,0.40884981785652363,"A"
"TESB-2068","Change request","2011-06-18T10:53:35.000-0500",False,0.019008543272703644,0.0,4.560855852803642e-13,0.2437766472553992,"A"
"TESB-8109","New Feature","2013-01-15T04:18:51.000-0600",False,0.01202187720731126,0.0,5.233518506350497e-09,0.16835349318762938,"A"
"TESB-12627","Bug","2014-01-20T07:53:41.000-0600",False,0.01187089107574927,0.0,1.8929377027643946e-09,0.1665701198229604,"A"
"TESB-6093","Change request","2012-06-04T03:35:03.000-0500",False,0.02422296173711844,0.0,3.3623316730767856e-11,0.2922787729262276,"A"
"TESB-19560","New Feature","2017-05-12T08:01:28.000-0500",False,0.012040313924121493,1.0,1.5164528856817576e-16,0.16857077305766405,"A"
"TESB-10129","New Feature","2013-06-21T04:36:50.000-0500",False,0.02306865002893654,0.0,1.4409824295313967e-08,0.2820428355508162,"A"
"TESB-18750","New Feature","2017-01-15T04:24:40.000-0600",False,0.003001641266525195,0.0,0.9999547087539294,0.04769771507572439,"A"
"TESB-13056","New Feature","2014-03-05T10:44:45.000-0600",False,0.010934136518538626,0.0,5.074693426214394e-10,0.1553449279266869,"A"
"TESB-11021","Change request","2013-09-02T07:45:59.000-0500",False,0.06751041008281107,0.0,8.198435933176171e-13,0.5463700464783978,"A"
"TESB-5011","Change request","2012-02-29T03:32:26.000-0600",False,0.008075765489192747,0.0,4.25082686135277e-11,0.11928818366005173,"A"
"TESB-22594","Bug","2018-06-29T06:29:14.000-0500",False,0.06504793464284213,0.0,5.7688191900083366e-15,0.536490027452172,"A"
"TESB-17306","New Feature","2016-05-03T09:53:30.000-0500",False,0.005808141899322227,0.0,4.17333435428809e-09,0.08858154275783961,"A"
"TESB-10359","New Feature","2013-07-12T02:22:44.000-0500",True,0.022454145641416724,0.0,3.6272840683824818e-12,0.27648212864924826,"A"
"TESB-4116","Bug","2011-11-24T12:32:08.000-0600",False,0.009406919476530388,0.0,2.891767893837754e-06,0.13642951403081333,"A"
"TESB-22594","Bug","2018-06-29T06:29:14.000-0500",False,0.06504793464284213,0.0,5.7688191900083366e-15,0.536490027452172,"A"
"TESB-20414","New Feature","2017-09-15T04:15:18.000-0500",False,0.019795948276407915,0.0,1.312518590980001e-17,0.2514878794076613,"A"
"TESB-8607","New Feature","2013-03-04T06:17:41.000-0600",False,0.009488231633431588,0.0,2.7405246516526985e-15,0.13745643680611863,"A"
"TESB-2332","New Feature","2011-07-19T07:49:35.000-0500",False,0.0305671567570383,1.0,3.170435385651346e-15,0.34407332934341406,"A"
"TESB-12239","New Feature","2013-11-29T04:49:21.000-0600",False,0.007691670309813977,0.0,5.07070515803997e-12,0.11422376065727582,"A"
"TESB-4834","New Feature","2012-02-10T03:00:46.000-0600",False,0.012688457037696086,0.0,1.1718212520544994e-14,0.176142816510395,"A"
"TESB-18754","New Feature","2017-01-15T06:09:33.000-0600",True,0.024853499891367477,0.0,2.4294265314288607e-16,0.2977577375918714,"A"
"TESB-3279","New Feature","2011-09-27T09:31:40.000-0500",False,0.010760440219092112,0.0,3.831716685880773e-15,0.15323257822736291,"A"
"TESB-20617","New Feature","2017-10-26T02:06:14.000-0500",False,0.01930037993994401,0.0,2.5315909647245566e-15,0.2466516809410665,"A"
"TESB-17754","Change request","2016-08-09T01:43:54.000-0500",False,0.009419253212079292,0.0,9.184056565619328e-16,0.13658542800060328,"A"
"TESB-5709","Bug","2012-04-24T07:29:31.000-0500",False,0.013981374650948118,0.0,9.562594392792513e-14,0.19087134762417568,"A"
"TESB-7883","Bug","2012-12-14T01:38:51.000-0600",False,0.04551051889359115,0.0,2.1174857883713404e-10,0.44234700102779445,"A"
"TESB-5091","Change request","2012-03-06T11:16:54.000-0600",False,0.012593168476260816,0.0,2.9985037281217196e-11,0.1750376317089713,"A"
"TESB-2498","New Feature","2011-07-25T14:31:09.000-0500",True,0.014761722515239198,1.0,0.001745794115935511,0.19952669868279868,"A"
"TESB-8061","New Feature","2013-01-09T07:02:14.000-0600",False,0.06701011039189209,0.0,1.5298569803692984e-09,0.5443928036533038,"A"
"TESB-8329","Bug","2013-01-31T01:45:06.000-0600",False,0.011235251241783746,0.0,1.0,0.15898370969935283,"A"
"TESB-10710","Change request","2013-08-08T05:08:01.000-0500",False,0.015047016916043685,0.0,3.505451613620307e-16,0.2026484017922176,"A"
"TESB-19459","Change request","2017-05-03T04:20:01.000-0500",False,0.009510114187503865,0.0,3.540925082611205e-13,0.13773241186209506,"A"
"TESB-9530","Bug","2013-04-30T14:07:32.000-0500",False,0.0187819075753826,0.0,1.8983141512569077e-11,0.24152995044342207,"A"
"TESB-8644","New Feature","2013-03-07T00:27:47.000-0600",False,0.02073661756997467,0.0,1.2981276641350953e-14,0.2605120911727819,"A"
"TESB-10598","New Feature","2013-07-29T08:23:20.000-0500",False,0.01764641349439298,0.0,4.718125107450567e-12,0.23008560997212288,"A"
"TESB-6372","Bug","2012-07-05T03:19:43.000-0500",False,0.03210304650969793,0.0,3.687959234581342e-10,0.355583806592625,"A"
"TESB-2112","Bug","2011-06-21T15:15:08.000-0500",False,0.03204479050281971,0.0,8.407721107354704e-15,0.35515393649976895,"A"
"TESB-6715","Bug","2012-08-09T09:23:14.000-0500",False,0.017400619048556644,0.0,8.353193857619138e-07,0.2275662523198752,"A"
"TESB-3068","New Feature","2011-09-13T05:04:54.000-0500",False,0.008637418177574007,0.0,1.1506902987506165e-08,0.12659727832811665,"A"
"TESB-4508","Change request","2012-01-12T02:12:30.000-0600",False,0.014127146590125001,0.0,1.0797103797135305e-12,0.19250134047424683,"A"
"TESB-5928","Bug","2012-05-14T22:49:15.000-0500",False,0.04117168646246149,0.0,1.9609247201445356e-10,0.41669143002937015,"A"
"TESB-5330","Change request","2012-03-25T08:27:53.000-0500",False,0.004244842620000887,0.0,7.191869724603235e-15,0.06622324985730256,"A"
"TESB-13644","New Feature","2014-06-05T03:49:53.000-0500",False,0.010447337461770295,0.0,5.677322073696103e-12,0.14939996985345022,"A"
"TESB-891","Work Item","2011-03-14T10:02:47.000-0500",False,0.08954684394438836,0.0,2.2739022796274467e-15,0.6206740763981641,"A"
"TESB-6190","Change request","2012-06-15T02:13:53.000-0500",False,0.08160861974765402,0.0,1.059628072692723e-15,0.5964998500181047,"A"
"TESB-11012","Change request","2013-09-02T05:03:05.000-0500",False,0.04109941688252187,0.0,5.388584597705789e-08,0.4162461557463414,"A"
"TESB-11322","New Feature","2013-09-26T11:27:53.000-0500",False,0.04700415117236668,0.0,3.460560456907827e-11,0.4507146223831678,"A"
"TESB-7337","Bug","2012-10-22T16:03:06.000-0500",False,0.028705274676542002,0.0,7.897397015210186e-15,0.3296080815449192,"A"
"TESB-2496","New Feature","2011-07-25T14:09:02.000-0500",True,0.1034147019935654,1.0,7.637109103548252e-07,0.6574034928299646,"A"
"TESB-5763","Bug","2012-04-30T08:00:36.000-0500",False,0.014769271736867961,0.0,3.1389817441243075e-14,0.1996095940158388,"A"
"TESB-7631","Bug","2012-11-19T06:22:16.000-0600",False,0.013666284886001651,0.0,1.4867819278279465e-12,0.1873271573365727,"A"
"TESB-8330","Change request","2013-01-31T06:32:46.000-0600",False,0.007115762573301736,0.0,8.434678634843434e-18,0.10652765171408603,"A"
"TESB-7853","Work Item","2012-12-12T02:04:34.000-0600",False,0.016382634526609093,0.0,9.59081674784839e-14,0.2169679158563483,"A"
"TESB-10680","Change request","2013-08-07T02:56:38.000-0500",False,0.008366084998267905,0.0,2.9628780847389686e-12,0.12308044562625345,"A"
"TESB-18756","New Feature","2017-01-15T06:13:10.000-0600",False,0.01209541080250131,0.0,1.611449549586526e-16,0.16921947137025634,"A"
"TESB-4483","Change request","2012-01-10T02:59:58.000-0600",False,0.04225306746937908,0.0,1.4650532176345557e-13,0.4232817661046197,"A"
"TESB-4318","New Feature","2011-12-15T08:53:39.000-0600",False,0.010140427896677873,0.0,1.626731552513707e-09,0.14561173410135098,"A"
"TESB-3810","Bug","2011-10-20T21:30:04.000-0500",False,0.008382801369181575,0.0,1.3008010487420711e-15,0.12329787428925962,"A"
"TESB-1453","Work Item","2011-04-29T08:41:53.000-0500",False,0.032599583720097684,0.0,1.6603095971369574e-16,0.35922669332943263,"A"
"TESB-7853","Work Item","2012-12-12T02:04:34.000-0600",False,0.016382634526609093,0.0,9.59081674784839e-14,0.2169679158563483,"A"
"TESB-2384","New Feature","2011-07-20T09:58:25.000-0500",False,0.019388946483315746,0.0,4.292237183483587e-12,0.2475202132331842,"A"
"TESB-3546","Change request","2011-10-19T15:10:33.000-0500",False,0.007116654311243557,0.0,3.919684672381924e-14,0.10653966481709737,"A"
"TESB-15337","Bug","2015-05-20T21:57:15.000-0500",False,0.007675583531182678,0.0,8.78101594375727e-14,0.11401046609009194,"A"
"TESB-5685","Bug","2012-04-24T04:00:15.000-0500",False,0.010614492702294137,0.0,1.1511629717229083e-12,0.1514500778375651,"A"
"TESB-762","New Feature","2011-03-01T18:06:28.000-0600",False,0.026294812440616988,0.0,1.8443127787357007e-10,0.30999428432833737,"A"
"TESB-9345","Work Item","2013-04-24T07:35:52.000-0500",False,0.017760453191009495,0.0,2.7756477889560045e-16,0.23124935312355963,"A"
"TESB-13056","New Feature","2014-03-05T10:44:45.000-0600",False,0.010934136518538626,0.0,5.074693426214394e-10,0.1553449279266869,"A"
"TESB-20466","New Feature","2017-09-25T14:03:12.000-0500",True,0.015062586771183367,0.0,8.745748848986996e-06,0.20281811909853797,"A"
"TESB-3407","New Feature","2011-10-06T03:35:46.000-0500",False,0.006864757806325239,0.0,3.0127631015063124e-09,0.10313419787985555,"A"
"TESB-6372","Bug","2012-07-05T03:19:43.000-0500",False,0.03210304650969793,0.0,3.687959234581342e-10,0.355583806592625,"A"
"TESB-10398","New Feature","2013-07-16T02:11:25.000-0500",False,0.01350088045201289,0.0,7.137249200013954e-13,0.18545511468351258,"A"
"TESB-10460","Bug","2013-07-18T02:40:52.000-0500",False,0.03216342800258169,0.0,3.2357878353902494e-12,0.35602881066176245,"A"
"TESB-9647","Change request","2013-05-14T06:38:59.000-0500",False,0.014096281137678114,0.0,1.7898205852715585e-15,0.19215671722936842,"A"
"TESB-9359","Bug","2013-04-25T01:45:46.000-0500",False,0.015831396907124533,0.0,1.8838831609858648e-14,0.21111605169564437,"A"
"TESB-5887","Work Item","2012-05-11T01:11:32.000-0500",False,0.0074870005156036585,0.0,3.786128067454139e-13,0.11150288078994448,"A"
"TESB-7163","Bug","2012-09-28T04:46:50.000-0500",False,0.020451644818945642,0.0,2.225664928150261e-16,0.2577994729161149,"A"
"TESB-11029","Change request","2013-09-03T01:21:24.000-0500",False,0.022131304059831856,0.0,1.3547138510092247e-11,0.2735288950751906,"A"
"TESB-6439","Bug","2012-07-10T03:07:19.000-0500",False,0.013584235124177418,0.0,1.0,0.1863995187830161,"A"
"TESB-5","Work Item","2010-12-07T13:01:59.000-0600",False,0.026466429981362536,0.0,1.135270717357638e-16,0.3114253033645905,"A"
"TESB-6788","Work Item","2012-08-16T02:38:36.000-0500",False,0.032669265911162836,0.0,1.6184001489257265e-10,0.3597349266906665,"A"
"TESB-5520","Change request","2012-04-11T08:13:14.000-0500",False,0.012037143803512002,0.0,1.6557221029616555e-14,0.16853342014825942,"A"
"TESB-33","Work Item","2010-12-10T12:41:15.000-0600",False,0.012658575304633745,0.0,6.423511788008914e-10,0.17579653525606864,"A"
"TESB-9305","Bug","2013-04-21T07:52:06.000-0500",False,0.01398685446830577,0.0,1.0,0.1909327321459263,"A"
"TESB-4330","Bug","2011-12-19T07:41:36.000-0600",False,0.009499766464709515,0.0,1.3502635645089129e-14,0.13760193052444386,"A"
"TESB-11750","Bug","2013-10-25T11:18:03.000-0500",False,0.014088242790208401,0.0,2.042991604357999e-15,0.19206692161277703,"A"
"TESB-6145","Change request","2012-06-11T08:50:46.000-0500",False,0.016896595957320744,0.0,1.712244023110015e-09,0.2223521763707685,"A"
"TESB-8904","New Feature","2013-03-27T06:04:53.000-0500",False,0.01332934599934772,0.0,1.9156749460732853e-12,0.18350522841286301,"A"
"TESB-5626","Bug","2012-04-17T17:49:44.000-0500",True,0.0445259785655718,1.0,1.0,0.43670541122076234,"A"
"TESB-10680","Change request","2013-08-07T02:56:38.000-0500",False,0.008366084998267905,0.0,2.9628780847389686e-12,0.12308044562625345,"A"
"TESB-19096","Work Item","2017-03-16T05:52:35.000-0500",False,0.0678377631375384,0.0,9.419413680595165e-17,0.5476556592853125,"A"
"TESB-10683","Bug","2013-08-07T04:00:42.000-0500",False,0.03598210773713268,1.0,3.1025656572746783e-15,0.38307960863174967,"A"
"TESB-7883","Bug","2012-12-14T01:38:51.000-0600",False,0.04551051889359115,0.0,2.1174857883713404e-10,0.44234700102779445,"A"
"TESB-14017","Change request","2014-08-05T05:33:52.000-0500",False,0.010010002633610827,0.0,1.206530882025403e-06,0.1439923545499322,"A"
"TESB-8372","Change request","2013-02-06T12:39:02.000-0600",True,0.0053843005128881545,1.0,3.599838511735961e-11,0.08261938266640939,"A"
"TESB-17853","New Feature","2016-08-26T05:56:21.000-0500",False,0.013798583621663973,0.0,8.873308841822826e-16,0.1888187774602619,"A"
"TESB-3287","New Feature","2011-09-27T23:00:47.000-0500",False,0.023161840800943884,0.0,1.6869718213034107e-05,0.2828792768300831,"A"
"TESB-17856","New Feature","2016-08-26T08:41:03.000-0500",False,0.013104872636349288,0.0,0.49402347097991794,0.18094045569679335,"A"
"TESB-11139","Change request","2013-09-09T06:50:56.000-0500",False,0.014186171633716315,0.0,2.9784165015871473e-09,0.19315961696295575,"A"
"TESB-7684","Work Item","2012-11-21T04:21:22.000-0600",False,0.01894249120125825,0.0,5.359698273975246e-15,0.2431231248579807,"A"
"TESB-5953","Change request","2012-05-16T08:53:47.000-0500",False,0.029872683707910783,0.0,0.003095038712535518,0.3387449933582199,"A"
"TESB-3486","New Feature","2011-10-13T09:07:17.000-0500",False,0.014351088008503486,0.0,1.436768289782747e-10,0.1949935859989619,"A"
"TESB-6190","Change request","2012-06-15T02:13:53.000-0500",False,0.08160861974765402,0.0,1.059628072692723e-15,0.5964998500181047,"A"
"TESB-7851","Bug","2012-12-11T08:33:47.000-0600",False,0.02145579318310665,0.0,1.0560320877649285e-14,0.2672773448890671,"A"
"TESB-4292","Bug","2011-12-13T05:54:43.000-0600",False,0.020655058970892592,0.0,4.617046836926377e-05,0.2597376120349399,"A"
"TESB-12770","New Feature","2014-02-05T05:58:21.000-0600",False,0.009668014274260929,0.0,3.599039873863344e-11,0.13971892915772446,"A"
"TESB-3708","Bug","2011-11-01T04:42:24.000-0500",False,0.020804944261512862,0.0,3.697067801759575e-12,0.26115977295274834,"A"
"TESB-19264","Change request","2017-04-07T04:55:55.000-0500",False,0.013155846552631072,0.0,1.1472050904983736e-11,0.18152418051360927,"A"
"TESB-2127","Bug","2011-06-27T15:45:56.000-0500",False,0.016633748352044474,0.0,0.9999975299743747,0.21960716489687476,"A"
"TESB-20972","Work Item","2017-12-19T04:22:56.000-0600",False,0.013745668739903716,0.0,1.0129639791087538e-10,0.18822279094672115,"A"
"TESB-10369","New Feature","2013-07-12T07:21:58.000-0500",False,0.006565745334131485,0.0,4.648613467710829e-08,0.09906017528655177,"A"
"TESB-10663","New Feature","2013-08-05T08:45:54.000-0500",False,0.007900481933511339,0.0,9.597671260903152e-10,0.11698372793081951,"A"
"TESB-2112","Bug","2011-06-21T15:15:08.000-0500",False,0.03204479050281971,0.0,8.407721107354704e-15,0.35515393649976895,"A"
"TESB-11020","Change request","2013-09-02T07:38:31.000-0500",False,0.02408334179355946,0.0,4.2097155108311166e-11,0.2910549535313941,"A"
"TESB-8639","New Feature","2013-03-06T09:40:07.000-0600",False,0.005179487570144588,0.0,1.2438349335130146e-09,0.07971208809005453,"A"
"TESB-8887","Change request","2013-03-26T10:56:07.000-0500",False,0.014179457996368753,0.0,1.7080907727494994e-16,0.1930847932870437,"A"
"TESB-7379","Change request","2012-10-30T04:05:03.000-0500",False,0.022289338043444448,0.0,6.657420623986865e-14,0.2749772931903258,"A"
"TESB-5091","Change request","2012-03-06T11:16:54.000-0600",False,0.012593168476260816,0.0,2.9985037281217196e-11,0.1750376317089713,"A"
"TESB-5252","Bug","2012-03-20T23:29:57.000-0500",False,0.06518026943109041,0.0,2.606392891815763e-13,0.5370305659341073,"A"
"TESB-5953","Change request","2012-05-16T08:53:47.000-0500",False,0.029872683707910783,0.0,0.003095038712535518,0.3387449933582199,"A"
"TESB-2300","Bug","2011-07-15T10:13:47.000-0500",False,0.03982689393648796,0.0,2.2418223431545157e-13,0.40830416878555087,"A"
"TESB-4913","Bug","2012-02-15T23:32:59.000-0600",False,0.03896051120980467,0.0,0.9999999967679116,0.4027845772085145,"A"
"TESB-8109","New Feature","2013-01-15T04:18:51.000-0600",False,0.01202187720731126,0.0,5.233518506350497e-09,0.16835349318762938,"A"
"TESB-208","Work Item","2010-12-22T14:54:48.000-0600",False,0.01825521989988328,0.0,3.0266048360373023e-16,0.23626091811615726,"A"
"TESB-3739","Bug","2011-11-02T01:03:15.000-0500",False,0.11607562228437235,0.0,1.203075162553499e-10,0.6859949637816224,"A"
"TESB-3802","New Feature","2011-11-03T17:56:46.000-0500",False,0.01290390904074754,0.0,9.17659089060518e-12,0.17863158914675642,"A"
"TESB-8063","New Feature","2013-01-09T08:08:59.000-0600",False,0.006123322543883749,0.0,1.4812128646752206e-12,0.09296841987863985,"A"
"TESB-9530","Bug","2013-04-30T14:07:32.000-0500",False,0.0187819075753826,0.0,1.8983141512569077e-11,0.24152995044342207,"A"
"TESB-6332","New Feature","2012-07-01T16:06:19.000-0500",False,0.0054750417104848246,0.0,2.3278059736106847e-08,0.0839019596111948,"A"
"TESB-4988","Bug","2012-02-27T10:34:47.000-0600",True,0.1293272075919853,1.0,0.9999998962959236,0.7119083102043834,"A"
"TESB-6923","New Feature","2012-09-04T04:25:17.000-0500",False,0.01829683883676784,0.0,0.9892040687944706,0.23667973328699077,"A"
"TESB-19157","Work Item","2017-03-22T05:14:43.000-0500",False,0.025527083020963664,0.0,5.4800014610650744e-17,0.3035254313343124,"A"
"TESB-3756","Bug","2011-11-03T01:53:26.000-0500",False,0.02173464388028666,0.0,2.5671093890958423e-13,0.269869929091774,"A"
"TESB-10008","Change request","2013-05-05T10:57:24.000-0500",False,0.03195778622773775,0.0,3.08607228530625e-12,0.3545109610889398,"A"
"TESB-8061","New Feature","2013-01-09T07:02:14.000-0600",False,0.06701011039189209,0.0,1.5298569803692984e-09,0.5443928036533038,"A"
"TESB-7378","Change request","2012-10-30T04:03:03.000-0500",False,0.06405615903952795,0.0,4.407029127887901e-16,0.5324034183351434,"A"
"TESB-2938","New Feature","2011-09-01T10:17:59.000-0500",False,0.06272821230699054,0.0,2.3946569904597136e-07,0.5268314203677793,"A"
"TESB-10576","New Feature","2013-07-26T06:55:54.000-0500",False,0.02289613354177499,0.0,3.5187294847614634e-15,0.28048966265119646,"A"
"TESB-8640","New Feature","2013-03-06T10:54:18.000-0600",False,0.0033669273234602087,0.0,2.6501897129866894e-12,0.05321200164733181,"A"
"TESB-2521","Work Item","2011-07-26T15:04:02.000-0500",False,0.015452663199640178,0.0,2.6284824211981078e-15,0.20704837837461662,"A"
"TESB-1332","Bug","2011-04-13T15:21:02.000-0500",False,0.02022010086666017,0.0,2.413994243628085e-13,0.2555819117003279,"A"
"TESB-7157","Bug","2012-09-28T04:39:52.000-0500",False,0.04153245194901304,0.0,1.2757399529005012e-15,0.4189050881784419,"A"
"TESB-10129","New Feature","2013-06-21T04:36:50.000-0500",False,0.02306865002893654,0.0,1.4409824295313967e-08,0.2820428355508162,"A"
"TESB-8370","Change request","2013-02-06T12:33:39.000-0600",False,0.004793060130488751,0.0,4.184361625661844e-15,0.0741796229321854,"A"
"TESB-3546","Change request","2011-10-19T15:10:33.000-0500",False,0.007116654311243557,0.0,3.919684672381924e-14,0.10653966481709737,"A"
"TESB-6934","New Feature","2012-09-05T04:23:52.000-0500",False,0.04856073533363605,0.0,1.050358163060447e-11,0.4591985089037691,"A"
"TESB-4292","Bug","2011-12-13T05:54:43.000-0600",False,0.020655058970892592,0.0,4.617046836926377e-05,0.2597376120349399,"A"
"TESB-24409","New Feature","2018-12-12T07:38:32.000-0600",False,0.014517558488342254,0.0,1.5278900822675373e-12,0.19683701969452788,"A"
"TESB-3","Work Item","2010-12-07T13:00:30.000-0600",False,0.022095403822022016,0.0,3.479140983287002e-15,0.27319912405610425,"A"
"TESB-6729","New Feature","2012-08-12T23:34:41.000-0500",False,0.008158677456454544,0.0,4.69513341491466e-15,0.12037432575435483,"A"
"TESB-3259","Change request","2011-09-26T05:31:21.000-0500",False,0.05975809699605883,1.0,6.705020855219138e-17,0.5139359872256766,"A"
"TESB-11721","Bug","2013-10-24T02:50:52.000-0500",False,0.027904992229598843,0.0,9.06984191308227e-12,0.3232103735137428,"A"
"TESB-7919","New Feature","2012-12-20T09:01:10.000-0600",False,0.018425633772482797,0.0,4.2517886193936834e-14,0.23797312738165197,"A"
"TESB-6710","Bug","2012-08-09T07:48:50.000-0500",False,0.0234678202225112,0.0,2.215014799400895e-06,0.2856130798272103,"A"
"TESB-34","Work Item","2010-12-10T13:12:08.000-0600",False,0.03516914839970387,0.0,3.2392886002121396e-13,0.3774953869426013,"A"
"TESB-2870","Bug","2011-08-25T22:40:53.000-0500",False,0.026607551554318272,0.0,4.667068511302563e-12,0.31259797056505706,"A"
"TESB-3958","Bug","2011-11-16T03:31:02.000-0600",False,0.025737782824509513,0.0,0.9534815592261362,0.30531180407818,"A"
"TESB-486","Work Item","2011-02-02T12:32:13.000-0600",False,0.0310889718295017,0.0,2.0565301106720784e-16,0.3480257135362441,"A"
"TESB-4315","Bug","2011-12-15T02:07:37.000-0600",False,0.028701517785316644,0.0,3.1572119247589114e-15,0.3295783059728316,"A"
"TESB-12769","Change request","2014-02-05T05:47:54.000-0600",False,0.007906450295061507,0.0,0.0009390060152944194,0.1170623789568608,"A"
"TESB-3854","Bug","2011-11-09T05:37:56.000-0600",False,0.017559814063624488,0.0,8.419101461720855e-14,0.22919971182485424,"A"
"TESB-5240","Bug","2012-03-19T13:11:24.000-0500",False,0.02879305265568211,0.0,2.749973693777266e-12,0.3303030870414908,"A"
"TESB-10661","New Feature","2013-08-05T07:20:01.000-0500",False,0.009976430631124463,0.0,7.329108751350624e-10,0.14357459489472713,"A"
"TESB-10450","New Feature","2013-07-17T17:03:15.000-0500",False,0.01614856800156841,0.0,1.3968875815792893e-14,0.21449293607813189,"A"
"TESB-1583","Change request","2011-05-17T16:27:27.000-0500",False,0.014463375018598531,0.0,1.2303238092752147e-12,0.1962378707753618,"A"
"TESB-1444","New Feature","2011-04-28T08:06:19.000-0500",False,0.012940007880046789,0.0,8.59084044606469e-09,0.17904721718457706,"A"
"TESB-20841","New Feature","2017-11-28T02:17:13.000-0600",False,0.038823293262875536,0.0,2.979305377083153e-13,0.40190184631229375,"A"
"TESB-20613","New Feature","2017-10-26T01:59:02.000-0500",False,0.019795948276407915,0.0,1.312518590980001e-17,0.2514878794076613,"A"
"TESB-5236","New Feature","2012-03-19T05:17:51.000-0500",False,0.023827148609377544,0.0,2.4496428356964853e-15,0.28879920165376294,"A"
"TESB-4478","Bug","2012-01-06T03:17:07.000-0600",False,0.027878778942783688,0.0,1.1199184468046978e-14,0.32299893027822496,"A"
"TESB-7117","Bug","2012-09-26T06:03:13.000-0500",False,0.009564599807894033,0.0,3.247264885445945e-11,0.13841885150193778,"A"
"TESB-11304","Change request","2013-09-26T03:52:22.000-0500",False,0.03497188842676722,0.0,1.6023146415901265e-16,0.37612657025580687,"A"
"TESB-7630","Change request","2012-11-19T06:08:09.000-0600",False,0.024324447573561107,0.0,2.0173418571988064e-15,0.29316590347724913,"A"
"TESB-13056","New Feature","2014-03-05T10:44:45.000-0600",False,0.010934136518538626,0.0,5.074693426214394e-10,0.1553449279266869,"A"
"TESB-19140","New Feature","2017-03-21T11:58:36.000-0500",False,0.011124122741787267,1.0,7.380466553381284e-17,0.157644190066881,"A"
"TESB-1447","Bug","2011-04-28T11:51:45.000-0500",False,0.021853883574829862,0.0,2.139367006940288e-16,0.2709734039902801,"A"
"TESB-20841","New Feature","2017-11-28T02:17:13.000-0600",False,0.038823293262875536,0.0,2.979305377083153e-13,0.40190184631229375,"A"
"TESB-5374","Bug","2012-03-27T11:22:22.000-0500",False,0.014282670810933798,0.0,1.0587090782770207e-08,0.1942336841589255,"A"
"TESB-19339","Bug","2017-04-17T01:41:11.000-0500",False,0.020382286999197433,0.0,8.848217877858895e-15,0.25713649110742137,"A"
"TESB-5157","Change request","2012-03-08T21:54:09.000-0600",False,0.1256163252342649,0.0,1.591977398169713e-14,0.7050169269407193,"A"
"TESB-4271","New Feature","2011-12-09T00:15:23.000-0600",False,0.021120747866835453,0.0,5.592845015082126e-12,0.2641398190967771,"A"
"TESB-13062","Change request","2014-03-06T05:50:08.000-0600",False,0.009104689952116643,0.0,5.477853241965162e-17,0.1325925017198359,"A"
"TESB-5889","Bug","2012-05-11T02:05:35.000-0500",False,0.020914700273296016,0.0,3.401949636903184e-06,0.26219798807075606,"A"
"TESB-3746","Bug","2011-11-02T11:03:50.000-0500",False,0.0071586885205463194,0.0,6.905543329353485e-16,0.10710558945626765,"A"
"TESB-4436","Bug","2011-12-28T07:26:32.000-0600",False,0.013553115617896402,0.0,1.83171594083314e-07,0.18604717401672774,"A"
"TESB-11441","Bug","2013-10-04T20:30:40.000-0500",False,0.01631953204778189,0.0,1.5371961122523876e-07,0.216302102001618,"A"
"TESB-5832","Change request","2012-05-08T02:29:28.000-0500",False,0.033289312089172164,0.0,1.990140354216609e-12,0.364225213124029,"A"
"TESB-3081","New Feature","2011-09-13T14:44:34.000-0500",False,0.02359651483053867,0.0,8.734185426297792e-17,0.2867572055853534,"A"
"TESB-5752","Change request","2012-04-27T03:16:32.000-0500",False,0.047768458523315356,0.0,2.9088491915578846e-13,0.4549098855896127,"A"
"TESB-7853","Work Item","2012-12-12T02:04:34.000-0600",False,0.016382634526609093,0.0,9.59081674784839e-14,0.2169679158563483,"A"
"TESB-3645","Bug","2011-10-26T04:10:57.000-0500",False,0.019075296993077674,0.0,5.656465184722048e-13,0.24443605537835686,"A"
"TESB-15556","Bug","2015-06-12T03:30:12.000-0500",False,0.049754975983289554,1.0,1.2713228269634096e-16,0.4655500411635335,"A"
"TESB-7761","New Feature","2012-11-28T10:08:16.000-0600",False,0.012576041644167556,0.0,9.1890952983602e-10,0.17483869787756073,"A"
"TESB-5889","Bug","2012-05-11T02:05:35.000-0500",False,0.020914700273296016,0.0,3.401949636903184e-06,0.26219798807075606,"A"
"TESB-5215","Bug","2012-03-15T10:42:43.000-0500",False,0.014217815644247756,0.0,5.0672584647161515e-14,0.19351211729264006,"A"
"TESB-2377","New Feature","2011-07-20T06:51:18.000-0500",False,0.010654751535491086,0.0,5.48372613418608e-10,0.15194246745353576,"A"
"TESB-10954","New Feature","2013-08-30T01:26:48.000-0500",False,0.013579938408581167,0.0,1.0307295330681828e-14,0.18635088685760845,"A"
"TESB-19096","Work Item","2017-03-16T05:52:35.000-0500",False,0.0678377631375384,0.0,9.419413680595165e-17,0.5476556592853125,"A"
"TESB-17912","Bug","2016-09-06T05:23:05.000-0500",False,0.03181460980373976,1.0,2.754446141991378e-14,0.3534503214184933,"A"
"TESB-2966","New Feature","2011-09-06T05:35:28.000-0500",False,0.01722915598219223,0.0,2.717342065739087e-15,0.22579974765249983,"A"
"TESB-2391","Change request","2011-07-20T16:00:19.000-0500",True,0.04968974870076998,1.0,7.133532111754015e-13,0.46520657830804657,"A"
"TESB-22880","New Feature","2018-07-26T14:53:00.000-0500",False,0.0461727583791596,0.0,3.350294250597531e-16,0.44608500511445903,"A"
"TESB-19153","Bug","2017-03-22T03:59:24.000-0500",False,0.01024289636703413,0.0,2.262147021801081e-16,0.14688000445111743,"A"
"TESB-5762","Bug","2012-04-30T07:48:54.000-0500",False,0.04375231347099255,0.0,4.4397515260578394e-13,0.43219980488729814,"A"
"TESB-3527","Change request","2011-10-18T05:48:32.000-0500",False,0.028010702313352266,0.0,4.657110421287263e-14,0.3240618355461716,"A"
"TESB-3967","Bug","2011-11-16T07:20:57.000-0600",False,0.01307589951422767,0.0,6.124298912443617e-09,0.18060832733471732,"A"
"TESB-14301","New Feature","2014-09-17T06:40:12.000-0500",False,0.04031585880227185,0.0,1.6241909429001296e-13,0.4113787970463058,"A"
"TESB-6439","Bug","2012-07-10T03:07:19.000-0500",False,0.013584235124177418,0.0,1.0,0.1863995187830161,"A"
"TESB-7859","Work Item","2012-12-12T02:27:01.000-0600",False,0.024925657130432734,0.0,1.7644466168048678e-11,0.29837977968788104,"A"
"TESB-5237","Bug","2012-03-19T05:27:55.000-0500",False,0.03360629919592257,0.0,4.5128305189426423e-17,0.36649874043494196,"A"
"TESB-2938","New Feature","2011-09-01T10:17:59.000-0500",False,0.06272821230699054,0.0,2.3946569904597136e-07,0.5268314203677793,"A"
"TESB-2744","Work Item","2011-08-17T06:17:21.000-0500",False,0.023410193159368754,1.0,4.191616306415525e-12,0.28509966886417276,"A"
"TESB-281","New Feature","2011-01-13T13:56:25.000-0600",False,0.03306772533737612,0.0,8.502652742343406e-05,0.36262710370317797,"A"
"TESB-11291","Bug","2013-09-24T08:52:07.000-0500",False,0.027085257479190477,0.0,1.186007334215715e-13,0.3165405444569281,"A"
"TESB-10714","Change request","2013-08-08T05:21:17.000-0500",False,0.046277271555109106,0.0,9.7186269576875e-17,0.4466708252389594,"A"
"TESB-4318","New Feature","2011-12-15T08:53:39.000-0600",False,0.010140427896677873,0.0,1.626731552513707e-09,0.14561173410135098,"A"
"TESB-6786","Work Item","2012-08-16T02:28:35.000-0500",False,0.02596375061688469,0.0,5.435128135427639e-17,0.30721831931965554,"A"
"TESB-11741","Bug","2013-10-25T04:39:48.000-0500",False,0.013770819201536704,0.0,6.920659728484449e-14,0.1885061647327864,"A"
"TESB-9305","Bug","2013-04-21T07:52:06.000-0500",False,0.01398685446830577,0.0,1.0,0.1909327321459263,"A"
"TESB-4279","Bug","2011-12-12T20:47:50.000-0600",True,0.0749076546555789,1.0,2.162326675509093e-09,0.5739421319662716,"A"
"TESB-11021","Change request","2013-09-02T07:45:59.000-0500",False,0.06751041008281107,0.0,8.198435933176171e-13,0.5463700464783978,"A"
"TESB-7157","Bug","2012-09-28T04:39:52.000-0500",False,0.01896591348188988,0.0,1.5972887772010628e-21,0.2729699291566937,"B"
"TESB-10450","New Feature","2013-07-17T17:03:15.000-0500",False,0.013360981763945736,0.0,6.37920012222416e-19,0.2082332623047704,"B"
"TESB-9453","Bug","2013-04-26T05:46:37.000-0500",False,0.01115898112008599,0.0,1.280795217105334e-18,0.17976635551500855,"B"
"TESB-15200","Bug","2015-04-30T21:10:34.000-0500",False,0.02176215511713371,0.0,6.323149074028202e-23,0.3016985147936923,"B"
"TESB-6439","Bug","2012-07-10T03:07:19.000-0500",False,0.043177189201128736,0.0,1.0,0.46706071878831645,"B"
"TESB-5259","New Feature","2012-03-21T10:28:50.000-0500",False,0.0025674356464457106,0.0,8.775575162138734e-15,0.04761056735863278,"B"
"TESB-11020","Change request","2013-09-02T07:38:31.000-0500",False,0.013181611603805592,0.0,1.6711421324889224e-15,0.20598392810042912,"B"
"TESB-10396","New Feature","2013-07-16T02:02:05.000-0500",False,0.010690452318044982,0.0,8.78920753856713e-18,0.17346038935937133,"B"
"TESB-10859","Bug","2013-08-19T22:46:18.000-0500",False,0.023598910371478064,0.0,1.0,0.31944679950461036,"B"
"TESB-4593","Bug","2012-01-20T06:15:19.000-0600",False,0.024182064536763987,0.0,5.537995007147203e-16,0.3249079503158079,"B"
"TESB-2066","Bug","2011-06-17T17:35:01.000-0500",False,0.007196391994498712,0.0,3.0681852264046846e-16,0.12340262449079098,"B"
"TESB-3805","Bug","2011-11-03T18:05:58.000-0500",False,0.02692763160561944,0.0,2.84039319664836e-20,0.3495659119787914,"B"
"TESB-13049","Change request","2014-03-05T06:01:18.000-0600",False,0.00518387307275266,0.0,1.7995301577169613e-20,0.0919004749827881,"B"
"TESB-8605","New Feature","2013-03-04T05:36:52.000-0600",False,0.003647430146124761,0.0,1.0489556270674862e-09,0.06637708922288475,"B"
"TESB-6191","Change request","2012-06-15T02:54:39.000-0500",True,0.006319461630223513,0.0,7.399690569371143e-11,0.10993315369569369,"B"
"TESB-15064","New Feature","2015-04-02T11:35:51.000-0500",False,0.021847749573429057,0.0,2.524866732948189e-18,0.3025446248862853,"B"
"TESB-7333","Bug","2012-10-22T02:44:37.000-0500",False,0.01564667280144864,0.0,3.8762778184677273e-22,0.23588589347178454,"B"
"TESB-5521","Bug","2012-04-11T14:58:43.000-0500",True,0.003640021015924158,0.0,3.738610302383255e-14,0.06625072839912773,"B"
"TESB-10338","Change request","2013-07-10T08:13:18.000-0500",False,0.002327640672731953,0.0,1.2819082760162641e-21,0.04334663280515565,"B"
"TESB-2391","Change request","2011-07-20T16:00:19.000-0500",True,0.03407964951207389,1.0,1.1081225400491813e-18,0.4066037425100592,"B"
"TESB-2","Work Item","2010-12-07T13:00:02.000-0600",False,0.03770049936017904,0.0,6.08759865422577e-21,0.43209842346466504,"B"
"TESB-3708","Bug","2011-11-01T04:42:24.000-0500",False,0.014398567424456943,0.0,1.645620481602142e-16,0.22101423446256374,"B"
"TESB-8373","New Feature","2013-02-06T12:56:07.000-0600",False,0.007397844090666637,0.0,7.722328289358672e-15,0.12644279199510766,"B"
"TESB-6372","Bug","2012-07-05T03:19:43.000-0500",False,0.040522351551568685,0.0,1.198010602748011e-12,0.4506171070234185,"B"
"TESB-3684","New Feature","2011-10-30T09:27:34.000-0500",False,0.020161645344752226,0.0,1.2582477889426957e-20,0.28551898642176504,"B"
"TESB-5235","Change request","2012-03-19T05:07:45.000-0500",False,0.010212838556797155,0.0,2.127814753367822e-20,0.1669378508232325,"B"
"TESB-8904","New Feature","2013-03-27T06:04:53.000-0500",False,0.007414807651337897,0.0,5.46416241578393e-19,0.12669788740129936,"B"
"TESB-3287","New Feature","2011-09-27T23:00:47.000-0500",False,0.01035377341777925,0.0,3.9959185799826494e-12,0.16887255439565813,"B"
"TESB-4913","Bug","2012-02-15T23:32:59.000-0600",False,0.028772089333831706,0.0,0.9994280177100174,0.365215565941991,"B"
"TESB-4287","Change request","2011-12-13T03:31:29.000-0600",False,0.01348559461268251,0.0,2.9093152143852557e-22,0.20978892070853744,"B"
"TESB-11309","New Feature","2013-09-26T07:21:43.000-0500",False,0.021303854484235482,0.0,9.814414348910608e-21,0.2971355678758698,"B"
"TESB-7280","Bug","2012-10-12T03:40:03.000-0500",False,0.023471956492748646,0.0,1.0,0.3182470381236668,"B"
"TESB-9453","Bug","2013-04-26T05:46:37.000-0500",False,0.01115898112008599,0.0,1.280795217105334e-18,0.17976635551500855,"B"
"TESB-3690","New Feature","2011-10-31T05:06:11.000-0500",False,0.042667645657691294,0.0,5.766168936442372e-13,0.4639745265699624,"B"
"TESB-19157","Work Item","2017-03-22T05:14:43.000-0500",False,0.014389388797235031,0.0,1.1923984466778705e-23,0.2209028653062824,"B"
"TESB-13644","New Feature","2014-06-05T03:49:53.000-0500",False,0.006959852508885597,0.0,5.452217136752602e-19,0.11980741558425209,"B"
"TESB-7855","New Feature","2012-12-12T02:13:26.000-0600",True,0.012807109420485789,0.0,4.245860188947687e-18,0.20124883344363498,"B"
"TESB-3486","New Feature","2011-10-13T09:07:17.000-0500",False,0.005535364495235927,0.0,3.069592230129747e-18,0.0975551733538785,"B"
"TESB-4769","New Feature","2012-02-07T07:56:21.000-0600",False,0.015613626895023032,0.0,3.092226103954813e-17,0.23549898333156905,"B"
"TESB-14685","Bug","2014-12-03T01:58:11.000-0600",False,0.02498974282245712,0.0,2.0859492954632862e-20,0.33233903432989287,"B"
"TESB-17856","New Feature","2016-08-26T08:41:03.000-0500",False,0.01664856416032158,0.0,5.805144361739359e-05,0.24744515264153433,"B"
"TESB-8062","New Feature","2013-01-09T08:08:26.000-0600",False,0.0028860548825889697,0.0,8.377729002628782e-21,0.05322078497170266,"B"
"TESB-4998","New Feature","2012-02-28T12:00:20.000-0600",False,0.0038509106810597844,0.0,7.080152000776575e-09,0.0698348093022575,"B"
"TESB-4275","Bug","2011-12-12T03:46:21.000-0600",False,0.05802498221875027,0.0,0.011097644143528297,0.5446935307936521,"B"
"TESB-1333","Bug","2011-04-13T15:25:01.000-0500",False,0.008516267994555583,0.0,1.5437533659421039e-18,0.14296650136964484,"B"
"TESB-3051","Work Item","2011-09-12T10:31:28.000-0500",False,0.006973995197944969,0.0,1.525331121216006e-12,0.12002315340153241,"B"
"TESB-5331","Change request","2012-03-25T08:34:49.000-0500",False,0.003998695441463195,0.0,2.2961217671646025e-19,0.07233096293584526,"B"
"TESB-5259","New Feature","2012-03-21T10:28:50.000-0500",False,0.0025674356464457106,0.0,8.775575162138734e-15,0.04761056735863278,"B"
"TESB-8069","New Feature","2013-01-10T01:25:09.000-0600",False,0.02553783125762879,0.0,1.8437527175152196e-14,0.33729610086209305,"B"
"TESB-1646","New Feature","2011-05-19T11:24:14.000-0500",False,0.03682154635386471,0.0,4.856325787533638e-21,0.426095900878445,"B"
"TESB-10378","Work Item","2013-07-12T10:48:02.000-0500",False,0.007421503824148528,0.0,2.854551242104261e-14,0.1267985448053447,"B"
"TESB-8607","New Feature","2013-03-04T06:17:41.000-0600",False,0.0061008526008578,0.0,2.0357359128986456e-22,0.10651444640211041,"B"
"TESB-2133","Change request","2011-07-01T10:19:45.000-0500",False,0.007470816769985351,0.0,2.4369943076479497e-20,0.12753914865356986,"B"
"TESB-5331","Change request","2012-03-25T08:34:49.000-0500",False,0.003998695441463195,0.0,2.2961217671646025e-19,0.07233096293584526,"B"
"TESB-6729","New Feature","2012-08-12T23:34:41.000-0500",False,0.010313989446221392,0.0,6.80069915792806e-19,0.16832726935664066,"B"
"TESB-5942","Bug","2012-05-15T22:40:52.000-0500",False,0.030368222010902557,0.0,2.5559172597758662e-20,0.3782078428363775,"B"
"TESB-17757","Change request","2016-08-09T02:00:07.000-0500",False,0.00938360616768611,0.0,2.7381865083202066e-24,0.15538098821575266,"B"
"TESB-9298","Bug","2013-04-19T07:20:21.000-0500",False,0.007900792442435123,0.0,4.2411379333097697e-16,0.1339469451147879,"B"
"TESB-6864","Change request","2012-08-23T08:46:17.000-0500",False,0.02546912276689076,0.0,3.556258548405675e-21,0.3366784170195346,"B"
"TESB-20618","New Feature","2017-10-26T02:12:58.000-0500",False,0.014508920371998912,0.0,2.745104927288835e-14,0.22235087887326085,"B"
"TESB-203","Work Item","2010-12-22T14:51:48.000-0600",False,0.0038177118947720283,0.0,1.7926410687773318e-23,0.06927231966345818,"B"
"TESB-2966","New Feature","2011-09-06T05:35:28.000-0500",False,0.0086916453641973,0.0,2.4179918591542434e-21,0.14550431444014617,"B"
"TESB-19342","Bug","2017-04-18T01:22:39.000-0500",False,0.0208548500032609,0.0,0.7989685186307802,0.29261119662945306,"B"
"TESB-475","New Feature","2011-02-02T09:50:12.000-0600",False,0.02486536807881973,0.0,3.396472752509282e-07,0.33120459711745565,"B"
"TESB-6674","Change request","2012-08-01T10:14:07.000-0500",False,0.006534452196326395,0.0,4.001207289770235e-19,0.11327130456481255,"B"
"TESB-18758","New Feature","2017-01-15T06:30:19.000-0600",False,0.008227495659097299,0.0,6.0608132210460144e-21,0.13875677069521472,"B"
"TESB-3531","New Feature","2011-10-18T08:31:40.000-0500",False,0.010397327271887349,0.0,7.521566220735959e-20,0.1694687408869349,"B"
"TESB-2127","Bug","2011-06-27T15:45:56.000-0500",False,0.03197741758360048,0.0,0.9999999999999432,0.39081973732664355,"B"
"TESB-8370","Change request","2013-02-06T12:33:39.000-0600",False,0.005013860023435611,0.0,1.6478895877539122e-20,0.08914129751722073,"B"
"TESB-6240","Bug","2012-06-18T05:15:35.000-0500",False,0.01041647153157835,0.0,1.0,0.16973054295287424,"B"
"TESB-8641","New Feature","2013-03-06T11:00:15.000-0600",False,0.0025817451162507936,0.0,1.2187838321971064e-14,0.047863875450290166,"B"
"TESB-8887","Change request","2013-03-26T10:56:07.000-0500",False,0.0068783318937415405,0.0,1.1728352384042956e-23,0.11856192496505027,"B"
"TESB-1305","Bug","2011-04-11T13:52:58.000-0500",False,0.029216200280194216,0.0,1.0094759380950008e-21,0.3688804351522587,"B"
"TESB-8074","New Feature","2013-01-10T03:01:05.000-0600",True,0.01757883508288764,0.0,6.407673182378559e-11,0.2578895277922708,"B"
"TESB-2341","New Feature","2011-07-19T08:21:07.000-0500",False,0.008452262531605918,0.0,3.1711492198054722e-21,0.14203677090850075,"B"
"TESB-6926","New Feature","2012-09-04T16:57:26.000-0500",False,0.024843817529209153,0.0,1.839091042819832e-14,0.33100766943279886,"B"
"TESB-6387","New Feature","2012-07-09T02:26:34.000-0500",False,0.01454596527814395,0.0,5.248291685560408e-07,0.22279862252984295,"B"
"TESB-15630","New Feature","2015-04-28T09:18:29.000-0500",False,0.01815756271961252,0.0,1.6467287895501021e-21,0.26425169833394946,"B"
"TESB-5265","Bug","2012-03-22T04:41:20.000-0500",False,0.015521433574099162,0.0,1.646917087249578e-16,0.23441762318193582,"B"
"TESB-5529","Bug","2012-04-12T05:42:55.000-0500",False,0.008742401857076513,0.0,4.459716154467148e-20,0.14623615539419646,"B"
"TESB-9354","Bug","2013-04-24T09:40:34.000-0500",False,0.005911509116022903,0.0,2.052936709189361e-08,0.10353334022234655,"B"
"TESB-4338","Work Item","2011-12-21T02:39:40.000-0600",False,0.020858245710676612,1.0,1.173194330788333e-22,0.29264561621298474,"B"
"TESB-7374","New Feature","2012-10-29T10:32:25.000-0500",False,0.013561863625967719,0.0,1.3207310346597178e-12,0.21073823885888135,"B"
"TESB-7165","Bug","2012-09-28T04:47:32.000-0500",False,0.02228164991940289,0.0,7.022982734259206e-22,0.3068046738269741,"B"
"TESB-11162","Bug","2013-09-11T02:35:18.000-0500",False,0.005396378609011311,0.0,2.81094041422777e-16,0.09532716767143423,"B"
"TESB-7854","New Feature","2012-12-12T02:09:01.000-0600",False,0.00703077317316491,0.0,3.7837960974605546e-20,0.12088826389186179,"B"
"TESB-3687","Bug","2011-10-30T11:12:39.000-0500",False,0.03592574272473524,0.0,5.502963593348501e-21,0.41985794914502933,"B"
"TESB-5240","Bug","2012-03-19T13:11:24.000-0500",False,0.01670773032666192,0.0,2.0106682493555274e-19,0.24811757617501282,"B"
"TESB-7126","Bug","2012-09-27T13:02:57.000-0500",False,0.016364174966845,0.0,0.9999999994694804,0.24419735226961492,"B"
"TESB-1050","New Feature","2011-03-23T17:47:24.000-0500",False,0.006799994861511899,0.0,4.8809981398472365e-12,0.11736194176660035,"B"
"TESB-5509","New Feature","2012-03-25T09:45:01.000-0500",False,0.005368629755401032,0.0,2.7656944840470814e-15,0.09488109788798367,"B"
"TESB-12239","New Feature","2013-11-29T04:49:21.000-0600",False,0.006084181405878827,0.0,5.883549762537805e-17,0.10625271860845702,"B"
"TESB-3287","New Feature","2011-09-27T23:00:47.000-0500",False,0.01035377341777925,0.0,3.9959185799826494e-12,0.16887255439565813,"B"
"TESB-7280","Bug","2012-10-12T03:40:03.000-0500",False,0.023471956492748646,0.0,1.0,0.3182470381236668,"B"
"TESB-8370","Change request","2013-02-06T12:33:39.000-0600",False,0.005013860023435611,0.0,1.6478895877539122e-20,0.08914129751722073,"B"
"TESB-12367","Bug","2013-12-13T08:19:56.000-0600",False,0.01743934528940323,0.0,2.694802181602334e-09,0.25634070872898057,"B"
"TESB-18744","New Feature","2017-01-13T03:48:25.000-0600",False,0.0017067437376046774,0.0,0.9998070265250908,0.03213639129316075,"B"
"TESB-19157","Work Item","2017-03-22T05:14:43.000-0500",False,0.014389388797235031,0.0,1.1923984466778705e-23,0.2209028653062824,"B"
"TESB-14047","Bug","2014-08-06T22:33:39.000-0500",False,0.011763162901064172,0.0,6.386292644771179e-24,0.18776601707152388,"B"
"TESB-8081","New Feature","2013-01-10T03:45:11.000-0600",False,0.005626303855171079,0.0,3.6272499932201246e-17,0.09900737719748967,"B"
"TESB-14934","Bug","2015-02-17T03:52:38.000-0600",False,0.030187525391020698,0.0,1.473259439895018e-22,0.3767616453587457,"B"
"TESB-6455","New Feature","2012-07-10T10:43:29.000-0500",False,0.016443780167894648,0.0,3.4743048421818716e-20,0.2451090970434823,"B"
"TESB-5773","Bug","2012-05-02T10:06:48.000-0500",False,0.008697258666295666,0.0,7.15618055676296e-22,0.14558530878353151,"B"
"TESB-7163","Bug","2012-09-28T04:46:50.000-0500",False,0.011093023831892342,0.0,4.63795683057305e-22,0.17888409735221697,"B"
"TESB-2112","Bug","2011-06-21T15:15:08.000-0500",False,0.019615687566539423,0.0,5.772491960619254e-20,0.2798396060015174,"B"
"TESB-7117","Bug","2012-09-26T06:03:13.000-0500",False,0.006542935546863358,0.0,1.3571115599363468e-16,0.11340254132775165,"B"
"TESB-2521","Work Item","2011-07-26T15:04:02.000-0500",False,0.010859307144989297,0.0,2.00586351399745e-21,0.17574347415299188,"B"
"TESB-18122","Change request","2016-10-24T02:37:28.000-0500",False,0.007719159167589436,0.0,5.441526603690405e-23,0.13125096114930557,"B"
"TESB-1584","Change request","2011-05-17T16:28:22.000-0500",False,0.005186019015509336,0.0,2.5544284216891197e-21,0.09193520112105218,"B"
"TESB-1740","Work Item","2011-05-24T12:32:31.000-0500",False,0.00796296131210503,1.0,1.729775355375129e-23,0.13486610396344303,"B"
"TESB-17754","Change request","2016-08-09T01:43:54.000-0500",False,0.004881367123259599,0.0,8.73499216026919e-23,0.08698004873121885,"B"
"TESB-2936","Bug","2011-09-01T07:22:39.000-0500",False,0.024442199928362593,0.0,3.32939038210911e-21,0.32731798457300426,"B"
"TESB-4436","Bug","2011-12-28T07:26:32.000-0600",False,0.00575840847906715,0.0,3.5820569571330266e-10,0.10110910971728283,"B"
"TESB-10954","New Feature","2013-08-30T01:26:48.000-0500",False,0.01741413978537297,0.0,1.502611863012016e-18,0.2560601976133822,"B"
"TESB-2133","Change request","2011-07-01T10:19:45.000-0500",False,0.007470816769985351,0.0,2.4369943076479497e-20,0.12753914865356986,"B"
"TESB-22887","New Feature","2018-07-26T15:03:40.000-0500",False,0.016027143806774436,0.0,1.3256704743079557e-23,0.2403143495327511,"B"
"TESB-10209","New Feature","2013-06-27T10:03:15.000-0500",False,0.01637813120987778,0.0,1.8137631983993683e-12,0.2443573462521009,"B"
"TESB-11729","Work Item","2013-10-24T11:32:17.000-0500",False,0.03279619382136056,0.0,9.650941926351877e-21,0.3970578892953386,"B"
"TESB-8402","Change request","2013-02-07T08:26:28.000-0600",False,0.03073410714754724,0.0,1.97904597731858e-07,0.38111736252493345,"B"
"TESB-2049","Bug","2011-06-16T16:00:01.000-0500",False,0.013668640887261982,0.0,9.399705387025069e-19,0.21206371224419673,"B"
"TESB-5374","Bug","2012-03-27T11:22:22.000-0500",False,0.006018834478032917,0.0,4.486209748166657e-16,0.10522541561002732,"B"
"TESB-11336","Change request","2013-09-27T05:15:52.000-0500",False,0.01765243836687787,0.0,2.4303018356075917e-22,0.2587043579279049,"B"
"TESB-3801","Bug","2011-11-03T17:51:22.000-0500",False,0.015274870027858862,0.0,9.038520396276045e-13,0.23151152936477712,"B"
"TESB-9644","Change request","2013-05-14T06:33:52.000-0500",False,0.028326526629522196,0.0,3.113140108323218e-23,0.3614991196217643,"B"
"TESB-19040","Bug","2017-03-08T05:57:06.000-0600",False,0.0129011748220534,0.0,1.4887960643387107e-19,0.20244313277515738,"B"
"TESB-8361","Bug","2013-02-06T09:24:12.000-0600",False,0.037123563004209444,0.0,1.0,0.42817144275833724,"B"
"TESB-20123","New Feature","2017-07-26T13:45:29.000-0500",False,0.011555478178961149,0.0,2.413372003921059e-19,0.1850327296601626,"B"
"TESB-6789","Work Item","2012-08-16T02:44:32.000-0500",False,0.004230486715426622,0.0,1.0927869561192166e-15,0.07622063005188684,"B"
"TESB-15200","Bug","2015-04-30T21:10:34.000-0500",False,0.02176215511713371,0.0,6.323149074028202e-23,0.3016985147936923,"B"
"TESB-1049","New Feature","2011-03-23T17:45:51.000-0500",False,0.012459728070619625,0.0,1.8822699723387983e-11,0.19680914299150784,"B"
"TESB-8608","New Feature","2013-03-04T06:22:33.000-0600",False,0.018135009511648467,0.0,4.8368443997430903e-14,0.26400566652804996,"B"
"TESB-2256","Bug","2011-07-13T15:22:45.000-0500",False,0.022354182350320755,0.0,2.152760258535397e-17,0.30751209410425817,"B"
"TESB-4","Work Item","2010-12-07T13:01:09.000-0600",False,0.04228652177749982,0.0,8.521817701996559e-23,0.4616448539895804,"B"
"TESB-4209","Bug","2011-12-03T07:44:03.000-0600",False,0.005268344926050577,0.0,2.474961933793336e-06,0.0932655282776674,"B"
"TESB-11021","Change request","2013-09-02T07:45:59.000-0500",False,0.04512590320528524,0.0,9.432235598867215e-18,0.4785717836034552,"B"
"TESB-2496","New Feature","2011-07-25T14:09:02.000-0500",True,0.03352013683442233,1.0,1.9434447473256085e-14,0.40247661123495726,"B"
"TESB-4832","New Feature","2012-02-10T02:48:00.000-0600",False,0.007285182608920937,0.0,5.219045517168431e-23,0.12474503926249118,"B"
"TESB-10576","New Feature","2013-07-26T06:55:54.000-0500",False,0.02365771561990897,0.0,1.6443910701708211e-21,0.32000120652766634,"B"
"TESB-16087","New Feature","2015-08-05T04:44:56.000-0500",True,0.025641783084207677,1.0,5.557416248045922e-13,0.33822860072016236,"B"
"TESB-20835","Work Item","2017-11-28T02:00:09.000-0600",False,0.023013760216714606,0.0,4.0614047283133444e-22,0.31388413420218975,"B"
"TESB-8370","Change request","2013-02-06T12:33:39.000-0600",False,0.005013860023435611,0.0,1.6478895877539122e-20,0.08914129751722073,"B"
"TESB-6715","Bug","2012-08-09T09:23:14.000-0500",False,0.014776500317840406,0.0,1.0603324036357116e-12,0.22557419106330692,"B"
"TESB-14406","Bug","2014-10-16T07:47:07.000-0500",False,0.008558513151113611,0.0,7.460949197940566e-20,0.1435791085158251,"B"
"TESB-6729","New Feature","2012-08-12T23:34:41.000-0500",False,0.010313989446221392,0.0,6.80069915792806e-19,0.16832726935664066,"B"
"TESB-3746","Bug","2011-11-02T11:03:50.000-0500",False,0.006546620266590244,0.0,7.641286887092036e-23,0.11345953224900458,"B"
"TESB-2936","Bug","2011-09-01T07:22:39.000-0500",False,0.024442199928362593,0.0,3.32939038210911e-21,0.32731798457300426,"B"
"TESB-2","Work Item","2010-12-07T13:00:02.000-0600",False,0.03770049936017904,0.0,6.08759865422577e-21,0.43209842346466504,"B"
"TESB-17759","Change request","2016-08-09T02:04:58.000-0500",True,0.007502969571543285,0.0,1.4196509371102247e-20,0.128021397126254,"B"
"TESB-19339","Bug","2017-04-17T01:41:11.000-0500",False,0.012931581899827661,0.0,8.426145406472855e-22,0.20282848067067194,"B"
"TESB-14685","Bug","2014-12-03T01:58:11.000-0600",False,0.02498974282245712,0.0,2.0859492954632862e-20,0.33233903432989287,"B"
"TESB-5626","Bug","2012-04-17T17:49:44.000-0500",True,0.22679030728346727,1.0,1.0,0.8506658795459648,"B"
"TESB-3881","Bug","2011-11-10T07:58:36.000-0600",False,0.008487761097721095,0.0,1.8235473463469342e-13,0.14255265009524598,"B"
"TESB-11014","Change request","2013-09-02T06:36:24.000-0500",False,0.017134577430567722,0.0,1.1134427003670878e-22,0.2529356821606443,"B"
"TESB-10397","New Feature","2013-07-16T02:05:14.000-0500",False,0.006937458321970911,0.0,3.6969071807767364e-16,0.1194656024962085,"B"
"TESB-839","Bug","2011-03-08T13:46:07.000-0600",False,0.026073921790515257,0.0,1.0,0.34207924029256076,"B"
"TESB-7333","Bug","2012-10-22T02:44:37.000-0500",False,0.01564667280144864,0.0,3.8762778184677273e-22,0.23588589347178454,"B"
"TESB-16452","Change request","2015-09-24T06:14:37.000-0500",False,0.039897763024650326,0.0,1.5340315565008306e-13,0.4466138094501702,"B"
"TESB-4116","Bug","2011-11-24T12:32:08.000-0600",False,0.00498692171843784,0.0,4.0298324678781536e-10,0.088702657422591,"B"
"TESB-3706","Bug","2011-11-01T04:19:53.000-0500",False,0.009009556713726203,0.0,1.1117466364784978e-12,0.150068824816508,"B"
"TESB-20120","New Feature","2017-07-26T13:37:26.000-0500",False,0.011299281491521452,0.0,4.3332690344372504e-21,0.18163713997430642,"B"
"TESB-3531","New Feature","2011-10-18T08:31:40.000-0500",False,0.010397327271887349,0.0,7.521566220735959e-20,0.1694687408869349,"B"
"TESB-11721","Bug","2013-10-24T02:50:52.000-0500",False,0.013667380926871031,0.0,3.366530305426446e-18,0.21204809608485084,"B"
"TESB-4338","Work Item","2011-12-21T02:39:40.000-0600",False,0.020858245710676612,1.0,1.173194330788333e-22,0.29264561621298474,"B"
"TESB-10663","New Feature","2013-08-05T08:45:54.000-0500",False,0.0022842446291734242,0.0,1.2626272134027853e-15,0.04257111948931556,"B"
"TESB-4988","Bug","2012-02-27T10:34:47.000-0600",True,0.10382130009534363,1.0,0.9999999999698446,0.692298908796573,"B"
"TESB-10063","New Feature","2013-06-14T06:19:11.000-0500",False,0.005401885010191133,0.0,9.969805142876996e-13,0.09541563513426991,"B"
"TESB-483","Work Item","2011-02-02T11:09:24.000-0600",False,0.021639085750166556,0.0,1.0299850357569123e-22,0.3004786178669251,"B"
"TESB-13558","New Feature","2014-05-19T08:19:07.000-0500",False,0.0025713332922055214,0.0,4.2504473034835435e-18,0.04767957662459323,"B"
"TESB-18756","New Feature","2017-01-15T06:13:10.000-0600",False,0.016321633860376966,0.0,9.941867490766881e-22,0.2437092719753994,"B"
"TESB-5330","Change request","2012-03-25T08:27:53.000-0500",False,0.002813903714210994,0.0,9.904838995611926e-21,0.05195583773033381,"B"
"TESB-3449","Bug","2011-10-11T04:02:15.000-0500",False,0.02358269072992793,0.0,2.5690558402344327e-23,0.31929373583530674,"B"
"TESB-209","Work Item","2010-12-22T14:55:08.000-0600",False,0.029553528895699323,0.0,1.5035072879788596e-23,0.3716381749062977,"B"
"TESB-3286","Work Item","2011-09-27T22:54:28.000-0500",False,0.018531551646313853,0.0,1.701879422391052e-20,0.268309307060419,"B"
"TESB-7789","Bug","2012-12-03T12:06:29.000-0600",False,0.029288019848258573,0.0,2.5370472298068236e-21,0.3694694421124783,"B"
"TESB-15433","New Feature","2015-06-03T09:30:55.000-0500",False,0.010241819120825623,0.0,1.0979425262196051e-11,0.167336375921204,"B"
"TESB-5678","Bug","2012-04-23T08:17:24.000-0500",False,0.018190985233952923,0.0,1.3748948961639362e-18,0.2646160212598354,"B"
"TESB-6517","Bug","2012-07-18T01:36:09.000-0500",False,0.03540482979357987,0.0,6.741476238411106e-22,0.4161732616438197,"B"
"TESB-8070","New Feature","2013-01-10T01:27:32.000-0600",False,0.011166382915879916,0.0,1.6990082870691706e-16,0.17986525247917537,"B"
"TESB-10576","New Feature","2013-07-26T06:55:54.000-0500",False,0.02365771561990897,0.0,1.6443910701708211e-21,0.32000120652766634,"B"
"TESB-6366","Bug","2012-07-04T08:38:39.000-0500",True,0.004369735329451833,0.0,7.98247059447237e-21,0.07854256617716679,"B"
"TESB-11014","Change request","2013-09-02T06:36:24.000-0500",False,0.017134577430567722,0.0,1.1134427003670878e-22,0.2529356821606443,"B"
"TESB-7851","Bug","2012-12-11T08:33:47.000-0600",False,0.013643471980777349,0.0,1.6804546110329272e-21,0.2117516548212563,"B"
"TESB-18761","New Feature","2017-01-15T06:45:07.000-0600",False,0.008948139482376804,0.0,1.6421572288774921e-21,0.14919058484565015,"B"
"TESB-3855","Bug","2011-11-09T05:49:28.000-0600",False,0.06659072794948914,0.0,0.9999999999974705,0.5808050922315017,"B"
"TESB-15064","New Feature","2015-04-02T11:35:51.000-0500",False,0.021847749573429057,0.0,2.524866732948189e-18,0.3025446248862853,"B"
"TESB-17306","New Feature","2016-05-03T09:53:30.000-0500",False,0.004822450839468074,0.0,3.069789694323768e-13,0.08601588320545377,"B"
"TESB-7684","Work Item","2012-11-21T04:21:22.000-0600",False,0.018865039536450138,0.0,1.6297069880895553e-19,0.2718925047726321,"B"
"TESB-13867","Change request","2014-07-07T07:18:40.000-0500",False,0.023159333665166173,0.0,9.793565299012621e-11,0.31527586697405324,"B"
"TESB-4437","Bug","2011-12-28T22:27:00.000-0600",False,0.04070495722587901,0.0,2.0536737955561407e-21,0.4517775716388922,"B"
"TESB-11138","Change request","2013-09-09T06:36:58.000-0500",False,0.01085051555695086,0.0,4.112889006245796e-14,0.17562489526888836,"B"
"TESB-8124","New Feature","2013-01-16T05:38:32.000-0600",False,0.009328827459834486,0.0,4.889085293260566e-21,0.15460693816328613,"B"
"TESB-18756","New Feature","2017-01-15T06:13:10.000-0600",False,0.016321633860376966,0.0,9.941867490766881e-22,0.2437092719753994,"B"
"TESB-9318","Change request","2013-04-23T02:08:02.000-0500",False,0.0047107951451126435,1.0,5.763026430501886e-22,0.08418335376675101,"B"
"TESB-7854","New Feature","2012-12-12T02:09:01.000-0600",False,0.00703077317316491,0.0,3.7837960974605546e-20,0.12088826389186179,"B"
"TESB-10210","New Feature","2013-06-27T10:06:51.000-0500",False,0.012884634902775466,0.0,6.393250222343514e-14,0.2022333764212619,"B"
"TESB-281","New Feature","2011-01-13T13:56:25.000-0600",False,0.029030149060760548,0.0,2.961483655569671e-10,0.36734986842862843,"B"
"TESB-7139","Bug","2012-09-28T00:56:51.000-0500",False,0.02644550906250409,0.0,1.0,0.3453573630533472,"B"
"TESB-20826","Bug","2017-11-25T03:38:12.000-0600",False,0.01840870721418806,0.0,2.841862849139043e-20,0.2669811057566914,"B"
"TESB-9318","Change request","2013-04-23T02:08:02.000-0500",False,0.0047107951451126435,1.0,5.763026430501886e-22,0.08418335376675101,"B"
"TESB-4998","New Feature","2012-02-28T12:00:20.000-0600",False,0.0038509106810597844,0.0,7.080152000776575e-09,0.0698348093022575,"B"
"TESB-11309","New Feature","2013-09-26T07:21:43.000-0500",False,0.021303854484235482,0.0,9.814414348910608e-21,0.2971355678758698,"B"
"TESB-3645","Bug","2011-10-26T04:10:57.000-0500",False,0.01500622765404266,0.0,1.5605833506070126e-20,0.22832166335778648,"B"
"TESB-5237","Bug","2012-03-19T05:27:55.000-0500",False,0.03581756386882618,0.0,5.55748236783692e-23,0.419096249113737,"B"
"TESB-10065","Change request","2013-06-14T11:18:53.000-0500",False,0.013920736485121554,0.0,6.9889814807900016e-15,0.21517662101947654,"B"
"TESB-8570","Bug","2013-02-27T03:45:13.000-0600",False,0.028420697401513234,0.0,3.815470933039678e-17,0.36228793692278877,"B"
"TESB-8370","Change request","2013-02-06T12:33:39.000-0600",False,0.005013860023435611,0.0,1.6478895877539122e-20,0.08914129751722073,"B"
"TESB-8887","Change request","2013-03-26T10:56:07.000-0500",False,0.0068783318937415405,0.0,1.1728352384042956e-23,0.11856192496505027,"B"
"TESB-3402","Bug","2011-10-05T09:13:18.000-0500",False,0.03887997055059693,0.0,1.509624120496906e-21,0.4399752719615877,"B"
"TESB-14047","Bug","2014-08-06T22:33:39.000-0500",False,0.011763162901064172,0.0,6.386292644771179e-24,0.18776601707152388,"B"
"TESB-20617","New Feature","2017-10-26T02:06:14.000-0500",False,0.009215663614542145,0.0,5.441526603690405e-23,0.15300364838910374,"B"
"TESB-3402","Bug","2011-10-05T09:13:18.000-0500",False,0.03887997055059693,0.0,1.509624120496906e-21,0.4399752719615877,"B"
"TESB-5517","Bug","2012-04-11T08:06:52.000-0500",False,0.008764036286310634,0.0,2.7401602414922914e-20,0.14654773686350941,"B"
"TESB-11323","Change request","2013-09-26T11:28:29.000-0500",False,0.015984478714583528,0.0,5.806766310254841e-21,0.2398201405113258,"B"
"TESB-2137","Work Item","2011-07-05T11:06:55.000-0500",False,0.006958051553516987,0.0,6.3878627904569185e-18,0.11977993599207123,"B"
"TESB-13644","New Feature","2014-06-05T03:49:53.000-0500",False,0.006959852508885597,0.0,5.452217136752602e-19,0.11980741558425209,"B"
"TESB-6864","Change request","2012-08-23T08:46:17.000-0500",False,0.02546912276689076,0.0,3.556258548405675e-21,0.3366784170195346,"B"
"TESB-15064","New Feature","2015-04-02T11:35:51.000-0500",False,0.021847749573429057,0.0,2.524866732948189e-18,0.3025446248862853,"B"
"TESB-13062","Change request","2014-03-06T05:50:08.000-0600",False,0.0071825927598670085,0.0,2.0893842107225765e-23,0.12319364729932203,"B"
"TESB-1824","Bug","2011-06-01T10:58:01.000-0500",False,0.015001219644105326,0.0,0.019546728998278678,0.2282619632680256,"B"
"TESB-486","Work Item","2011-02-02T12:32:13.000-0600",False,0.019004269855157872,0.0,4.3517774761106285e-23,0.2733788314132005,"B"
"TESB-10440","New Feature","2013-07-17T09:45:48.000-0500",False,0.01090462613720693,0.0,2.3528389814610748e-12,0.17635421876155333,"B"
"TESB-4767","New Feature","2012-02-07T07:11:55.000-0600",False,0.008071958630507933,0.0,2.5371738527450347e-15,0.13647319203016545,"B"
"TESB-10460","Bug","2013-07-18T02:40:52.000-0500",False,0.02063963457422702,0.0,3.6488967305301464e-19,0.2904233641989626,"B"
"TESB-2137","Work Item","2011-07-05T11:06:55.000-0500",False,0.006958051553516987,0.0,6.3878627904569185e-18,0.11977993599207123,"B"
"TESB-7856","New Feature","2012-12-12T02:15:49.000-0600",False,0.007185706013724132,0.0,5.62711217363446e-16,0.12324080296865242,"B"
"TESB-16452","Change request","2015-09-24T06:14:37.000-0500",False,0.039897763024650326,0.0,1.5340315565008306e-13,0.4466138094501702,"B"
"TESB-10406","New Feature","2013-07-16T10:11:05.000-0500",False,0.017524906493737762,0.0,2.4758541732267332e-11,0.25729144742093,"B"
"TESB-5269","Bug","2012-03-22T08:08:53.000-0500",False,0.019150115706369437,0.0,1.688875172104923e-17,0.2749297368644196,"B"
"TESB-281","New Feature","2011-01-13T13:56:25.000-0600",False,0.029030149060760548,0.0,2.961483655569671e-10,0.36734986842862843,"B"
"TESB-9644","Change request","2013-05-14T06:33:52.000-0500",False,0.028326526629522196,0.0,3.113140108323218e-23,0.3614991196217643,"B"
"TESB-2068","Change request","2011-06-18T10:53:35.000-0500",False,0.014498742145754329,0.0,1.554416105822647e-21,0.22222777517491302,"B"
"TESB-5509","New Feature","2012-03-25T09:45:01.000-0500",False,0.005368629755401032,0.0,2.7656944840470814e-15,0.09488109788798367,"B"
"TESB-209","Work Item","2010-12-22T14:55:08.000-0600",False,0.029553528895699323,0.0,1.5035072879788596e-23,0.3716381749062977,"B"
"TESB-12367","Bug","2013-12-13T08:19:56.000-0600",False,0.01743934528940323,0.0,2.694802181602334e-09,0.25634070872898057,"B"
"TESB-5434","Bug","2012-04-02T08:08:18.000-0500",False,0.017659218126214953,0.0,3.8389069806369013e-20,0.2587793298536297,"B"
"TESB-4478","Bug","2012-01-06T03:17:07.000-0600",False,0.014488496314281823,0.0,6.764356744717713e-21,0.22210381700301726,"B"
"TESB-14738","Change request","2014-12-22T07:06:26.000-0600",False,0.009166087713175043,0.0,1.5660007966977595e-22,0.15229946238657585,"B"
"TESB-4318","New Feature","2011-12-15T08:53:39.000-0600",False,0.004709278193200957,0.0,3.6822834558663394e-14,0.0841584092999664,"B"
"TESB-20614","New Feature","2017-10-26T02:00:13.000-0500",False,0.006922646216751232,0.0,1.913524349792932e-23,0.11923938088622554,"B"
"TESB-10688","New Feature","2013-08-08T03:32:58.000-0500",False,0.026740715046049378,0.0,1.9998872884877606e-22,0.3479402226574864,"B"
"TESB-18096","Bug","2016-10-18T04:19:16.000-0500",False,0.059334913615650554,0.0,7.609667289059861e-22,0.5505686153896523,"B"
"TESB-17754","Change request","2016-08-09T01:43:54.000-0500",False,0.004881367123259599,0.0,8.73499216026919e-23,0.08698004873121885,"B"
"TESB-20835","Work Item","2017-11-28T02:00:09.000-0600",False,0.023013760216714606,0.0,4.0614047283133444e-22,0.31388413420218975,"B"
"TESB-10957","New Feature","2013-08-30T02:56:25.000-0500",False,0.014358744593895434,0.0,1.4632317196816468e-18,0.2205308272146333,"B"
"TESB-7706","Work Item","2012-11-22T04:13:37.000-0600",False,0.021094048267555038,0.0,1.1882181236151824e-14,0.2950281745610521,"B"
"TESB-5142","Bug","2012-03-08T00:40:46.000-0600",False,0.03162457349552252,0.0,5.1818227194301733e-17,0.38809480119085227,"B"
"TESB-1447","Bug","2011-04-28T11:51:45.000-0500",False,0.014387137777751278,0.0,2.100464999095388e-22,0.22087554794615852,"B"
"TESB-5928","Bug","2012-05-14T22:49:15.000-0500",False,0.026532176582902873,0.0,7.441835500076996e-18,0.3461176039069672,"B"
"TESB-282","New Feature","2011-01-13T14:07:30.000-0600",False,0.01137608022948059,0.0,1.7289076509594971e-16,0.18265779909097837,"B"
"TESB-5887","Work Item","2012-05-11T01:11:32.000-0500",False,0.004441460398871812,0.0,5.3647607856828123e-20,0.07973426738550937,"B"
"TESB-8343","New Feature","2013-02-01T06:00:15.000-0600",False,0.007312818904152324,0.0,3.642178239920534e-17,0.12516207939630905,"B"
"TESB-7159","Change request","2012-09-28T04:42:00.000-0500",False,0.023249294842706807,0.0,2.6527908194516385e-21,0.31613331442683,"B"
"TESB-19153","Bug","2017-03-22T03:59:24.000-0500",False,0.010138706631232392,0.0,2.658337415678094e-22,0.16591679693050135,"B"
"TESB-2404","New Feature","2011-07-21T07:48:16.000-0500",False,0.013866596740058409,0.0,3.103821464825767e-18,0.21451003830634394,"B"
"TESB-15317","Bug","2015-05-19T22:42:18.000-0500",False,0.03928827668313298,0.0,3.786527088670913e-22,0.4426557894674123,"B"
"TESB-5916","Bug","2012-05-14T05:09:45.000-0500",False,0.0066293021866394575,0.0,3.121181635031894e-16,0.11473654602439572,"B"
"TESB-1332","Bug","2011-04-13T15:21:02.000-0500",False,0.014033385651614836,0.0,3.081386048908735e-20,0.21656020101452828,"B"
"TESB-2143","Change request","2011-07-05T17:32:25.000-0500",False,0.01759034655379219,0.0,0.3293832683070122,0.2580170764005604,"B"
"TESB-8064","New Feature","2013-01-09T08:10:43.000-0600",True,0.016041951240208966,1.0,7.62936305261214e-18,0.240485730549184,"B"
"TESB-8330","Change request","2013-01-31T06:32:46.000-0600",False,0.0082273757212166,1.0,2.566899015445726e-23,0.13875501415748387,"B"
"TESB-8124","New Feature","2013-01-16T05:38:32.000-0600",False,0.009328827459834486,0.0,4.889085293260566e-21,0.15460693816328613,"B"
"TESB-7159","Change request","2012-09-28T04:42:00.000-0500",False,0.023249294842706807,0.0,2.6527908194516385e-21,0.31613331442683,"B"
"TESB-10398","New Feature","2013-07-16T02:11:25.000-0500",False,0.007648541193832917,0.0,4.600433713032005e-19,0.13019850894061058,"B"
"TESB-4834","New Feature","2012-02-10T03:00:46.000-0600",False,0.0070289726045525275,0.0,1.1578375949731866e-21,0.1208608537192375,"B"
"TESB-18255","Work Item","2016-11-14T08:57:07.000-0600",False,0.045573761782712205,0.0,5.137170488741403e-23,0.48115379616902937,"B"
"TESB-20115","Work Item","2017-07-26T03:48:43.000-0500",False,0.012748503218616453,1.0,5.2557507291587136e-24,0.2005030463888753,"B"
"TESB-9342","Bug","2013-04-24T05:19:52.000-0500",False,0.014361802420565638,0.0,5.314520510577399e-23,0.2205679658913462,"B"
"TESB-8904","New Feature","2013-03-27T06:04:53.000-0500",False,0.007414807651337897,0.0,5.46416241578393e-19,0.12669788740129936,"B"
"TESB-6092","Change request","2012-06-04T02:31:13.000-0500",False,0.0082035460030955,0.0,4.354771800038684e-21,0.1384058847484563,"B"
"TESB-5709","Bug","2012-04-24T07:29:31.000-0500",False,0.013197479727060346,0.0,8.809797022845451e-21,0.2061833993539367,"B"
"TESB-8639","New Feature","2013-03-06T09:40:07.000-0600",False,0.0028453239153110716,0.0,2.0783522199544338e-15,0.052507086355978755,"B"
"TESB-8136","Change request","2013-01-17T00:20:00.000-0600",False,0.018232146856837148,0.0,1.9783883204486646e-22,0.26506424305782134,"B"
"TESB-5374","Bug","2012-03-27T11:22:22.000-0500",False,0.006018834478032917,0.0,4.486209748166657e-16,0.10522541561002732,"B"
"TESB-11187","Change request","2013-09-12T04:02:36.000-0500",False,0.02516977478941931,0.0,0.9999999999996589,0.33397483674388445,"B"
"TESB-9298","Bug","2013-04-19T07:20:21.000-0500",False,0.007900792442435123,0.0,4.2411379333097697e-16,0.1339469451147879,"B"
"TESB-17306","New Feature","2016-05-03T09:53:30.000-0500",False,0.004822450839468074,0.0,3.069789694323768e-13,0.08601588320545377,"B"
"TESB-19153","Bug","2017-03-22T03:59:24.000-0500",False,0.010138706631232392,0.0,2.658337415678094e-22,0.16591679693050135,"B"
"TESB-4913","Bug","2012-02-15T23:32:59.000-0600",False,0.028772089333831706,0.0,0.9994280177100174,0.365215565941991,"B"
"TESB-3967","Bug","2011-11-16T07:20:57.000-0600",False,0.006060947174009243,0.0,2.3744428883318617e-14,0.10588771385245571,"B"
"TESB-5709","Bug","2012-04-24T07:29:31.000-0500",False,0.013197479727060346,0.0,8.809797022845451e-21,0.2061833993539367,"B"
"TESB-2142","Work Item","2011-07-05T13:22:16.000-0500",False,0.020605554697270736,0.0,4.599347484972552e-23,0.2900757624657291,"B"
"TESB-17756","Change request","2016-08-09T01:45:32.000-0500",False,0.009731575045306168,0.0,4.922431177284117e-24,0.16026702559544506,"B"
"TESB-5236","New Feature","2012-03-19T05:17:51.000-0500",False,0.013287591200508727,0.0,8.634271570602289e-23,0.20731437479880452,"B"
"TESB-7925","Change request","2012-12-21T02:14:34.000-0600",False,0.007911760301078352,0.0,2.0069080463406645e-22,0.1341092370018993,"B"
"TESB-18761","New Feature","2017-01-15T06:45:07.000-0600",False,0.008948139482376804,0.0,1.6421572288774921e-21,0.14919058484565015,"B"
"TESB-4998","New Feature","2012-02-28T12:00:20.000-0600",False,0.0038509106810597844,0.0,7.080152000776575e-09,0.0698348093022575,"B"
"TESB-2144","New Feature","2011-07-06T07:25:05.000-0500",False,0.005894285038604295,0.0,8.035821762311458e-17,0.1032612260202777,"B"
"TESB-476","New Feature","2011-02-02T09:55:32.000-0600",False,0.021606194782196983,0.0,4.6265670729453644e-14,0.30015192368610877,"B"
"TESB-8356","Bug","2013-02-06T03:11:09.000-0600",False,0.0029652069776162715,0.0,1.290238854390126e-12,0.054604804384231286,"B"
"TESB-11336","Change request","2013-09-27T05:15:52.000-0500",False,0.01765243836687787,0.0,2.4303018356075917e-22,0.2587043579279049,"B"
"TESB-1580","New Feature","2011-05-17T14:20:43.000-0500",False,0.0062877939576224335,0.0,5.642943725084904e-13,0.10943944863260592,"B"
"TESB-1303","Bug","2011-04-11T13:24:12.000-0500",False,0.026465625046659915,0.0,1.6948993909413933e-20,0.3455339643530768,"B"
"TESB-10335","Bug","2013-07-10T04:04:06.000-0500",False,0.003031219704366478,0.0,6.020395876232852e-15,0.055756151083168747,"B"
"TESB-3958","Bug","2011-11-16T03:31:02.000-0600",False,0.017245660387384096,0.0,0.0001349303738910617,0.25418011974373694,"B"
"TESB-483","Work Item","2011-02-02T11:09:24.000-0600",False,0.021639085750166556,0.0,1.0299850357569123e-22,0.3004786178669251,"B"
"TESB-1336","Bug","2011-04-13T16:10:15.000-0500",False,0.030441071601169323,0.0,1.934709416404943e-23,0.3787891465576026,"B"
"TESB-478","New Feature","2011-02-02T10:19:50.000-0600",False,0.007235290010146388,0.0,8.232637460175363e-12,0.12399119591298242,"B"
"TESB-2496","New Feature","2011-07-25T14:09:02.000-0500",True,0.03352013683442233,1.0,1.9434447473256085e-14,0.40247661123495726,"B"
"TESB-2870","Bug","2011-08-25T22:40:53.000-0500",False,0.015108114561714302,0.0,1.504543241880302e-16,0.2295343781538262,"B"
"TESB-8074","New Feature","2013-01-10T03:01:05.000-0600",True,0.01757883508288764,0.0,6.407673182378559e-11,0.2578895277922708,"B"
"TESB-6788","Work Item","2012-08-16T02:38:36.000-0500",False,0.015397309435010225,0.0,3.3875400535862987e-15,0.23295721840124434,"B"
"TESB-8090","Change request","2013-01-10T10:02:54.000-0600",False,0.02046618670370432,0.0,4.065437816422215e-16,0.2886509638152758,"B"
"TESB-10441","New Feature","2013-07-17T10:09:13.000-0500",False,0.00858176801803962,0.0,1.0976179198828248e-12,0.14391598157244698,"B"
"TESB-7375","New Feature","2012-10-29T10:33:44.000-0500",False,0.010388396992439406,0.0,3.912660607540908e-20,0.16934656428989206,"B"
"TESB-14267","Bug","2014-09-08T10:42:42.000-0500",False,0.014655254095256233,0.0,0.9999999705776479,0.22411673921482894,"B"
"TESB-6683","Bug","2012-08-02T12:36:53.000-0500",False,0.017224973503130698,0.0,1.0,0.2539486621485622,"B"
"TESB-1824","Bug","2011-06-01T10:58:01.000-0500",False,0.015001219644105326,0.0,0.019546728998278678,0.2282619632680256,"B"
"TESB-8456","Change request","2013-02-08T08:24:30.000-0600",False,0.027914355113896876,0.0,1.1336533037632657e-16,0.35802531597642695,"B"
"TESB-6878","Bug","2012-08-24T02:19:26.000-0500",False,0.01977056090852965,0.0,1.7317059599117533e-16,0.28145919943457315,"B"
"TESB-8887","Change request","2013-03-26T10:56:07.000-0500",False,0.0068783318937415405,0.0,1.1728352384042956e-23,0.11856192496505027,"B"
"TESB-5928","Bug","2012-05-14T22:49:15.000-0500",False,0.026532176582902873,0.0,7.441835500076996e-18,0.3461176039069672,"B"
"TESB-6331","New Feature","2012-07-01T16:00:13.000-0500",False,0.01167868849228243,0.0,1.1956407569887832e-22,0.1866563467639452,"B"
"TESB-11014","Change request","2013-09-02T06:36:24.000-0500",False,0.017134577430567722,0.0,1.1134427003670878e-22,0.2529356821606443,"B"
"TESB-4330","Bug","2011-12-19T07:41:36.000-0600",False,0.0061297001103657826,0.0,2.57475904470061e-20,0.10696699383450022,"B"
"TESB-10958","Change request","2013-08-30T04:44:46.000-0500",False,0.012481551631723282,0.0,1.9068208234821736e-17,0.19708941794497953,"B"
"TESB-8570","Bug","2013-02-27T03:45:13.000-0600",False,0.028420697401513234,0.0,3.815470933039678e-17,0.36228793692278877,"B"
"TESB-17759","Change request","2016-08-09T02:04:58.000-0500",True,0.007502969571543285,0.0,1.4196509371102247e-20,0.128021397126254,"B"
"TESB-5664","Bug","2012-04-20T08:40:02.000-0500",False,0.010792868914989673,0.0,9.442076999057958e-17,0.17484657707036455,"B"
"TESB-19040","Bug","2017-03-08T05:57:06.000-0600",False,0.0129011748220534,0.0,1.4887960643387107e-19,0.20244313277515738,"B"
"TESB-6081","Bug","2012-05-30T03:13:36.000-0500",False,0.008694347995597056,0.0,3.420614901763356e-22,0.14554331251442146,"B"
"TESB-18753","New Feature","2017-01-15T06:08:23.000-0600",False,0.007567957184126388,1.0,1.410030836136327e-22,0.1289945924946554,"B"
"TESB-5064","Change request","2012-03-05T05:37:14.000-0600",False,0.05936261944129467,0.0,4.58290133373399e-19,0.5506914143578233,"B"
"TESB-5169","New Feature","2012-03-12T03:11:06.000-0500",False,0.0022855475696911187,0.0,1.6699014078138198e-20,0.042594421142747495,"B"
"TESB-15200","Bug","2015-04-30T21:10:34.000-0500",False,0.02176215511713371,0.0,6.323149074028202e-23,0.3016985147936923,"B"
"TESB-10057","Work Item","2013-06-14T01:21:16.000-0500",False,0.02673493837826986,0.0,3.1623099263529826e-22,0.3478898611372021,"B"
"TESB-5620","Change request","2012-04-17T06:20:27.000-0500",False,0.010406149443232789,0.0,8.208006409666479e-23,0.16958940531826758,"B"
"TESB-10036","New Feature","2013-06-11T04:50:24.000-0500",False,0.009291017992128234,0.0,5.936013794173883e-16,0.15407189374667124,"B"
"TESB-9353","Change request","2013-04-24T09:36:10.000-0500",False,0.009361369539677457,0.0,9.721438909781552e-19,0.1550669343925856,"B"
"TESB-10634","New Feature","2013-08-01T08:25:21.000-0500",False,0.01631567992093339,0.0,1.6243357685520237e-23,0.24364091464186285,"B"
"TESB-2498","New Feature","2011-07-25T14:31:09.000-0500",True,0.011543667453999575,1.0,1.2761299234722936e-10,0.18487677334321007,"B"
"TESB-11028","Change request","2013-09-02T11:49:43.000-0500",False,0.013322758538022055,0.0,5.673945285255206e-17,0.20775493684252086,"B"
"TESB-4275","Bug","2011-12-12T03:46:21.000-0600",False,0.05802498221875027,0.0,0.011097644143528297,0.5446935307936521,"B"
"TESB-9001","Change request","2013-04-02T06:06:16.000-0500",False,0.015335909752189647,0.0,9.04537509549758e-21,0.232232884405368,"B"
"TESB-4539","Change request","2012-01-13T09:35:34.000-0600",False,0.019272660761031988,0.0,0.2244355066282326,0.2762281100380233,"B"
"TESB-6928","New Feature","2012-09-04T19:45:41.000-0500",False,0.008202793141643343,0.0,1.7470043708611425e-17,0.13839485022952136,"B"
"TESB-10595","New Feature","2013-07-29T06:23:56.000-0500",False,0.013527244007641676,0.0,7.029134230260451e-22,0.21030759415064385,"B"
"TESB-3351","New Feature","2011-09-30T02:47:45.000-0500",False,0.005017459481372766,0.0,4.8175452237510855e-14,0.08919987780071441,"B"
"TESB-5620","Change request","2012-04-17T06:20:27.000-0500",False,0.010406149443232789,0.0,8.208006409666479e-23,0.16958940531826758,"B"
"TESB-5887","Work Item","2012-05-11T01:11:32.000-0500",False,0.004441460398871812,0.0,5.3647607856828123e-20,0.07973426738550937,"B"
"TESB-13062","Change request","2014-03-06T05:50:08.000-0600",False,0.0071825927598670085,0.0,2.0893842107225765e-23,0.12319364729932203,"B"
"TESB-4334","Bug","2011-12-20T07:28:17.000-0600",False,0.02155601822495315,0.0,1.3735803110514056e-20,0.2996529920812935,"B"
"TESB-3352","New Feature","2011-09-30T02:52:11.000-0500",True,0.012112214561538236,0.0,1.7945422123886657e-21,0.1923212817371117,"B"
"TESB-5236","New Feature","2012-03-19T05:17:51.000-0500",False,0.013287591200508727,0.0,8.634271570602289e-23,0.20731437479880452,"B"
"TESB-6191","Change request","2012-06-15T02:54:39.000-0500",True,0.006319461630223513,0.0,7.399690569371143e-11,0.10993315369569369,"B"
"TESB-20841","New Feature","2017-11-28T02:17:13.000-0600",False,0.01828248777478993,0.0,1.281919221220276e-20,0.2656117298661147,"B"
"TESB-5243","Bug","2012-03-19T21:07:16.000-0500",False,0.010544180836531879,0.0,1.067497271724791e-19,0.1714730403903757,"B"
"TESB-4279","Bug","2011-12-12T20:47:50.000-0600",True,0.036460135834745847,1.0,4.46050680831383e-16,0.42359402992492645,"B"
"TESB-2087","Bug","2011-06-20T13:21:02.000-0500",False,0.009118714182738123,0.0,1.2804807513794375e-17,0.15162553038860163,"B"
"TESB-8342","Change request","2013-02-01T05:48:13.000-0600",False,0.016174778997162447,0.0,8.390474838326179e-23,0.2420198558641253,"B"
"TESB-15200","Bug","2015-04-30T21:10:34.000-0500",False,0.02176215511713371,0.0,6.323149074028202e-23,0.3016985147936923,"B"
"TESB-8342","Change request","2013-02-01T05:48:13.000-0600",False,0.016174778997162447,0.0,8.390474838326179e-23,0.2420198558641253,"B"
"TESB-9303","Bug","2013-04-21T06:35:42.000-0500",False,0.006993071117572454,0.0,2.0796491771619116e-20,0.12031398680178856,"B"
"TESB-208","Work Item","2010-12-22T14:54:48.000-0600",False,0.010822720129908614,0.0,6.592864295846053e-23,0.17524978637694294,"B"
"TESB-8064","New Feature","2013-01-09T08:10:43.000-0600",True,0.016041951240208966,1.0,7.62936305261214e-18,0.240485730549184,"B"
"TESB-5017","New Feature","2012-03-01T00:18:28.000-0600",False,0.007335100552487474,0.0,7.201639852475263e-15,0.12549804389380612,"B"
"TESB-35","Work Item","2010-12-10T13:17:08.000-0600",False,0.004713653873965462,0.0,3.164121570504994e-22,0.08423035867027297,"B"
"TESB-8373","New Feature","2013-02-06T12:56:07.000-0600",False,0.007397844090666637,0.0,7.722328289358672e-15,0.12644279199510766,"B"
"TESB-8372","Change request","2013-02-06T12:39:02.000-0600",True,0.0031428576352495476,1.0,5.572254026137966e-18,0.05769723668973583,"B"
"TESB-6455","New Feature","2012-07-10T10:43:29.000-0500",False,0.016443780167894648,0.0,3.4743048421818716e-20,0.2451090970434823,"B"
"TESB-1338","New Feature","2011-04-14T09:59:05.000-0500",False,0.014537959047997644,0.0,6.408657831541432e-24,0.22270189597199205,"B"
"TESB-1312","Bug","2011-04-12T06:48:40.000-0500",False,0.008558840593946317,0.0,4.519583061991302e-20,0.14358385362622295,"B"
"TESB-2521","Work Item","2011-07-26T15:04:02.000-0500",False,0.010859307144989297,0.0,2.00586351399745e-21,0.17574347415299188,"B"
"TESB-368","New Feature","2011-01-17T09:34:30.000-0600",False,0.012105498357155697,1.0,7.490418076223212e-24,0.19223408451523516,"B"
"TESB-8329","Bug","2013-01-31T01:45:06.000-0600",False,0.01994750515223376,0.0,1.0,0.2833013289315947,"B"
"TESB-3583","Work Item","2011-10-20T08:11:14.000-0500",True,0.1402504480183356,1.0,6.833828153009485e-06,0.76008512770391,"B"
"TESB-5529","Bug","2012-04-12T05:42:55.000-0500",False,0.008742401857076513,0.0,4.459716154467148e-20,0.14623615539419646,"B"
"TESB-11304","Change request","2013-09-26T03:52:22.000-0500",False,0.013017493406289162,0.0,7.456861509335839e-24,0.2039153526955859,"B"
"TESB-9072","Change request","2013-04-08T03:40:48.000-0500",False,0.03169970605260839,0.0,9.774130808728817e-21,0.38867690716429965,"B"
"TESB-6715","Bug","2012-08-09T09:23:14.000-0500",False,0.014776500317840406,0.0,1.0603324036357116e-12,0.22557419106330692,"B"
"TESB-2156","Change request","2011-07-06T09:34:00.000-0500",False,0.037045705966616986,0.0,6.150790624664556e-20,0.42763770089556474,"B"
"TESB-10109","Bug","2013-06-19T03:56:40.000-0500",False,0.0074174405725886015,0.0,2.3174003295977535e-09,0.12673746828993876,"B"
"TESB-7859","Work Item","2012-12-12T02:27:01.000-0600",False,0.010869837453900378,0.0,7.31922587101422e-17,0.17588546237860123,"B"
"TESB-5215","Bug","2012-03-15T10:42:43.000-0500",False,0.012499269849250615,0.0,3.43014503950032e-18,0.1973168341918935,"B"
"TESB-6683","Bug","2012-08-02T12:36:53.000-0500",False,0.017224973503130698,0.0,1.0,0.2539486621485622,"B"
"TESB-6401","Change request","2012-07-09T07:10:42.000-0500",False,0.01645969892353108,0.0,3.3924016196878457e-19,0.245291173651028,"B"
"TESB-2971","New Feature","2011-09-06T15:02:46.000-0500",False,0.010692496394853533,0.0,0.0003681388064838253,0.17348809825747885,"B"
"TESB-6085","Change request","2012-05-31T07:00:34.000-0500",False,0.0030365113073283472,0.0,2.3985683397986493e-15,0.055848328627558716,"B"
"TESB-10065","Change request","2013-06-14T11:18:53.000-0500",False,0.013920736485121554,0.0,6.9889814807900016e-15,0.21517662101947654,"B"
"TESB-8343","New Feature","2013-02-01T06:00:15.000-0600",False,0.007312818904152324,0.0,3.642178239920534e-17,0.12516207939630905,"B"
"TESB-6049","Bug","2012-05-24T01:08:14.000-0500",False,0.0167322430139052,0.0,3.0857974329067395e-17,0.24839583463507842,"B"
"TESB-20826","Bug","2017-11-25T03:38:12.000-0600",False,0.01840870721418806,0.0,2.841862849139043e-20,0.2669811057566914,"B"
"TESB-6372","Bug","2012-07-05T03:19:43.000-0500",False,0.040522351551568685,0.0,1.198010602748011e-12,0.4506171070234185,"B"
"TESB-3824","Bug","2011-11-06T20:25:53.000-0600",False,0.012334007020097291,0.0,0.00015856547829974575,0.19519096066908187,"B"
"TESB-839","Bug","2011-03-08T13:46:07.000-0600",False,0.026073921790515257,0.0,1.0,0.34207924029256076,"B"
"TESB-9530","Bug","2013-04-30T14:07:32.000-0500",False,0.014332525539211691,0.0,2.930469390283797e-14,0.22021224916552626,"B"
"TESB-10459","New Feature","2013-07-18T02:08:02.000-0500",False,0.002788007447325803,0.0,5.300055217282929e-17,0.05150104695794217,"B"
"TESB-205","Work Item","2010-12-22T14:53:02.000-0600",False,0.004910644173363603,0.0,3.6889497430391765e-21,0.08745845411245375,"B"
"TESB-7250","Bug","2012-10-09T05:56:52.000-0500",False,0.05217378988193076,0.0,6.19571829969596e-23,0.5166854924107513,"B"
"TESB-24596","New Feature","2019-01-10T09:18:52.000-0600",False,0.008351916877098785,0.0,1.2598143573375642e-16,0.13117849159317366,"S"
"TESB-22826","Bug","2018-07-23T23:30:26.000-0500",False,0.01609111743378482,0.0,0.00019567207075830455,0.22671263295230856,"S"
"TESB-22156","New Feature","2018-05-11T09:34:23.000-0500",False,0.009625839043730116,0.0,1.0436469774418481e-19,0.1483838588449483,"S"
"TESB-20982","New Feature","2017-12-21T02:40:20.000-0600",False,0.009258111778214779,1.0,1.1927122733578742e-20,0.14348325915184804,"S"
"TESB-20963","Work Item","2017-12-18T16:13:39.000-0600",False,0.016202679393101892,0.0,0.999997836151305,0.22794615695027196,"S"
"TESB-20954","New Feature","2017-12-18T05:53:19.000-0600",True,0.03597831622720175,1.0,2.962986892036073e-18,0.4008561882684289,"S"
"TESB-20615","New Feature","2017-10-26T02:01:57.000-0500",True,0.004745527424849665,1.0,2.8732629662153824e-20,0.07874678777572186,"S"
"TESB-20333","New Feature","2017-08-30T14:49:33.000-0500",False,0.0082235470302026,0.0,6.9743884711054864e-15,0.12940862692734567,"S"
"TESB-20131","New Feature","2017-07-27T02:22:19.000-0500",False,0.005608405790912414,0.0,1.4597477507316793e-17,0.09182386181350095,"S"
"TESB-20125","New Feature","2017-07-26T13:57:20.000-0500",False,0.004653416952001086,0.0,4.605040716478162e-19,0.07732991949009399,"S"
"TESB-20124","New Feature","2017-07-26T13:50:41.000-0500",False,0.01259663911699072,0.0,5.540558583189885e-19,0.1861307783839974,"S"
"TESB-20122","New Feature","2017-07-26T13:43:28.000-0500",False,0.01409882263123624,0.0,6.459104557991003e-20,0.20405079732806947,"S"
"TESB-20121","New Feature","2017-07-26T13:39:35.000-0500",False,0.006628506779697407,0.0,3.532940688050551e-20,0.10684063280498676,"S"
"TESB-19466","Bug","2017-05-04T02:48:10.000-0500",False,0.007909409056876641,0.0,1.17372622882596e-19,0.12504892371885382,"S"
"TESB-19464","Work Item","2017-05-04T02:14:13.000-0500",False,0.016318701076099895,0.0,4.689469483519351e-16,0.22922511922635067,"S"
"TESB-19461","Work Item","2017-05-03T13:03:01.000-0500",False,0.03330544375236011,0.0,6.57762314030587e-20,0.3818122340135765,"S"
"TESB-19252","Work Item","2017-04-06T07:55:54.000-0500",False,0.020675680091270878,0.0,6.72733312169249e-20,0.27456044892180065,"S"
"TESB-19158","Work Item","2017-03-22T05:18:16.000-0500",False,0.020675680091270878,0.0,6.72733312169249e-20,0.27456044892180065,"S"
"TESB-19115","Bug","2017-03-20T03:06:50.000-0500",False,0.00864995669359827,0.0,1.7339794623368223e-17,0.13526176433126263,"S"
"TESB-18755","New Feature","2017-01-15T06:12:34.000-0600",False,0.011069768324722834,0.0,6.168383093688233e-19,0.16712973285785893,"S"
"TESB-18232","Change request","2016-11-09T08:44:07.000-0600",False,0.0010470176341376388,0.0,1.2990210855038345e-12,0.01844284948724749,"S"
"TESB-18231","Change request","2016-11-09T08:11:52.000-0600",False,0.003776369996565655,0.0,8.17677767536893e-18,0.06363092602600848,"S"
"TESB-18230","Change request","2016-11-09T08:07:29.000-0600",False,0.01910781293963473,0.0,4.0596191456999077e-13,0.25882841332582024,"S"
"TESB-18193","Bug","2016-11-04T06:03:44.000-0500",False,0.02890113872039144,0.0,5.334801257214324e-18,0.34790771215201943,"S"
"TESB-18106","Bug","2016-10-19T07:30:59.000-0500",False,0.01775037008506242,0.0,4.35237473841846e-18,0.2446891635509749,"S"
"TESB-18073","Bug","2016-10-13T03:08:42.000-0500",False,0.015498464558822221,0.0,2.868788409996727e-17,0.2200978802131915,"S"
"TESB-18016","Change request","2016-09-29T02:48:45.000-0500",False,0.011712761974985183,0.0,1.3344353018512461e-08,0.17523133361442614,"S"
"TESB-18012","Bug","2016-09-29T02:11:36.000-0500",False,0.013036632512156724,0.0,2.4210203937514367e-18,0.19145690884894268,"S"
"TESB-17886","New Feature","2016-09-02T10:32:05.000-0500",False,0.0034078432628272416,0.0,4.863541480863998e-15,0.05775999772942813,"S"
"TESB-17855","New Feature","2016-08-26T05:58:15.000-0500",False,0.013884355742434963,0.0,5.845081980033503e-19,0.20153750866885117,"S"
"TESB-17854","New Feature","2016-08-26T05:57:18.000-0500",False,0.013884355742434963,0.0,5.845081980033503e-19,0.20153750866885117,"S"
"TESB-17852","New Feature","2016-08-26T05:54:17.000-0500",False,0.013884355742434963,0.0,5.845081980033503e-19,0.20153750866885117,"S"
"TESB-17836","New Feature","2016-08-24T11:27:27.000-0500",False,0.013954002918635681,0.0,1.999050189744629e-10,0.20235530653295816,"S"
"TESB-17809","Bug","2016-08-19T03:53:26.000-0500",False,0.029712927833645368,0.0,0.0001483503320529699,0.35440974331358405,"S"
"TESB-17758","New Feature","2016-08-09T02:01:07.000-0500",True,0.012256776113191502,0.0,1.716888867480053e-13,0.18197175234545912,"S"
"TESB-17755","Change request","2016-08-09T01:44:41.000-0500",False,0.004718498018505802,0.0,2.2138778088750406e-20,0.07833143826016924,"S"
"TESB-17638","Bug","2016-07-11T18:35:09.000-0500",False,0.010977837833210123,0.0,2.8956257186438916e-10,0.16595927440248362,"S"
"TESB-16832","Change request","2015-11-25T04:45:08.000-0600",False,0.02219260295515085,0.0,2.3039855954386144e-18,0.28920356788115487,"S"
"TESB-16152","Bug","2015-08-12T03:04:45.000-0500",False,0.05279606447273079,0.0,7.246167730529666e-18,0.4998051662383661,"S"
"TESB-15870","New Feature","2015-06-09T11:23:10.000-0500",False,0.009493929112774925,0.0,7.389461661715463e-19,0.14663197712079648,"S"
"TESB-15629","New Feature","2015-04-28T09:15:25.000-0500",False,0.01870848358380791,0.0,1.697528452398688e-18,0.25472019499968845,"S"
"TESB-15385","Bug","2015-05-29T04:31:55.000-0500",False,0.047776630874264814,0.0,2.1812026206256975e-19,0.47353361514400855,"S"
"TESB-15339","Change request","2015-05-21T03:39:33.000-0500",False,0.012157332827847755,0.0,1.1692777647020065e-19,0.18074732427902448,"S"
"TESB-14767","New Feature","2015-01-08T03:17:12.000-0600",False,0.01168301221784572,0.0,1.8535751538955997e-12,0.17485974072918992,"S"
"TESB-14046","Change request","2014-08-06T09:51:49.000-0500",False,0.0075692761534698,0.0,2.594918537946245e-19,0.12028211430248893,"S"
"TESB-14035","Work Item","2014-08-05T08:42:39.000-0500",False,0.026511547779201002,0.0,2.838457479617938e-19,0.32805237416279787,"S"
"TESB-13817","Change request","2014-07-01T09:54:00.000-0500",False,0.008870029603759095,0.0,5.476554413803084e-15,0.13825386661690284,"S"
"TESB-13290","Bug","2014-04-02T15:39:11.000-0500",False,0.010552028147190027,0.0,1.0,0.1604975566338271,"S"
"TESB-13050","Change request","2014-03-05T06:04:36.000-0600",False,0.006047842585644853,0.0,7.029119844669795e-19,0.09835042944139923,"S"
"TESB-12834","New Feature","2014-02-11T03:28:08.000-0600",False,0.002903111000515554,0.0,7.97716363814544e-15,0.04960591744044344,"S"
"TESB-12363","Bug","2013-12-13T08:05:08.000-0600",False,0.012815241371354093,0.0,4.489545675847022e-15,0.1887851126472194,"S"
"TESB-11727","Bug","2013-10-24T08:58:37.000-0500",False,0.008389498166264716,0.0,4.740438662593646e-16,0.13169535900120244,"S"
"TESB-11726","Bug","2013-10-24T08:37:45.000-0500",True,0.003919608723109475,0.0,1.7332462466973176e-17,0.06589429724534075,"S"
"TESB-11718","Bug","2013-10-24T01:16:20.000-0500",False,0.005026023068256119,0.0,4.577982031055505e-21,0.08303636873332382,"S"
"TESB-11540","Bug","2013-10-11T04:36:11.000-0500",False,0.008932722195175852,0.0,5.946892976600479e-19,0.13910268866761447,"S"
"TESB-11450","Change request","2013-10-07T07:23:32.000-0500",False,0.002065374724220233,0.0,2.338994850614907e-14,0.03577492007363862,"S"
"TESB-11339","Change request","2013-09-27T07:49:55.000-0500",False,0.007667648529433266,0.0,1.108351510567613e-18,0.12166575246190739,"S"
"TESB-11324","Change request","2013-09-26T11:31:24.000-0500",False,0.012344323256725343,0.0,9.460506164908847e-16,0.18304688307345526,"S"
"TESB-11321","Change request","2013-09-26T11:07:58.000-0500",False,0.0368251095999853,0.0,4.361580819057299e-19,0.4066680833643406,"S"
"TESB-11312","Change request","2013-09-26T07:25:53.000-0500",False,0.009140468844866316,0.0,1.1038714507923753e-18,0.14190430947973345,"S"
"TESB-11241","Bug","2013-09-19T02:18:29.000-0500",False,0.005731991449899637,0.0,2.0090915169625226e-10,0.09366831611311943,"S"
"TESB-11142","Bug","2013-09-09T14:20:39.000-0500",False,0.0060151247274080975,0.0,2.932571363813876e-18,0.09786753613717683,"S"
"TESB-11128","Change request","2013-09-06T08:37:48.000-0500",False,0.006956764663281218,0.0,1.5464601134358538e-15,0.11157420401277401,"S"
"TESB-11025","Change request","2013-09-02T10:16:04.000-0500",False,0.012679860623900337,0.0,3.199406771404908e-12,0.18714318537797173,"S"
"TESB-10961","Change request","2013-08-30T05:26:10.000-0500",False,0.007923111072699954,0.0,4.143316907534337e-15,0.12523993719165558,"S"
"TESB-10955","New Feature","2013-08-30T01:28:50.000-0500",False,0.004337971867633398,0.0,8.218339229276066e-18,0.07244647347790789,"S"
"TESB-10951","Work Item","2013-08-29T09:47:37.000-0500",False,0.0021352184708132212,0.0,5.386221584918462e-20,0.03694250334371677,"S"
"TESB-10950","New Feature","2013-08-29T09:42:24.000-0500",False,0.010497807500667108,0.0,1.889269438173042e-17,0.1597972882902475,"S"
"TESB-10948","Change request","2013-08-29T09:40:16.000-0500",False,0.0028262644153269852,0.0,1.6342044899870307e-17,0.04835277750164269,"S"
"TESB-10730","Work Item","2013-08-09T05:06:18.000-0500",False,0.0053583856442667695,0.0,5.310011841504925e-16,0.08807080078533366,"S"
"TESB-10715","Change request","2013-08-08T05:26:17.000-0500",False,0.007343163448349515,0.0,1.6380598612499837e-18,0.11708623167855206,"S"
"TESB-10711","Change request","2013-08-08T05:09:47.000-0500",False,0.011233556967603591,0.0,5.830728442706063e-19,0.1692075045150172,"S"
"TESB-10673","Bug","2013-08-06T05:59:13.000-0500",False,0.013191275513871479,0.0,6.982930454594221e-14,0.1933134634171068,"S"
"TESB-10672","Bug","2013-08-06T05:32:07.000-0500",False,0.008254374742685944,0.0,1.53780605333932e-18,0.12983427143107767,"S"
"TESB-10648","Change request","2013-08-02T05:28:33.000-0500",False,0.0065555741638621086,0.0,3.6129202395811796e-12,0.10578249525331354,"S"
"TESB-10617","Bug","2013-07-31T00:52:13.000-0500",False,0.016202564201551962,0.0,0.9999999987315391,0.2279448851799741,"S"
"TESB-10601","New Feature","2013-07-29T08:44:14.000-0500",False,0.00744911159070891,0.0,1.560396347158375e-15,0.11858641018878961,"S"
"TESB-10600","New Feature","2013-07-29T08:42:09.000-0500",False,0.00452228582708197,0.0,5.333138226250207e-13,0.0753057447781352,"S"
"TESB-10594","New Feature","2013-07-29T06:23:34.000-0500",False,0.009402173692020047,0.0,5.769927798947874e-18,0.1454094030630032,"S"
"TESB-10587","New Feature","2013-07-29T04:12:57.000-0500",False,0.03112241372033545,0.0,2.9933440388969923e-20,0.36542102084447003,"S"
"TESB-10585","New Feature","2013-07-29T04:00:58.000-0500",False,0.00647734199690717,1.0,4.380968317619504e-20,0.10464485227388938,"S"
"TESB-10584","New Feature","2013-07-29T04:00:40.000-0500",False,0.015300640398361761,0.0,2.2201262413744428e-16,0.21786644759023815,"S"
"TESB-10521","New Feature","2013-07-19T08:48:34.000-0500",False,0.006289798493015145,0.0,1.4625067093072746e-14,0.10190652811360212,"S"
"TESB-10461","Change request","2013-07-18T03:23:03.000-0500",False,0.038672464436092416,0.0,4.540755722054913e-18,0.41899779059729786,"S"
"TESB-10453","Change request","2013-07-17T17:26:18.000-0500",False,0.005779246598601428,0.0,1.8088704081686708e-16,0.09437171789723886,"S"
"TESB-10449","New Feature","2013-07-17T17:01:14.000-0500",False,0.01138794062699368,0.0,2.5925537165974194e-16,0.17115712448334436,"S"
"TESB-10446","New Feature","2013-07-17T10:31:30.000-0500",False,0.004957455260025624,0.0,3.3581879831517315e-17,0.08199124114159709,"S"
"TESB-10393","New Feature","2013-07-15T06:25:26.000-0500",True,0.001069829878646344,0.0,4.175866548877583e-17,0.018837531960016987,"S"
"TESB-10392","New Feature","2013-07-15T06:25:11.000-0500",True,0.011929149843689636,0.0,1.232267851810959e-13,0.1779247830482288,"S"
"TESB-10375","New Feature","2013-07-12T09:11:15.000-0500",False,0.00529098768709253,0.0,1.7820633630445407e-11,0.08705409872834413,"S"
"TESB-10374","New Feature","2013-07-12T09:09:37.000-0500",False,0.005368332383540813,0.0,2.8479070546811907e-07,0.08822066784059811,"S"
"TESB-10373","New Feature","2013-07-12T09:07:40.000-0500",False,0.007127921228527429,0.0,0.11361269654320652,0.11402371193617632,"S"
"TESB-10368","New Feature","2013-07-12T07:20:38.000-0500",False,0.0024460285772763225,0.0,4.510293580238256e-08,0.042106192603148546,"S"
"TESB-10364","New Feature","2013-07-12T04:20:07.000-0500",False,0.012449010634946264,0.0,9.053379114904927e-18,0.18432905080303713,"S"
"TESB-10344","New Feature","2013-07-10T11:44:23.000-0500",False,0.006603608661212194,0.0,7.002604087610865e-16,0.10647966444262616,"S"
"TESB-10183","Bug","2013-06-26T08:05:07.000-0500",False,0.014647533594424092,0.0,0.999999999988006,0.21041445294463557,"S"
"TESB-10058","Work Item","2013-06-14T01:23:08.000-0500",False,0.036090875195233456,0.0,1.0910308688025343e-19,0.4016346874823309,"S"
"TESB-10037","New Feature","2013-06-11T04:50:39.000-0500",False,0.012504396658915768,0.0,1.0969947763829713e-08,0.18500587900002638,"S"
"TESB-9653","Change request","2013-05-14T10:46:19.000-0500",False,0.018716323312882723,0.0,3.2509920485910054e-20,0.25480125440002127,"S"
"TESB-9642","Bug","2013-05-14T03:18:07.000-0500",False,0.006239447558593647,0.0,1.0,0.10116867612188594,"S"
"TESB-9629","New Feature","2013-05-12T07:25:03.000-0500",False,0.006308029979170167,0.0,3.3872200188798252e-16,0.10217341548599851,"S"
"TESB-9479","New Feature","2013-04-29T08:06:09.000-0500",False,0.005571802111857309,0.0,3.002408151964503e-14,0.09127621656040798,"S"
"TESB-9355","Change request","2013-04-24T10:46:16.000-0500",False,0.006453112863860773,0.0,6.855841126401222e-15,0.10429196416897298,"S"
"TESB-9347","New Feature","2013-04-24T08:17:07.000-0500",False,0.014616764009059547,0.0,0.0005296185583964595,0.21006011180043205,"S"
"TESB-9328","Bug","2013-04-23T12:26:50.000-0500",False,0.013495110293724981,0.0,3.132286255530784e-17,0.196938084270922,"S"
"TESB-9327","Bug","2013-04-23T11:07:50.000-0500",False,0.010796284946985292,1.0,5.904105693866787e-19,0.16363869696340597,"S"
"TESB-9312","Change request","2013-04-22T07:48:53.000-0500",True,0.031158297092773377,0.0,2.055080635077844e-13,0.36569686103482896,"S"
"TESB-9311","Change request","2013-04-22T07:47:14.000-0500",False,0.04163217111736736,0.0,1.039719416114614e-17,0.43780872762812517,"S"
"TESB-9310","Bug","2013-04-22T07:32:20.000-0500",False,0.009210718177585115,0.0,5.326082064136349e-16,0.14284781826948867,"S"
"TESB-9288","Bug","2013-04-18T12:16:52.000-0500",False,0.00706089507593073,0.0,3.966174009371647e-17,0.11306597712271019,"S"
"TESB-9100","Bug","2013-04-10T04:02:53.000-0500",False,0.024893936416158273,0.0,3.8732993836262535e-18,0.3139700773824325,"S"
"TESB-9055","Bug","2013-04-04T15:04:56.000-0500",False,0.011204410326561475,0.0,5.850320342769918e-17,0.16883846764742827,"S"
"TESB-9005","Bug","2013-04-02T10:42:46.000-0500",False,0.014772574844405946,0.0,9.134349283343433e-20,0.21185138421409522,"S"
"TESB-8971","Work Item","2013-04-01T09:34:34.000-0500",False,0.018631351300082123,0.0,2.3193411834614353e-19,0.2539218085689948,"S"
"TESB-8953","Bug","2013-03-29T16:30:24.000-0500",False,0.010853491281142042,0.0,0.9999999999997158,0.16437119855160953,"S"
"TESB-8910","Bug","2013-03-27T08:59:35.000-0500",False,0.02847000181397025,0.0,1.5870150333572873e-15,0.3444054923912756,"S"
"TESB-8645","Change request","2013-03-07T00:30:02.000-0600",False,0.006063473131201096,0.0,3.9290306100973636e-16,0.09858095442357033,"S"
"TESB-8637","Change request","2013-03-06T08:24:12.000-0600",True,0.008244697554756993,0.0,2.8024205200013956e-12,0.12970069850419028,"S"
"TESB-8606","New Feature","2013-03-04T06:09:55.000-0600",False,0.007892031379458108,0.0,1.3315544277354194e-13,0.12480655711925576,"S"
"TESB-8367","Change request","2013-02-06T12:17:46.000-0600",False,0.009601905502600754,0.0,4.95090958975714e-19,0.14806649976685649,"S"
"TESB-8360","Bug","2013-02-06T09:03:50.000-0600",False,0.022012361534151707,0.0,1.0,0.28749234659411416,"S"
"TESB-8357","Change request","2013-02-06T03:39:09.000-0600",False,0.00531051321078258,0.0,2.9634516238047384e-17,0.08734886136713879,"S"
"TESB-8344","New Feature","2013-02-01T06:08:57.000-0600",False,0.012330418802178765,0.0,3.409839750178596e-16,0.18287630424184326,"S"
"TESB-8273","Bug","2013-01-25T02:46:57.000-0600",False,0.020593418722427415,1.0,1.905260192450663e-18,0.2737504266190765,"S"
"TESB-8126","New Feature","2013-01-16T05:44:01.000-0600",True,0.013001629733193751,0.0,1.119775921628415e-17,0.1910355800647986,"S"
"TESB-8125","New Feature","2013-01-16T05:42:01.000-0600",False,0.0015696259433830857,0.0,4.108193356603079e-21,0.027410161468359572,"S"
"TESB-8104","Change request","2013-01-14T04:07:13.000-0600",False,0.003146310290035013,1.0,3.732062420287445e-13,0.053551378568104546,"S"
"TESB-8084","New Feature","2013-01-10T03:59:34.000-0600",False,0.00226938199614231,0.0,3.1982446196559545e-08,0.03917786688793263,"S"
"TESB-8082","New Feature","2013-01-10T03:52:57.000-0600",False,0.0058688784110996015,0.0,1.2067833561411468e-17,0.09570309225872072,"S"
"TESB-8066","New Feature","2013-01-09T08:12:09.000-0600",True,0.018577551997017966,0.0,1.7060405180786818e-14,0.2533639999293499,"S"
"TESB-8002","Bug","2013-01-03T09:02:23.000-0600",False,0.017070731095201973,0.0,3.1369328161725004e-18,0.2374206030454812,"S"
"TESB-7974","Bug","2012-12-26T23:02:39.000-0600",False,0.007103343133739082,0.0,3.923981879864442e-08,0.11367274148358743,"S"
"TESB-7920","New Feature","2012-12-20T09:11:22.000-0600",False,0.009067144568225738,0.0,8.837462589320174e-13,0.14091742667835763,"S"
"TESB-7876","New Feature","2012-12-13T03:47:12.000-0600",True,0.003989833374526943,0.0,7.493000143660077e-14,0.06700018867323927,"S"
"TESB-7857","New Feature","2012-12-12T02:19:41.000-0600",False,0.010405625139165934,0.0,9.21453581611625e-12,0.158604229797973,"S"
"TESB-7832","Bug","2012-12-07T00:10:42.000-0600",False,0.014615555656904004,0.0,2.0971631476662025e-18,0.21004619043370892,"S"
"TESB-7760","Change request","2012-11-28T08:10:35.000-0600",False,0.00657508350484135,0.0,7.300031382546925e-21,0.10606577543198766,"S"
"TESB-7759","Bug","2012-11-28T08:07:24.000-0600",False,0.00333875335556051,0.0,2.6834128498496444e-17,0.05665162278398519,"S"
"TESB-7756","Bug","2012-11-28T04:46:03.000-0600",False,0.006930570277118156,0.0,3.292507935716413e-12,0.11119820212767076,"S"
"TESB-7629","Change request","2012-11-19T06:03:52.000-0600",False,0.06296330034749507,0.0,3.739052082831852e-18,0.5463981288768153,"S"
"TESB-7621","Bug","2012-11-16T11:06:50.000-0600",False,0.005969902610708012,0.0,1.555183659598129e-16,0.09719928876061246,"S"
"TESB-7577","Bug","2012-11-13T07:36:59.000-0600",True,0.010921053841861806,0.0,1.0,0.1652347649954824,"S"
"TESB-7373","New Feature","2012-10-29T10:30:18.000-0500",False,0.003251845217312884,0.0,2.764816576210405e-19,0.05525390939021961,"S"
"TESB-7362","New Feature","2012-10-26T13:24:27.000-0500",False,0.0013229572693030356,0.0,1.5278221142951414e-15,0.023196968436885467,"S"
"TESB-7360","New Feature","2012-10-26T13:21:02.000-0500",False,0.0033716261773577734,0.0,4.4021929898949304e-10,0.05717929091894681,"S"
"TESB-7354","Bug","2012-10-26T00:51:36.000-0500",False,0.02232042025313454,0.0,4.1278317668423406e-18,0.2904124792460199,"S"
"TESB-7276","Bug","2012-10-12T02:17:59.000-0500",False,0.022632355230984894,0.0,1.0,0.2933469195665613,"S"
"TESB-7271","Bug","2012-10-11T07:29:30.000-0500",False,0.026807964345109667,0.0,0.012690636833543916,0.33057535368279667,"S"
"TESB-7260","Bug","2012-10-10T09:49:16.000-0500",False,0.00826791010320842,0.0,4.232626814605808e-15,0.13002103380177285,"S"
"TESB-7162","Bug","2012-09-28T04:45:54.000-0500",False,0.03995705434615896,0.0,2.434240123331765e-17,0.42730032467359813,"S"
"TESB-7160","Change request","2012-09-28T04:43:56.000-0500",False,0.010584523329316446,0.0,4.582281381556395e-20,0.16091671470204988,"S"
"TESB-7115","Change request","2012-09-26T02:47:30.000-0500",False,0.0035846418886252367,0.0,1.2384890258221028e-13,0.06058516030119276,"S"
"TESB-7068","Bug","2012-09-17T01:48:30.000-0500",False,0.005991552278856685,0.0,8.4366296333296e-08,0.09751932187781202,"S"
"TESB-7042","Bug","2012-09-12T02:26:40.000-0500",False,0.00467681272211228,0.0,2.9706629760135763e-18,0.07769018745249044,"S"
"TESB-6967","New Feature","2012-09-05T10:29:08.000-0500",False,0.02547983255785182,0.0,4.36097486806255e-14,0.31913289570853764,"S"
"TESB-6966","New Feature","2012-09-05T10:23:06.000-0500",True,0.02675104263831744,0.0,1.4774011080621791e-18,0.3300922107532653,"S"
"TESB-6964","New Feature","2012-09-05T10:17:21.000-0500",False,0.008826348095183059,0.0,3.2877798032734786e-21,0.13766151733787596,"S"
"TESB-6925","New Feature","2012-09-04T10:26:36.000-0500",False,0.0015251757847523824,0.0,8.287182336161479e-13,0.02665346953014455,"S"
"TESB-6922","Change request","2012-09-04T04:14:17.000-0500",False,0.0006986132616356712,0.0,9.708170743892465e-20,0.012377552304988585,"S"
"TESB-6871","Bug","2012-08-23T09:17:14.000-0500",False,0.006242965581375886,0.0,0.011232925065054626,0.10122026684682948,"S"
"TESB-6791","Work Item","2012-08-16T02:51:17.000-0500",False,0.011974182040891542,0.0,7.489449756573845e-11,0.17848325095093673,"S"
"TESB-6790","Work Item","2012-08-16T02:49:06.000-0500",False,0.010109609990357935,0.0,2.2213118865717198e-18,0.15475159558215973,"S"
"TESB-6787","Work Item","2012-08-16T02:33:48.000-0500",False,0.0015450928855605538,0.0,3.047624000784089e-20,0.02699266311460839,"S"
"TESB-6700","Bug","2012-08-08T05:07:57.000-0500",False,0.005972474294644887,0.0,1.0,0.09723731545912732,"S"
"TESB-6587","Bug","2012-07-24T04:48:54.000-0500",False,0.006782552227195095,0.0,1.0,0.10906788752303968,"S"
"TESB-6527","Bug","2012-07-19T00:30:07.000-0500",False,0.005509779446546231,0.0,2.776973131608287e-16,0.09034684862754701,"S"
"TESB-6508","New Feature","2012-07-16T09:51:01.000-0500",False,0.0029475514587305788,0.0,4.057181503908297e-14,0.050329192445093235,"S"
"TESB-6507","Change request","2012-07-16T09:49:24.000-0500",False,0.014253778897149143,0.0,2.1055912426361047e-16,0.20585754658120906,"S"
"TESB-6453","New Feature","2012-07-10T10:26:32.000-0500",True,0.0025044732498346847,0.0,1.4624245704375139e-10,0.043071349629263865,"S"
"TESB-6452","New Feature","2012-07-10T10:25:30.000-0500",True,0.0019467418808078532,0.0,6.881469525757932e-16,0.03378560055977257,"S"
"TESB-6448","Change request","2012-07-10T06:04:20.000-0500",True,0.020793053537869234,0.0,2.970991904373907e-17,0.27571332874200233,"S"
"TESB-6367","Bug","2012-07-04T08:44:13.000-0500",False,0.004610266532539652,0.0,5.8549255153087064e-15,0.07666475835298926,"S"
"TESB-6365","Bug","2012-07-04T08:31:26.000-0500",False,0.017884184535280685,0.0,1.3204436371688531e-15,0.24610514776377268,"S"
"TESB-6311","Bug","2012-06-28T01:37:04.000-0500",False,0.012027473503928143,0.0,1.0,0.1791432324629113,"S"
"TESB-6195","Change request","2012-06-15T03:49:27.000-0500",False,0.013838834699410558,0.0,1.686814573304881e-18,0.2010021558805839,"S"
"TESB-6193","Change request","2012-06-15T02:56:15.000-0500",False,0.041094033659055215,0.0,1.340877815016197e-18,0.43447118133499474,"S"
"TESB-6192","Change request","2012-06-15T02:55:27.000-0500",False,0.019896416646615647,0.0,1.5129191925945595e-12,0.2668193702363971,"S"
"TESB-6095","Change request","2012-06-04T03:56:44.000-0500",False,0.005264246904013418,0.0,6.713097580724949e-19,0.086650122285288,"S"
"TESB-6094","Change request","2012-06-04T03:53:45.000-0500",False,0.03229778989997904,0.0,1.2275725940220445e-18,0.37434361800691646,"S"
"TESB-6086","Bug","2012-05-31T07:03:05.000-0500",False,0.03673099481149236,0.0,5.586611316921378e-12,0.4060272090348455,"S"
"TESB-6084","Bug","2012-05-31T06:54:40.000-0500",False,0.002506649774198545,0.0,8.025819296859116e-16,0.043107257435061025,"S"
"TESB-6071","Bug","2012-05-29T03:25:33.000-0500",False,0.0054112710216352505,0.0,6.992664495908696e-19,0.08886709174569765,"S"
"TESB-6060","Bug","2012-05-25T03:20:31.000-0500",False,0.005081049309392834,0.0,7.278526961333021e-12,0.08387347669382225,"S"
"TESB-5792","New Feature","2012-05-07T04:16:52.000-0500",False,0.004983337639264457,0.0,4.0466927202231947e-19,0.08238600967339356,"S"
"TESB-5791","New Feature","2012-05-07T04:07:58.000-0500",False,0.002230585453220614,0.0,1.3391970327683823e-18,0.038532464382311477,"S"
"TESB-5777","Change request","2012-05-03T09:10:49.000-0500",False,0.003948957285116415,0.0,3.9316598853083907e-19,0.06635677547881695,"S"
"TESB-5774","Change request","2012-05-03T04:42:30.000-0500",False,0.003663411364280917,0.0,5.969979137714311e-20,0.06183873396440181,"S"
"TESB-5704","Bug","2012-04-24T04:28:09.000-0500",False,0.004835252479281943,0.0,4.7473794004913435e-21,0.0801230362479137,"S"
"TESB-5594","Work Item","2012-04-16T16:42:18.000-0500",False,0.009771301259349182,0.0,1.11369743376074e-12,0.15030794410649323,"S"
"TESB-5519","Bug","2012-04-11T08:11:26.000-0500",False,0.0037294543195274957,0.0,2.0520400575090037e-21,0.06288734858853039,"S"
"TESB-5444","Bug","2012-04-03T09:35:43.000-0500",False,0.006770244181815702,0.0,5.3566560989568645e-21,0.10889031560515436,"S"
"TESB-5344","New Feature","2012-03-27T02:57:00.000-0500",False,0.03933090391834606,0.0,4.213734226639439e-19,0.42328048001093405,"S"
"TESB-5334","Change request","2012-03-25T10:22:15.000-0500",False,0.002505429561313108,0.0,3.793113738311473e-17,0.0430871269519598,"S"
"TESB-5332","Bug","2012-03-25T09:08:27.000-0500",False,0.02711234862347651,0.0,3.572045989514077e-18,0.33314809166650206,"S"
"TESB-5329","Change request","2012-03-25T08:13:03.000-0500",False,0.004802639649797274,0.0,3.5180828937380477e-17,0.07962325133126459,"S"
"TESB-5328","Change request","2012-03-25T08:08:00.000-0500",False,0.006490807612479369,0.0,5.365094197487055e-16,0.10484086109339773,"S"
"TESB-5326","Change request","2012-03-24T10:13:15.000-0500",False,0.002389989163980741,0.0,8.877694034420308e-11,0.041179032468442955,"S"
"TESB-5324","Change request","2012-03-23T16:58:29.000-0500",False,0.005600797224252183,0.0,6.159406266466851e-16,0.0917100774189464,"S"
"TESB-5258","Change request","2012-03-21T09:14:49.000-0500",False,0.0037610916019341066,0.0,2.6337765948382277e-06,0.06338889712375088,"S"
"TESB-5241","Bug","2012-03-19T13:24:32.000-0500",False,0.00390261616663623,0.0,1.8553875641943734e-14,0.0656263294336472,"S"
"TESB-5229","Bug","2012-03-16T09:55:22.000-0500",False,0.00700292370505415,0.0,3.913099857457571e-14,0.1122360589317593,"S"
"TESB-5162","Bug","2012-03-09T01:59:57.000-0600",False,0.012974167138325096,0.0,1.0931004977966738e-09,0.19070472596339266,"S"
"TESB-5154","Bug","2012-03-08T12:00:58.000-0600",False,0.00865645398636068,0.0,1.4606727200788285e-15,0.13535037979661918,"S"
"TESB-5079","New Feature","2012-03-06T10:01:26.000-0600",False,0.005169969021468638,0.0,3.621871522290594e-14,0.08522317142424975,"S"
"TESB-5071","Bug","2012-03-06T04:11:48.000-0600",False,0.020216246330506105,0.0,1.412342497691669e-19,0.27001491576219955,"S"
"TESB-5058","Bug","2012-03-02T04:04:46.000-0600",True,0.011873157030874451,0.0,2.72639254187463e-16,0.17722939807050045,"S"
"TESB-5012","Bug","2012-02-29T06:49:17.000-0600",False,0.024294512093657034,0.0,7.391621687828861e-09,0.3086129554076735,"S"
"TESB-4997","Work Item","2012-02-28T09:38:33.000-0600",False,0.012566701860716203,0.0,9.028580837186084e-18,0.1857660101918731,"S"
"TESB-4992","Bug","2012-02-28T04:23:39.000-0600",False,0.0042303074845048885,0.0,7.641047083233659e-21,0.07076856772491043,"S"
"TESB-4805","Bug","2012-02-09T02:06:58.000-0600",False,0.0032808356839993027,0.0,1.7350987332181683e-17,0.05572058603335081,"S"
"TESB-4773","Change request","2012-02-07T14:57:18.000-0600",False,0.008677802916584872,0.0,4.814052201325114e-18,0.13564143453967795,"S"
"TESB-4771","Bug","2012-02-07T13:35:03.000-0600",False,0.005371177119733675,0.0,0.9999999995689564,0.0882635208408082,"S"
"TESB-4750","Bug","2012-02-06T00:54:17.000-0600",True,0.01211756379615798,0.0,3.8547398343221536e-18,0.18025669755499396,"S"
"TESB-4568","Change request","2012-01-18T04:03:27.000-0600",False,0.010066871207526742,0.0,1.087656210827899e-10,0.15419262559176083,"S"
"TESB-4473","Bug","2012-01-05T12:11:06.000-0600",False,0.011589297177116068,0.0,1.0,0.17368713672850727,"S"
"TESB-4472","Bug","2012-01-05T10:48:50.000-0600",False,0.004238549585462417,0.0,2.863351303110668e-13,0.07089721922398128,"S"
"TESB-4414","Bug","2011-12-22T19:10:22.000-0600",False,0.005531240869528645,0.0,0.9999349349476195,0.09066863550877927,"S"
"TESB-4349","Change request","2011-12-21T14:08:48.000-0600",False,0.0024392140165756418,0.0,1.8192899983160692e-13,0.041993537367467006,"S"
"TESB-4339","Work Item","2011-12-21T02:40:30.000-0600",False,0.015040989995862435,0.0,1.2639898177547935e-19,0.2149195451931282,"S"
"TESB-4336","Bug","2011-12-21T02:08:53.000-0600",False,0.008074828385548537,0.0,5.891306470411233e-18,0.12734974816111178,"S"
"TESB-4335","New Feature","2011-12-20T09:27:50.000-0600",False,0.0013460940939701526,0.0,1.4214265893293577e-19,0.023593615986261515,"S"
"TESB-4327","Bug","2011-12-19T02:30:59.000-0600",False,0.008158958752194736,0.0,3.3181304995888063e-16,0.12851557788687118,"S"
"TESB-4304","Work Item","2011-12-13T20:58:38.000-0600",False,0.006904169923363114,0.0,2.3374640430645754e-18,0.11081894165283801,"S"
"TESB-4291","Bug","2011-12-13T05:52:29.000-0600",False,0.007751701819237155,0.0,5.585387616663756e-12,0.12284476103781929,"S"
"TESB-4288","Bug","2011-12-13T01:58:39.000-0600",False,0.005529713708550105,0.0,3.5686831097264363e-20,0.09064574472730615,"S"
"TESB-4283","Change request","2011-12-13T02:11:24.000-0600",False,0.016986680482858445,0.0,8.659384963259e-17,0.23651267884709448,"S"
"TESB-4280","Bug","2011-12-12T22:04:27.000-0600",False,0.05344905623534615,0.0,1.4439202070730486e-18,0.5030506172330789,"S"
"TESB-4211","Change request","2011-12-04T20:14:26.000-0600",False,0.0051668413229850095,0.0,2.6552397140551147e-14,0.08517576010482236,"S"
"TESB-4145","Bug","2011-11-28T07:33:08.000-0600",False,0.029665613753363913,0.0,4.0513222832869956e-19,0.3540340453729939,"S"
"TESB-4142","Bug","2011-11-28T07:02:48.000-0600",False,0.017242163167880707,0.0,8.523627754830158e-18,0.23926623260365082,"S"
"TESB-4044","Bug","2011-11-22T03:44:41.000-0600",True,0.013212773362741523,0.0,7.054420293262198e-20,0.1935709253196343,"S"
"TESB-3985","New Feature","2011-11-17T04:53:40.000-0600",False,0.01063635690046913,0.0,1.623784400216056e-12,0.1615845114962155,"S"
"TESB-3982","Bug","2011-11-17T03:49:19.000-0600",False,0.0015073113984083104,0.0,4.5933602719836244e-17,0.026349044501007588,"S"
"TESB-3953","Change request","2011-11-16T00:40:38.000-0600",False,0.012337551490788749,0.0,1.1211997448400994e-16,0.1829638158413908,"S"
"TESB-3950","Bug","2011-11-15T09:38:45.000-0600",False,0.01693930057316079,0.0,0.004056668883019265,0.23599999082942966,"S"
"TESB-3856","Bug","2011-11-09T06:20:57.000-0600",False,0.005435423015447822,0.0,7.581783599183879e-09,0.08923031216168538,"S"
"TESB-3837","Bug","2011-11-08T05:16:36.000-0600",False,0.008390165615416357,0.0,1.0611230582784007e-17,0.13170453343731342,"S"
"TESB-3803","New Feature","2011-11-03T18:00:36.000-0500",False,0.01221114704633963,0.0,3.7271630730087775e-17,0.1814103536000843,"S"
"TESB-3665","Bug","2011-10-27T09:04:04.000-0500",False,0.006403062657998621,0.0,8.835943194495912e-10,0.10356217505139531,"S"
"TESB-3663","Change request","2011-10-27T08:00:15.000-0500",False,0.004168208848832,0.0,8.882892982818114e-13,0.06979818797819244,"S"
"TESB-3654","Change request","2011-10-26T10:36:28.000-0500",False,0.0013279141109311652,0.0,2.305609843682209e-11,0.023281971925693177,"S"
"TESB-3650","Bug","2011-10-26T05:44:41.000-0500",False,0.009695933257901829,0.0,0.9334743670669312,0.14931203832168377,"S"
"TESB-3596","Bug","2011-10-21T03:46:36.000-0500",False,0.009140986232223702,0.0,1.6535832259389042e-15,0.1419112655387847,"S"
"TESB-3590","New Feature","2011-10-20T08:54:05.000-0500",False,0.00795962175848332,0.0,1.7830193715267323e-16,0.125748534558047,"S"
"TESB-3552","New Feature","2011-10-20T04:59:38.000-0500",False,0.019748830372160783,0.0,4.72527459899862e-19,0.2653360332421109,"S"
"TESB-3494","New Feature","2011-10-14T02:15:39.000-0500",False,0.003045129330801021,0.0,7.1746847698173154e-12,0.05191365617001222,"S"
"TESB-3487","New Feature","2011-10-13T09:08:39.000-0500",False,0.00115709134111744,0.0,2.5413644572824495e-14,0.020344513564509822,"S"
"TESB-3356","Work Item","2011-09-30T04:18:03.000-0500",False,0.01848648827683937,0.0,4.689078173247262e-17,0.25241805832030184,"S"
"TESB-3292","Change request","2011-09-28T03:27:58.000-0500",False,0.02064830387360813,0.0,1.400772903417375e-18,0.2742910626813015,"S"
"TESB-3278","Bug","2011-09-27T09:25:51.000-0500",False,0.008002094037265546,0.0,0.9980108551328765,0.12633948086099267,"S"
"TESB-3105","New Feature","2011-09-14T05:11:16.000-0500",False,0.004804875565972051,0.0,3.436650504696568e-20,0.07965753258098328,"S"
"TESB-3060","New Feature","2011-09-13T03:45:08.000-0500",False,0.004676624884481444,0.0,3.65086390642796e-16,0.07768729602184876,"S"
"TESB-3057","New Feature","2011-09-13T02:26:16.000-0500",False,0.005698352301377073,0.0,2.976500569169704e-20,0.09316696573528821,"S"
"TESB-3056","New Feature","2011-09-13T02:20:38.000-0500",True,0.022489122504898394,1.0,3.223290539205134e-19,0.2920022849240762,"S"
"TESB-3007","Bug","2011-09-07T22:38:56.000-0500",False,0.01369404801204813,0.0,1.8422465471506612e-06,0.19929493092885803,"S"
"TESB-2972","New Feature","2011-09-06T15:24:37.000-0500",False,0.011512975031460678,0.0,2.55311677685877e-18,0.17272985999506907,"S"
"TESB-2752","Work Item","2011-08-17T07:13:42.000-0500",False,0.041037390405700015,1.0,5.4022925685473806e-20,0.4341177909264328,"S"
"TESB-2747","Work Item","2011-08-17T06:22:09.000-0500",False,0.002000920236450485,1.0,1.9349548142666235e-18,0.03469506029998264,"S"
"TESB-2719","Work Item","2011-08-17T01:58:09.000-0500",False,0.001989458686546628,0.0,6.752668013569258e-16,0.03450279668159342,"S"
"TESB-2708","Work Item","2011-08-16T03:11:58.000-0500",False,0.03267252627636113,1.0,1.1183629249874675e-19,0.37714028143938616,"S"
"TESB-2701","New Feature","2011-08-15T07:28:11.000-0500",False,0.003880383392221745,0.0,7.40510767097999e-17,0.06527550642657866,"S"
"TESB-2692","New Feature","2011-08-14T17:13:48.000-0500",False,0.002134905862026923,0.0,2.0345213706472733e-19,0.036937283374725884,"S"
"TESB-2687","New Feature","2011-08-14T17:06:22.000-0500",False,0.009542625890409787,0.0,4.370520524906507e-17,0.14727949810156138,"S"
"TESB-2378","New Feature","2011-07-20T07:20:08.000-0500",False,0.0028690828035422182,0.0,1.638222059473109e-12,0.04905140200069496,"S"
"TESB-2359","Change request","2011-07-19T11:33:40.000-0500",False,0.0040947899315866235,0.0,3.940148063662176e-06,0.06864845155769432,"S"
"TESB-2336","New Feature","2011-07-19T07:58:00.000-0500",False,0.006935452324782044,0.0,7.111312158025297e-19,0.11126830309337857,"S"
"TESB-2335","New Feature","2011-07-19T07:55:34.000-0500",False,0.013765181145618916,0.0,1.0041002911454756e-11,0.2001345319607779,"S"
"TESB-2333","New Feature","2011-07-19T07:49:49.000-0500",True,0.015660239076032586,1.0,2.5226220112565297e-18,0.22191389729019703,"S"
"TESB-2316","Bug","2011-07-18T09:49:31.000-0500",False,0.016074967981123664,0.0,8.297146162328123e-20,0.22653376741443185,"S"
"TESB-2302","Bug","2011-07-15T10:33:42.000-0500",False,0.006252890904325695,0.0,6.473324181648103e-18,0.10136578871252751,"S"
"TESB-2155","New Feature","2011-07-06T09:26:19.000-0500",False,0.003054030022190037,0.0,3.8145575553247863e-19,0.05205793738452929,"S"
"TESB-2141","New Feature","2011-07-05T13:21:04.000-0500",False,0.02217767827702333,0.0,5.0233074150344346e-12,0.28906216050632527,"S"
"TESB-2117","Bug","2011-06-22T14:57:21.000-0500",False,0.008225012951337297,0.0,2.940987459913421e-16,0.12942887602905637,"S"
"TESB-2109","Bug","2011-06-21T11:36:54.000-0500",False,0.01418230660789696,0.0,2.2179219760004202e-17,0.20502514815707373,"S"
"TESB-2091","Bug","2011-06-20T14:40:41.000-0500",False,0.004691159489651072,0.0,5.491808408379938e-11,0.0779109804218681,"S"
"TESB-1645","New Feature","2011-05-19T11:23:58.000-0500",False,0.017175104215899562,0.0,1.8413362882446346e-18,0.238545267301543,"S"
"TESB-1577","Bug","2011-05-16T14:51:22.000-0500",False,0.0034762491672863656,0.0,0.9904005608055789,0.0588549874346237,"S"
"TESB-1446","New Feature","2011-04-28T10:54:21.000-0500",True,0.004398055302747824,0.0,8.099175293584034e-17,0.07338037488725882,"S"
"TESB-1339","New Feature","2011-04-14T11:30:53.000-0500",False,0.011976735588317548,0.0,1.902036927833703e-20,0.17851489762402367,"S"
"TESB-1337","Bug","2011-04-14T09:30:53.000-0500",False,0.004483452933473702,0.0,4.324639859684876e-14,0.07470470706594949,"S"
"TESB-1334","Bug","2011-04-13T15:38:46.000-0500",False,0.029607942977564417,0.0,4.185487781815959e-18,0.3535755678882306,"S"
"TESB-1311","Bug","2011-04-12T06:26:49.000-0500",False,0.006953769333634924,0.0,1.707059077796761e-15,0.11153122328025522,"S"
"TESB-1306","Change request","2011-04-11T15:08:36.000-0500",False,0.005990116323416499,0.0,1.7556747311387427e-17,0.09749810166650347,"S"
"TESB-1276","Bug","2011-04-11T10:45:49.000-0500",False,0.003197547196745959,0.0,6.7706491252156926e-21,0.05437867312631055,"S"
"TESB-1053","Work Item","2011-03-24T09:30:01.000-0500",False,0.02464607383630804,0.0,1.5586294008706838e-20,0.3117642035408771,"S"
"TESB-1052","New Feature","2011-03-24T07:04:46.000-0500",False,0.0016745975983524458,0.0,2.7435210579912447e-17,0.029192738736722533,"S"
"TESB-764","New Feature","2011-03-01T21:47:07.000-0600",False,0.008246651843377816,0.0,4.9077983770606745e-12,0.12972767638219784,"S"
"TESB-756","New Feature","2011-02-28T16:32:53.000-0600",False,0.011133358730315984,0.0,2.4451265377646505e-14,0.16793757213997473,"S"
"TESB-485","New Feature","2011-02-02T12:04:54.000-0600",False,0.003166646262491793,0.0,1.4052894999018281e-15,0.05387989550124387,"S"
"TESB-484","New Feature","2011-02-02T11:54:15.000-0600",False,0.002408423042327806,0.0,1.2513494246678206e-11,0.04148420358340866,"S"
"TESB-54","Bug","2010-12-13T16:36:54.000-0600",False,0.02348215199827159,0.0,1.6283984828164026e-14,0.30122865329040244,"S"
"TESB-1","Work Item","2010-12-07T12:59:30.000-0600",False,0.015187237274065192,0.0,1.0897616483158314e-18,0.21658191333854548,"S"
"TESB-369","Work Item","2011-01-17T09:40:43.000-0600",False,0.006852647559887788,0.0,7.793694166052076e-19,0.11007791026869544,"S"
"TESB-151","New Feature","2010-12-18T17:53:40.000-0600",False,0.016171680950711816,0.0,7.756995581930312e-16,0.22760377873079476,"S"
"TESB-39","New Feature","2010-12-10T13:59:28.000-0600",False,0.014817256068560406,0.0,4.21119947087983e-18,0.21236366623708292,"S"
"TESB-37","New Feature","2010-12-10T13:53:02.000-0600",True,0.005023623581989588,0.0,4.359905392097582e-19,0.08299983291953804,"S"
