"issue_key","issuetype","created","sp_change","text_multinomial","text_gaussian","text_bernoulli","text_complement","GROUP"
"TIMOB-24822","Bug","2017-06-14T21:50:39.000+0000",False,0.0038151084813165545,0.0,7.149853520645802e-13,0.06584404894028609,"A"
"TIMOB-23682","Bug","2016-07-26T06:18:35.000+0000",False,0.009831703933948145,0.0,5.435362353942692e-13,0.15451056000064403,"A"
"TIMOB-23569","Bug","2016-06-13T14:17:39.000+0000",False,0.014916808029125381,0.0,2.038340681048856e-10,0.21795425527649545,"A"
"TIMOB-25952","Bug","2018-04-10T14:00:34.000+0000",False,0.001853057597710465,0.0,0.22222245622593553,0.03303949327612061,"A"
"TIMOB-19533","Bug","2015-09-16T20:50:34.000+0000",False,0.011223223984913926,0.0,1.4301906698568634e-12,0.1728053860236029,"A"
"TIMOB-26550","Bug","2018-11-13T13:02:30.000+0000",False,0.0074345633363457255,0.0,0.9861010768827752,0.1211543786007303,"A"
"TIMOB-18452","Improvement","2015-01-27T23:34:58.000+0000",False,0.02907666952522922,0.0,2.862614214475642e-17,0.3553276326452537,"A"
"TIMOB-24400","New Feature","2017-02-13T17:24:49.000+0000",False,0.019826516989913015,0.0,0.0017316555204362266,0.2712875531144969,"A"
"TIMOB-19276","Story","2015-07-29T05:54:10.000+0000",False,0.0022342889078874667,0.0,2.0653052394831183e-17,0.03958230763181351,"A"
"TIMOB-26172","Bug","2018-06-30T02:49:09.000+0000",False,0.01365102446542117,0.0,4.40974579895962e-06,0.20301010868418878,"A"
"TIMOB-24565","Improvement","2017-04-07T14:20:56.000+0000",False,0.012602004960540135,0.0,0.9999285930319967,0.19021591328904133,"A"
"TIMOB-20478","Bug","2016-02-29T06:46:34.000+0000",False,0.006137328152048252,0.0,6.465986187865842e-17,0.10205470848631194,"A"
"TIMOB-24157","Bug","2016-11-18T01:18:15.000+0000",False,0.007388014608521611,0.0,2.556771932619328e-15,0.12048224352170836,"A"
"TIMOB-26758","Bug","2019-01-21T12:03:59.000+0000",False,0.0007432050437934197,0.0,6.482914007171254e-12,0.01350383562025689,"A"
"TIMOB-20090","Bug","2015-12-03T02:14:33.000+0000",False,0.022915591547199243,0.0,5.713169592687196e-16,0.3015040185249178,"A"
"TIMOB-24448","Bug","2017-03-02T01:44:07.000+0000",False,0.004778392075604589,0.0,8.343048727182955e-09,0.0811926384359384,"A"
"TIMOB-26981","Bug","2019-04-11T18:00:40.000+0000",False,0.020537090604638934,0.0,5.571690185298517e-08,0.27845015580653987,"A"
"TIMOB-24297","Bug","2017-01-05T16:49:34.000+0000",True,0.008331718885178715,0.0,1.0,0.13392292668041,"A"
"TIMOB-11049","Bug","2012-09-20T03:49:23.000+0000",False,0.0034679731078655616,0.0,0.9998135375564471,0.06019395744323598,"A"
"TIMOB-24933","Bug","2017-07-05T13:30:15.000+0000",False,0.006965908597425897,0.0,4.287336432757873e-13,0.11434295191530991,"A"
"TIMOB-23503","Bug","2016-06-13T07:14:37.000+0000",False,0.0011664645174759732,0.0,5.002045062986838e-08,0.021041320052125546,"A"
"TIMOB-23753","Bug","2016-08-10T13:23:27.000+0000",False,0.13316546975557478,0.0,1.0,0.7387253047023188,"A"
"TIMOB-24646","Bug","2017-05-02T03:00:04.000+0000",False,0.007158208310135503,0.0,1.1851102103056931e-12,0.11714978921471991,"A"
"TIMOB-19153","Bug","2015-07-03T00:46:38.000+0000",False,0.018724444897150833,0.0,0.6892975096752958,0.25991430598027826,"A"
"TIMOB-20329","New Feature","2016-02-04T03:56:41.000+0000",False,0.017788841713704946,0.0,4.644892819806447e-14,0.2499975241915331,"A"
"TIMOB-25174","Bug","2017-08-15T23:33:39.000+0000",False,0.0030113016513108526,0.0,1.889142835423475e-16,0.052662211373513484,"A"
"TIMOB-23797","Improvement","2016-08-22T05:18:41.000+0000",False,0.022977360900495097,0.0,3.408280273643419e-11,0.30208456001847517,"A"
"TIMOB-26402","Improvement","2018-09-20T12:36:20.000+0000",False,0.016318088686667277,0.0,6.390051599941157e-16,0.23390001974590696,"A"
"TIMOB-19528","Bug","2015-09-16T01:12:58.000+0000",False,0.007285179211977443,0.0,0.9999999910380097,0.11899393722584359,"A"
"TIMOB-6514","New Feature","2011-12-08T08:17:29.000+0000",False,0.009837491271698676,0.0,8.48640160402477e-17,0.154588215107645,"A"
"TIMOB-11188","Bug","2012-09-27T00:41:24.000+0000",False,0.0345610383294259,0.0,1.4397006333555953e-14,0.39717583487825175,"A"
"TIMOB-24183","Bug","2016-11-04T14:15:42.000+0000",False,0.00219701728909874,0.0,2.9930958701238166e-16,0.03894632847847605,"A"
"TIMOB-7564","New Feature","2012-02-06T18:46:44.000+0000",False,0.01055104139425759,0.0,3.093183331431931e-14,0.16406143187589975,"A"
"TIMOB-26565","Bug","2018-11-15T13:39:08.000+0000",False,0.008783618508136304,0.0,6.397870226761414e-10,0.1402234903812096,"A"
"TIMOB-25327","Bug","2017-09-21T10:25:28.000+0000",False,0.0016252128017545363,0.0,3.544544156562363e-14,0.029088835020311773,"A"
"TIMOB-23411","Bug","2016-05-19T10:35:54.000+0000",False,0.027654553844849286,0.0,1.9195846382995995e-13,0.3435956857291233,"A"
"TIMOB-26077","Bug","2018-05-30T14:09:14.000+0000",False,0.0042673090534834715,0.0,4.4753466844886657e-17,0.07310889960868022,"A"
"TIMOB-17806","Improvement","2014-09-29T22:24:17.000+0000",False,0.01555136069168156,0.0,2.66714755180544e-12,0.225250932275848,"A"
"TIMOB-26008","Bug","2018-05-03T08:16:00.000+0000",False,0.006127733961631579,0.0,2.9361665913429984e-10,0.10191054639960548,"A"
"TIMOB-24655","Bug","2017-04-30T14:53:38.000+0000",False,0.014590205325871679,0.0,1.6923671178593772e-10,0.21414857061742001,"A"
"TIMOB-25965","Improvement","2018-04-13T22:50:59.000+0000",False,0.02158542468750024,0.0,8.584458481466822e-16,0.28878223987091317,"A"
"TIMOB-19677","Story","2015-10-06T11:41:05.000+0000",False,0.012777464658726905,0.0,1.8435017695518236e-12,0.1923824958407882,"A"
"TIMOB-24958","Bug","2017-07-14T12:30:39.000+0000",False,0.027561097290875646,0.0,5.891723948960104e-07,0.3428109583642176,"A"
"TIMOB-7560","Bug","2012-02-06T16:52:12.000+0000",False,0.004538937429691263,0.0,7.085881688121417e-16,0.07742180761602509,"A"
"TIMOB-23307","Bug","2016-04-28T11:15:17.000+0000",False,0.007724281239848078,0.0,5.360855225090844e-16,0.12531614527928542,"A"
"TIMOB-25626","Bug","2017-12-23T03:41:30.000+0000",False,0.0028695125888272923,0.0,3.8105656733675384e-14,0.05030052750997597,"A"
"TIMOB-19565","Bug","2015-09-22T04:15:40.000+0000",False,0.004258273109575209,0.0,4.693496613792224e-11,0.07296477464649374,"A"
"TIMOB-23448","Improvement","2016-05-27T16:00:01.000+0000",False,0.005469922971286698,0.0,1.0630645724612042e-16,0.09192145826961798,"A"
"TIMOB-23591","Story","2016-07-01T14:53:15.000+0000",False,0.005101628664726314,0.0,8.989931265410099e-17,0.08623704654206112,"A"
"TIMOB-23377","Bug","2016-05-13T14:39:27.000+0000",True,0.001585323128279152,0.0,1.8892172364920386e-14,0.028394041454158726,"A"
"TIMOB-26000","New Feature","2018-05-01T10:15:10.000+0000",False,0.029147241594095548,0.0,6.954040622565345e-14,0.35589979231426555,"A"
"TIMOB-19212","Bug","2015-07-13T18:32:51.000+0000",False,0.036353957548792976,0.0,1.2537079228081097e-11,0.40979532651346245,"A"
"TIMOB-24695","Bug","2017-05-14T11:39:19.000+0000",False,0.00642130850129408,0.0,3.8154346871043575e-08,0.1063021794677242,"A"
"TIMOB-11049","Bug","2012-09-20T03:49:23.000+0000",False,0.0034679731078655616,0.0,0.9998135375564471,0.06019395744323598,"A"
"TIMOB-23903","New Feature","2016-09-14T18:17:50.000+0000",False,0.01731976958253104,0.0,1.0790962113154802e-15,0.24493226865747442,"A"
"TIMOB-25776","Bug","2018-01-29T13:31:11.000+0000",False,0.003468322787344787,0.0,2.501060458269684e-13,0.06019968134012962,"A"
"TIMOB-18999","Bug","2015-06-11T18:54:29.000+0000",False,0.002063664019685054,0.0,2.028210995714432e-14,0.03666435016984117,"A"
"TIMOB-20609","Bug","2016-03-20T09:01:29.000+0000",False,0.002844031479027066,0.0,4.163924008866047e-07,0.04987492867589887,"A"
"TIMOB-26550","Bug","2018-11-13T13:02:30.000+0000",False,0.0074345633363457255,0.0,0.9861010768827752,0.1211543786007303,"A"
"TIMOB-24752","Improvement","2017-05-30T22:45:36.000+0000",False,0.005232050469161569,0.0,9.199169506069108e-17,0.08825767082826191,"A"
"TIMOB-26479","Bug","2018-10-18T13:23:12.000+0000",False,0.03274471866864152,0.0,2.621704132186948e-15,0.3838800968876083,"A"
"TIMOB-26477","Bug","2018-10-12T09:30:58.000+0000",False,0.000913548036477334,0.0,0.9999999980686312,0.016550480042855188,"A"
"TIMOB-23480","Bug","2016-06-04T05:42:20.000+0000",False,0.004380018511241671,0.0,1.0539746537220751e-15,0.07490309663960724,"A"
"TIMOB-19350","Bug","2015-08-13T21:01:30.000+0000",False,0.005124542152377643,0.0,1.971824102047157e-15,0.08659265494129804,"A"
"TIMOB-19428","Bug","2015-08-28T22:01:52.000+0000",False,0.006254770787790326,0.0,0.0319882394230658,0.10381588010627499,"A"
"TIMOB-24101","Improvement","2016-11-04T06:38:01.000+0000",False,0.024040553096662455,0.0,1.62670906631717e-14,0.31193907570732443,"A"
"TIMOB-24423","Bug","2017-02-22T11:11:32.000+0000",False,0.0030936910926583927,0.0,0.1820683343089746,0.054029435350835466,"A"
"TIMOB-24595","Bug","2017-04-19T05:58:20.000+0000",False,0.003497123991630605,0.0,1.691363741351117e-10,0.06067090224619298,"A"
"TIMOB-26859","Bug","2019-02-25T20:46:40.000+0000",False,0.01149523800206791,0.0,0.999929910075888,0.17629537189449676,"A"
"TIMOB-19385","Bug","2015-08-20T09:34:11.000+0000",False,0.008395445080365584,0.0,7.193372372017161e-16,0.13481665999678746,"A"
"TIMOB-24741","Bug","2017-05-29T11:10:51.000+0000",False,0.011015738080199148,0.0,0.9999999994649329,0.17012466438643403,"A"
"TIMOB-19025","Bug","2015-06-15T18:24:39.000+0000",False,0.01354060581631052,0.0,1.0140156724814595e-05,0.20168120964683336,"A"
"TIMOB-19140","Bug","2015-07-02T08:37:39.000+0000",False,0.005520802838561117,0.0,5.155165423822409e-16,0.09270153287309241,"A"
"TIMOB-23602","Story","2016-07-01T14:58:10.000+0000",False,0.0022160196825710193,0.0,1.2620256438436843e-17,0.03927067248400907,"A"
"TIMOB-19414","Story","2015-08-26T17:44:06.000+0000",False,0.010284811269409073,0.0,3.9515347184716906e-11,0.16055025398364633,"A"
"TIMOB-24311","Bug","2016-10-12T17:20:00.000+0000",False,0.011303317759855908,0.0,5.440739928336496e-12,0.17383587100118006,"A"
"TIMOB-25748","Improvement","2018-02-04T10:16:01.000+0000",False,0.020514225122639573,0.0,4.525303749506617e-14,0.2782217040023234,"A"
"TIMOB-20097","Bug","2015-12-03T15:10:24.000+0000",False,0.00827181537387481,0.0,4.010187292480565e-13,0.13308122468663844,"A"
"TIMOB-11049","Bug","2012-09-20T03:49:23.000+0000",False,0.0034679731078655616,0.0,0.9998135375564471,0.06019395744323598,"A"
"TIMOB-18633","Improvement","2015-03-03T19:05:38.000+0000",False,0.0140829249090014,0.0,2.8461328959805326e-15,0.20816866722453006,"A"
"TIMOB-24925","Bug","2017-07-03T14:25:17.000+0000",False,0.01543504111128488,0.0,9.66526285174648e-10,0.22392289113709066,"A"
"TIMOB-19819","Improvement","2015-10-28T22:38:25.000+0000",False,0.006136463745844709,0.0,9.435459565715631e-10,0.10204172172142531,"A"
"TIMOB-26333","Bug","2018-08-23T17:52:40.000+0000",False,0.02493120274804984,0.0,1.704309557221974e-15,0.3199985517143635,"A"
"TIMOB-24019","Story","2016-10-11T22:45:40.000+0000",False,0.009903671014254574,0.0,3.2554324861175852e-15,0.15547527310508616,"A"
"TIMOB-24761","Bug","2017-06-01T20:16:53.000+0000",True,0.018842961918589148,0.0,0.9968494576549088,0.26115315351666346,"A"
"TIMOB-26779","Bug","2019-01-30T00:12:52.000+0000",False,0.006285076558996982,0.0,1.944538621446886e-11,0.10426929249473424,"A"
"TIMOB-25197","New Feature","2017-08-27T16:51:59.000+0000",False,0.003219319500642834,0.0,1.4991776992012995e-15,0.05610704746893993,"A"
"TIMOB-14449","Story","2013-07-01T14:02:39.000+0000",False,0.003519058173836508,0.0,0.9999999947381184,0.06102947214906311,"A"
"TIMOB-24792","Bug","2017-06-07T15:14:30.000+0000",False,0.0033564985738808,0.0,7.056958331265051e-14,0.05836587747464907,"A"
"TIMOB-26371","Bug","2018-09-07T14:36:28.000+0000",False,0.009840965869851826,0.0,0.005765701195771937,0.15463483121473368,"A"
"TIMOB-19272","Bug","2015-07-28T22:11:10.000+0000",False,0.008552509099665621,0.0,4.659036690436621e-11,0.1370120493789523,"A"
"TIMOB-25261","Bug","2017-09-11T11:03:58.000+0000",False,0.001984807413983732,0.0,1.0020925896388773e-11,0.03531011636387859,"A"
"TIMOB-19013","Bug","2015-06-12T20:51:27.000+0000",False,0.0018182076110732277,0.0,1.4130385263865376e-11,0.03243718809420898,"A"
"TIMOB-17836","Improvement","2014-10-09T22:40:21.000+0000",False,0.007228360543659246,0.0,6.533127691414275e-16,0.11816958776923839,"A"
"TIMOB-26981","Bug","2019-04-11T18:00:40.000+0000",False,0.020537090604638934,0.0,5.571690185298517e-08,0.27845015580653987,"A"
"TIMOB-20263","Story","2016-01-21T17:10:48.000+0000",False,0.008496234100862535,0.0,2.5851769404353883e-14,0.13622665798076972,"A"
"TIMOB-23875","Bug","2016-09-07T15:34:01.000+0000",False,0.009276957328538057,0.0,1.3903001444964069e-11,0.14700438714473785,"A"
"TIMOB-20090","Bug","2015-12-03T02:14:33.000+0000",False,0.022915591547199243,0.0,5.713169592687196e-16,0.3015040185249178,"A"
"TIMOB-26235","New Feature","2018-07-24T18:58:32.000+0000",False,0.0043658261665116774,0.0,9.01968277253253e-16,0.07467753185867466,"A"
"TIMOB-26106","Story","2018-06-07T04:30:07.000+0000",False,0.010591006189446344,0.0,4.203415062806693e-15,0.16458613613175177,"A"
"TIMOB-26340","Improvement","2018-08-28T15:04:46.000+0000",False,0.03308441286662174,0.0,6.549592884854146e-13,0.3864072648604742,"A"
"TIMOB-25728","Bug","2017-08-30T07:51:59.000+0000",False,0.012579266996592448,0.0,6.68243613924346e-14,0.18993434953353747,"A"
"TIMOB-25254","Bug","2017-09-08T10:21:22.000+0000",False,0.009319879687979444,0.0,1.2188960509576089e-13,0.14758961313996855,"A"
"TIMOB-23517","Story","2016-06-14T15:27:46.000+0000",False,0.016877507515544392,0.0,5.080534817986813e-15,0.24009796908403888,"A"
"TIMOB-18457","Bug","2015-01-28T16:35:40.000+0000",False,0.01651002108606851,0.0,4.897985396807226e-13,0.23603705465823208,"A"
"TIMOB-23248","Bug","2016-04-20T13:58:07.000+0000",False,0.019220782599924147,0.0,2.779487802666848e-11,0.265076913795551,"A"
"TIMOB-18713","Improvement","2015-03-19T02:18:32.000+0000",False,0.02201927121034178,0.0,5.1526543539874984e-15,0.2929783648071688,"A"
"TIMOB-20438","Bug","2016-02-19T16:20:36.000+0000",False,0.0036631131339459363,0.0,2.686197448776166e-17,0.06337802057596757,"A"
"TIMOB-23729","Bug","2016-08-04T09:41:35.000+0000",False,0.0010228439733068926,0.0,0.9999986783664875,0.01849592869064106,"A"
"TIMOB-18215","Bug","2014-12-16T19:30:40.000+0000",False,0.013690670588524594,0.0,1.0,0.2034862471646441,"A"
"TIMOB-25874","Bug","2018-03-15T18:37:12.000+0000",False,0.012472297658041297,0.0,5.186176624031456e-14,0.18860729337682988,"A"
"TIMOB-24527","Bug","2017-03-23T14:35:48.000+0000",False,0.010552179189234515,0.0,8.56886198393891e-16,0.16407637869864086,"A"
"TIMOB-9606","New Feature","2012-06-18T08:31:41.000+0000",False,0.014739661455108624,0.0,1.8825565392823531e-06,0.21589435693416165,"A"
"TIMOB-19722","Bug","2015-10-14T03:28:38.000+0000",False,0.025476980875632212,0.0,5.8547282320741945e-15,0.3248517490904645,"A"
"TIMOB-19013","Bug","2015-06-12T20:51:27.000+0000",False,0.0018182076110732277,0.0,1.4130385263865376e-11,0.03243718809420898,"A"
"TIMOB-18518","Bug","2015-02-05T17:55:37.000+0000",False,0.0029772310243559225,0.0,9.945928266774915e-11,0.052095731665620135,"A"
"TIMOB-24828","Bug","2017-06-15T13:58:08.000+0000",False,0.001967684771046348,0.0,6.785825709704734e-13,0.03501558790151735,"A"
"TIMOB-26833","Bug","2019-02-18T10:59:49.000+0000",False,0.013394666623600247,0.0,8.885886345507154e-17,0.199918462291664,"A"
"TIMOB-19177","Bug","2015-07-06T18:30:57.000+0000",False,0.002262441250464477,0.0,1.7914990049256366e-17,0.04006215499397996,"A"
"TIMOB-23847","Bug","2016-08-31T12:39:10.000+0000",False,0.0071598992698429995,0.0,3.7079137429582416e-12,0.11717439663280951,"A"
"TIMOB-19474","Bug","2015-09-07T14:29:23.000+0000",False,0.005027021349387197,0.0,1.9601452639186603e-13,0.0850773629046785,"A"
"TIMOB-19633","Bug","2015-08-06T10:40:39.000+0000",False,0.01062853027584733,0.0,5.037412612631682e-13,0.16507823521393242,"A"
"TIMOB-24426","Improvement","2017-02-22T17:15:05.000+0000",False,0.007177580122633446,0.0,5.8088394208400105e-08,0.11743161727078393,"A"
"TIMOB-20228","Story","2016-01-13T06:00:35.000+0000",False,0.027144360727879218,0.0,1.6225172532352648e-12,0.3392906406918712,"A"
"TIMOB-24851","Bug","2017-06-19T19:44:58.000+0000",True,0.007698878184350701,1.0,1.875410622812918e-10,0.12495271346122895,"A"
"TIMOB-19078","Bug","2015-06-26T05:46:43.000+0000",False,0.004042923217082446,0.0,2.2031109887182333e-10,0.06951737176455376,"A"
"TIMOB-17836","Improvement","2014-10-09T22:40:21.000+0000",False,0.007228360543659246,0.0,6.533127691414275e-16,0.11816958776923839,"A"
"TIMOB-25606","Story","2017-12-13T20:45:54.000+0000",False,0.04748909668575186,0.0,2.4169055700179927e-10,0.4785152420605395,"A"
"TIMOB-23693","Bug","2016-07-27T18:31:04.000+0000",False,0.0013144362086376208,0.0,3.983986723287224e-15,0.023650815135971007,"A"
"TIMOB-18674","Bug","2015-03-10T18:13:36.000+0000",True,0.01679267550437026,0.0,2.563219591983058e-05,0.2391641003598391,"A"
"TIMOB-23628","Bug","2016-07-12T17:51:53.000+0000",False,0.0069138598860788505,0.0,1.3300878895478653e-14,0.11358035672723721,"A"
"TIMOB-26008","Bug","2018-05-03T08:16:00.000+0000",False,0.006127733961631579,0.0,2.9361665913429984e-10,0.10191054639960548,"A"
"TIMOB-23991","Improvement","2016-10-06T07:55:06.000+0000",False,0.017794366534898357,0.0,8.973222730038508e-15,0.2500568074696775,"A"
"TIMOB-26311","Story","2018-08-16T19:08:17.000+0000",False,0.020967690593252167,0.0,0.004122315574076708,0.2827274561122996,"A"
"TIMOB-23267","Bug","2016-04-22T14:32:33.000+0000",False,0.007694598102059994,0.0,1.3824390244849658e-14,0.12489145205902852,"A"
"TIMOB-19065","Story","2015-06-23T12:27:20.000+0000",False,0.007122889322439324,0.0,9.572148830959849e-14,0.11663552079071628,"A"
"TIMOB-26371","Bug","2018-09-07T14:36:28.000+0000",False,0.009840965869851826,0.0,0.005765701195771937,0.15463483121473368,"A"
"TIMOB-23484","Bug","2016-06-08T17:34:17.000+0000",False,0.01031139205731465,0.0,9.135785424953922e-11,0.16090205460881132,"A"
"TIMOB-19303","Bug","2015-07-31T17:47:29.000+0000",False,0.007871997760641446,0.0,4.43279814130622e-09,0.12742386879536055,"A"
"TIMOB-23165","Bug","2016-04-07T09:41:28.000+0000",False,0.010031767183752855,0.0,0.0019364365013042964,0.15718730195036815,"A"
"TIMOB-18770","Bug","2015-03-31T14:48:35.000+0000",False,0.0043151748561454486,0.0,1.0614100660245246e-12,0.07387166464864114,"A"
"TIMOB-23406","Improvement","2016-05-18T16:25:43.000+0000",False,0.029702201355006168,0.0,1.7929750774896564e-05,0.3603668104191049,"A"
"TIMOB-19506","Improvement","2015-09-11T08:52:59.000+0000",False,0.010533617618072824,0.0,3.875114794161154e-13,0.16383247920969685,"A"
"TIMOB-20176","New Feature","2015-12-24T13:38:27.000+0000",False,0.00530715044946124,0.0,3.281750868479768e-08,0.08941738434554852,"A"
"TIMOB-19541","Improvement","2014-09-26T06:40:08.000+0000",False,0.002264705111865654,0.0,2.419172656715217e-17,0.040100722109652306,"A"
"TIMOB-24058","Bug","2016-10-20T21:07:06.000+0000",False,0.001390692570684471,0.0,7.917728706866489e-09,0.024990479265546213,"A"
"TIMOB-19528","Bug","2015-09-16T01:12:58.000+0000",False,0.007285179211977443,0.0,0.9999999910380097,0.11899393722584359,"A"
"TIMOB-19867","Story","2015-11-04T14:45:36.000+0000",False,0.008085631657611853,0.0,1.7599656997896607e-14,0.13045534174889717,"A"
"TIMOB-23563","Bug","2016-06-27T18:51:47.000+0000",False,0.0251825829904528,0.0,0.006616662717953462,0.3222418518893899,"A"
"TIMOB-26797","Bug","2019-02-05T07:28:27.000+0000",False,0.00711082139094493,0.0,4.2217700687031925e-14,0.11645967455689482,"A"
"TIMOB-23145","New Feature","2016-04-05T08:33:22.000+0000",True,0.00863496973085827,0.0,5.567495641475515e-12,0.13816047978361515,"A"
"TIMOB-24617","Bug","2017-04-21T21:58:04.000+0000",False,0.003482539425757219,0.0,8.276724965170537e-15,0.06043233760371951,"A"
"TIMOB-25602","Bug","2017-12-11T21:31:01.000+0000",False,0.0058782681068683075,0.0,1.71132434185176e-14,0.09814674544607549,"A"
"TIMOB-24672","Story","2017-05-10T08:51:22.000+0000",False,0.03005464741742366,0.0,1.1436767269549846e-12,0.3631743255698963,"A"
"TIMOB-19157","Bug","2015-07-03T13:20:05.000+0000",False,0.0032404222247454624,0.0,0.0009788998370329138,0.05645519551829295,"A"
"TIMOB-24808","New Feature","2017-06-12T03:25:55.000+0000",False,0.02442983547643289,0.0,8.46167563960747e-11,0.3154832546350884,"A"
"TIMOB-25076","New Feature","2017-08-08T19:56:19.000+0000",False,0.007877984161898622,0.0,1.630155699701073e-10,0.12750908603733652,"A"
"TIMOB-24159","Bug","2016-11-20T13:59:08.000+0000",False,0.030328286405638293,0.0,8.248041939666876e-10,0.3653385329889573,"A"
"TIMOB-25995","New Feature","2018-05-01T10:00:51.000+0000",False,0.04292075370227616,1.0,3.4183735753635123e-15,0.4521664126442931,"A"
"TIMOB-19974","Bug","2015-11-13T16:44:01.000+0000",False,0.010288390975064088,0.0,1.8140723139476385e-13,0.16059764799905973,"A"
"TIMOB-24250","Bug","2016-12-21T10:40:30.000+0000",False,0.001615393207233938,0.0,7.397140210969142e-15,0.02891788556250241,"A"
"TIMOB-26525","Bug","2018-11-07T07:07:42.000+0000",False,0.0018280623659819547,0.0,3.0918533295908095e-14,0.03260757761466263,"A"
"TIMOB-19766","Bug","2015-10-22T17:50:39.000+0000",False,0.00929281401784133,0.0,7.091901365421715e-12,0.14722067324194296,"A"
"TIMOB-23279","Bug","2016-04-27T02:21:35.000+0000",False,0.009760460094831579,0.0,1.0377457670453086e-14,0.15355350711918175,"A"
"TIMOB-19193","Bug","2015-07-08T17:28:54.000+0000",False,0.0037952781153049483,0.0,9.91246507019013e-16,0.06552300802512853,"A"
"TIMOB-26455","Bug","2018-10-16T20:32:56.000+0000",False,0.007224382979802648,0.0,1.0763638265735423e-15,0.11811182533441533,"A"
"TIMOB-25275","Bug","2017-09-13T14:52:35.000+0000",False,0.004019461678306749,1.0,1.4378657414337998e-14,0.06914033152244732,"A"
"TIMOB-20072","Bug","2015-11-28T06:45:46.000+0000",False,0.001696893492296249,0.0,2.094455372860873e-05,0.030335005816225162,"A"
"TIMOB-23448","Improvement","2016-05-27T16:00:01.000+0000",False,0.005469922971286698,0.0,1.0630645724612042e-16,0.09192145826961798,"A"
"TIMOB-26022","Improvement","2018-05-09T10:39:03.000+0000",False,0.008198535323928023,0.0,6.687272962033123e-16,0.13204948072679198,"A"
"TIMOB-19326","Bug","2015-08-07T00:16:05.000+0000",False,0.008595942459445326,0.0,0.009524948069930544,0.13761730381983162,"A"
"TIMOB-18424","Improvement","2015-01-21T18:25:29.000+0000",False,0.0026841490542541127,0.0,2.4344903968222657e-15,0.04719625785251789,"A"
"TIMOB-19104","Bug","2015-06-29T19:01:11.000+0000",False,0.006957646552519869,0.0,4.867690617814243e-16,0.11422198229819967,"A"
"TIMOB-25261","Bug","2017-09-11T11:03:58.000+0000",False,0.001984807413983732,0.0,1.0020925896388773e-11,0.03531011636387859,"A"
"TIMOB-18704","New Feature","2015-03-13T17:01:42.000+0000",False,0.007282153192702355,0.0,1.9336532380238855e-13,0.1189500709287261,"A"
"TIMOB-17903","New Feature","2014-10-24T21:48:59.000+0000",False,0.00428343154458586,0.0,1.129291755184957e-16,0.07336595150748358,"A"
"TIMOB-24473","Improvement","2017-03-10T15:11:38.000+0000",False,0.01057039459001179,0.0,1.850246417042114e-15,0.16431560009984064,"A"
"TIMOB-24669","Story","2017-05-08T16:55:18.000+0000",False,0.015559210810776394,0.0,6.105221281281662e-14,0.22534040604902905,"A"
"TIMOB-26645","Improvement","2018-12-12T00:17:47.000+0000",False,0.008352742029168655,0.0,1.836148618039373e-11,0.13421795883157855,"A"
"TIMOB-25533","Bug","2017-10-30T01:32:58.000+0000",False,0.012378119701899079,0.0,0.9997976424432196,0.18743556112005264,"A"
"TIMOB-19618","New Feature","2015-03-31T09:40:02.000+0000",False,0.0042780767443870524,0.0,0.05032270544564655,0.07328059115807357,"A"
"TIMOB-23311","Bug","2016-05-03T22:43:47.000+0000",False,0.026615017310238076,1.0,1.3374527269868555e-13,0.3347687739055405,"A"
"TIMOB-18724","Bug","2015-03-20T15:01:56.000+0000",False,0.017981621713911714,0.0,5.8037722990803433e-08,0.25206098671123267,"A"
"TIMOB-24331","Story","2017-01-20T07:38:05.000+0000",False,0.006766580240055734,0.0,1.4248158622570147e-11,0.1114157816299756,"A"
"TIMOB-24372","New Feature","2017-02-04T03:27:16.000+0000",False,0.006232455119712887,0.0,1.642226984305631e-15,0.10348173383640498,"A"
"TIMOB-7270","New Feature","2012-01-17T17:59:26.000+0000",False,0.011175161656436826,0.0,1.643010733231588e-13,0.1721858623256338,"A"
"TIMOB-26464","New Feature","2018-10-18T23:56:08.000+0000",False,0.0034302806486825816,0.0,3.0801093748093305e-13,0.05957658477931155,"A"
"TIMOB-23388","New Feature","2016-05-17T07:57:22.000+0000",False,0.0009743649090447776,1.0,6.999888350009993e-18,0.017633907957397357,"A"
"TIMOB-23132","Bug","2016-04-01T16:11:41.000+0000",False,0.011718928493831823,0.0,4.056841201573126e-15,0.17914479242036704,"A"
"TIMOB-19035","Bug","2015-06-17T09:43:38.000+0000",True,0.002614011280246493,0.0,1.793072363026673e-17,0.046016669603303584,"A"
"TIMOB-26357","Improvement","2018-09-05T17:41:59.000+0000",False,0.029560441961248934,0.0,2.6545561127464944e-15,0.3592311698951498,"A"
"TIMOB-26725","Bug","2019-01-14T19:18:30.000+0000",False,0.014782065177068142,0.0,0.9999999991619006,0.21638835623231914,"A"
"TIMOB-20601","Bug","2016-03-16T11:21:45.000+0000",False,0.004253150498068711,0.0,2.0296657984835594e-07,0.0728830493067615,"A"
"TIMOB-19187","Bug","2015-07-07T22:37:18.000+0000",False,0.02331568068392743,0.0,3.840583451421775e-13,0.3052485204389023,"A"
"TIMOB-24448","Bug","2017-03-02T01:44:07.000+0000",False,0.004778392075604589,0.0,8.343048727182955e-09,0.0811926384359384,"A"
"TIMOB-23600","Story","2016-07-01T14:57:09.000+0000",False,0.0033519023777733746,0.0,3.2666718196088954e-17,0.05829036020549435,"A"
"TIMOB-18452","Improvement","2015-01-27T23:34:58.000+0000",False,0.02907666952522922,0.0,2.862614214475642e-17,0.3553276326452537,"A"
"TIMOB-23181","Bug","2016-04-09T00:00:48.000+0000",False,0.0013979724567306478,0.0,3.3628963815482853e-13,0.025118190044941067,"A"
"TIMOB-23873","Bug","2016-09-07T08:48:24.000+0000",False,0.012870043260457731,0.0,1.0289284323256415e-16,0.1935213026410751,"A"
"TIMOB-26636","Improvement","2018-12-08T04:51:37.000+0000",False,0.014990402853709374,0.0,1.7882061392880737e-10,0.21880706976238853,"A"
"TIMOB-20252","Bug","2016-01-19T23:30:58.000+0000",False,0.0011339093573590059,0.0,4.2530832667814573e-16,0.020465437686703877,"A"
"TIMOB-26141","Bug","2018-06-06T03:54:59.000+0000",False,0.0034651830159566424,0.0,4.6928258712472304e-14,0.06014828412684109,"A"
"TIMOB-24059","Bug","2016-10-21T00:21:15.000+0000",False,0.008620674511479558,0.0,1.2481510700400031e-15,0.13796159544087544,"A"
"TIMOB-24244","Bug","2016-12-20T11:34:21.000+0000",False,0.0165038285699877,0.0,1.0,0.23596827841992996,"A"
"TIMOB-24664","Improvement","2017-05-08T09:42:54.000+0000",False,0.008384891072922285,0.0,6.4009380633381625e-15,0.13466876397910463,"A"
"TIMOB-19264","Bug","2015-07-28T18:50:59.000+0000",False,0.016837970701372742,0.0,0.007293407260627833,0.23966299550495568,"A"
"TIMOB-25760","Bug","2018-02-07T14:56:20.000+0000",True,0.01665969325147902,0.0,5.224324698200393e-11,0.23769586995812314,"A"
"TIMOB-19079","Bug","2015-06-26T08:57:30.000+0000",False,0.024206395857214607,0.0,6.3210803089180924e-12,0.3134531043266308,"A"
"TIMOB-20159","Story","2015-12-21T16:16:15.000+0000",False,0.007713632135735341,0.0,1.6115030984250105e-14,0.12516382710358512,"A"
"TIMOB-23416","Bug","2016-05-20T06:02:06.000+0000",False,0.002889225978283185,0.0,2.9378651630393785e-16,0.05062954426183093,"A"
"TIMOB-26535","Bug","2018-11-08T22:16:24.000+0000",False,0.00526804321855585,0.0,1.208162202010659e-10,0.08881382680729775,"A"
"TIMOB-18326","Bug","2015-01-06T20:58:42.000+0000",False,0.0074641538315488734,0.0,2.373948539341568e-09,0.12158114609220404,"A"
"TIMOB-23941","Bug","2016-09-22T17:25:51.000+0000",False,0.0041861425228698936,0.0,2.8470676881143926e-11,0.07181276364970621,"A"
"TIMOB-25843","Bug","2018-03-06T11:57:19.000+0000",False,0.006217252086004847,0.0,3.909071209263978e-12,0.10325395529268354,"A"
"TIMOB-25220","Bug","2017-09-01T15:12:30.000+0000",False,0.0067099580702424015,0.0,8.351816967158877e-09,0.11058095878619155,"A"
"TIMOB-23480","Bug","2016-06-04T05:42:20.000+0000",False,0.004380018511241671,0.0,1.0539746537220751e-15,0.07490309663960724,"A"
"TIMOB-23458","Improvement","2016-05-27T13:16:19.000+0000",False,0.002389858456511281,0.0,1.0215105150830846e-15,0.04222829349729358,"A"
"TIMOB-19575","Story","2015-09-24T23:04:02.000+0000",False,0.024247810873199892,0.0,8.989204473936772e-15,0.3138302354028692,"A"
"TIMOB-24654","Bug","2017-05-03T17:24:12.000+0000",False,0.0022866802720658067,0.0,3.96438145361678e-13,0.04047493878383081,"A"
"TIMOB-18683","Improvement","2015-03-11T20:25:06.000+0000",False,0.019889001317202136,0.0,1.1212275140837532e-16,0.27192267456917935,"A"
"TIMOB-24503","New Feature","2017-03-20T20:25:58.000+0000",False,0.023605662657048655,1.0,5.32637757217151e-15,0.30793940667947417,"A"
"TIMOB-26211","Bug","2018-07-13T21:04:52.000+0000",False,0.006045533505336439,0.0,4.809481629828983e-13,0.10067361874251286,"A"
"TIMOB-25405","New Feature","2017-10-18T12:58:47.000+0000",False,0.009133771550526965,0.0,0.9997996550584722,0.14504666070213373,"A"
"TIMOB-19896","Bug","2015-11-02T12:56:02.000+0000",False,0.0034416038335096585,0.0,0.00015781573441502367,0.05976212989804399,"A"
"TIMOB-18516","Bug","2015-02-05T07:48:21.000+0000",False,0.028558554822738506,0.0,1.263291500820033e-11,0.3510982933577855,"A"
"TIMOB-23984","Bug","2016-09-26T21:06:54.000+0000",False,0.018589966165714473,0.0,5.032223923328499e-14,0.25850393555376583,"A"
"TIMOB-24409","Improvement","2017-02-16T16:28:42.000+0000",False,0.010113271252154976,0.0,3.749814579422322e-17,0.15827323971273502,"A"
"TIMOB-23158","Bug","2016-04-06T09:32:33.000+0000",False,0.00043646687872979503,0.0,2.285806121910176e-09,0.007972505033825383,"A"
"TIMOB-19438","Bug","2015-08-31T09:28:32.000+0000",False,0.007071357463772981,0.0,3.9506693131447606e-10,0.11588417203667711,"A"
"TIMOB-25352","Bug","2017-09-26T15:08:18.000+0000",False,0.004250260440274671,0.0,6.646847444380098e-08,0.07283693579125908,"A"
"TIMOB-19186","Improvement","2015-07-07T19:00:52.000+0000",False,0.011916728549816511,0.0,3.9271946242865197e-16,0.18164910600062836,"A"
"TIMOB-25223","Bug","2017-09-01T15:56:27.000+0000",False,0.005735742656607088,0.0,2.673806055747974e-07,0.09598306223825959,"A"
"TIMOB-17729","Improvement","2014-08-28T09:57:52.000+0000",False,0.011902754307489183,0.0,4.548494963767173e-13,0.1814726493647632,"A"
"TIMOB-26007","Improvement","2018-05-03T01:08:39.000+0000",False,0.03970242041544703,1.0,4.815949902798337e-13,0.43211636082755717,"A"
"TIMOB-25503","Bug","2017-11-07T13:59:02.000+0000",False,0.005400311633373366,0.0,0.5085826849994491,0.09085215259436248,"A"
"TIMOB-6995","Bug","2011-11-03T10:29:50.000+0000",False,0.019599075760624987,0.0,9.369292065422363e-11,0.26896703005621475,"A"
"TIMOB-18193","Bug","2014-12-12T16:31:10.000+0000",True,0.08511269009566287,1.0,3.1382775739512513e-09,0.6312969264702563,"A"
"TIMOB-23999","Bug","2016-10-07T10:26:29.000+0000",False,0.0013355288657856932,0.0,1.2106307108934056e-11,0.024021716514630528,"A"
"TIMOB-20089","Bug","2015-12-02T11:36:19.000+0000",False,0.009782808100772656,0.0,0.9999611097998112,0.15385393698506286,"A"
"TIMOB-24850","Bug","2017-06-19T19:41:42.000+0000",False,0.0030919812204785752,0.0,9.506388822493392e-12,0.054001098429078596,"A"
"TIMOB-25602","Bug","2017-12-11T21:31:01.000+0000",False,0.0058782681068683075,0.0,1.71132434185176e-14,0.09814674544607549,"A"
"TIMOB-19442","Bug","2015-09-01T01:24:37.000+0000",False,0.017641439285891458,0.0,5.891530383609787e-05,0.2484126232739709,"A"
"TIMOB-19143","Bug","2015-07-02T17:35:00.000+0000",False,0.0016189366530421458,0.0,4.197739700648964e-14,0.02897958001374429,"A"
"TIMOB-19717","Story","2015-10-12T16:43:57.000+0000",False,0.02997791941290292,0.0,1.191509416343138e-13,0.36256505296044417,"A"
"TIMOB-23992","New Feature","2016-10-06T15:02:34.000+0000",True,0.024588646981478928,1.0,3.803721000583715e-05,0.3169194774708812,"A"
"TIMOB-18215","Bug","2014-12-16T19:30:40.000+0000",False,0.013690670588524594,0.0,1.0,0.2034862471646441,"A"
"TIMOB-25890","Improvement","2018-03-21T02:04:04.000+0000",True,0.03216709750472623,1.0,9.115553923758928e-05,0.37953887863149205,"A"
"TIMOB-25325","Bug","2017-09-20T22:01:31.000+0000",False,0.006341426455701092,0.0,4.0775394750147364e-15,0.10511121256227401,"A"
"TIMOB-24710","Bug","2017-05-19T08:25:59.000+0000",False,0.028869922735144472,0.0,1.040043028240877e-07,0.3536460582180718,"A"
"TIMOB-24758","Story","2017-06-01T17:37:52.000+0000",False,0.014206645455146518,0.0,5.954325037850672e-16,0.2096349110264562,"A"
"TIMOB-24127","Bug","2016-11-10T01:28:19.000+0000",False,0.006345778791504189,0.0,0.9999125427571703,0.10517617865341815,"A"
"TIMOB-23294","Improvement","2016-04-29T09:57:35.000+0000",False,0.01688538452191696,0.0,1.533693157970759e-16,0.24018457455482223,"A"
"TIMOB-23416","Bug","2016-05-20T06:02:06.000+0000",False,0.002889225978283185,0.0,2.9378651630393785e-16,0.05062954426183093,"A"
"TIMOB-25273","Bug","2017-09-13T13:10:22.000+0000",False,0.0033618772004644815,0.0,9.745565448517391e-09,0.05845423588308193,"A"
"TIMOB-24690","Bug","2017-05-12T21:15:26.000+0000",False,0.007863670479946289,0.0,2.8316470081301836e-14,0.1273053028377305,"A"
"TIMOB-23307","Bug","2016-04-28T11:15:17.000+0000",False,0.007724281239848078,0.0,5.360855225090844e-16,0.12531614527928542,"A"
"TIMOB-24558","Bug","2017-04-05T17:51:01.000+0000",False,0.004011200563424266,0.0,9.805501840296176e-16,0.06900750220112366,"A"
"TIMOB-24470","Bug","2017-03-09T20:00:47.000+0000",False,0.003841437030727347,0.0,1.3835498739584593e-11,0.06626997030315306,"A"
"TIMOB-19994","Bug","2015-11-16T15:37:18.000+0000",False,0.01288074993061258,0.0,3.248142776713201e-10,0.19365281169395512,"A"
"TIMOB-17827","Improvement","2014-10-07T20:20:42.000+0000",False,0.009006229092998372,0.0,1.2797518802358753e-13,0.1432957161855014,"A"
"TIMOB-19662","Story","2015-10-02T07:19:38.000+0000",False,0.023228619931070636,0.0,5.538107977991852e-13,0.3044368653479228,"A"
"TIMOB-19082","Bug","2015-06-26T17:37:29.000+0000",False,0.013834592043173112,0.0,1.5800200333452162e-14,0.205210251578238,"A"
"TIMOB-20204","Bug","2016-01-06T23:11:35.000+0000",False,0.0037949573285006332,0.0,1.0317557752177763e-15,0.06551781298379565,"A"
"TIMOB-23623","Bug","2016-07-11T19:40:26.000+0000",False,0.0034296453206505563,0.0,1.0258366704579307e-17,0.059566172057957834,"A"
"TIMOB-18457","Bug","2015-01-28T16:35:40.000+0000",False,0.01651002108606851,0.0,4.897985396807226e-13,0.23603705465823208,"A"
"TIMOB-20241","Bug","2016-01-15T12:14:20.000+0000",False,0.02311412386766299,0.0,6.286763475603289e-15,0.3033667644012205,"A"
"TIMOB-18543","Bug","2015-02-10T01:45:18.000+0000",False,0.009385471097574873,0.0,5.742736833023661e-15,0.14848246899913958,"A"
"TIMOB-25607","Story","2017-12-13T20:48:38.000+0000",False,0.03272846954999477,0.0,1.178617609106899e-14,0.38375873382879355,"A"
"TIMOB-7560","Bug","2012-02-06T16:52:12.000+0000",False,0.004538937429691263,0.0,7.085881688121417e-16,0.07742180761602509,"A"
"TIMOB-17909","New Feature","2014-10-24T21:52:37.000+0000",False,0.001684793112011251,0.0,8.52936255571981e-18,0.03012485229936621,"A"
"TIMOB-26090","Improvement","2018-06-05T00:02:00.000+0000",False,0.011706834895562884,0.0,3.075169712174696e-14,0.17899121271316196,"A"
"TIMOB-13254","New Feature","2013-03-28T22:36:20.000+0000",False,0.004956947033340642,1.0,5.571134257871418e-16,0.0839856144649995,"A"
"TIMOB-26144","Improvement","2018-06-21T02:28:01.000+0000",False,0.01532943688204087,0.0,1.875003630165623e-06,0.22271351282427018,"A"
"TIMOB-20157","Improvement","2015-11-30T10:53:46.000+0000",False,0.008036228872698921,0.0,1.0988897653397172e-13,0.12975607232976907,"A"
"TIMOB-23357","Bug","2016-05-10T20:41:17.000+0000",False,0.009988063806597268,0.0,0.032746295601337856,0.15660392917761984,"A"
"TIMOB-26275","Story","2018-08-08T11:27:00.000+0000",False,0.005709911276546914,1.0,5.281014776562758e-17,0.09558987006820624,"A"
"TIMOB-19700","Story","2015-10-09T14:10:01.000+0000",False,0.003118160238181607,0.0,7.568652490094386e-15,0.05443477593832509,"A"
"TIMOB-24299","Bug","2017-01-11T22:07:44.000+0000",False,0.007017069819374024,0.0,3.697439673365673e-14,0.11509134402055099,"A"
"TIMOB-23584","Improvement","2016-07-01T14:19:29.000+0000",False,0.006604603050112066,0.0,1.384994077217655e-16,0.10902370359913653,"A"
"TIMOB-23565","Improvement","2016-06-27T21:06:28.000+0000",True,0.029697913094414982,1.0,1.133585715078567e-11,0.3603325111686345,"A"
"TIMOB-26025","Improvement","2018-05-09T10:42:15.000+0000",False,0.007323360826261941,0.0,6.186423830651468e-16,0.1195470799667334,"A"
"TIMOB-18144","Improvement","2014-12-06T00:08:38.000+0000",False,0.0032782218188876972,0.0,5.980424119514935e-08,0.057078200012273414,"A"
"TIMOB-25166","Bug","2017-08-14T11:57:54.000+0000",False,0.004264228546828515,0.0,1.5887055787697776e-14,0.0730597697037646,"A"
"TIMOB-23596","Story","2016-07-01T14:55:22.000+0000",False,0.001958755682747955,0.0,1.0537844246491113e-17,0.03486193032709499,"A"
"TIMOB-19263","Bug","2015-07-28T17:39:25.000+0000",False,0.0033640871007118156,0.0,2.1987942883666385e-05,0.05849053490894133,"A"
"TIMOB-26555","Bug","2018-11-13T23:44:39.000+0000",False,0.0027786410221578434,0.0,0.4009311399346445,0.048781095323752494,"A"
"TIMOB-19533","Bug","2015-09-16T20:50:34.000+0000",False,0.011223223984913926,0.0,1.4301906698568634e-12,0.1728053860236029,"A"
"TIMOB-19565","Bug","2015-09-22T04:15:40.000+0000",False,0.004258273109575209,0.0,4.693496613792224e-11,0.07296477464649374,"A"
"TIMOB-23612","Improvement","2016-07-04T04:45:29.000+0000",True,0.020210868171635785,0.0,1.8444279954219602e-16,0.2751780973106097,"A"
"TIMOB-25696","Bug","2018-01-23T06:09:40.000+0000",False,0.020612420286669847,0.0,0.0008511302767330751,0.2792018371292697,"A"
"TIMOB-26205","Bug","2018-07-11T12:29:27.000+0000",False,0.0099081485538061,0.0,7.827761125655809e-10,0.15553522606174203,"A"
"TIMOB-26776","Bug","2019-01-29T04:24:13.000+0000",False,0.002652170780386547,0.0,5.384232048389853e-17,0.046658783585031095,"A"
"TIMOB-26788","Bug","2019-02-01T16:33:51.000+0000",False,0.03326785553905444,0.0,4.3715159523722866e-13,0.38776412422154716,"A"
"TIMOB-18906","Bug","2015-05-12T07:40:05.000+0000",False,0.01343116063767096,0.0,3.599997926266151e-13,0.20035994101411134,"A"
"TIMOB-24808","New Feature","2017-06-12T03:25:55.000+0000",False,0.02442983547643289,0.0,8.46167563960747e-11,0.3154832546350884,"A"
"TIMOB-24611","Bug","2017-04-20T21:43:05.000+0000",False,0.020291750946530084,0.0,3.2825998782278043e-06,0.2759919233522736,"A"
"TIMOB-24848","Bug","2017-06-19T11:57:10.000+0000",False,0.004026761139176258,0.0,5.302700241018257e-11,0.06925766883771084,"A"
"TIMOB-25174","Bug","2017-08-15T23:33:39.000+0000",False,0.0030113016513108526,0.0,1.889142835423475e-16,0.052662211373513484,"A"
"TIMOB-23370","Improvement","2016-05-12T21:25:19.000+0000",True,0.022795841029871557,1.0,1.7116686244132415e-08,0.30037599325917325,"A"
"TIMOB-18162","Improvement","2014-12-09T17:06:20.000+0000",False,0.009226977819529799,0.0,7.586387304373913e-14,0.1463219908756909,"A"
"TIMOB-23753","Bug","2016-08-10T13:23:27.000+0000",False,0.13316546975557478,0.0,1.0,0.7387253047023188,"A"
"TIMOB-25994","New Feature","2018-05-01T10:00:22.000+0000",False,0.007148374661746651,1.0,7.860911638483661e-17,0.11700666110658209,"A"
"TIMOB-23377","Bug","2016-05-13T14:39:27.000+0000",True,0.001585323128279152,0.0,1.8892172364920386e-14,0.028394041454158726,"A"
"TIMOB-23563","Bug","2016-06-27T18:51:47.000+0000",False,0.0251825829904528,0.0,0.006616662717953462,0.3222418518893899,"A"
"TIMOB-25563","Bug","2017-11-28T03:22:59.000+0000",False,0.002606012893610367,0.0,1.4827898971461764e-09,0.04588197646419188,"A"
"TIMOB-25877","Bug","2018-03-17T02:48:29.000+0000",False,0.004685557713930453,0.0,1.7395314386123505e-08,0.07973417139655176,"A"
"TIMOB-18424","Improvement","2015-01-21T18:25:29.000+0000",False,0.0026841490542541127,0.0,2.4344903968222657e-15,0.04719625785251789,"A"
"TIMOB-23531","Bug","2016-06-15T22:29:05.000+0000",False,0.010941209743283086,0.0,0.06127436617497257,0.16915778665635808,"A"
"TIMOB-19722","Bug","2015-10-14T03:28:38.000+0000",False,0.025476980875632212,0.0,5.8547282320741945e-15,0.3248517490904645,"A"
"TIMOB-26250","Improvement","2018-08-02T01:38:40.000+0000",False,0.0026253463449967063,0.0,8.101264600733637e-09,0.04620749110612143,"A"
"TIMOB-25565","Bug","2017-11-20T16:11:53.000+0000",False,0.005172026075388353,0.0,0.9999968917958869,0.08732875856358584,"A"
"TIMOB-24664","Improvement","2017-05-08T09:42:54.000+0000",False,0.008384891072922285,0.0,6.4009380633381625e-15,0.13466876397910463,"A"
"TIMOB-18905","Improvement","2015-05-14T05:54:52.000+0000",True,0.017180402492010628,0.0,1.3480691094536853e-11,0.24341505054464416,"A"
"TIMOB-26139","Bug","2018-06-19T14:25:01.000+0000",False,0.0037972670231659093,0.0,1.2208614476522253e-16,0.06555521654740736,"A"
"TIMOB-23389","Bug","2016-05-17T13:53:45.000+0000",False,0.004116943313076634,0.0,7.991876564589388e-10,0.07070503342310985,"A"
"TIMOB-26235","New Feature","2018-07-24T18:58:32.000+0000",False,0.0043658261665116774,0.0,9.01968277253253e-16,0.07467753185867466,"A"
"TIMOB-19506","Improvement","2015-09-11T08:52:59.000+0000",False,0.010533617618072824,0.0,3.875114794161154e-13,0.16383247920969685,"A"
"TIMOB-23311","Bug","2016-05-03T22:43:47.000+0000",False,0.026615017310238076,1.0,1.3374527269868555e-13,0.3347687739055405,"A"
"TIMOB-17925","Improvement","2014-10-27T22:20:40.000+0000",False,0.09382827984848739,1.0,2.5366046614131284e-13,0.6558482872386797,"A"
"TIMOB-24664","Improvement","2017-05-08T09:42:54.000+0000",False,0.008384891072922285,0.0,6.4009380633381625e-15,0.13466876397910463,"A"
"TIMOB-19905","Bug","2015-11-10T15:59:14.000+0000",False,0.0038868553807556243,0.0,9.234261931648926e-15,0.06700385121248481,"A"
"TIMOB-19843","Bug","2015-11-02T12:44:28.000+0000",False,0.0307758696839499,0.0,3.808268481572049e-14,0.3688495275315297,"A"
"TIMOB-17905","New Feature","2014-10-24T21:50:13.000+0000",False,0.004123189192247422,0.0,3.608921720963937e-17,0.07080511870390864,"A"
"TIMOB-25043","Improvement","2017-07-31T23:59:23.000+0000",False,0.007004232300328026,0.0,1.467020447338496e-14,0.1149036669962563,"A"
"TIMOB-26025","Improvement","2018-05-09T10:42:15.000+0000",False,0.007323360826261941,0.0,6.186423830651468e-16,0.1195470799667334,"A"
"TIMOB-26235","New Feature","2018-07-24T18:58:32.000+0000",False,0.0043658261665116774,0.0,9.01968277253253e-16,0.07467753185867466,"A"
"TIMOB-24382","Improvement","2017-02-08T01:56:44.000+0000",False,0.003700176768431067,0.0,1.6999411132178251e-10,0.06398048470484412,"A"
"TIMOB-24654","Bug","2017-05-03T17:24:12.000+0000",False,0.0022866802720658067,0.0,3.96438145361678e-13,0.04047493878383081,"A"
"TIMOB-19733","New Feature","2015-10-16T19:47:07.000+0000",True,0.0034810536360882177,0.0,4.5427678351635105e-13,0.06040802763367735,"A"
"TIMOB-26729","Improvement","2019-01-15T17:38:04.000+0000",False,0.018077157965002956,0.0,3.6272964755737815e-09,0.25307967633857736,"A"
"TIMOB-18196","Improvement","2014-12-12T21:08:28.000+0000",False,0.015047333925656724,0.0,3.946637626695066e-12,0.2194655975365114,"A"
"TIMOB-23510","New Feature","2016-06-13T22:56:15.000+0000",False,0.011251418525438858,0.0,6.190436906941244e-14,0.1731684104542115,"A"
"TIMOB-24232","Bug","2016-12-16T11:32:08.000+0000",False,0.017491153307310114,0.0,2.981985614720048e-14,0.24679029945199482,"A"
"TIMOB-17889","Improvement","2014-10-23T03:58:42.000+0000",False,0.010104612949645828,0.0,0.00044557429111869953,0.15815800326064083,"A"
"TIMOB-19943","Improvement","2015-11-12T16:48:15.000+0000",False,0.017002493865103746,0.0,2.688077948894366e-07,0.24146999750497586,"A"
"TIMOB-17891","Improvement","2014-10-23T19:36:16.000+0000",True,0.004271541318374685,0.0,2.1119568503381493e-12,0.07317639049947568,"A"
"TIMOB-25463","Bug","2017-10-31T19:24:07.000+0000",False,0.0122585474413686,0.0,9.804085432467167e-09,0.18594331961032054,"A"
"TIMOB-24110","New Feature","2016-11-07T10:36:00.000+0000",False,0.016045753406688044,0.0,3.4458005461375577e-10,0.23084860103198757,"A"
"TIMOB-23600","Story","2016-07-01T14:57:09.000+0000",False,0.0033519023777733746,0.0,3.2666718196088954e-17,0.05829036020549435,"A"
"TIMOB-19331","Improvement","2015-08-07T21:03:35.000+0000",False,0.007813438518842164,0.0,1.132491844812236e-15,0.12658944560573826,"A"
"TIMOB-19294","Bug","2015-07-30T23:11:55.000+0000",False,0.003027697853553667,0.0,2.3982403855343313e-13,0.05293459749439609,"A"
"TIMOB-24314","Bug","2017-01-16T18:58:52.000+0000",False,0.014726701891159063,0.0,6.889286157894094e-13,0.21574326345695005,"A"
"TIMOB-19661","Bug","2015-10-02T02:08:58.000+0000",False,0.026588460736075476,0.0,0.9996162071162483,0.3345404163254599,"A"
"TIMOB-18990","Bug","2015-06-09T19:25:08.000+0000",False,0.0020591688723927055,0.0,6.254809300178718e-12,0.036587249788873726,"A"
"TIMOB-17525","Improvement","2014-08-20T19:21:17.000+0000",False,0.01985734639845747,0.0,1.4487915913856436e-12,0.27160104669985946,"A"
"TIMOB-24441","New Feature","2017-02-28T22:26:44.000+0000",False,0.02667116251447552,0.0,1.1061196426950718e-13,0.3352510868301867,"A"
"TIMOB-19842","Improvement","2015-11-02T09:36:01.000+0000",False,0.018488992681777183,0.0,3.8511990545720325e-13,0.257441674403322,"A"
"TIMOB-8784","New Feature","2012-04-18T14:47:59.000+0000",False,0.027361271778674267,0.0,2.391140195959058e-16,0.34112728013999855,"A"
"TIMOB-19528","Bug","2015-09-16T01:12:58.000+0000",False,0.007285179211977443,0.0,0.9999999910380097,0.11899393722584359,"A"
"TIMOB-20241","Bug","2016-01-15T12:14:20.000+0000",False,0.02311412386766299,0.0,6.286763475603289e-15,0.3033667644012205,"A"
"TIMOB-19476","Bug","2015-09-08T18:34:53.000+0000",False,0.003317600596508908,0.0,1.9879137042735482e-17,0.05772640802333677,"A"
"TIMOB-18409","New Feature","2015-01-20T01:12:26.000+0000",False,0.0017025129022299882,0.0,4.495414498509525e-16,0.030432571760624905,"A"
"TIMOB-18099","Improvement","2014-11-06T16:06:13.000+0000",False,0.041596131429015165,0.0,1.1477400421919074e-06,0.44407185506759617,"A"
"TIMOB-24177","Bug","2016-11-21T04:59:59.000+0000",False,0.0177040823500129,0.0,0.9999999999729425,0.24908693383471447,"A"
"TIMOB-25236","New Feature","2017-09-06T19:20:09.000+0000",False,0.0009418540194000104,0.0,2.4758575940302146e-15,0.017055020376831542,"A"
"TIMOB-17141","Bug","2014-05-23T10:58:03.000+0000",False,0.011782863411125118,0.0,1.0,0.17995582678817457,"A"
"TIMOB-19804","Story","2015-10-27T14:00:24.000+0000",False,0.007319278934135806,0.0,1.9203795849103735e-13,0.11948797611740618,"A"
"TIMOB-23812","Bug","2016-08-23T23:35:05.000+0000",True,0.003392594330116274,0.0,4.084581679468742e-12,0.05895854801607037,"A"
"TIMOB-19150","Improvement","2015-07-02T21:53:29.000+0000",False,0.03297702127074599,0.0,1.9048391059545498e-12,0.38561037329930303,"A"
"TIMOB-24337","Bug","2017-01-23T17:28:11.000+0000",False,0.0013856511099448862,0.0,2.163047520618614e-11,0.024902018581103833,"A"
"TIMOB-23546","Improvement","2016-06-21T13:17:54.000+0000",False,0.005512236194099415,0.0,0.027274672605092032,0.09257027995250355,"A"
"TIMOB-25192","Bug","2017-08-24T17:55:27.000+0000",False,0.008022775384473069,0.0,5.320516815634449e-09,0.12956546275575803,"A"
"TIMOB-25827","Bug","2018-03-01T16:53:09.000+0000",False,0.009013416837658375,0.0,0.09491052925230684,0.14339457056312335,"A"
"TIMOB-26005","New Feature","2018-05-01T21:38:21.000+0000",False,0.026047719401465767,0.0,2.7126286329721445e-14,0.32985904112987363,"A"
"TIMOB-26205","Bug","2018-07-11T12:29:27.000+0000",False,0.0099081485538061,0.0,7.827761125655809e-10,0.15553522606174203,"A"
"TIMOB-19522","Improvement","2015-09-15T06:07:35.000+0000",False,0.013107207037674463,0.0,3.871442347864621e-09,0.1964250147930552,"A"
"TIMOB-26355","Improvement","2018-09-05T17:41:17.000+0000",False,0.029560441961248934,0.0,2.6545561127464944e-15,0.3592311698951498,"A"
"TIMOB-18457","Bug","2015-01-28T16:35:40.000+0000",False,0.01651002108606851,0.0,4.897985396807226e-13,0.23603705465823208,"A"
"TIMOB-23383","Bug","2016-05-16T17:21:03.000+0000",False,0.00769884960971481,0.0,2.0511254830603062e-10,0.1249523044952525,"A"
"TIMOB-19575","Story","2015-09-24T23:04:02.000+0000",False,0.024247810873199892,0.0,8.989204473936772e-15,0.3138302354028692,"A"
"TIMOB-24832","Bug","2017-06-15T16:31:30.000+0000",False,0.0005842859365733859,0.0,8.099333080773709e-15,0.01064538680164735,"A"
"TIMOB-26510","Bug","2018-11-01T15:07:47.000+0000",False,0.006809172780860845,0.0,1.2673280453602456e-11,0.11204278570515455,"A"
"TIMOB-18860","Story","2015-04-29T18:45:05.000+0000",False,0.01076334287446873,0.0,2.669301019778591e-10,0.16684173085854725,"A"
"TIMOB-19905","Bug","2015-11-10T15:59:14.000+0000",False,0.0038868553807556243,0.0,9.234261931648926e-15,0.06700385121248481,"A"
"TIMOB-17612","Bug","2014-09-03T18:43:36.000+0000",False,0.009463166577879406,0.0,1.3744497575063633e-14,0.14953782560417753,"A"
"TIMOB-23468","Improvement","2016-06-02T08:12:16.000+0000",False,0.04981153573273283,0.0,6.413793573164483e-08,0.49104987620608936,"A"
"TIMOB-19456","Story","2015-09-02T14:03:53.000+0000",False,0.029515530179795177,0.0,5.5446614938176103e-14,0.3588706074674518,"A"
"TIMOB-26048","Improvement","2018-05-16T22:32:17.000+0000",False,0.03376206098874566,1.0,2.0961384477059772e-12,0.3913924277790512,"A"
"TIMOB-23989","Bug","2016-10-05T22:47:20.000+0000",False,0.0019113902001655727,0.0,3.440328249324461e-14,0.03404606130083493,"A"
"TIMOB-24919","Bug","2017-07-03T12:09:22.000+0000",False,0.003202104751224046,0.0,6.709223360661082e-11,0.055822862955090834,"A"
"TIMOB-17861","New Feature","2014-10-09T17:37:55.000+0000",False,0.014945684812111178,0.0,3.277176534152862e-13,0.2182890851964225,"A"
"TIMOB-19445","Bug","2015-09-01T09:36:31.000+0000",False,0.0014902470649484929,0.0,1.3773429653796408e-15,0.026734226215072335,"A"
"TIMOB-26108","Bug","2018-06-07T14:47:20.000+0000",False,0.00810278071323132,0.0,2.880251704355059e-18,0.1306978308441939,"A"
"TIMOB-20608","Improvement","2016-03-07T20:43:51.000+0000",False,0.01683963640644674,0.0,4.771007580485299e-13,0.239681330493184,"A"
"TIMOB-18424","Improvement","2015-01-21T18:25:29.000+0000",False,0.0026841490542541127,0.0,2.4344903968222657e-15,0.04719625785251789,"A"
"TIMOB-26669","New Feature","2018-12-19T19:41:40.000+0000",False,0.016071300586098725,0.0,1.0404035459656958e-11,0.2311358087443091,"A"
"TIMOB-19859","Improvement","2015-11-04T06:59:26.000+0000",False,0.041575521189892564,0.0,9.289696414010275e-16,0.44394419830788395,"A"
"TIMOB-26048","Improvement","2018-05-16T22:32:17.000+0000",False,0.03376206098874566,1.0,2.0961384477059772e-12,0.3913924277790512,"A"
"TIMOB-20281","Improvement","2016-01-28T05:02:26.000+0000",True,0.0017118068585247593,0.0,1.972785292880088e-14,0.030593895650122212,"A"
"TIMOB-2792","Bug","2011-04-15T03:29:41.000+0000",False,0.004920354319806869,0.0,0.00010331810466852069,0.08341452997286931,"A"
"TIMOB-25363","Bug","2017-10-02T21:39:38.000+0000",False,0.0074794262872965285,0.0,1.7057265462647153e-08,0.12180126016957644,"A"
"TIMOB-23392","Improvement","2016-05-17T17:18:10.000+0000",False,0.01022687879543821,0.0,2.500802633985776e-10,0.15978255178256096,"A"
"TIMOB-24848","Bug","2017-06-19T11:57:10.000+0000",False,0.004026761139176258,0.0,5.302700241018257e-11,0.06925766883771084,"A"
"TIMOB-23858","Bug","2016-09-01T21:16:03.000+0000",False,0.030533183774803074,0.0,1.0,0.3669502503466668,"A"
"TIMOB-24683","Bug","2017-05-11T15:52:48.000+0000",False,0.03493028529898773,0.0,1.0,0.3998148358135458,"A"
"TIMOB-26979","New Feature","2019-04-11T03:45:34.000+0000",False,0.01072066077051854,0.0,8.970320930897361e-12,0.16628415694611956,"A"
"TIMOB-25599","Bug","2017-12-12T00:09:11.000+0000",True,0.19624796002965975,1.0,1.0,0.8179764658416849,"A"
"TIMOB-19065","Story","2015-06-23T12:27:20.000+0000",False,0.007122889322439324,0.0,9.572148830959849e-14,0.11663552079071628,"A"
"TIMOB-24423","Bug","2017-02-22T11:11:32.000+0000",False,0.0030936910926583927,0.0,0.1820683343089746,0.054029435350835466,"A"
"TIMOB-19836","Bug","2015-11-02T02:28:24.000+0000",False,0.016887527204300024,0.0,1.4199524555977681e-15,0.2402081295702145,"A"
"TIMOB-24695","Bug","2017-05-14T11:39:19.000+0000",False,0.00642130850129408,0.0,3.8154346871043575e-08,0.1063021794677242,"A"
"TIMOB-17525","Improvement","2014-08-20T19:21:17.000+0000",False,0.01985734639845747,0.0,1.4487915913856436e-12,0.27160104669985946,"A"
"TIMOB-24319","Bug","2017-01-17T18:41:57.000+0000",False,0.03566793367691818,0.0,0.8315637445418892,0.40502413029064854,"A"
"TIMOB-26137","Story","2018-06-19T13:00:37.000+0000",False,0.01251375803344797,0.0,4.231544842453524e-15,0.18912213024557883,"A"
"TIMOB-24442","Bug","2017-03-01T14:35:43.000+0000",False,0.005150358031817008,0.0,1.7331096826420947e-11,0.08699299548184632,"A"
"TIMOB-18557","Bug","2015-02-12T03:59:18.000+0000",False,0.0023956658519482966,0.0,4.009117829625737e-12,0.042326801555101344,"A"
"TIMOB-23251","Bug","2016-04-20T20:03:20.000+0000",False,0.005687715956976037,0.0,3.677946689664407e-15,0.09525176720207278,"A"
"TIMOB-25043","Improvement","2017-07-31T23:59:23.000+0000",False,0.007004232300328026,0.0,1.467020447338496e-14,0.1149036669962563,"A"
"TIMOB-15249","Bug","2013-08-15T08:17:21.000+0000",True,0.0007908323578938701,0.0,2.7070968633062206e-11,0.01435746157893472,"A"
"TIMOB-25748","Improvement","2018-02-04T10:16:01.000+0000",False,0.020514225122639573,0.0,4.525303749506617e-14,0.2782217040023234,"A"
"TIMOB-25955","Improvement","2018-04-10T22:31:51.000+0000",True,0.01744925932277406,1.0,6.423255192592858e-08,0.246336897304039,"A"
"TIMOB-26141","Bug","2018-06-06T03:54:59.000+0000",False,0.0034651830159566424,0.0,4.6928258712472304e-14,0.06014828412684109,"A"
"TIMOB-19052","Bug","2015-06-22T14:05:01.000+0000",False,0.009642913370724454,0.0,1.4914396071064385e-13,0.15197000232853544,"A"
"TIMOB-23252","Improvement","2016-04-18T07:25:55.000+0000",False,0.0050759472171865464,0.0,1.0433950587905137e-16,0.08583817074737511,"A"
"TIMOB-26120","Improvement","2018-06-11T18:00:30.000+0000",False,0.028512525605889936,0.0,4.0411106455637445e-09,0.35072009395861603,"A"
"TIMOB-25076","New Feature","2017-08-08T19:56:19.000+0000",False,0.007877984161898622,0.0,1.630155699701073e-10,0.12750908603733652,"A"
"TIMOB-26726","Improvement","2019-01-14T20:14:39.000+0000",False,0.024701141268967875,0.0,1.763144691013562e-14,0.31793346775270337,"A"
"TIMOB-19065","Story","2015-06-23T12:27:20.000+0000",False,0.007122889322439324,0.0,9.572148830959849e-14,0.11663552079071628,"A"
"TIMOB-24125","Bug","2016-11-09T14:20:01.000+0000",False,0.0023726131291296757,0.0,3.027402483363987e-11,0.041935656582748435,"A"
"TIMOB-18543","Bug","2015-02-10T01:45:18.000+0000",False,0.009385471097574873,0.0,5.742736833023661e-15,0.14848246899913958,"A"
"TIMOB-15976","Bug","2013-11-07T14:35:06.000+0000",False,0.019406945740162718,0.0,8.222132077550496e-14,0.2669960774977817,"A"
"TIMOB-18627","Improvement","2015-03-02T19:07:47.000+0000",False,0.008407278048008596,0.0,1.3178612826383248e-15,0.13498242205012947,"A"
"TIMOB-24277","Bug","2017-01-05T14:51:32.000+0000",False,0.0016252961805658384,0.0,6.351858178380186e-11,0.0290902863198954,"A"
"TIMOB-23143","New Feature","2016-04-04T20:11:36.000+0000",False,0.050465087162490596,0.0,2.5407090227320064e-15,0.4944799455092511,"A"
"TIMOB-26577","Bug","2018-11-16T19:30:25.000+0000",False,0.004260586019672466,0.0,1.2653896441844985e-14,0.07300167000539548,"A"
"TIMOB-23381","Bug","2016-05-16T16:57:54.000+0000",False,0.00747213436038358,0.0,3.3018638674172636e-13,0.12169617828181854,"A"
"TIMOB-25733","Bug","2018-01-28T22:18:52.000+0000",False,0.015770318364375664,0.0,3.4365465496277303e-15,0.22773936446873116,"A"
"TIMOB-19478","Improvement","2015-09-08T19:39:26.000+0000",False,0.01577682064776213,0.0,1.3961578149166806e-16,0.22781303476464979,"A"
"TIMOB-24085","Improvement","2016-10-30T10:30:20.000+0000",False,0.005158516132057275,0.0,1.7530910615847042e-12,0.08711943882643451,"A"
"TIMOB-19193","Bug","2015-07-08T17:28:54.000+0000",False,0.0037952781153049483,0.0,9.91246507019013e-16,0.06552300802512853,"A"
"TIMOB-19217","Bug","2015-07-14T21:08:11.000+0000",False,0.018235133102873953,0.0,6.471844048919887e-16,0.2547585012480647,"A"
"TIMOB-19483","New Feature","2015-09-09T17:10:25.000+0000",False,0.008058846078362525,0.0,1.0277269020635563e-16,0.13007633740137245,"A"
"TIMOB-18997","Story","2015-06-11T09:38:17.000+0000",False,0.006752858856779195,0.0,1.3090069573799649e-15,0.11121361222093365,"A"
"TIMOB-26115","New Feature","2018-06-08T14:53:01.000+0000",False,0.01466625683571483,0.0,2.586079003968927e-13,0.21503782699770158,"A"
"TIMOB-6998","Bug","2011-10-21T20:21:17.000+0000",False,0.002669157208086153,0.0,5.362447848737735e-16,0.046944353853550516,"A"
"TIMOB-23475","Bug","2016-06-03T18:41:15.000+0000",False,0.005768057556503736,0.0,2.1212696275044407e-14,0.09647449088056649,"A"
"TIMOB-19692","Bug","2015-10-09T05:49:36.000+0000",False,0.010380694721814316,0.0,3.6314441049642396e-10,0.1618179890700585,"A"
"TIMOB-24869","Bug","2017-06-21T11:40:17.000+0000",False,0.007977678155023983,0.0,8.830188964141943e-06,0.12892595162233803,"A"
"TIMOB-24311","Bug","2016-10-12T17:20:00.000+0000",False,0.011303317759855908,0.0,5.440739928336496e-12,0.17383587100118006,"A"
"TIMOB-15718","Bug","2013-11-14T19:19:32.000+0000",False,0.004847185186340191,0.0,1.0,0.08227060350623885,"A"
"TIMOB-23565","Improvement","2016-06-27T21:06:28.000+0000",True,0.029697913094414982,1.0,1.133585715078567e-11,0.3603325111686345,"A"
"TIMOB-19186","Improvement","2015-07-07T19:00:52.000+0000",False,0.011916728549816511,0.0,3.9271946242865197e-16,0.18164910600062836,"A"
"TIMOB-20376","Bug","2015-12-17T14:52:50.000+0000",True,0.021658601353058447,1.0,1.0,0.289493224630631,"A"
"TIMOB-23507","Improvement","2016-06-13T22:38:35.000+0000",False,0.015012475973076098,0.0,1.1793672628537184e-12,0.2190625146984598,"A"
"TIMOB-19249","Bug","2015-07-21T11:55:57.000+0000",False,0.029264729069245644,0.0,0.9999999999823785,0.3568502507717978,"A"
"TIMOB-17972","New Feature","2014-11-05T22:03:45.000+0000",False,0.0015188134954020735,0.0,6.5874683137067145e-18,0.027233494571818805,"A"
"TIMOB-24088","Bug","2016-08-24T10:39:49.000+0000",False,0.004731951718892667,0.0,0.00039852009097355267,0.08046358511834541,"A"
"TIMOB-18855","Bug","2015-04-25T17:29:14.000+0000",False,0.005653878711985433,0.0,0.0002978363724799171,0.09473586442109305,"A"
"TIMOB-25027","Bug","2017-07-26T13:38:06.000+0000",False,0.022016543104704203,0.0,4.551817188650357e-13,0.2929521219505385,"A"
"TIMOB-15703","Bug","2013-11-06T19:30:37.000+0000",False,0.003283117595773512,0.0,2.188340938292847e-14,0.057158834396125915,"A"
"TIMOB-17334","New Feature","2014-07-15T21:08:27.000+0000",False,0.026464434071224317,0.0,1.0491418404497523e-15,0.33347200856656606,"A"
"TIMOB-20221","Improvement","2016-01-12T03:56:44.000+0000",True,0.0762814903515638,1.0,1.0762320590160921e-14,0.6031559409706694,"A"
"TIMOB-8302","New Feature","2012-03-25T18:11:43.000+0000",False,0.00864458752288467,0.0,2.4017507481376164e-15,0.13829424032216997,"A"
"TIMOB-18559","Bug","2015-02-12T19:09:40.000+0000",False,0.017831970511489825,0.0,0.9999999933879735,0.2504600802396462,"A"
"TIMOB-25757","Bug","2018-02-06T22:50:17.000+0000",False,0.011519039959431859,0.0,1.0785851901372889e-14,0.1765994453178477,"A"
"TIMOB-17965","New Feature","2014-11-05T19:37:23.000+0000",False,0.022135682295698293,0.0,4.58621572679023e-14,0.29409649837480817,"A"
"TIMOB-19401","Bug","2015-08-25T01:56:04.000+0000",False,0.005845918208440845,0.0,2.852051254673076e-15,0.09765649541424629,"A"
"TIMOB-23339","Bug","2016-05-06T22:22:15.000+0000",False,0.016720947884261452,0.0,2.825805089545231e-07,0.238372824054651,"A"
"TIMOB-23869","Bug","2016-09-06T11:17:25.000+0000",False,0.001935470725058524,0.0,1.4957377524537308e-05,0.034461010246602884,"A"
"TIMOB-25223","Bug","2017-09-01T15:56:27.000+0000",False,0.005735742656607088,0.0,2.673806055747974e-07,0.09598306223825959,"A"
"TIMOB-25257","Bug","2017-09-08T14:25:07.000+0000",False,0.00203746495381252,0.0,5.115444218317535e-07,0.03621482210356416,"A"
"TIMOB-24385","Bug","2017-02-08T12:13:28.000+0000",False,0.02725605210340113,0.0,1.642722787566915e-11,0.34023753382853106,"A"
"TIMOB-24717","Story","2017-05-23T05:05:03.000+0000",False,0.013554696498850893,0.0,7.841390252920621e-12,0.20185102240840544,"A"
"TIMOB-24850","Bug","2017-06-19T19:41:42.000+0000",False,0.0030919812204785752,0.0,9.506388822493392e-12,0.054001098429078596,"A"
"TIMOB-18530","New Feature","2015-02-05T23:15:16.000+0000",False,0.001437549963208155,1.0,3.533817946663256e-18,0.02581194440470874,"A"
"TIMOB-24397","Bug","2017-02-10T12:58:26.000+0000",False,0.0037867354434042285,0.0,2.3648502977413766e-06,0.06538464356919056,"A"
"TIMOB-23607","Bug","2016-07-01T15:21:28.000+0000",False,0.003656104388217092,0.0,7.329328523416141e-09,0.06326401224580214,"A"
"TIMOB-23453","Bug","2016-05-28T14:59:13.000+0000",False,0.0077467949500253175,0.0,6.456535250304208e-16,0.12563800363124686,"A"
"TIMOB-17917","New Feature","2014-10-24T23:39:12.000+0000",False,0.005817089567909062,0.0,1.230819958418938e-16,0.09721918623833925,"A"
"TIMOB-20495","Bug","2016-03-01T23:41:32.000+0000",False,0.02559079559268774,0.0,1.944626846764286e-05,0.32585578006021476,"A"
"TIMOB-24594","Bug","2017-04-19T02:14:35.000+0000",False,0.0015695503898112801,0.0,1.2821343516787764e-12,0.028119054703871202,"A"
"TIMOB-19689","Bug","2015-10-08T11:36:32.000+0000",False,0.004064434984595662,0.0,2.343633258903453e-16,0.06986282535231345,"A"
"TIMOB-23307","Bug","2016-04-28T11:15:17.000+0000",False,0.007724281239848078,0.0,5.360855225090844e-16,0.12531614527928542,"A"
"TIMOB-18941","Bug","2015-05-21T22:33:26.000+0000",False,0.009944502137452241,0.0,4.0716103797439315e-16,0.15602169512578032,"A"
"TIMOB-23247","Improvement","2016-04-20T11:43:21.000+0000",True,0.00423024823293626,0.0,2.121960633796242e-12,0.07251750416665634,"A"
"TIMOB-26551","Bug","2018-11-13T13:19:02.000+0000",False,0.00546632584497565,0.0,1.0065811702532041e-10,0.0918662604781249,"A"
"TIMOB-19565","Bug","2015-09-22T04:15:40.000+0000",False,0.004258273109575209,0.0,4.693496613792224e-11,0.07296477464649374,"A"
"TIMOB-20608","Improvement","2016-03-07T20:43:51.000+0000",False,0.01683963640644674,0.0,4.771007580485299e-13,0.239681330493184,"A"
"TIMOB-23341","Bug","2012-10-18T12:29:48.000+0000",False,0.007305281521735522,0.0,2.903803168061601e-11,0.1192852436869938,"A"
"TIMOB-19820","Bug","2015-10-28T23:10:47.000+0000",True,0.04720483575988349,1.0,1.0,0.47694282171078967,"A"
"TIMOB-17903","New Feature","2014-10-24T21:48:59.000+0000",False,0.00428343154458586,0.0,1.129291755184957e-16,0.07336595150748358,"A"
"TIMOB-23683","Improvement","2016-07-26T16:24:34.000+0000",False,0.004522000977504037,0.0,6.887239494176501e-15,0.07715399617821518,"A"
"TIMOB-25878","Improvement","2018-03-17T04:13:24.000+0000",False,0.05294169911410347,0.0,0.9999991089504183,0.5071095374570165,"A"
"TIMOB-19884","Bug","2015-02-03T21:19:44.000+0000",False,0.011782288070887565,0.0,3.054360544891314e-10,0.17994853509655134,"A"
"TIMOB-23339","Bug","2016-05-06T22:22:15.000+0000",False,0.016720947884261452,0.0,2.825805089545231e-07,0.238372824054651,"A"
"TIMOB-26139","Bug","2018-06-19T14:25:01.000+0000",False,0.0037972670231659093,0.0,1.2208614476522253e-16,0.06555521654740736,"A"
"TIMOB-23517","Story","2016-06-14T15:27:46.000+0000",False,0.016877507515544392,0.0,5.080534817986813e-15,0.24009796908403888,"A"
"TIMOB-24672","Story","2017-05-10T08:51:22.000+0000",False,0.03005464741742366,0.0,1.1436767269549846e-12,0.3631743255698963,"A"
"TIMOB-19562","Bug","2015-09-21T23:20:45.000+0000",False,0.03461689584804187,0.0,5.791160944864264e-07,0.39757640629203284,"A"
"TIMOB-25895","Improvement","2018-03-22T12:30:37.000+0000",False,0.018284065360946036,0.0,1.4020395130363314e-09,0.2552770909383568,"A"
"TIMOB-23486","New Feature","2016-06-09T09:17:54.000+0000",False,0.010574692754861746,0.0,6.447394996250793e-06,0.16437202887454533,"A"
"TIMOB-23480","Bug","2016-06-04T05:42:20.000+0000",False,0.004380018511241671,0.0,1.0539746537220751e-15,0.07490309663960724,"A"
"TIMOB-19572","Bug","2015-09-23T23:27:55.000+0000",False,0.006185310439393512,0.0,9.928774510518347e-17,0.1027750369651418,"A"
"TIMOB-17707","Improvement","2014-09-16T21:12:37.000+0000",True,0.0013377947047173073,0.0,0.976798928160025,0.02406154406632345,"A"
"TIMOB-23175","Bug","2016-04-08T14:12:07.000+0000",False,0.0027279734486742105,0.0,9.55421355157877e-13,0.047931907841432225,"A"
"TIMOB-17912","New Feature","2014-10-24T22:04:44.000+0000",False,0.004123189192247422,0.0,3.608921720963937e-17,0.07080511870390864,"A"
"TIMOB-23543","Bug","2016-06-20T16:09:41.000+0000",False,0.008673826474325557,0.0,1.4052641901231513e-12,0.13870064543242938,"A"
"TIMOB-18518","Bug","2015-02-05T17:55:37.000+0000",False,0.0029772310243559225,0.0,9.945928266774915e-11,0.052095731665620135,"A"
"TIMOB-19263","Bug","2015-07-28T17:39:25.000+0000",False,0.0033640871007118156,0.0,2.1987942883666385e-05,0.05849053490894133,"A"
"TIMOB-26886","Story","2019-03-08T02:08:07.000+0000",False,0.009417393669302759,0.0,3.600046007409803e-15,0.1489163778516841,"A"
"TIMOB-19264","Bug","2015-07-28T18:50:59.000+0000",False,0.016837970701372742,0.0,0.007293407260627833,0.23966299550495568,"A"
"TIMOB-17928","Improvement","2014-10-27T22:23:12.000+0000",False,0.004089822873353417,0.0,8.719058247509815e-10,0.07027021418992833,"A"
"TIMOB-26249","Bug","2018-07-31T22:53:02.000+0000",False,0.0016408167554188243,0.0,1.4225646007424664e-06,0.029360367602088273,"A"
"TIMOB-19151","New Feature","2015-07-02T22:49:38.000+0000",False,0.0075324687651819305,0.0,5.2725621985091714e-14,0.12256493060873068,"A"
"TIMOB-19817","Bug","2015-10-12T13:19:24.000+0000",False,0.024341346795792952,0.0,0.0017626649194147726,0.3146805816860156,"A"
"TIMOB-17987","Bug","2014-11-07T00:09:07.000+0000",False,0.008839522475246856,0.0,1.733243141214012e-13,0.14099695537490403,"A"
"TIMOB-26403","Bug","2018-09-20T13:26:14.000+0000",False,0.011420312178724953,0.0,0.9999997813369771,0.17533681169248994,"A"
"TIMOB-25941","Improvement","2018-01-24T16:51:45.000+0000",True,0.008808001452027786,1.0,1.0,0.14056100354455459,"A"
"TIMOB-24336","Bug","2017-01-23T04:42:11.000+0000",False,0.016710043623715583,0.0,2.7028013697316006e-08,0.2382523976942301,"A"
"TIMOB-24222","Bug","2016-12-14T01:43:53.000+0000",False,0.0032059501908341223,0.0,3.327225453710932e-17,0.05588635822923826,"A"
"TIMOB-26859","Bug","2019-02-25T20:46:40.000+0000",False,0.01149523800206791,0.0,0.999929910075888,0.17629537189449676,"A"
"TIMOB-20224","Story","2016-01-12T07:58:33.000+0000",False,0.032180821191322706,0.0,0.02387171066983857,0.37964267039237454,"A"
"TIMOB-26587","Bug","2018-11-21T11:11:30.000+0000",False,0.0026035381957180627,0.0,2.4828946614927338e-17,0.04584029518923935,"A"
"TIMOB-24165","Bug","2016-11-23T01:32:21.000+0000",False,0.014751929013208856,0.0,4.276734885854075e-15,0.2160373324573697,"A"
"TIMOB-25526","Bug","2017-11-17T02:14:30.000+0000",False,0.00804982623816926,0.0,1.6673355261389638e-13,0.12994864080727428,"A"
"TIMOB-23213","Bug","2016-04-14T14:53:48.000+0000",False,0.01917739162833543,0.0,2.4922701847921887e-12,0.2646282544844373,"A"
"TIMOB-23772","Story","2016-08-15T00:08:26.000+0000",True,0.028291375368476528,0.0,1.515027449368485e-11,0.34889734954339013,"A"
"TIMOB-23192","Bug","2016-04-12T04:11:02.000+0000",False,0.004513639147255248,0.0,2.723795076103557e-08,0.07702171888858814,"A"
"TIMOB-26669","New Feature","2018-12-19T19:41:40.000+0000",False,0.016071300586098725,0.0,1.0404035459656958e-11,0.2311358087443091,"A"
"TIMOB-18759","Improvement","2015-03-27T18:04:27.000+0000",False,0.006199299514879041,0.0,8.989709197679454e-16,0.10298484187005781,"A"
"TIMOB-16697","Bug","2014-03-25T18:31:17.000+0000",False,0.04090055309267832,0.0,5.030687437229406e-10,0.4397339804287168,"A"
"TIMOB-26758","Bug","2019-01-21T12:03:59.000+0000",False,0.0007432050437934197,0.0,6.482914007171254e-12,0.01350383562025689,"A"
"TIMOB-23332","Story","2016-05-05T19:26:45.000+0000",False,0.007215048450909774,0.0,3.099565315801002e-16,0.11797624080967166,"A"
"TIMOB-26459","New Feature","2018-10-18T00:52:15.000+0000",False,0.005146163368745448,0.0,6.372339507539942e-07,0.08692796908229045,"A"
"TIMOB-19264","Bug","2015-07-28T18:50:59.000+0000",False,0.016837970701372742,0.0,0.007293407260627833,0.23966299550495568,"A"
"TIMOB-26719","Bug","2019-01-12T04:53:53.000+0000",False,0.0016055670384309266,0.0,6.925842166931624e-11,0.0287467647511565,"A"
"TIMOB-26242","Bug","2018-07-27T11:15:23.000+0000",False,0.01471648928975276,0.0,0.00014143085380949696,0.2156241581466932,"A"
"TIMOB-23190","Improvement","2016-04-11T22:23:59.000+0000",False,0.022866786881879948,0.0,1.0389917027178187e-14,0.3010446946695304,"A"
"TIMOB-20002","Bug","2015-11-17T11:10:49.000+0000",False,0.001469320670810582,0.0,2.3739792467635693e-09,0.026368179013766837,"A"
"TIMOB-26008","Bug","2018-05-03T08:16:00.000+0000",False,0.006127733961631579,0.0,2.9361665913429984e-10,0.10191054639960548,"A"
"TIMOB-18739","Bug","2015-03-25T17:07:04.000+0000",False,0.033442801475290454,0.0,1.4850906087429069e-09,0.3890530343317308,"A"
"TIMOB-25255","Bug","2017-09-08T11:47:32.000+0000",False,0.004411396593319771,0.0,1.507867375535438e-15,0.07540143408357014,"A"
"TIMOB-23686","Improvement","2016-07-26T18:09:35.000+0000",False,0.016335311748197363,0.0,1.0429196583488554e-15,0.23409224069200593,"A"
"TIMOB-7824","Bug","2012-02-27T11:20:35.000+0000",False,0.01471770912277723,0.0,3.8271251824921927e-14,0.2156383863230387,"A"
"TIMOB-16678","Bug","2014-03-22T11:15:46.000+0000",False,0.0026190588279181525,0.0,1.4992201751656451e-13,0.04610165204157985,"A"
"TIMOB-23684","Improvement","2016-07-26T16:27:28.000+0000",False,0.01655677043233367,0.0,7.712106331721155e-14,0.23655589776429836,"A"
"TIMOB-15258","Bug","2013-09-10T10:13:33.000+0000",False,0.0065006431027579276,0.0,0.99089063157349,0.10748203993994963,"A"
"TIMOB-23414","Bug","2016-05-19T18:24:03.000+0000",False,0.018032398028144315,0.0,0.0024534875164408556,0.2526027284492205,"A"
"TIMOB-25769","Bug","2018-02-07T21:07:41.000+0000",False,0.027725279452665133,0.0,7.112804996052664e-14,0.3441884033412273,"A"
"TIMOB-20605","Bug","2016-03-18T14:42:39.000+0000",False,0.004940955096707984,0.0,3.956835945423439e-15,0.08373611857174833,"A"
"TIMOB-23773","Bug","2016-08-15T03:22:11.000+0000",False,0.05946443841959503,0.0,2.2486581122921572e-09,0.5378122757086798,"A"
"TIMOB-20079","New Feature","2015-11-30T11:33:04.000+0000",False,0.009247651167353528,0.0,1.4072453303073358e-14,0.14660437887470767,"A"
"TIMOB-26464","New Feature","2018-10-18T23:56:08.000+0000",False,0.0034302806486825816,0.0,3.0801093748093305e-13,0.05957658477931155,"A"
"TIMOB-25810","Bug","2018-02-22T10:17:47.000+0000",False,0.016220347753558104,0.0,6.350857430306975e-10,0.23280746304767858,"A"
"TIMOB-19722","Bug","2015-10-14T03:28:38.000+0000",False,0.025476980875632212,0.0,5.8547282320741945e-15,0.3248517490904645,"A"
"TIMOB-25767","Bug","2018-02-09T21:53:44.000+0000",False,0.003775829385056479,0.0,1.3635270437197133e-09,0.06520794356833705,"A"
"TIMOB-18958","Bug","2015-05-28T19:20:44.000+0000",False,0.008626783822955744,0.0,4.516575580756547e-12,0.138046602664513,"A"
"TIMOB-25794","Bug","2018-02-21T18:15:36.000+0000",False,0.0008696162331630865,0.0,2.7705851450618802e-12,0.0157664472334651,"A"
"TIMOB-19044","Bug","2015-06-18T22:31:21.000+0000",False,0.002221742223666449,0.0,6.358475487681471e-14,0.03936830770628044,"A"
"TIMOB-18516","Bug","2015-02-05T07:48:21.000+0000",False,0.028558554822738506,0.0,1.263291500820033e-11,0.3510982933577855,"A"
"TIMOB-26402","Improvement","2018-09-20T12:36:20.000+0000",False,0.016318088686667277,0.0,6.390051599941157e-16,0.23390001974590696,"A"
"TIMOB-26521","Bug","2018-11-05T19:37:16.000+0000",False,0.01729412775750874,0.0,7.211799390123395e-11,0.24465354394758232,"A"
"TIMOB-23281","Improvement","2015-12-09T15:27:48.000+0000",False,0.003700810821838404,0.0,1.6608495162286748e-15,0.06399078480012445,"A"
"TIMOB-23458","Improvement","2016-05-27T13:16:19.000+0000",False,0.002389858456511281,0.0,1.0215105150830846e-15,0.04222829349729358,"A"
"TIMOB-25679","Bug","2017-12-28T10:26:33.000+0000",False,0.046944292036211234,0.0,1.0,0.47549407469760885,"A"
"TIMOB-19061","Story","2015-06-23T04:08:13.000+0000",False,0.005900523967705711,0.0,2.1691693198563443e-15,0.09848373359815901,"A"
"TIMOB-20519","Bug","2016-03-04T22:10:57.000+0000",False,0.0021139598400724768,0.0,3.080482542240853e-20,0.03752622630084701,"A"
"TIMOB-24695","Bug","2017-05-14T11:39:19.000+0000",False,0.00642130850129408,0.0,3.8154346871043575e-08,0.1063021794677242,"A"
"TIMOB-26637","New Feature","2018-12-08T05:39:50.000+0000",False,0.0019058262438030847,0.0,1.2351057660159577e-13,0.033950136863635905,"A"
"TIMOB-8867","Story","2012-04-23T15:58:30.000+0000",False,0.0075080470152087,0.0,1.800368804008417e-17,0.12221347734625689,"A"
"TIMOB-19347","Bug","2015-08-13T14:51:04.000+0000",False,0.0032603901924309654,0.0,2.8842985238005083e-13,0.056784399770923456,"A"
"TIMOB-20627","Bug","2016-03-25T09:22:48.000+0000",False,0.02341534784305844,0.0,5.83756806213068e-13,0.30617555782433675,"A"
"TIMOB-20263","Story","2016-01-21T17:10:48.000+0000",False,0.008496234100862535,0.0,2.5851769404353883e-14,0.13622665798076972,"A"
"TIMOB-26089","Improvement","2018-06-04T23:17:24.000+0000",False,0.020538064999328903,0.0,2.2915657460924748e-14,0.27845988812634487,"A"
"TIMOB-19674","Improvement","2015-10-06T05:34:36.000+0000",False,0.006491175722561691,0.0,2.4576028560702162e-15,0.10734139533993951,"A"
"TIMOB-23503","Bug","2016-06-13T07:14:37.000+0000",False,0.0011664645174759732,0.0,5.002045062986838e-08,0.021041320052125546,"A"
"TIMOB-19349","Bug","2015-08-13T20:57:33.000+0000",False,0.0038167625919438893,0.0,7.953972855117895e-16,0.06587081854134916,"A"
"TIMOB-18521","Bug","2015-02-05T18:08:43.000+0000",False,0.029410797063402355,0.0,7.356798035025487e-10,0.35802833669536366,"A"
"TIMOB-19574","Story","2015-09-24T23:03:30.000+0000",False,0.02547626145339607,0.0,1.4919657816379217e-13,0.32484539385102196,"A"
"TIMOB-23858","Bug","2016-09-01T21:16:03.000+0000",False,0.030533183774803074,0.0,1.0,0.3669502503466668,"A"
"TIMOB-20002","Bug","2015-11-17T11:10:49.000+0000",False,0.001469320670810582,0.0,2.3739792467635693e-09,0.026368179013766837,"A"
"TIMOB-17914","New Feature","2014-10-24T22:06:27.000+0000",False,0.010116467940256531,0.0,2.390000547290434e-16,0.15831577811634487,"A"
"TIMOB-26888","Story","2019-03-08T13:01:25.000+0000",False,0.007505181172648583,0.0,7.95083621649671e-15,0.12217221769819364,"A"
"TIMOB-18452","Improvement","2015-01-27T23:34:58.000+0000",False,0.02907666952522922,0.0,2.862614214475642e-17,0.3553276326452537,"A"
"TIMOB-19481","Improvement","2015-09-09T16:14:58.000+0000",False,0.006489963787878066,0.0,7.620151282390428e-17,0.10732338818992707,"A"
"TIMOB-20534","Bug","2016-03-08T23:14:24.000+0000",False,0.005512406864538682,0.0,0.013863549655337114,0.09257289520992351,"A"
"TIMOB-24695","Bug","2017-05-14T11:39:19.000+0000",False,0.00642130850129408,0.0,3.8154346871043575e-08,0.1063021794677242,"A"
"TIMOB-25184","Bug","2017-08-22T01:38:36.000+0000",False,0.0008436747412287449,0.0,6.989470392703544e-10,0.015302925226137664,"A"
"TIMOB-24372","New Feature","2017-02-04T03:27:16.000+0000",False,0.006232455119712887,0.0,1.642226984305631e-15,0.10348173383640498,"A"
"TIMOB-25231","Bug","2017-09-06T18:05:54.000+0000",False,0.0018492284294066318,0.0,4.3474742283046146e-17,0.032973349160938206,"A"
"TIMOB-19508","Bug","2015-09-11T14:19:10.000+0000",False,0.005396436387466239,0.0,1.1862942444531865e-11,0.09079255501261005,"A"
"TIMOB-24138","Bug","2016-11-11T05:36:04.000+0000",False,0.0012121335646738415,0.0,0.5061569388231537,0.021848102506255677,"A"
"TIMOB-25064","Improvement","2017-08-03T23:02:56.000+0000",False,0.011912070416296347,0.0,1.234242504618379e-14,0.18159029435548654,"A"
"TIMOB-23399","New Feature","2016-05-17T17:41:26.000+0000",False,0.002301431587157415,0.0,7.929444180085686e-14,0.04072598566268143,"A"
"TIMOB-18678","Improvement","2015-03-10T22:09:49.000+0000",True,0.018252434794945583,0.0,2.2210362049716843e-14,0.2549419431770015,"A"
"TIMOB-23591","Story","2016-07-01T14:53:15.000+0000",False,0.005101628664726314,0.0,8.989931265410099e-17,0.08623704654206112,"A"
"TIMOB-19416","Bug","2015-08-27T00:34:16.000+0000",False,0.0022342298258000003,0.0,1.133311193124108e-12,0.039581300121226286,"A"
"TIMOB-25028","Bug","2017-07-26T14:21:54.000+0000",False,0.007408009621211761,0.0,5.5586385867831556e-15,0.12077107743485584,"A"
"TIMOB-19010","New Feature","2015-06-12T14:55:57.000+0000",False,0.013574040490440593,0.0,1.785316741152322e-11,0.2020840352799748,"A"
"TIMOB-20547","New Feature","2016-03-10T19:22:46.000+0000",False,0.00978127572040029,0.0,1.856362689457101e-12,0.15383334318776298,"A"
"TIMOB-24863","Bug","2017-06-20T15:24:00.000+0000",False,0.003863016080889421,0.0,2.3526848163787333e-11,0.06661878548046724,"A"
"TIMOB-19179","Bug","2015-07-06T21:23:27.000+0000",False,0.023739163277340547,0.0,2.816269122908329e-06,0.30917176377036054,"A"
"TIMOB-19555","Bug","2015-09-19T18:25:49.000+0000",False,0.0063192555312966215,0.0,1.0570557847419242e-08,0.10478013578178673,"A"
"TIMOB-18193","Bug","2014-12-12T16:31:10.000+0000",True,0.08511269009566287,1.0,3.1382775739512513e-09,0.6312969264702563,"A"
"TIMOB-24245","New Feature","2016-12-03T22:45:34.000+0000",False,0.0008843958011203004,0.0,2.318084162081934e-17,0.016030343901104714,"A"
"TIMOB-26028","Improvement","2018-05-09T23:04:10.000+0000",False,0.01365575819873548,0.0,2.681025431028245e-10,0.2030669873643326,"A"
"TIMOB-24021","Bug","2016-10-12T19:57:55.000+0000",False,0.005993926338730326,0.0,1.0503072733511766e-15,0.09989541198039492,"A"
"TIMOB-26372","Bug","2018-09-08T09:44:59.000+0000",False,0.0023741145760892406,0.0,5.949922357037902e-15,0.04196114142372861,"A"
"TIMOB-23134","Bug","2016-04-01T14:49:43.000+0000",False,0.00525249691378505,0.0,4.020439454929875e-05,0.08857368535257755,"A"
"TIMOB-18454","Bug","2015-01-27T23:42:14.000+0000",False,0.006642314888668616,0.0,1.4049047152885893e-15,0.10958171147901608,"A"
"TIMOB-25876","Bug","2018-03-16T23:42:02.000+0000",False,0.0055894160932046235,0.0,1.6862710169959736e-16,0.0937514965198654,"A"
"TIMOB-25939","Improvement","2018-04-05T21:53:34.000+0000",False,0.005350329888483697,0.0,0.13567251537553252,0.09008291679285574,"A"
"TIMOB-18630","Improvement","2015-03-02T21:50:45.000+0000",False,0.030101112499691,0.0,2.2385558418494735e-15,0.3635427708303054,"A"
"TIMOB-24135","Bug","2016-11-10T18:03:34.000+0000",False,0.002839529307331631,0.0,1.993016306431313e-10,0.04979969365359713,"A"
"TIMOB-19010","New Feature","2015-06-12T14:55:57.000+0000",False,0.013574040490440593,0.0,1.785316741152322e-11,0.2020840352799748,"A"
"TIMOB-7564","New Feature","2012-02-06T18:46:44.000+0000",False,0.01055104139425759,0.0,3.093183331431931e-14,0.16406143187589975,"A"
"TIMOB-26181","Bug","2018-07-03T21:01:33.000+0000",False,0.02264684747343138,0.0,7.252105633005138e-16,0.2989677958597314,"A"
"TIMOB-26014","Bug","2018-05-04T17:46:06.000+0000",False,0.0017745199402657717,0.0,2.7235544566363875e-08,0.031681141854825685,"A"
"TIMOB-26797","Bug","2019-02-05T07:28:27.000+0000",False,0.00711082139094493,0.0,4.2217700687031925e-14,0.11645967455689482,"A"
"TIMOB-19187","Bug","2015-07-07T22:37:18.000+0000",False,0.02331568068392743,0.0,3.840583451421775e-13,0.3052485204389023,"A"
"TIMOB-7368","Bug","2012-01-24T16:48:47.000+0000",False,0.0026800044650863507,0.0,2.5356891735604838e-11,0.047126629986147514,"A"
"TIMOB-19943","Improvement","2015-11-12T16:48:15.000+0000",False,0.017002493865103746,0.0,2.688077948894366e-07,0.24146999750497586,"A"
"TIMOB-23554","Bug","2016-06-23T22:14:31.000+0000",False,0.017786109723124197,0.0,2.0202758221732737e-14,0.24996820575298098,"A"
"TIMOB-24819","Bug","2017-06-14T16:43:50.000+0000",False,0.004412145713905275,0.0,3.0450216270769366e-12,0.07541332521759789,"A"
"TIMOB-24183","Bug","2016-11-04T14:15:42.000+0000",False,0.00219701728909874,0.0,2.9930958701238166e-16,0.03894632847847605,"A"
"TIMOB-23584","Improvement","2016-07-01T14:19:29.000+0000",False,0.006604603050112066,0.0,1.384994077217655e-16,0.10902370359913653,"A"
"TIMOB-20176","New Feature","2015-12-24T13:38:27.000+0000",False,0.00530715044946124,0.0,3.281750868479768e-08,0.08941738434554852,"A"
"TIMOB-25913","Bug","2018-03-28T23:12:57.000+0000",False,0.004428463253475851,0.0,4.3327281973580657e-13,0.0756722695613852,"A"
"TIMOB-26402","Improvement","2018-09-20T12:36:20.000+0000",False,0.016318088686667277,0.0,6.390051599941157e-16,0.23390001974590696,"A"
"TIMOB-23175","Bug","2016-04-08T14:12:07.000+0000",False,0.0027279734486742105,0.0,9.55421355157877e-13,0.047931907841432225,"A"
"TIMOB-23637","Improvement","2016-07-14T12:01:41.000+0000",False,0.012911355785190691,0.0,1.427702282767142e-07,0.1940285199054512,"A"
"TIMOB-24244","Bug","2016-12-20T11:34:21.000+0000",False,0.0165038285699877,0.0,1.0,0.23596827841992996,"A"
"TIMOB-24059","Bug","2016-10-21T00:21:15.000+0000",False,0.008620674511479558,0.0,1.2481510700400031e-15,0.13796159544087544,"A"
"TIMOB-26109","Bug","2018-06-07T17:11:10.000+0000",False,0.005436044664015739,0.0,1.4380741811044494e-15,0.09140134639291406,"A"
"TIMOB-19414","Story","2015-08-26T17:44:06.000+0000",False,0.010284811269409073,0.0,3.9515347184716906e-11,0.16055025398364633,"A"
"TIMOB-20198","Improvement","2016-01-05T21:44:03.000+0000",False,0.004358761298761326,0.0,7.791755372708592e-13,0.07456520839190096,"A"
"TIMOB-18633","Improvement","2015-03-03T19:05:38.000+0000",False,0.0140829249090014,0.0,2.8461328959805326e-15,0.20816866722453006,"A"
"TIMOB-19078","Bug","2015-06-26T05:46:43.000+0000",False,0.004042923217082446,0.0,2.2031109887182333e-10,0.06951737176455376,"A"
"TIMOB-18674","Bug","2015-03-10T18:13:36.000+0000",True,0.01679267550437026,0.0,2.563219591983058e-05,0.2391641003598391,"A"
"TIMOB-23145","New Feature","2016-04-05T08:33:22.000+0000",True,0.00863496973085827,0.0,5.567495641475515e-12,0.13816047978361515,"A"
"TIMOB-23785","Bug","2016-08-17T15:47:00.000+0000",False,0.0014145603641582617,0.0,1.4423349131887413e-16,0.025409073128062426,"A"
"TIMOB-24139","Bug","2016-11-11T08:58:33.000+0000",False,0.005005276731373371,0.0,1.511981529938885e-13,0.08473884680739194,"A"
"TIMOB-23744","Bug","2016-08-08T18:14:28.000+0000",False,0.03673823599885176,0.0,0.0009737192335624288,0.41243755907671786,"A"
"TIMOB-26539","Bug","2018-11-09T04:02:33.000+0000",False,0.0017598070922228261,0.0,3.499268724251331e-10,0.03142627443443662,"A"
"TIMOB-19187","Bug","2015-07-07T22:37:18.000+0000",False,0.02331568068392743,0.0,3.840583451421775e-13,0.3052485204389023,"A"
"TIMOB-23741","Bug","2016-08-05T22:27:55.000+0000",False,0.007642562609665761,0.0,4.87178299828249e-16,0.12414601664212374,"A"
"TIMOB-25780","Bug","2018-02-14T09:58:19.000+0000",False,0.01911274029632011,0.0,1.5026492931708618e-12,0.2639588214025781,"A"
"TIMOB-19652","Story","2015-10-01T00:01:48.000+0000",False,0.004048773837387992,0.0,3.913223327001303e-17,0.06961134974293853,"A"
"TIMOB-19859","Improvement","2015-11-04T06:59:26.000+0000",False,0.041575521189892564,0.0,9.289696414010275e-16,0.44394419830788395,"A"
"TIMOB-25119","Bug","2017-08-11T16:21:57.000+0000",False,0.006967632612273613,0.0,8.078255346770392e-16,0.11436819035096306,"A"
"TIMOB-24977","Bug","2017-07-18T18:06:29.000+0000",False,0.0023011015874847044,0.0,1.456624016116953e-09,0.04072037088230944,"A"
"TIMOB-24268","Bug","2017-01-03T07:53:15.000+0000",False,0.011786624170334912,0.0,5.946242587606212e-14,0.18000348655086412,"A"
"TIMOB-25291","Bug","2017-09-15T14:16:12.000+0000",False,0.004194030923098141,0.0,0.09254696473682418,0.07193888204020729,"A"
"TIMOB-24297","Bug","2017-01-05T16:49:34.000+0000",True,0.008331718885178715,0.0,1.0,0.13392292668041,"A"
"TIMOB-24141","Bug","2013-03-18T11:58:25.000+0000",False,0.006829375392740118,0.0,2.621325669811589e-13,0.11233989750386478,"A"
"TIMOB-24061","Bug","2016-10-21T14:05:14.000+0000",False,0.0224661635191358,0.0,5.588704140001182e-12,0.2972530355591387,"A"
"TIMOB-23569","Bug","2016-06-13T14:17:39.000+0000",False,0.014916808029125381,0.0,2.038340681048856e-10,0.21795425527649545,"A"
"TIMOB-23175","Bug","2016-04-08T14:12:07.000+0000",False,0.0027279734486742105,0.0,9.55421355157877e-13,0.047931907841432225,"A"
"TIMOB-19703","Story","2015-10-09T14:11:37.000+0000",False,0.028872049955595037,0.0,2.1559165157329696e-13,0.3536634009693092,"A"
"TIMOB-19905","Bug","2015-11-10T15:59:14.000+0000",False,0.0038868553807556243,0.0,9.234261931648926e-15,0.06700385121248481,"A"
"TIMOB-17556","New Feature","2014-08-01T12:58:17.000+0000",False,0.04400573377794318,0.0,7.445139329011795e-13,0.45863909544068354,"A"
"TIMOB-18407","Bug","2015-01-19T22:54:12.000+0000",False,0.00281791014160582,0.0,7.542057778135477e-08,0.04943826289818658,"A"
"TIMOB-24204","Bug","2016-12-08T17:02:23.000+0000",False,0.009296154367045326,0.0,3.420065431236619e-13,0.14726622268194628,"A"
"TIMOB-25212","Bug","2017-08-31T14:44:32.000+0000",False,0.013441275295166677,0.0,4.0848559562699594e-14,0.20048222053187062,"A"
"TIMOB-23527","New Feature","2016-06-14T23:50:40.000+0000",True,0.052913951628372397,0.0,6.2839154406969475e-09,0.5069711775027557,"A"
"TIMOB-19156","Bug","2015-06-29T12:02:12.000+0000",False,0.017636353571432083,0.0,5.4874741385339554e-08,0.24835782959323868,"A"
"TIMOB-17525","Improvement","2014-08-20T19:21:17.000+0000",False,0.01985734639845747,0.0,1.4487915913856436e-12,0.27160104669985946,"A"
"TIMOB-5884","New Feature","2011-10-26T09:22:05.000+0000",False,0.003704786563043239,0.0,1.3298939632182045e-14,0.06405536520646359,"A"
"TIMOB-26427","New Feature","2018-10-02T01:55:53.000+0000",False,0.0018043189897210808,0.0,2.0465684071732902e-08,0.03219695647822471,"A"
"TIMOB-19481","Improvement","2015-09-09T16:14:58.000+0000",False,0.006489963787878066,0.0,7.620151282390428e-17,0.10732338818992707,"A"
"TIMOB-18138","Bug","2014-12-04T18:32:00.000+0000",True,0.05243630615570974,0.0,6.838486614311021e-11,0.5045784944053703,"A"
"TIMOB-25923","New Feature","2018-04-02T08:13:30.000+0000",False,0.03305845234819427,0.0,6.619235202218358e-10,0.38621480002049186,"A"
"TIMOB-24527","Bug","2017-03-23T14:35:48.000+0000",False,0.010552179189234515,0.0,8.56886198393891e-16,0.16407637869864086,"A"
"TIMOB-25212","Bug","2017-08-31T14:44:32.000+0000",False,0.013441275295166677,0.0,4.0848559562699594e-14,0.20048222053187062,"A"
"TIMOB-20329","New Feature","2016-02-04T03:56:41.000+0000",False,0.017788841713704946,0.0,4.644892819806447e-14,0.2499975241915331,"A"
"TIMOB-23557","New Feature","2016-06-27T06:58:28.000+0000",False,0.006719442889133205,0.0,3.3891672469457104e-13,0.11072090325465032,"A"
"TIMOB-24138","Bug","2016-11-11T05:36:04.000+0000",False,0.0012121335646738415,0.0,0.5061569388231537,0.021848102506255677,"A"
"TIMOB-25607","Story","2017-12-13T20:48:38.000+0000",False,0.03272846954999477,0.0,1.178617609106899e-14,0.38375873382879355,"A"
"TIMOB-19905","Bug","2015-11-10T15:59:14.000+0000",False,0.0038868553807556243,0.0,9.234261931648926e-15,0.06700385121248481,"A"
"TIMOB-24401","Bug","2017-02-14T14:56:03.000+0000",False,0.0016363379255209093,0.0,1.2546270286722402e-11,0.02928244380728659,"A"
"TIMOB-25212","Bug","2017-08-31T14:44:32.000+0000",False,0.013441275295166677,0.0,4.0848559562699594e-14,0.20048222053187062,"A"
"TIMOB-18678","Improvement","2015-03-10T22:09:49.000+0000",True,0.018252434794945583,0.0,2.2210362049716843e-14,0.2549419431770015,"A"
"TIMOB-20252","Bug","2016-01-19T23:30:58.000+0000",False,0.0011339093573590059,0.0,4.2530832667814573e-16,0.020465437686703877,"A"
"TIMOB-19028","Bug","2015-06-15T19:12:28.000+0000",False,0.020158196826991374,0.0,4.932016378134426e-08,0.2746472170011967,"A"
"TIMOB-24629","New Feature","2017-04-25T18:46:19.000+0000",False,0.0037523395880155715,0.0,2.3237458994309162e-08,0.06482714791450393,"A"
"TIMOB-26403","Bug","2018-09-20T13:26:14.000+0000",False,0.011420312178724953,0.0,0.9999997813369771,0.17533681169248994,"A"
"TIMOB-19399","Bug","2015-08-24T07:52:46.000+0000",False,0.009846750593864983,0.0,1.134021897769264e-15,0.15471242989023168,"A"
"TIMOB-24629","New Feature","2017-04-25T18:46:19.000+0000",False,0.0037523395880155715,0.0,2.3237458994309162e-08,0.06482714791450393,"A"
"TIMOB-23684","Improvement","2016-07-26T16:27:28.000+0000",False,0.01655677043233367,0.0,7.712106331721155e-14,0.23655589776429836,"A"
"TIMOB-23879","Bug","2016-09-08T15:33:32.000+0000",False,0.0030260038495241695,0.0,1.5802137776548193e-15,0.05290646225831257,"A"
"TIMOB-25963","Improvement","2018-04-13T17:11:34.000+0000",False,0.0340276823147406,0.0,3.2851914244021906e-14,0.39332634048998005,"A"
"TIMOB-19639","Bug","2015-09-24T08:16:55.000+0000",False,0.004171560083496019,0.0,1.5131400708970115e-09,0.07157953709948445,"A"
"TIMOB-24949","Bug","2017-07-10T15:46:28.000+0000",False,0.04033696310266523,0.0,1.8284363651914408e-14,0.43617397658917545,"A"
"TIMOB-24840","Bug","2017-06-16T15:06:25.000+0000",False,0.0021144791036233454,0.0,2.3497897536363988e-11,0.037535116882418645,"A"
"TIMOB-26077","Bug","2018-05-30T14:09:14.000+0000",False,0.0042673090534834715,0.0,4.4753466844886657e-17,0.07310889960868022,"A"
"TIMOB-25057","Improvement","2017-08-02T16:05:29.000+0000",False,0.0058594545803907615,0.0,1.9826868547003406e-09,0.09786169478104027,"A"
"TIMOB-19577","Improvement","2015-09-25T02:52:39.000+0000",False,0.005642688940090147,0.0,5.270182499883535e-17,0.09456513675261409,"A"
"TIMOB-18856","Story","2015-04-28T14:32:23.000+0000",False,0.010964666597342515,0.0,1.0012008144113104e-10,0.16946232637784964,"A"
"TIMOB-25946","New Feature","2018-04-09T05:57:44.000+0000",False,0.003928759438886332,0.0,4.018076278374704e-17,0.0676799841210038,"A"
"TIMOB-19685","Bug","2015-10-07T18:16:22.000+0000",False,0.0022512839593265502,0.0,9.772028201453745e-16,0.039872036790030256,"A"
"TIMOB-23566","Improvement","2016-06-27T21:18:18.000+0000",False,0.026420946590512584,0.0,1.986311309230853e-13,0.3330966444923089,"A"
"TIMOB-20143","Bug","2015-12-09T12:16:34.000+0000",False,0.009433123959821555,0.0,1.0303398232382533e-13,0.1491300401384114,"A"
"TIMOB-26222","Bug","2018-07-20T13:28:50.000+0000",False,0.0037530835275531417,0.0,1.1664135832467847e-11,0.06483921248090722,"A"
"TIMOB-26080","Bug","2018-05-31T09:38:54.000+0000",False,0.006524381345185749,0.0,2.966512443599612e-08,0.10783450522364103,"A"
"TIMOB-24061","Bug","2016-10-21T14:05:14.000+0000",False,0.0224661635191358,0.0,5.588704140001182e-12,0.2972530355591387,"A"
"TIMOB-19061","Story","2015-06-23T04:08:13.000+0000",False,0.005900523967705711,0.0,2.1691693198563443e-15,0.09848373359815901,"A"
"TIMOB-25266","Bug","2017-09-12T18:22:27.000+0000",False,0.004641824947453963,0.0,1.3330248288431189e-09,0.07904560014881706,"A"
"TIMOB-25382","Bug","2017-09-14T18:25:34.000+0000",False,0.003329490417804531,0.0,0.8546326795587836,0.05792195947039829,"A"
"TIMOB-25038","Bug","2017-07-31T21:39:11.000+0000",False,0.008390008588372445,0.0,7.65879091338245e-12,0.13474048295876273,"A"
"TIMOB-17861","New Feature","2014-10-09T17:37:55.000+0000",False,0.014945684812111178,0.0,3.277176534152862e-13,0.2182890851964225,"A"
"TIMOB-23573","Improvement","2016-06-29T11:19:54.000+0000",False,0.00540739679867728,1.0,2.188623768719896e-16,0.0909610966732679,"A"
"TIMOB-23170","Bug","2016-04-07T23:52:58.000+0000",False,0.003546796229277592,0.0,4.848705701150315e-05,0.06148255186813958,"A"
"TIMOB-19652","Story","2015-10-01T00:01:48.000+0000",False,0.004048773837387992,0.0,3.913223327001303e-17,0.06961134974293853,"A"
"TIMOB-23458","Improvement","2016-05-27T13:16:19.000+0000",False,0.002389858456511281,0.0,1.0215105150830846e-15,0.04222829349729358,"A"
"TIMOB-24861","Bug","2017-06-20T13:50:35.000+0000",False,0.002722616238897969,0.0,9.140557314958691e-15,0.04784203752669485,"A"
"TIMOB-24442","Bug","2017-03-01T14:35:43.000+0000",False,0.005150358031817008,0.0,1.7331096826420947e-11,0.08699299548184632,"A"
"TIMOB-24443","Bug","2017-02-28T08:55:40.000+0000",False,0.006639557282398984,0.0,1.5636706865619363e-08,0.10954093046908389,"A"
"TIMOB-20627","Bug","2016-03-25T09:22:48.000+0000",False,0.02341534784305844,0.0,5.83756806213068e-13,0.30617555782433675,"A"
"TIMOB-25931","Improvement","2018-04-04T19:00:13.000+0000",False,0.011210646795013525,0.0,6.255412312733232e-16,0.17264334975148551,"A"
"TIMOB-26141","Bug","2018-06-06T03:54:59.000+0000",False,0.0034651830159566424,0.0,4.6928258712472304e-14,0.06014828412684109,"A"
"TIMOB-19974","Bug","2015-11-13T16:44:01.000+0000",False,0.010288390975064088,0.0,1.8140723139476385e-13,0.16059764799905973,"A"
"TIMOB-17840","New Feature","2014-10-10T10:34:35.000+0000",False,0.003405627419649428,0.0,1.181944472422264e-15,0.05917237074040262,"A"
"TIMOB-24034","Bug","2016-10-13T23:33:25.000+0000",False,0.02625833607270203,0.0,1.0,0.33168960924125784,"A"
"TIMOB-19905","Bug","2015-11-10T15:59:14.000+0000",False,0.0038868553807556243,0.0,9.234261931648926e-15,0.06700385121248481,"A"
"TIMOB-16471","Bug","2014-02-13T20:07:09.000+0000",False,0.01790499813865056,0.0,1.0,0.25124209380747636,"A"
"TIMOB-24283","Story","2017-01-07T06:18:56.000+0000",False,0.01430796718434815,0.0,3.333369691058503e-12,0.21083193518484983,"A"
"TIMOB-26508","Improvement","2018-11-01T08:52:47.000+0000",False,0.0028669769708495234,0.0,7.968587505183514e-12,0.05025819240079647,"A"
"TIMOB-24770","Bug","2017-06-02T09:28:41.000+0000",False,0.01093351327488543,0.0,1.2846878849164476e-15,0.16905781809083348,"A"
"TIMOB-20236","Bug","2016-01-12T11:39:57.000+0000",True,0.002992604253279112,0.0,0.9999997620219857,0.05235141571662238,"A"
"TIMOB-18062","Improvement","2014-11-20T06:59:37.000+0000",True,0.02250079622864848,1.0,9.673965016128153e-15,0.29758231368322713,"A"
"TIMOB-19351","Bug","2015-08-13T21:11:00.000+0000",False,0.014934505265667638,0.0,2.6701387375078403e-14,0.21815948864376317,"A"
"TIMOB-26340","Improvement","2018-08-28T15:04:46.000+0000",False,0.03308441286662174,0.0,6.549592884854146e-13,0.3864072648604742,"A"
"TIMOB-19533","Bug","2015-09-16T20:50:34.000+0000",False,0.011223223984913926,0.0,1.4301906698568634e-12,0.1728053860236029,"A"
"TIMOB-17993","Bug","2014-11-09T13:12:33.000+0000",False,0.03175059054920843,0.0,0.22376322526829795,0.37637365890942637,"A"
"TIMOB-24629","New Feature","2017-04-25T18:46:19.000+0000",False,0.0037523395880155715,0.0,2.3237458994309162e-08,0.06482714791450393,"A"
"TIMOB-24134","Bug","2016-11-10T17:36:03.000+0000",False,0.0017708647804572082,0.0,1.5429604820635008e-09,0.03161783614944946,"A"
"TIMOB-19041","Story","2015-06-18T13:00:38.000+0000",False,0.0023213601555650133,0.0,1.6546665582403647e-18,0.04106494543325267,"A"
"TIMOB-26403","Bug","2018-09-20T13:26:14.000+0000",False,0.011420312178724953,0.0,0.9999997813369771,0.17533681169248994,"A"
"TIMOB-20221","Improvement","2016-01-12T03:56:44.000+0000",True,0.0762814903515638,1.0,1.0762320590160921e-14,0.6031559409706694,"A"
"TIMOB-24497","Bug","2017-03-17T15:12:30.000+0000",False,0.003429779267790295,0.0,4.1493732753248226e-05,0.05956836740533365,"A"
"TIMOB-19997","Improvement","2015-11-17T03:30:30.000+0000",False,0.01226089122712182,0.0,6.956856713901165e-15,0.18597261884266017,"A"
"TIMOB-23332","Story","2016-05-05T19:26:45.000+0000",False,0.007215048450909774,0.0,3.099565315801002e-16,0.11797624080967166,"A"
"TIMOB-23999","Bug","2016-10-07T10:26:29.000+0000",False,0.0013355288657856932,0.0,1.2106307108934056e-11,0.024021716514630528,"A"
"TIMOB-24831","Bug","2017-06-15T15:56:17.000+0000",False,0.017314803811746247,0.0,4.843699699869785e-08,0.24487830602871363,"A"
"TIMOB-24718","Story","2017-05-23T07:55:50.000+0000",False,0.009963802030362486,0.0,2.172809252638573e-11,0.1562797453538447,"A"
"TIMOB-24441","New Feature","2017-02-28T22:26:44.000+0000",False,0.02667116251447552,0.0,1.1061196426950718e-13,0.3352510868301867,"A"
"TIMOB-18328","Bug","2015-01-06T21:00:44.000+0000",False,0.009299361228690038,0.0,4.5170465268247774e-14,0.1473099475791884,"A"
"TIMOB-24861","Bug","2017-06-20T13:50:35.000+0000",False,0.002722616238897969,0.0,9.140557314958691e-15,0.04784203752669485,"A"
"TIMOB-23774","Story","2016-08-15T05:00:51.000+0000",False,0.005745206671784017,0.0,7.957608109903718e-11,0.09612703822830931,"A"
"TIMOB-23442","New Feature","2016-05-26T16:28:23.000+0000",False,0.026674417837720593,0.0,1.2835045585070101e-10,0.3352790317976552,"A"
"TIMOB-19085","Bug","2015-06-26T20:35:17.000+0000",False,0.012119205678950347,0.0,3.7461052312473405e-13,0.1841978867380646,"A"
"TIMOB-26729","Improvement","2019-01-15T17:38:04.000+0000",False,0.018077157965002956,0.0,3.6272964755737815e-09,0.25307967633857736,"A"
"TIMOB-23729","Bug","2016-08-04T09:41:35.000+0000",False,0.0010228439733068926,0.0,0.9999986783664875,0.01849592869064106,"A"
"TIMOB-20062","Improvement","2015-11-24T20:25:18.000+0000",False,0.0239353556765921,0.0,8.834971964214464e-11,0.31097549854422435,"A"
"TIMOB-24237","Improvement","2016-12-15T07:05:42.000+0000",False,0.010285046604515156,0.0,8.069112968565853e-16,0.16055336988963695,"A"
"TIMOB-23615","Bug","2016-06-17T08:45:27.000+0000",False,0.002759476680325874,0.0,1.1120847488293851e-08,0.04846006939345644,"A"
"TIMOB-26102","Improvement","2018-06-06T01:42:36.000+0000",False,0.01590674617677506,0.0,2.2885657983248913e-07,0.22928234204125303,"A"
"TIMOB-7246","Bug","2012-01-16T18:50:39.000+0000",False,0.004828726614166546,0.0,8.774921293027183e-06,0.08198159759166115,"A"
"TIMOB-26141","Bug","2018-06-06T03:54:59.000+0000",False,0.0034651830159566424,0.0,4.6928258712472304e-14,0.06014828412684109,"A"
"TIMOB-19678","Bug","2015-10-06T12:15:59.000+0000",True,0.0687103004694415,1.0,3.0635134115627766e-12,0.5758935020424989,"A"
"TIMOB-24480","Bug","2017-03-13T15:17:07.000+0000",False,0.007626870755138679,0.0,0.09381624428414613,0.12392098875786325,"A"
"TIMOB-24299","Bug","2017-01-11T22:07:44.000+0000",False,0.007017069819374024,0.0,3.697439673365673e-14,0.11509134402055099,"A"
"TIMOB-23319","Bug","2016-05-05T06:20:42.000+0000",False,0.0027797992736725793,0.0,5.137282769419137e-13,0.04880049089304819,"A"
"TIMOB-20381","Bug","2016-02-10T19:35:47.000+0000",False,0.03180304687478075,0.0,1.0,0.37677392351166855,"A"
"TIMOB-23247","Improvement","2016-04-20T11:43:21.000+0000",True,0.00423024823293626,0.0,2.121960633796242e-12,0.07251750416665634,"A"
"TIMOB-7368","Bug","2012-01-24T16:48:47.000+0000",False,0.0026800044650863507,0.0,2.5356891735604838e-11,0.047126629986147514,"A"
"TIMOB-23370","Improvement","2016-05-12T21:25:19.000+0000",True,0.022795841029871557,1.0,1.7116686244132415e-08,0.30037599325917325,"A"
"TIMOB-25799","Bug","2018-02-23T01:41:34.000+0000",False,0.0013351043136982687,0.0,5.145851088103823e-13,0.024014253652306344,"A"
"TIMOB-24012","Bug","2016-10-10T19:49:46.000+0000",False,0.04681874240346562,0.0,1.0,0.4747933741379684,"A"
"TIMOB-24231","Bug","2016-12-16T11:27:35.000+0000",False,0.008616038066232769,0.0,2.3737979458354092e-15,0.13789707173140398,"A"
"TIMOB-24655","Bug","2017-04-30T14:53:38.000+0000",False,0.014590205325871679,0.0,1.6923671178593772e-10,0.21414857061742001,"A"
"TIMOB-25626","Bug","2017-12-23T03:41:30.000+0000",False,0.0028695125888272923,0.0,3.8105656733675384e-14,0.05030052750997597,"A"
"TIMOB-25246","Bug","2017-09-07T13:47:04.000+0000",False,0.01372618989682438,0.0,9.640358718048276e-10,0.2039123733419071,"A"
"TIMOB-20263","Story","2016-01-21T17:10:48.000+0000",False,0.008496234100862535,0.0,2.5851769404353883e-14,0.13622665798076972,"A"
"TIMOB-23143","New Feature","2016-04-04T20:11:36.000+0000",False,0.050465087162490596,0.0,2.5407090227320064e-15,0.4944799455092511,"A"
"TIMOB-26637","New Feature","2018-12-08T05:39:50.000+0000",False,0.0019058262438030847,0.0,1.2351057660159577e-13,0.033950136863635905,"A"
"TIMOB-19817","Bug","2015-10-12T13:19:24.000+0000",False,0.024341346795792952,0.0,0.0017626649194147726,0.3146805816860156,"A"
"TIMOB-23381","Bug","2016-05-16T16:57:54.000+0000",False,0.00747213436038358,0.0,3.3018638674172636e-13,0.12169617828181854,"A"
"TIMOB-24140","Bug","2016-11-11T17:05:52.000+0000",False,0.009690822918665751,0.0,1.5915192550449457e-12,0.15261607459036478,"A"
"TIMOB-24637","Bug","2017-04-27T02:09:08.000+0000",False,0.02001837579523149,0.0,2.3575422131561864e-09,0.27323444386567464,"A"
"TIMOB-20072","Bug","2015-11-28T06:45:46.000+0000",False,0.001696893492296249,0.0,2.094455372860873e-05,0.030335005816225162,"A"
"TIMOB-24127","Bug","2016-11-10T01:28:19.000+0000",False,0.006345778791504189,0.0,0.9999125427571703,0.10517617865341815,"A"
"TIMOB-23744","Bug","2016-08-08T18:14:28.000+0000",False,0.03673823599885176,0.0,0.0009737192335624288,0.41243755907671786,"A"
"TIMOB-24683","Bug","2017-05-11T15:52:48.000+0000",False,0.03493028529898773,0.0,1.0,0.3998148358135458,"A"
"TIMOB-26275","Story","2018-08-08T11:27:00.000+0000",False,0.005709911276546914,1.0,5.281014776562758e-17,0.09558987006820624,"A"
"TIMOB-26525","Bug","2018-11-07T07:07:42.000+0000",False,0.0018280623659819547,0.0,3.0918533295908095e-14,0.03260757761466263,"A"
"TIMOB-24363","Bug","2017-02-01T15:35:30.000+0000",False,0.035129866116900985,0.0,4.504482865340886e-14,0.40123247250929,"A"
"TIMOB-24050","New Feature","2016-10-19T00:25:22.000+0000",False,0.012347890849148592,0.0,3.8220984400195466e-13,0.1870587930244397,"A"
"TIMOB-20619","Bug","2016-03-22T11:15:22.000+0000",False,0.004924641526413904,0.0,1.0,0.08348147294945808,"A"
"TIMOB-4979","New Feature","2011-08-10T14:54:11.000+0000",False,0.006046141529273425,0.0,2.0928568006970575e-14,0.1006827798590938,"A"
"TIMOB-25950","Improvement","2018-04-10T08:03:15.000+0000",False,0.006226518817220012,0.0,5.417959387590977e-17,0.10339280648136454,"A"
"TIMOB-26645","Improvement","2018-12-12T00:17:47.000+0000",False,0.008352742029168655,0.0,1.836148618039373e-11,0.13421795883157855,"A"
"TIMOB-25372","Bug","2017-10-05T19:18:21.000+0000",False,0.0042328324933490254,0.0,8.134239025849461e-06,0.07255876536805311,"A"
"TIMOB-26007","Improvement","2018-05-03T01:08:39.000+0000",False,0.03970242041544703,1.0,4.815949902798337e-13,0.43211636082755717,"A"
"TIMOB-24386","Improvement","2017-02-08T13:08:37.000+0000",False,0.01136811792146039,0.0,2.0756630546286932e-13,0.17466783342230813,"A"
"TIMOB-24331","Story","2017-01-20T07:38:05.000+0000",False,0.006766580240055734,0.0,1.4248158622570147e-11,0.1114157816299756,"A"
"TIMOB-25689","Bug","2018-01-22T06:48:38.000+0000",False,0.0012652658671535365,0.0,0.7262786451199034,0.022785150397410837,"A"
"TIMOB-24984","New Feature","2017-07-20T02:16:58.000+0000",False,0.01577913369438038,0.0,0.0004807822106472449,0.22783923822382898,"A"
"TIMOB-16427","Bug","2014-02-09T01:22:50.000+0000",False,0.01984959825268314,0.0,5.795415114185235e-12,0.2715222820111997,"A"
"TIMOB-20233","Bug","2016-01-13T22:44:56.000+0000",False,0.004823319416017512,0.0,1.5784910959203828e-18,0.08189690463297347,"A"
"TIMOB-19482","Bug","2015-09-09T16:37:39.000+0000",True,0.009394636916218833,1.0,2.306138093383717e-05,0.1486070981723788,"A"
"TIMOB-23569","Bug","2016-06-13T14:17:39.000+0000",False,0.014916808029125381,0.0,2.038340681048856e-10,0.21795425527649545,"A"
"TIMOB-26788","Bug","2019-02-01T16:33:51.000+0000",False,0.03326785553905444,0.0,4.3715159523722866e-13,0.38776412422154716,"A"
"TIMOB-18378","Bug","2015-01-14T19:32:38.000+0000",False,0.014629190105850594,0.0,2.3511517157708858e-11,0.21460464691068748,"A"
"TIMOB-20289","Bug","2016-01-29T04:20:06.000+0000",False,0.0022143351747829273,0.0,5.454673263196787e-14,0.03924192866102672,"A"
"TIMOB-20191","Bug","2016-01-04T13:55:04.000+0000",False,0.01600734336733017,0.0,7.361758977075398e-15,0.23041640992453546,"A"
"TIMOB-25913","Bug","2018-03-28T23:12:57.000+0000",False,0.004428463253475851,0.0,4.3327281973580657e-13,0.0756722695613852,"A"
"TIMOB-25619","Bug","2017-12-20T02:33:36.000+0000",False,0.005357824593872337,0.0,0.03635562789321488,0.09019834084027767,"A"
"TIMOB-23693","Bug","2016-07-27T18:31:04.000+0000",False,0.0013144362086376208,0.0,3.983986723287224e-15,0.023650815135971007,"A"
"TIMOB-16172","Bug","2014-01-08T13:22:45.000+0000",False,0.013890053548551351,0.0,0.8743551999906005,0.2058727564938266,"A"
"TIMOB-23834","Improvement","2016-08-27T03:41:58.000+0000",False,0.023209842769193658,0.0,4.6471116427170563e-14,0.3042615788370394,"A"
"TIMOB-23745","Bug","2016-08-08T18:21:43.000+0000",False,0.10285471425293284,0.0,0.0020029355780023786,0.6784611982808375,"A"
"TIMOB-23591","Story","2016-07-01T14:53:15.000+0000",False,0.005101628664726314,0.0,8.989931265410099e-17,0.08623704654206112,"A"
"TIMOB-23247","Improvement","2016-04-20T11:43:21.000+0000",True,0.00423024823293626,0.0,2.121960633796242e-12,0.07251750416665634,"A"
"TIMOB-23510","New Feature","2016-06-13T22:56:15.000+0000",False,0.011251418525438858,0.0,6.190436906941244e-14,0.1731684104542115,"A"
"TIMOB-25254","Bug","2017-09-08T10:21:22.000+0000",False,0.009319879687979444,0.0,1.2188960509576089e-13,0.14758961313996855,"A"
"TIMOB-17333","New Feature","2014-07-15T20:56:33.000+0000",False,0.007558821585011753,1.0,2.4146697972753066e-16,0.12294387770693938,"A"
"TIMOB-23454","Improvement","2016-05-31T13:58:45.000+0000",False,0.0025703356822244176,1.0,3.6719673804122375e-15,0.04528073369601303,"A"
"TIMOB-23124","Bug","2016-03-30T13:25:16.000+0000",False,0.012788629675514272,0.0,0.0013372243885588083,0.19251999558005273,"A"
"TIMOB-25757","Bug","2018-02-06T22:50:17.000+0000",False,0.011519039959431859,0.0,1.0785851901372889e-14,0.1765994453178477,"A"
"TIMOB-19187","Bug","2015-07-07T22:37:18.000+0000",False,0.02331568068392743,0.0,3.840583451421775e-13,0.3052485204389023,"A"
"TIMOB-23931","Improvement","2016-09-20T11:15:34.000+0000",False,0.002429708885758453,0.0,0.0006797004665733434,0.042903872910976235,"A"
"TIMOB-7560","Bug","2012-02-06T16:52:12.000+0000",False,0.004538937429691263,0.0,7.085881688121417e-16,0.07742180761602509,"A"
"TIMOB-26424","Bug","2018-10-01T17:23:01.000+0000",False,0.008962303304535414,0.0,1.5513441201288772e-14,0.1426911318020743,"A"
"TIMOB-19022","Bug","2015-06-15T15:43:10.000+0000",False,0.009218055571958384,0.0,1.3572388936584023e-05,0.14620006316223647,"A"
"TIMOB-20198","Improvement","2016-01-05T21:44:03.000+0000",False,0.0036412143311957104,0.0,2.3835696543228425e-17,0.05635133149955366,"B"
"TIMOB-24473","Improvement","2017-03-10T15:11:38.000+0000",False,0.004588305147378782,0.0,2.6755308459446344e-19,0.0700446566131797,"B"
"TIMOB-19368","New Feature","2015-08-18T08:56:37.000+0000",False,0.018750124444027776,0.0,8.735367142446374e-19,0.23794401278431013,"B"
"TIMOB-25778","New Feature","2018-02-14T03:44:32.000+0000",False,0.0016173527119140634,1.0,9.946756990234687e-19,0.025788398712054142,"B"
"TIMOB-23748","Bug","2016-08-09T03:33:12.000+0000",False,0.0016704899405799516,0.0,7.653011843042963e-18,0.026614492777714816,"B"
"TIMOB-19268","Bug","2015-07-28T21:48:01.000+0000",False,0.004347640222187834,0.0,4.920913466615623e-19,0.06660040079800414,"B"
"TIMOB-24183","Bug","2016-11-04T14:15:42.000+0000",False,0.0010861900529667695,0.0,1.6266604358264895e-19,0.01745791314284955,"B"
"TIMOB-20453","Bug","2016-02-24T12:51:27.000+0000",True,0.0038803415774862444,0.0,9.521472364756795e-15,0.059844144588261136,"B"
"TIMOB-24478","Bug","2017-03-12T23:46:10.000+0000",False,0.009455738835120004,0.0,6.4851374709220305e-18,0.1349374384046528,"B"
"TIMOB-23382","Bug","2016-05-16T17:13:43.000+0000",False,0.008304141186076685,0.0,1.3553326276842234e-12,0.12036057962208838,"B"
"TIMOB-19152","Bug","2015-07-03T00:10:46.000+0000",False,0.0030678134453560896,0.0,8.679181644966281e-19,0.04787624614191826,"B"
"TIMOB-24290","Story","2017-01-10T18:57:22.000+0000",False,0.00048280775565535705,0.0,1.2463486988870934e-20,0.007831281972236991,"B"
"TIMOB-23931","Improvement","2016-09-20T11:15:34.000+0000",False,0.0016713697291901022,0.0,1.456131581160136e-09,0.02662815929692956,"B"
"TIMOB-17141","Bug","2014-05-23T10:58:03.000+0000",False,0.013588036641527931,0.0,0.9999979879022823,0.18373535293962046,"B"
"TIMOB-26329","Bug","2018-08-20T22:16:11.000+0000",False,0.002111231721486115,0.0,6.05961837165725e-17,0.033416168816639245,"B"
"TIMOB-23132","Bug","2016-04-01T16:11:41.000+0000",False,0.012610697803362292,1.0,3.7049848839803596e-18,0.17266208817088144,"B"
"TIMOB-23253","Bug","2016-04-20T21:40:50.000+0000",False,0.0034523260463487403,0.0,1.7795645559427103e-18,0.05357512973185053,"B"
"TIMOB-18627","Improvement","2015-03-02T19:07:47.000+0000",False,0.010494824539618197,0.0,2.3193097214185675e-18,0.14770941122253167,"B"
"TIMOB-23774","Story","2016-08-15T05:00:51.000+0000",False,0.00589608467272315,0.0,6.566361801710707e-12,0.08835312913168905,"B"
"TIMOB-25363","Bug","2017-10-02T21:39:38.000+0000",False,0.007477876499550212,0.0,2.166816503122572e-09,0.10961709027649628,"B"
"TIMOB-23716","Bug","2016-08-03T09:09:36.000+0000",False,0.005086735331377712,0.0,1.3140445945240749e-09,0.07710287551950566,"B"
"TIMOB-23115","Bug","2016-03-27T04:51:29.000+0000",False,0.006141952140660341,0.0,0.00327273905733946,0.09172021801071877,"B"
"TIMOB-24679","Bug","2017-05-11T11:49:28.000+0000",False,0.005842253654811453,0.0,6.311017613404863e-18,0.08761281729992214,"B"
"TIMOB-25933","New Feature","2018-04-05T06:07:32.000+0000",False,0.005597324610969403,0.0,3.398138467044259e-19,0.08423021022836168,"B"
"TIMOB-23837","New Feature","2016-08-29T22:18:25.000+0000",False,0.006218767647743462,0.0,1.4678778720127619e-19,0.09276743189985714,"B"
"TIMOB-20158","Story","2015-12-21T14:36:49.000+0000",False,0.00999335434337822,0.0,2.30396198817015e-12,0.14158964333331828,"B"
"TIMOB-23291","Bug","2016-04-12T15:17:16.000+0000",False,0.019521654984885683,0.0,6.53823540335748e-15,0.24547856290450432,"B"
"TIMOB-26669","New Feature","2018-12-19T19:41:40.000+0000",False,0.007358263979579559,0.0,8.039294414244739e-16,0.10804155289060786,"B"
"TIMOB-25257","Bug","2017-09-08T14:25:07.000+0000",False,0.0013520813879963826,0.0,9.087586323853803e-11,0.021644642791936335,"B"
"TIMOB-18313","Story","2015-01-06T14:39:58.000+0000",False,0.028966524240423525,0.0,1.1348705854884932e-19,0.3277061971291467,"B"
"TIMOB-26126","Bug","2018-06-12T21:56:01.000+0000",False,0.007109573683788619,0.0,5.276505622159924e-18,0.10474911395613064,"B"
"TIMOB-25399","Improvement","2017-10-17T02:10:03.000+0000",False,0.004397416055459908,0.0,5.959590433433588e-20,0.06731471764413585,"B"
"TIMOB-20173","Bug","2015-12-23T00:15:38.000+0000",False,0.009013411086260236,0.0,1.7783366891104753e-17,0.12939199783403427,"B"
"TIMOB-4979","New Feature","2011-08-10T14:54:11.000+0000",False,0.005101006276408375,0.0,4.151705519226719e-18,0.07730349082019264,"B"
"TIMOB-18454","Bug","2015-01-27T23:42:14.000+0000",False,0.008526730888550191,0.0,3.253915465724663e-16,0.123213616608612,"B"
"TIMOB-24245","New Feature","2016-12-03T22:45:34.000+0000",False,0.0012686558091063002,0.0,8.166371991656793e-17,0.020334628920681684,"B"
"TIMOB-26464","New Feature","2018-10-18T23:56:08.000+0000",False,0.005221796750054175,0.0,1.6250391620981839e-13,0.07899825830410728,"B"
"TIMOB-23620","Bug","2016-07-11T15:58:02.000+0000",False,0.00800520266054524,0.0,1.060220754916776e-16,0.1165016417499975,"B"
"TIMOB-26565","Bug","2018-11-15T13:39:08.000+0000",False,0.004587806180362576,0.0,7.802624811412557e-16,0.07003754026782408,"B"
"TIMOB-25581","Bug","2017-12-04T01:52:40.000+0000",False,0.002268511869333604,0.0,4.958034425741897e-16,0.035821851093512165,"B"
"TIMOB-26459","New Feature","2018-10-18T00:52:15.000+0000",False,0.0071713774453818924,0.0,3.3410439060910286e-06,0.1055694542432288,"B"
"TIMOB-26090","Improvement","2018-06-05T00:02:00.000+0000",False,0.013352377090372533,0.0,5.991715901011532e-17,0.18109054050102283,"B"
"TIMOB-24850","Bug","2017-06-19T19:41:42.000+0000",False,0.004293013296778401,0.0,1.1952313955034064e-12,0.06581528954362435,"B"
"TIMOB-19034","Improvement","2015-06-16T14:57:49.000+0000",False,0.0014317760730101544,0.0,8.686866975889153e-13,0.02289300705112423,"B"
"TIMOB-19820","Bug","2015-10-28T23:10:47.000+0000",True,0.011812139769291312,1.0,0.9999995717667851,0.16340573918199067,"B"
"TIMOB-20451","Bug","2016-02-24T12:22:51.000+0000",False,0.007037292717347475,0.0,5.315191830311157e-08,0.10378792537664397,"B"
"TIMOB-19266","Bug","2015-07-28T20:55:36.000+0000",False,0.008781024953944908,0.0,3.4594751460984446e-18,0.12645200948563037,"B"
"TIMOB-26006","Improvement","2018-05-01T21:41:01.000+0000",False,0.05519047619591169,0.0,1.777723337806474e-15,0.4883643991198862,"B"
"TIMOB-23214","Bug","2016-04-14T15:42:18.000+0000",False,0.01118373710898041,0.0,5.4890541039433184e-17,0.15598561813651296,"B"
"TIMOB-19497","New Feature","2015-09-10T23:29:08.000+0000",False,0.00977618177585677,0.0,2.737099056788435e-19,0.13891393754495573,"B"
"TIMOB-20096","Improvement","2015-12-03T14:23:08.000+0000",False,0.0038559102687025287,0.0,2.9584360664382373e-15,0.059488398253970405,"B"
"TIMOB-23252","Improvement","2016-04-18T07:25:55.000+0000",False,0.006886390369400119,0.0,2.756231925565283e-19,0.10177501977925152,"B"
"TIMOB-23621","Improvement","2016-07-11T17:09:29.000+0000",False,0.0013016411951068182,0.0,3.761645324362887e-13,0.020852984262169368,"B"
"TIMOB-23237","Bug","2016-04-19T18:02:40.000+0000",False,0.006911396113657749,0.0,4.8247896352377627e-17,0.10210915702385458,"B"
"TIMOB-24749","New Feature","2017-05-30T16:57:24.000+0000",False,0.0013929866024282543,0.0,6.640159357657426e-20,0.022285769083016427,"B"
"TIMOB-16697","Bug","2014-03-25T18:31:17.000+0000",False,0.02585871291846384,0.0,9.553636705467663e-16,0.30253262419679045,"B"
"TIMOB-19974","Bug","2015-11-13T16:44:01.000+0000",False,0.012111602152337841,0.0,3.947330420107785e-15,0.1668993185148764,"B"
"TIMOB-18190","Bug","2014-12-11T19:58:57.000+0000",False,0.02340242101905558,0.0,7.94383703493308e-15,0.2813867891825011,"B"
"TIMOB-19921","Bug","2015-11-11T23:06:33.000+0000",False,0.007527142852854287,0.0,1.8084211158451866e-18,0.11026452005296167,"B"
"TIMOB-24866","Bug","2017-06-20T21:56:27.000+0000",False,0.006393873476951447,0.0,1.5061991554457772e-11,0.095146221062068,"B"
"TIMOB-20090","Bug","2015-12-03T02:14:33.000+0000",False,0.011889966958102323,0.0,7.112263758573295e-20,0.164316295258766,"B"
"TIMOB-26776","Bug","2019-01-29T04:24:13.000+0000",False,0.0018621986947792131,0.0,3.550915511111629e-18,0.029583995454325746,"B"
"TIMOB-26436","Bug","2018-10-01T11:48:50.000+0000",False,0.035424210401081555,0.0,1.9228109020717956e-17,0.3750409796770312,"B"
"TIMOB-23404","Bug","2016-05-17T21:40:29.000+0000",False,0.0028451568270020707,0.0,4.663592548351652e-18,0.04454678787727452,"B"
"TIMOB-19949","New Feature","2015-11-12T20:33:58.000+0000",False,0.009145728839589567,0.0,4.2621260711556666e-13,0.1310577771784866,"B"
"TIMOB-20571","Improvement","2016-03-15T20:21:39.000+0000",True,0.0027745689907663113,0.0,2.5113708640604047e-19,0.04348671013339461,"B"
"TIMOB-23860","Improvement","2016-09-03T12:06:43.000+0000",False,0.01563598515902905,0.0,1.802469606109824e-17,0.20607012222069743,"B"
"TIMOB-26210","Improvement","2018-07-13T03:37:46.000+0000",False,0.023355420523174315,0.0,1.2016442653453312e-09,0.28097072974106385,"B"
"TIMOB-25257","Bug","2017-09-08T14:25:07.000+0000",False,0.0013520813879963826,0.0,9.087586323853803e-11,0.021644642791936335,"B"
"TIMOB-8784","New Feature","2012-04-18T14:47:59.000+0000",False,0.022354592504567516,0.0,1.8566653889028443e-19,0.2720051205676192,"B"
"TIMOB-18161","Improvement","2014-12-09T17:03:41.000+0000",False,0.005268948741449434,0.0,1.536795862157535e-15,0.0796582539019905,"B"
"TIMOB-23999","Bug","2016-10-07T10:26:29.000+0000",False,0.0007275493591979126,0.0,1.1919639605021945e-14,0.011757244497536453,"B"
"TIMOB-26534","Bug","2018-11-08T19:23:21.000+0000",False,0.017404083616423455,0.0,6.742134288200073e-12,0.2244619288303556,"B"
"TIMOB-26007","Improvement","2018-05-03T01:08:39.000+0000",False,0.021108896601756435,0.0,3.151473918834691e-18,0.26055543399027153,"B"
"TIMOB-25641","Bug","2018-01-03T08:52:34.000+0000",False,0.011553268401145761,0.0,6.576107662631708e-17,0.1603637289594463,"B"
"TIMOB-19701","Story","2015-10-09T14:10:22.000+0000",False,0.010070760234854976,0.0,4.917362040311113e-18,0.14253960074862332,"B"
"TIMOB-23771","New Feature","2016-08-14T22:15:17.000+0000",False,0.025476835897753933,0.0,1.4776519499178518e-14,0.2993203235166498,"B"
"TIMOB-14449","Story","2013-07-01T14:02:39.000+0000",False,0.0037840174195663684,0.0,0.9999856374749637,0.05844009845684777,"B"
"TIMOB-23283","Bug","2016-04-27T21:06:14.000+0000",False,0.001941159712133276,0.0,1.471068713340002e-11,0.030802142858082762,"B"
"TIMOB-24290","Story","2017-01-10T18:57:22.000+0000",False,0.00048280775565535705,0.0,1.2463486988870934e-20,0.007831281972236991,"B"
"TIMOB-20550","Bug","2016-03-11T03:30:51.000+0000",True,0.015537795887132722,0.0,1.189149635793462e-17,0.20502514177077977,"B"
"TIMOB-19150","Improvement","2015-07-02T21:53:29.000+0000",False,0.039947834652745325,0.0,3.7067589878283973e-16,0.40473575444273235,"B"
"TIMOB-23461","Bug","2016-06-01T06:56:12.000+0000",False,0.0027184428978041736,0.0,4.3949344147454565e-16,0.04264224386024369,"B"
"TIMOB-4979","New Feature","2011-08-10T14:54:11.000+0000",False,0.005101006276408375,0.0,4.151705519226719e-18,0.07730349082019264,"B"
"TIMOB-23546","Improvement","2016-06-21T13:17:54.000+0000",False,0.005655699286312375,0.0,8.082727431669344e-06,0.08503852011438257,"B"
"TIMOB-25206","Bug","2017-08-29T13:30:32.000+0000",False,0.002994190160641318,0.0,1.0,0.04677773916098938,"B"
"TIMOB-20191","Bug","2016-01-04T13:55:04.000+0000",False,0.010404746688109421,0.0,5.335483852872806e-19,0.1466161150240883,"B"
"TIMOB-3221","Bug","2011-04-15T03:39:50.000+0000",False,0.01865846571163994,0.0,1.754751514268463e-08,0.23703968423242477,"B"
"TIMOB-19216","Story","2015-07-14T07:38:50.000+0000",False,0.01511087226221606,0.0,1.0622908816988319e-15,0.20045188953761772,"B"
"TIMOB-20145","Improvement","2015-12-14T21:39:17.000+0000",False,0.004951863860605836,0.0,2.223777335433484e-13,0.07520287417579048,"B"
"TIMOB-25526","Bug","2017-11-17T02:14:30.000+0000",False,0.01639734142714995,0.0,6.9388018743868085e-15,0.21408749746037842,"B"
"TIMOB-24176","Bug","2016-11-25T00:18:52.000+0000",False,0.007990421002997855,0.0,0.9999998929141101,0.11631001024044818,"B"
"TIMOB-18214","Bug","2014-12-16T17:07:38.000+0000",False,0.016103722881277576,0.0,0.000545793343633144,0.21101337138173895,"B"
"TIMOB-24448","Bug","2017-03-02T01:44:07.000+0000",False,0.0022307528300337656,0.0,5.3179213783686696e-15,0.035245330693364975,"B"
"TIMOB-24147","Bug","2016-11-15T13:00:52.000+0000",False,0.014981067385630003,0.0,1.6384300513834085e-15,0.19905174939274625,"B"
"TIMOB-23305","Bug","2016-05-03T08:29:20.000+0000",False,0.003898405738216694,0.0,2.59122975322479e-12,0.06010701655079796,"B"
"TIMOB-23425","Bug","2016-05-23T18:07:12.000+0000",False,0.0011840232235314516,0.0,4.564945147638016e-13,0.019002296616086378,"B"
"TIMOB-24605","Bug","2017-04-20T09:40:20.000+0000",False,0.0022586841619206557,0.0,0.00023944448926932675,0.03567185979312366,"B"
"TIMOB-26004","New Feature","2018-05-01T21:37:50.000+0000",False,0.015366609128398032,0.0,8.244339547315615e-18,0.20319719235225459,"B"
"TIMOB-15976","Bug","2013-11-07T14:35:06.000+0000",False,0.015809997959814505,0.0,3.260266273470125e-17,0.20791583177482342,"B"
"TIMOB-25616","Improvement","2017-12-18T04:54:06.000+0000",False,0.007102491566133751,0.0,9.227710732427222e-15,0.10465502125905764,"B"
"TIMOB-23881","Bug","2016-09-09T08:30:20.000+0000",False,0.029245877054981797,0.0,3.000568211339601e-17,0.3298878195465756,"B"
"TIMOB-18629","Improvement","2015-03-02T19:54:04.000+0000",False,0.0070020293845683805,0.0,1.9459178693024364e-14,0.10331829679779482,"B"
"TIMOB-19368","New Feature","2015-08-18T08:56:37.000+0000",False,0.018750124444027776,0.0,8.735367142446374e-19,0.23794401278431013,"B"
"TIMOB-23237","Bug","2016-04-19T18:02:40.000+0000",False,0.006911396113657749,0.0,4.8247896352377627e-17,0.10210915702385458,"B"
"TIMOB-20191","Bug","2016-01-04T13:55:04.000+0000",False,0.010404746688109421,0.0,5.335483852872806e-19,0.1466161150240883,"B"
"TIMOB-25757","Bug","2018-02-06T22:50:17.000+0000",False,0.014114206121804142,0.0,1.4926994473898447e-18,0.18958383495703635,"B"
"TIMOB-20550","Bug","2016-03-11T03:30:51.000+0000",True,0.015537795887132722,0.0,1.189149635793462e-17,0.20502514177077977,"B"
"TIMOB-26113","Bug","2018-06-08T14:34:40.000+0000",False,0.005956236084114939,0.0,3.8796839118774834e-17,0.08917903691327346,"B"
"TIMOB-24417","Bug","2017-02-17T19:01:05.000+0000",False,0.007932051229580375,0.0,3.1596811040299837e-19,0.11555253915437104,"B"
"TIMOB-23511","Story","2016-06-13T23:01:55.000+0000",False,0.0047164645633385825,0.0,8.783099215959498e-13,0.07186912204279428,"B"
"TIMOB-26664","Bug","2018-12-18T01:38:58.000+0000",False,0.0069602359056928536,0.0,4.1623479632649493e-20,0.10276110683539184,"B"
"TIMOB-19151","New Feature","2015-07-02T22:49:38.000+0000",False,0.008195960506038444,0.0,1.610274457397905e-17,0.11896772689824467,"B"
"TIMOB-26427","New Feature","2018-10-02T01:55:53.000+0000",False,0.0020330546124422183,0.0,1.9985493562286346e-08,0.03221622049645505,"B"
"TIMOB-19160","Bug","2015-07-05T01:27:02.000+0000",False,0.010743553328299694,0.0,2.4692333281226737e-18,0.1507148210061512,"B"
"TIMOB-19843","Bug","2015-11-02T12:44:28.000+0000",False,0.03110026464871478,0.0,2.2111398230809924e-15,0.3440488483179131,"B"
"TIMOB-23335","Improvement","2016-04-28T17:56:45.000+0000",False,0.004778864187512393,0.0,3.7089596848863e-15,0.07275501783492043,"B"
"TIMOB-26211","Bug","2018-07-13T21:04:52.000+0000",False,0.006254788616124051,0.0,4.689107040862477e-13,0.09325772457300757,"B"
"TIMOB-23186","Bug","2016-04-11T08:41:54.000+0000",False,0.009928398923944462,0.0,1.5010743982054253e-14,0.14079097250817946,"B"
"TIMOB-24617","Bug","2017-04-21T21:58:04.000+0000",False,0.0022901017273479437,0.0,1.564638463298522e-18,0.03615120391091061,"B"
"TIMOB-19218","New Feature","2015-07-15T00:31:43.000+0000",False,0.013788932349014857,0.0,1.760215884670767e-15,0.18597754694970203,"B"
"TIMOB-18906","Bug","2015-05-12T07:40:05.000+0000",False,0.017384368644557068,0.0,6.923897965532697e-15,0.2242611954773408,"B"
"TIMOB-26204","Bug","2018-07-11T15:21:30.000+0000",False,0.009072750123756048,0.0,6.235401375374186e-12,0.13013976508944325,"B"
"TIMOB-17806","Improvement","2014-09-29T22:24:17.000+0000",False,0.011810753921844904,0.0,8.327278567243831e-17,0.16338950847872927,"B"
"TIMOB-26004","New Feature","2018-05-01T21:37:50.000+0000",False,0.015366609128398032,0.0,8.244339547315615e-18,0.20319719235225459,"B"
"TIMOB-19043","Bug","2015-06-18T22:12:39.000+0000",False,0.006577436062846012,0.0,5.632769650606226e-16,0.09762743114697864,"B"
"TIMOB-20116","Bug","2015-10-06T19:23:15.000+0000",False,0.003978044103509079,0.0,2.4345428625827867e-07,0.06126428709599263,"B"
"TIMOB-23453","Bug","2016-05-28T14:59:13.000+0000",False,0.007000973261644672,0.0,1.141258831238026e-18,0.10330422453037859,"B"
"TIMOB-23517","Story","2016-06-14T15:27:46.000+0000",False,0.015729111167500018,0.0,2.7633320801609836e-17,0.20705887352847624,"B"
"TIMOB-19483","New Feature","2015-09-09T17:10:25.000+0000",False,0.010317954265872394,0.0,1.3948012156758776e-17,0.14556022723037426,"B"
"TIMOB-24245","New Feature","2016-12-03T22:45:34.000+0000",False,0.0012686558091063002,0.0,8.166371991656793e-17,0.020334628920681684,"B"
"TIMOB-26389","Bug","2018-09-13T14:02:36.000+0000",False,0.004068419885247971,0.0,1.3668822268025705e-13,0.06257436517325485,"B"
"TIMOB-25282","Bug","2017-09-14T16:29:30.000+0000",False,0.0017721853758762092,0.0,0.0006496377542683711,0.02819183767135103,"B"
"TIMOB-24134","Bug","2016-11-10T17:36:03.000+0000",False,0.0010207093420001056,0.0,3.2751365032872907e-15,0.016421692236464072,"B"
"TIMOB-26479","Bug","2018-10-18T13:23:12.000+0000",False,0.0240191889632177,0.0,3.6633344021000585e-19,0.2868059388847032,"B"
"TIMOB-25827","Bug","2018-03-01T16:53:09.000+0000",False,0.0059095497393512105,0.0,8.810374078496402e-08,0.0885381323708668,"B"
"TIMOB-20189","Improvement","2016-01-04T14:35:21.000+0000",False,0.006552643069856014,0.0,1.4848876650979925e-15,0.09729304666586475,"B"
"TIMOB-23484","Bug","2016-06-08T17:34:17.000+0000",False,0.005763936114204265,0.0,6.287572625595534e-15,0.08653374815977728,"B"
"TIMOB-24654","Bug","2017-05-03T17:24:12.000+0000",False,0.0020519654166359863,0.0,1.0172343502679705e-13,0.03250674018034601,"B"
"TIMOB-19657","Improvement","2015-10-01T21:46:15.000+0000",False,0.0076992888147637195,0.0,1.262530152042308e-18,0.11251989005017757,"B"
"TIMOB-18880","New Feature","2015-05-07T22:33:52.000+0000",False,0.006936275880089866,0.0,2.043744711273392e-18,0.10244138095227806,"B"
"TIMOB-24660","Bug","2017-05-05T12:23:06.000+0000",False,0.0026513043325411493,0.0,1.0007785978706372e-05,0.04163024979867287,"B"
"TIMOB-19442","Bug","2015-09-01T01:24:37.000+0000",False,0.016513045139896026,0.0,7.30969584617864e-09,0.21529282250937903,"B"
"TIMOB-24766","New Feature","2017-06-02T13:03:03.000+0000",False,0.015236023248721342,0.0,7.478999447997203e-19,0.20179755095288887,"B"
"TIMOB-15718","Bug","2013-11-14T19:19:32.000+0000",False,0.004539492573194364,0.0,1.0,0.06934800169448664,"B"
"TIMOB-18584","New Feature","2015-02-17T22:51:21.000+0000",False,0.0054676206500815245,0.0,1.6480494025794966e-15,0.08242942807205686,"B"
"TIMOB-23159","Improvement","2016-04-06T15:55:10.000+0000",False,0.004418239050828073,1.0,2.93075805487841e-18,0.06761323861130351,"B"
"TIMOB-26278","Improvement","2018-08-09T09:54:37.000+0000",False,0.0072563448169460035,0.0,1.894607942108164e-18,0.10669496730592062,"B"
"TIMOB-19269","Bug","2015-07-28T21:53:33.000+0000",False,0.0041836640957835305,0.0,1.7203323445823275e-19,0.06423998177180208,"B"
"TIMOB-24667","Bug","2017-05-08T11:19:53.000+0000",False,0.012903698988989708,0.0,5.893650207210734e-19,0.1760108880603884,"B"
"TIMOB-24254","Bug","2016-12-21T18:34:29.000+0000",False,0.0009723457694553758,0.0,1.749113614571118e-05,0.015655030110309307,"B"
"TIMOB-23991","Improvement","2016-10-06T07:55:06.000+0000",False,0.024330817792920238,0.0,1.0763617187523685e-16,0.2895156274105996,"B"
"TIMOB-24583","Bug","2017-04-17T06:53:19.000+0000",False,0.005508988013038138,0.0,1.72546148027181e-12,0.083004481370891,"B"
"TIMOB-19700","Story","2015-10-09T14:10:01.000+0000",False,0.0029528688872883283,0.0,2.3079200632631566e-17,0.04616015902957235,"B"
"TIMOB-19516","Improvement","2015-09-14T23:08:06.000+0000",False,0.0026800645218650644,0.0,6.237927270193868e-15,0.042064003475084204,"B"
"TIMOB-19213","Bug","2015-07-14T01:27:14.000+0000",False,0.0026915098790508503,0.0,3.969114742030329e-18,0.04223651712503918,"B"
"TIMOB-19473","Bug","2015-09-07T11:20:38.000+0000",False,0.0022321294695965225,0.0,5.458232264673042e-11,0.03526636113004754,"B"
"TIMOB-24683","Bug","2017-05-11T15:52:48.000+0000",False,0.02024302876344545,0.0,1.0,0.2524001886305793,"B"
"TIMOB-23637","Improvement","2016-07-14T12:01:41.000+0000",False,0.009439942376936097,0.0,1.1029237896230206e-10,0.13474053090213747,"B"
"TIMOB-26210","Improvement","2018-07-13T03:37:46.000+0000",False,0.023355420523174315,0.0,1.2016442653453312e-09,0.28097072974106385,"B"
"TIMOB-23531","Bug","2016-06-15T22:29:05.000+0000",False,0.004788966623641414,0.0,4.201605853264719e-11,0.07289829486618524,"B"
"TIMOB-7270","New Feature","2012-01-17T17:59:26.000+0000",False,0.009395387288610836,0.0,7.77512467335741e-17,0.13418468918884294,"B"
"TIMOB-18314","Story","2015-01-06T14:40:07.000+0000",False,0.02991282311565057,0.0,3.041132832317425e-19,0.3350445464305122,"B"
"TIMOB-24130","Bug","2016-11-10T15:57:45.000+0000",False,0.0016232731527205855,0.0,2.0443776599114723e-17,0.02588050546335133,"B"
"TIMOB-24967","Improvement","2017-07-17T23:30:37.000+0000",False,0.016058115803882618,0.0,1.0744201091535532e-19,0.21053388091273406,"B"
"TIMOB-26719","Bug","2019-01-12T04:53:53.000+0000",False,0.0014668984445170934,0.0,9.660282978233985e-14,0.023442227942009116,"B"
"TIMOB-24862","Bug","2017-06-20T14:46:41.000+0000",False,0.0019358566016127563,0.0,1.2565121764801393e-16,0.030720420488691422,"B"
"TIMOB-25557","Bug","2017-11-23T11:04:47.000+0000",False,0.016352955402498884,0.0,2.1896295587944046e-09,0.21362420528907944,"B"
"TIMOB-19188","Bug","2015-07-08T14:59:14.000+0000",False,0.006038577064498685,0.0,6.351875938112198e-15,0.09030735632995356,"B"
"TIMOB-25955","Improvement","2018-04-10T22:31:51.000+0000",True,0.0159918800752213,1.0,9.017320662254828e-11,0.20983655150124797,"B"
"TIMOB-4609","Bug","2011-07-06T17:06:47.000+0000",False,0.008937141211317246,0.0,7.354030455799376e-19,0.12842911645849991,"B"
"TIMOB-25526","Bug","2017-11-17T02:14:30.000+0000",False,0.01639734142714995,0.0,6.9388018743868085e-15,0.21408749746037842,"B"
"TIMOB-24651","Bug","2017-05-03T05:46:42.000+0000",False,0.005748665943508899,0.0,2.702507120355516e-18,0.08632307620621443,"B"
"TIMOB-6946","New Feature","2011-12-31T07:40:35.000+0000",False,0.007428324111264151,0.0,4.861769175487241e-16,0.10896501542578477,"B"
"TIMOB-24683","Bug","2017-05-11T15:52:48.000+0000",False,0.02024302876344545,0.0,1.0,0.2524001886305793,"B"
"TIMOB-23602","Story","2016-07-01T14:58:10.000+0000",False,0.002036914578412891,0.0,3.4719819118717646e-18,0.032275533001194734,"B"
"TIMOB-23657","Bug","2016-07-19T20:15:13.000+0000",False,0.012704128291301813,0.0,7.535253890898008e-17,0.17373266970407564,"B"
"TIMOB-18553","Improvement","2015-02-11T15:50:00.000+0000",False,0.005116610332705326,0.0,5.08840835795662e-18,0.07752275325852834,"B"
"TIMOB-19263","Bug","2015-07-28T17:39:25.000+0000",False,0.0018625584991447323,0.0,7.785156079823467e-11,0.029589552735286517,"B"
"TIMOB-17525","Improvement","2014-08-20T19:21:17.000+0000",False,0.013441925292283875,0.0,5.391563860654402e-16,0.18209740951091732,"B"
"TIMOB-19700","Story","2015-10-09T14:10:01.000+0000",False,0.0029528688872883283,0.0,2.3079200632631566e-17,0.04616015902957235,"B"
"TIMOB-3221","Bug","2011-04-15T03:39:50.000+0000",False,0.01865846571163994,0.0,1.754751514268463e-08,0.23703968423242477,"B"
"TIMOB-19292","Improvement","2015-07-30T20:34:07.000+0000",False,0.004973020124538346,1.0,3.336727175815552e-19,0.07550139602435137,"B"
"TIMOB-23607","Bug","2016-07-01T15:21:28.000+0000",False,0.0029203025364837854,0.0,3.746891697895635e-13,0.04567290031801788,"B"
"TIMOB-19404","Bug","2015-08-25T09:11:04.000+0000",False,0.0038263080424563328,0.0,1.3045537629567869e-11,0.059057020277969836,"B"
"TIMOB-25769","Bug","2018-02-07T21:07:41.000+0000",False,0.01287009124080703,0.0,2.7865898420600683e-18,0.175628051311163,"B"
"TIMOB-25634","Bug","2017-12-26T10:12:18.000+0000",False,0.0049384735047979375,0.0,4.5409904127187433e-13,0.07501383876709662,"B"
"TIMOB-19997","Improvement","2015-11-17T03:30:30.000+0000",False,0.012897117527025909,0.0,6.303698188022989e-18,0.17593594244351182,"B"
"TIMOB-23370","Improvement","2016-05-12T21:25:19.000+0000",True,0.011145115328951478,1.0,1.0385320197111754e-13,0.15552559060410392,"B"
"TIMOB-20252","Bug","2016-01-19T23:30:58.000+0000",False,0.0009067926041828922,0.0,8.34437635549982e-22,0.014614086537085099,"B"
"TIMOB-26506","Bug","2018-10-31T21:34:45.000+0000",False,0.019184297645828696,0.0,6.640112082223402e-20,0.24220097965799867,"B"
"TIMOB-26003","New Feature","2018-05-01T21:17:32.000+0000",False,0.015197724676810968,0.0,7.045123059892126e-18,0.2013861980059008,"B"
"TIMOB-25789","Bug","2018-02-20T07:30:45.000+0000",False,0.008332044453917187,0.0,0.010254777613855265,0.1207191760309293,"B"
"TIMOB-19496","New Feature","2015-09-10T23:28:52.000+0000",False,0.01066167356631896,0.0,1.0333008184184397e-19,0.14972763766317668,"B"
"TIMOB-23557","New Feature","2016-06-27T06:58:28.000+0000",False,0.00483991003829634,0.0,2.180012028525835e-14,0.07362016612895972,"B"
"TIMOB-19107","Bug","2015-06-29T22:20:20.000+0000",False,0.007051488622466036,0.0,8.446090128402129e-11,0.10397685358345791,"B"
"TIMOB-17905","New Feature","2014-10-24T21:50:13.000+0000",False,0.007558443027814176,0.0,1.2471096041163562e-19,0.11067539320700404,"B"
"TIMOB-24702","Bug","2017-05-17T23:22:14.000+0000",False,0.005517781386571269,0.0,4.995205071013923e-07,0.08312663252382653,"B"
"TIMOB-23517","Story","2016-06-14T15:27:46.000+0000",False,0.015729111167500018,0.0,2.7633320801609836e-17,0.20705887352847624,"B"
"TIMOB-26700","Improvement","2019-01-08T01:09:47.000+0000",False,0.03702945701332949,0.0,1.2550000703228048e-18,0.3858792769339553,"B"
"TIMOB-19127","Bug","2015-07-01T10:01:56.000+0000",False,0.0026242579705924086,0.0,3.621251027495469e-13,0.04122200792698781,"B"
"TIMOB-25606","Story","2017-12-13T20:45:54.000+0000",False,0.0190933178897753,0.0,1.0510792877701163e-16,0.24131257679119122,"B"
"TIMOB-24840","Bug","2017-06-16T15:06:25.000+0000",False,0.0011987050548289465,0.0,8.690875548139126e-17,0.019233669549680883,"B"
"TIMOB-20187","Improvement","2016-01-04T02:26:22.000+0000",False,0.004394291871456339,0.0,2.522354827768465e-16,0.06726991355186515,"B"
"TIMOB-26120","Improvement","2018-06-11T18:00:30.000+0000",False,0.025556310144392955,0.0,6.434965970172709e-13,0.2999910785857344,"B"
"TIMOB-20167","Bug","2015-12-22T07:52:07.000+0000",False,0.004565544514447358,0.0,6.639102989279084e-19,0.06971993731732237,"B"
"TIMOB-23425","Bug","2016-05-23T18:07:12.000+0000",False,0.0011840232235314516,0.0,4.564945147638016e-13,0.019002296616086378,"B"
"TIMOB-24842","Bug","2017-06-16T21:24:42.000+0000",False,0.0017104597174798749,0.0,1.614801153937875e-17,0.027235015175470556,"B"
"TIMOB-25878","Improvement","2018-03-17T04:13:24.000+0000",False,0.027002072120657316,0.0,0.9999999678730666,0.31199129303243606,"B"
"TIMOB-26726","Improvement","2019-01-14T20:14:39.000+0000",False,0.02323542884052502,0.0,9.422773827755122e-18,0.2799065291247092,"B"
"TIMOB-25014","Bug","2017-07-24T11:11:39.000+0000",False,0.0013442848285091676,0.0,5.885992064582532e-16,0.021522354268354513,"B"
"TIMOB-24793","Bug","2017-06-07T15:23:51.000+0000",False,0.005236211180274589,0.0,2.9959564144446496e-12,0.07920011368087468,"B"
"TIMOB-18734","Bug","2015-03-24T22:13:05.000+0000",True,0.030333255335852887,0.0,3.480461290416763e-16,0.33825826001938625,"B"
"TIMOB-17898","New Feature","2014-10-24T21:44:37.000+0000",False,0.010948341498580186,0.0,2.8319780593475487e-19,0.1531745531037689,"B"
"TIMOB-25810","Bug","2018-02-22T10:17:47.000+0000",False,0.019096590870811347,0.0,8.340263359178091e-14,0.2413445701892431,"B"
"TIMOB-25778","New Feature","2018-02-14T03:44:32.000+0000",False,0.0016173527119140634,1.0,9.946756990234687e-19,0.025788398712054142,"B"
"TIMOB-23924","Bug","2016-09-19T11:16:15.000+0000",False,0.005251957711081021,0.0,1.5488939216500324e-15,0.07942052897768605,"B"
"TIMOB-23498","Bug","2016-06-10T19:39:02.000+0000",False,0.009986960195569545,0.0,1.5031230551304648e-14,0.1415110842061516,"B"
"TIMOB-19152","Bug","2015-07-03T00:10:46.000+0000",False,0.0030678134453560896,0.0,8.679181644966281e-19,0.04787624614191826,"B"
"TIMOB-20191","Bug","2016-01-04T13:55:04.000+0000",False,0.010404746688109421,0.0,5.335483852872806e-19,0.1466161150240883,"B"
"TIMOB-26007","Improvement","2018-05-03T01:08:39.000+0000",False,0.021108896601756435,0.0,3.151473918834691e-18,0.26055543399027153,"B"
"TIMOB-19139","Improvement","2015-07-02T08:31:58.000+0000",False,0.0012769171346456703,0.0,4.7065175644985825e-16,0.02046450144054287,"B"
"TIMOB-26521","Bug","2018-11-05T19:37:16.000+0000",False,0.007956849476339341,0.0,3.5374092789843398e-15,0.11587449648308361,"B"
"TIMOB-26550","Bug","2018-11-13T13:02:30.000+0000",False,0.005527798003757971,0.0,0.7421629441738725,0.08326573907660705,"B"
"TIMOB-25076","New Feature","2017-08-08T19:56:19.000+0000",False,0.01738705587752124,0.0,1.896473636457354e-10,0.22428856191340385,"B"
"TIMOB-23745","Bug","2016-08-08T18:21:43.000+0000",False,0.036504114143723926,0.0,1.894513186732636e-10,0.3823699363628367,"B"
"TIMOB-23816","Bug","2016-08-24T14:08:59.000+0000",False,0.0023993904906866414,0.0,0.00010609616723046923,0.037815173176501814,"B"
"TIMOB-16471","Bug","2014-02-13T20:07:09.000+0000",False,0.007482538647414723,0.0,0.9999999997323243,0.10967839511901752,"B"
"TIMOB-6998","Bug","2011-10-21T20:21:17.000+0000",False,0.006135809177396025,0.0,1.22885296464778e-16,0.09163637453755816,"B"
"TIMOB-23281","Improvement","2015-12-09T15:27:48.000+0000",False,0.003596024063854407,0.0,7.278302712900063e-18,0.055688531252089134,"B"
"TIMOB-25878","Improvement","2018-03-17T04:13:24.000+0000",False,0.027002072120657316,0.0,0.9999999678730666,0.31199129303243606,"B"
"TIMOB-24259","Bug","2016-12-24T11:46:26.000+0000",False,0.01679217307266291,0.0,5.936413004235762e-12,0.21818658892069845,"B"
"TIMOB-23389","Bug","2016-05-17T13:53:45.000+0000",False,0.004723850220300424,0.0,1.4956729495465092e-12,0.0719740597122749,"B"
"TIMOB-18326","Bug","2015-01-06T20:58:42.000+0000",False,0.005306253956781054,0.0,2.5767179131571277e-14,0.08017979665728928,"B"
"TIMOB-24050","New Feature","2016-10-19T00:25:22.000+0000",False,0.010172727784082252,0.0,3.4417310064193697e-18,0.1437880104999127,"B"
"TIMOB-19828","Improvement","2015-10-29T21:37:58.000+0000",False,0.013956527891947554,0.0,6.464404534068166e-18,0.1878393691737029,"B"
"TIMOB-26055","Bug","2018-05-18T17:22:28.000+0000",False,0.0014050051481042144,0.0,3.16252137137561e-16,0.0224739915846851,"B"
"TIMOB-20598","Bug","2016-02-22T14:10:09.000+0000",False,0.03325242892608751,0.0,7.110106232194156e-19,0.3598149343207084,"B"
"TIMOB-24659","Improvement","2017-05-05T00:40:23.000+0000",False,0.01749856186225506,0.0,1.8366838101598397e-17,0.22542255630066788,"B"
"TIMOB-20190","Bug","2016-01-04T13:43:01.000+0000",False,0.012145850396950583,0.0,2.4506968120959323e-16,0.167297140253669,"B"
"TIMOB-20241","Bug","2016-01-15T12:14:20.000+0000",False,0.020760092338672216,0.0,1.3347480076921372e-17,0.2572899573701798,"B"
"TIMOB-24863","Bug","2017-06-20T15:24:00.000+0000",False,0.002945314847256418,0.0,2.1518118544404412e-16,0.046047176749862556,"B"
"TIMOB-24667","Bug","2017-05-08T11:19:53.000+0000",False,0.012903698988989708,0.0,5.893650207210734e-19,0.1760108880603884,"B"
"TIMOB-26740","Story","2019-01-16T21:33:36.000+0000",False,0.007218211023312435,0.0,2.0373857075966532e-20,0.10619015798513586,"B"
"TIMOB-26714","Bug","2019-01-11T01:03:15.000+0000",False,0.002422525562003571,0.0,7.459109601175118e-16,0.03816672484741266,"B"
"TIMOB-25946","New Feature","2018-04-09T05:57:44.000+0000",False,0.009286860277150592,0.0,1.1032682980536229e-18,0.13282799036073106,"B"
"TIMOB-23563","Bug","2016-06-27T18:51:47.000+0000",False,0.011449258226815475,0.0,1.3629310543677283e-05,0.1591357128918898,"B"
"TIMOB-23370","Improvement","2016-05-12T21:25:19.000+0000",True,0.011145115328951478,1.0,1.0385320197111754e-13,0.15552559060410392,"B"
"TIMOB-26086","Bug","2018-06-04T06:59:16.000+0000",True,0.004252652972916191,0.0,1.6514915364565114e-12,0.06523442782448276,"B"
"TIMOB-20621","Bug","2016-03-24T00:09:06.000+0000",False,0.012607869667402318,0.0,2.7583724586838237e-17,0.17262964162649833,"B"
"TIMOB-19528","Bug","2015-09-16T01:12:58.000+0000",False,0.006093099230555913,0.0,0.006000797839460188,0.09105303969110808,"B"
"TIMOB-19420","Bug","2015-08-27T21:48:03.000+0000",False,0.008371585643287263,0.0,5.0731980256812115e-18,0.12122687025076995,"B"
"TIMOB-19042","Bug","2015-06-18T20:38:19.000+0000",False,0.008377159184182914,0.0,3.886864639897023e-15,0.12129838856379485,"B"
"TIMOB-19522","Improvement","2015-09-15T06:07:35.000+0000",False,0.008021322670906415,0.0,4.272712821957668e-12,0.11671053564336215,"B"
"TIMOB-25939","Improvement","2018-04-05T21:53:34.000+0000",False,0.01028163250664967,0.0,0.7824376257928196,0.1451176279196161,"B"
"TIMOB-19157","Bug","2015-07-03T13:20:05.000+0000",False,0.0015790114722047533,0.0,2.2649294622188717e-08,0.025191512721308127,"B"
"TIMOB-24192","Bug","2016-12-03T03:09:44.000+0000",False,0.0021888073967458862,0.0,9.972225208157684e-16,0.034604133096449295,"B"
"TIMOB-26613","Improvement","2018-11-29T17:51:41.000+0000",False,0.002679743607347581,0.0,1.7714618456114297e-17,0.04205916555416068,"B"
"TIMOB-25376","Bug","2017-10-09T16:27:41.000+0000",False,0.0017072220460293312,0.0,2.2371363525355674e-06,0.02718477860602726,"B"
"TIMOB-15009","Bug","2013-08-29T15:00:03.000+0000",False,0.0018195116445224714,0.0,1.3189016268503778e-11,0.028924258238369926,"B"
"TIMOB-25220","Bug","2017-09-01T15:12:30.000+0000",False,0.008779284290953475,0.0,2.8102836269118435e-10,0.1264299181180653,"B"
"TIMOB-23510","New Feature","2016-06-13T22:56:15.000+0000",False,0.010216669971399337,0.0,1.2729741931682397e-17,0.14432496272930254,"B"
"TIMOB-10835","New Feature","2012-07-31T00:27:55.000+0000",False,0.007027072318780001,0.0,2.315666735968183e-12,0.1036518597704029,"B"
"TIMOB-20607","Story","2016-03-21T13:41:02.000+0000",False,0.03204501045529756,0.0,7.303184691179345e-17,0.3510557052882433,"B"
"TIMOB-24056","Bug","2016-10-19T21:31:30.000+0000",False,0.002498039356166192,0.0,1.0030061733521203e-17,0.039312531093306825,"B"
"TIMOB-23422","Bug","2016-05-12T21:06:06.000+0000",False,0.01130404048646359,0.0,0.9070595520414643,0.15741558538637992,"B"
"TIMOB-17993","Bug","2014-11-09T13:12:33.000+0000",False,0.01658401603735081,0.0,0.08315288324901544,0.21603046275744445,"B"
"TIMOB-26235","New Feature","2018-07-24T18:58:32.000+0000",False,0.0022102376745025444,0.0,1.2949711204703897e-19,0.034931826105317434,"B"
"TIMOB-23696","Bug","2016-07-28T08:50:26.000+0000",False,0.0059051725245707586,0.0,8.794208348036003e-20,0.08847799933049659,"B"
"TIMOB-19504","Bug","2015-09-13T04:16:22.000+0000",False,0.008276531494038794,0.0,2.9254938194260213e-16,0.12000548795432038,"B"
"TIMOB-23775","Improvement","2016-08-15T11:06:23.000+0000",False,0.018180495348206743,0.0,1.7619774416835764e-19,0.23229168446020657,"B"
"TIMOB-18581","Story","2015-02-17T22:20:48.000+0000",False,0.0064632509788068015,0.0,1.0022830109754869e-14,0.09608548919156777,"B"
"TIMOB-19609","Bug","2015-09-29T04:49:07.000+0000",True,0.00984787465912562,0.0,2.023345645892077e-15,0.1397989525688516,"B"
"TIMOB-23357","Bug","2016-05-10T20:41:17.000+0000",False,0.004343485753951614,0.0,4.5698191632056584e-10,0.06654073512843611,"B"
"TIMOB-24135","Bug","2016-11-10T18:03:34.000+0000",False,0.0018102815408545321,0.0,5.391688864556287e-15,0.028781494528066352,"B"
"TIMOB-19685","Bug","2015-10-07T18:16:22.000+0000",False,0.0012134087628861828,0.0,1.6806470777563705e-20,0.019465284695615086,"B"
"TIMOB-10835","New Feature","2012-07-31T00:27:55.000+0000",False,0.007027072318780001,0.0,2.315666735968183e-12,0.1036518597704029,"B"
"TIMOB-19678","Bug","2015-10-06T12:15:59.000+0000",True,0.05810092952098189,1.0,3.454601166434054e-15,0.5019814068371125,"B"
"TIMOB-18190","Bug","2014-12-11T19:58:57.000+0000",False,0.02340242101905558,0.0,7.94383703493308e-15,0.2813867891825011,"B"
"TIMOB-24966","Bug","2017-07-17T21:47:22.000+0000",False,0.002711791552400201,0.0,2.2282063859404475e-15,0.04254207601086345,"B"
"TIMOB-19865","Story","2015-11-04T09:41:33.000+0000",False,0.019161333881736905,0.0,2.1997793395812677e-18,0.24197692296711742,"B"
"TIMOB-18521","Bug","2015-02-05T18:08:43.000+0000",False,0.019700380210672927,0.0,4.825930066689278e-11,0.24720440488376977,"B"
"TIMOB-26484","New Feature","2018-10-25T01:49:10.000+0000",False,0.03089070710679721,0.0,8.139267535918915e-15,0.34247595887377336,"B"
"TIMOB-19042","Bug","2015-06-18T20:38:19.000+0000",False,0.008377159184182914,0.0,3.886864639897023e-15,0.12129838856379485,"B"
"TIMOB-16789","New Feature","2014-03-31T16:16:24.000+0000",False,0.003262097126497048,0.0,3.807446892076091e-18,0.05076373831055762,"B"
"TIMOB-19655","Bug","2015-10-01T12:10:47.000+0000",False,0.03096866022611869,0.0,2.1468763394499353e-14,0.343061857384714,"B"
"TIMOB-19351","Bug","2015-08-13T21:11:00.000+0000",False,0.013728492593992796,0.0,8.69568943569e-17,0.18530418035031332,"B"
"TIMOB-26748","Bug","2019-01-18T23:28:45.000+0000",False,0.07658695548682866,1.0,1.8232121343553667e-16,0.5754181674779547,"B"
"TIMOB-19218","New Feature","2015-07-15T00:31:43.000+0000",False,0.013788932349014857,0.0,1.760215884670767e-15,0.18597754694970203,"B"
"TIMOB-23714","Bug","2016-08-02T18:22:03.000+0000",False,0.006801006739897585,0.0,6.675372976000528e-18,0.10063233835758265,"B"
"TIMOB-23283","Bug","2016-04-27T21:06:14.000+0000",False,0.001941159712133276,0.0,1.471068713340002e-11,0.030802142858082762,"B"
"TIMOB-26577","Bug","2018-11-16T19:30:25.000+0000",False,0.004822035180546977,0.0,1.3424985508778807e-17,0.07336699795429003,"B"
"TIMOB-19059","Story","2015-06-22T22:45:13.000+0000",False,0.007345777188134183,0.0,6.814030083195935e-14,0.10787677719190404,"B"
"TIMOB-25829","Bug","2018-03-01T21:56:45.000+0000",False,0.01422399052239112,0.0,9.488254263366761e-17,0.1907943387409874,"B"
"TIMOB-19119","Bug","2015-06-30T22:54:04.000+0000",False,0.010311780853199283,0.0,3.544878433436398e-11,0.1454850310623324,"B"
"TIMOB-23339","Bug","2016-05-06T22:22:15.000+0000",False,0.01524044514593593,0.0,1.2669324569225758e-08,0.2018450199364437,"B"
"TIMOB-19886","Bug","2015-11-06T06:42:16.000+0000",True,0.002693141960117899,0.0,6.7862974126203e-19,0.04226111242725207,"B"
"TIMOB-9742","Bug","2012-06-23T14:59:09.000+0000",False,0.01785871059634709,0.0,9.370489405400838e-20,0.229064397784565,"B"
"TIMOB-18559","Bug","2015-02-12T19:09:40.000+0000",False,0.010460313398244386,0.0,0.4693044803304812,0.14729084901324416,"B"
"TIMOB-24669","Story","2017-05-08T16:55:18.000+0000",False,0.006125364982702299,0.0,1.5904280090283754e-18,0.09149379168291563,"B"
"TIMOB-24925","Bug","2017-07-03T14:25:17.000+0000",False,0.011578895627868312,0.0,1.308382881781261e-13,0.1606657907616596,"B"
"TIMOB-19183","Bug","2015-07-07T00:40:35.000+0000",False,0.0009151271421884355,0.0,4.837058767793628e-15,0.014746548387705106,"B"
"TIMOB-26464","New Feature","2018-10-18T23:56:08.000+0000",False,0.005221796750054175,0.0,1.6250391620981839e-13,0.07899825830410728,"B"
"TIMOB-25224","Bug","2017-09-04T16:14:46.000+0000",False,0.007709497766597869,0.0,0.00016558659485971456,0.1126533080246217,"B"
"TIMOB-26006","Improvement","2018-05-01T21:41:01.000+0000",False,0.05519047619591169,0.0,1.777723337806474e-15,0.4883643991198862,"B"
"TIMOB-20299","Bug","2016-02-01T21:59:53.000+0000",False,0.007195046262566092,0.0,0.9972528813330633,0.10588324673482792,"B"
"TIMOB-17729","Improvement","2014-08-28T09:57:52.000+0000",False,0.008600516864398163,0.0,4.712648105108261e-16,0.12415556749622123,"B"
"TIMOB-20078","Bug","2015-11-30T14:17:21.000+0000",False,0.013260060594147652,0.0,5.121350918304153e-18,0.18005013874014478,"B"
"TIMOB-19271","Bug","2015-07-28T22:03:42.000+0000",False,0.010916212856791462,0.0,8.501805972814067e-20,0.15278952814309096,"B"
"TIMOB-23279","Bug","2016-04-27T02:21:35.000+0000",False,0.009551923894205784,0.0,1.0465598259021026e-17,0.1361346170661472,"B"
"TIMOB-18607","Story","2015-02-24T10:59:36.000+0000",False,0.018950578199979865,0.0,1.0891551922720263e-15,0.23991487458732644,"B"
"TIMOB-25656","Bug","2018-01-09T11:16:35.000+0000",False,0.011294512006188875,0.0,3.1352674566186786e-18,0.15730249064046029,"B"
"TIMOB-23461","Bug","2016-06-01T06:56:12.000+0000",False,0.0027184428978041736,0.0,4.3949344147454565e-16,0.04264224386024369,"B"
"TIMOB-20221","Improvement","2016-01-12T03:56:44.000+0000",True,0.10532289991193046,1.0,1.5245425512577506e-16,0.6579585774464262,"B"
"TIMOB-25405","New Feature","2017-10-18T12:58:47.000+0000",False,0.005612010078100911,0.0,0.9986077466557064,0.0844336843077156,"B"
"TIMOB-26524","Bug","2018-11-07T01:59:42.000+0000",False,0.006868604135595339,0.0,1.6001815582968918e-14,0.10153721151793647,"B"
"TIMOB-19082","Bug","2015-06-26T17:37:29.000+0000",False,0.0077447872505935446,0.0,8.463826971697914e-19,0.11311420884198047,"B"
"TIMOB-17898","New Feature","2014-10-24T21:44:37.000+0000",False,0.010948341498580186,0.0,2.8319780593475487e-19,0.1531745531037689,"B"
"TIMOB-20157","Improvement","2015-11-30T10:53:46.000+0000",False,0.007719938621206901,0.0,3.2321635535927905e-17,0.11278971802551678,"B"
"TIMOB-7855","Bug","2012-02-29T18:27:29.000+0000",False,0.026311835070518458,0.0,1.0249593380635806e-14,0.3063094459920395,"B"
"TIMOB-15890","Bug","2013-12-04T08:56:47.000+0000",False,0.0020409765698617775,0.0,1.621868819532981e-13,0.03233794248843943,"B"
"TIMOB-26891","Story","2019-03-11T11:12:15.000+0000",False,0.008555925716391641,0.0,8.820226373846863e-20,0.12358654279801508,"B"
"TIMOB-24919","Bug","2017-07-03T12:09:22.000+0000",False,0.0031703498485052112,0.0,1.5755513061327813e-12,0.04940221290734104,"B"
"TIMOB-23513","New Feature","2016-06-14T03:45:46.000+0000",False,0.01668242326874279,0.0,1.525315617291218e-17,0.217051148127104,"B"
"TIMOB-18913","Bug","2015-05-06T14:35:20.000+0000",False,0.004124663425210425,0.0,6.985391757198948e-13,0.06338794111833079,"B"
"TIMOB-19633","Bug","2015-08-06T10:40:39.000+0000",False,0.01386893046260834,0.0,8.41271343901979e-15,0.1868672323029193,"B"
"TIMOB-23311","Bug","2016-05-03T22:43:47.000+0000",False,0.016279698725876268,1.0,1.1991431254894667e-16,0.2128584630275979,"B"
"TIMOB-20424","Story","2016-02-18T08:17:21.000+0000",False,0.00851849919801688,0.0,1.5845007112881787e-13,0.1231084140090833,"B"
"TIMOB-19496","New Feature","2015-09-10T23:28:52.000+0000",False,0.01066167356631896,0.0,1.0333008184184397e-19,0.14972763766317668,"B"
"TIMOB-8428","Bug","2012-03-29T15:23:11.000+0000",False,0.006802367786191784,0.0,7.918351384255375e-17,0.10065057437685929,"B"
"TIMOB-19700","Story","2015-10-09T14:10:01.000+0000",False,0.0029528688872883283,0.0,2.3079200632631566e-17,0.04616015902957235,"B"
"TIMOB-23408","Bug","2016-05-18T18:53:27.000+0000",True,0.03229623334902193,0.0,7.673779808118341e-15,0.3528960807342029,"B"
"TIMOB-26888","Story","2019-03-08T13:01:25.000+0000",False,0.007732310540988123,0.0,1.995323140442992e-17,0.11295130686777541,"B"
"TIMOB-24822","Bug","2017-06-14T21:50:39.000+0000",False,0.0038104754978022727,0.0,1.3162950468253131e-15,0.058826148842176414,"B"
"TIMOB-26740","Story","2019-01-16T21:33:36.000+0000",False,0.007218211023312435,0.0,2.0373857075966532e-20,0.10619015798513586,"B"
"TIMOB-26689","Bug","2019-01-04T05:02:59.000+0000",False,0.0049175336161857205,0.0,3.055958266504662e-09,0.07471807972424829,"B"
"TIMOB-23602","Story","2016-07-01T14:58:10.000+0000",False,0.002036914578412891,0.0,3.4719819118717646e-18,0.032275533001194734,"B"
"TIMOB-19420","Bug","2015-08-27T21:48:03.000+0000",False,0.008371585643287263,0.0,5.0731980256812115e-18,0.12122687025076995,"B"
"TIMOB-19473","Bug","2015-09-07T11:20:38.000+0000",False,0.0022321294695965225,0.0,5.458232264673042e-11,0.03526636113004754,"B"
"TIMOB-18882","Improvement","2015-05-07T22:38:24.000+0000",False,0.005276928084963922,0.0,7.889342055541241e-17,0.07976985494040625,"B"
"TIMOB-24098","Improvement","2016-11-04T00:32:38.000+0000",True,0.003411675266554277,0.0,9.955728934103618e-16,0.052975662218361114,"B"
"TIMOB-23908","Bug","2016-09-14T12:36:57.000+0000",False,0.012798564351851833,0.0,1.211011232434612e-19,0.1748121669091432,"B"
"TIMOB-19147","Bug","2015-07-02T20:13:06.000+0000",False,0.010950052745544631,0.0,3.6598035232017323e-13,0.15319505132332414,"B"
"TIMOB-19577","Improvement","2015-09-25T02:52:39.000+0000",False,0.005977392114103449,0.0,6.20017953173667e-20,0.08946918748688025,"B"
"TIMOB-24603","Bug","2017-04-19T21:52:22.000+0000",False,0.008790382050121738,0.0,1.8621215445868e-16,0.12657074587643594,"B"
"TIMOB-20288","Bug","2016-01-29T02:00:20.000+0000",False,0.016727996528731512,0.0,2.1393254497617748e-13,0.21752300572383765,"B"
"TIMOB-19186","Improvement","2015-07-07T19:00:52.000+0000",False,0.009878517378450235,0.0,1.9940233190006355e-19,0.1401767068814383,"B"
"TIMOB-19921","Bug","2015-11-11T23:06:33.000+0000",False,0.007527142852854287,0.0,1.8084211158451866e-18,0.11026452005296167,"B"
"TIMOB-18053","New Feature","2014-08-27T13:05:28.000+0000",False,0.002161134971067115,0.0,1.5459448273540836e-13,0.034180682130248996,"B"
"TIMOB-26776","Bug","2019-01-29T04:24:13.000+0000",False,0.0018621986947792131,0.0,3.550915511111629e-18,0.029583995454325746,"B"
"TIMOB-26865","Bug","2019-02-27T01:06:06.000+0000",False,0.0029245773622251932,0.0,2.371570511168057e-16,0.045736886955214245,"B"
"TIMOB-23248","Bug","2016-04-20T13:58:07.000+0000",False,0.01826086050947885,0.0,7.775499519708529e-13,0.2330938091973202,"B"
"TIMOB-19091","Bug","2015-06-27T20:14:36.000+0000",False,0.005215678514613958,0.0,2.4147506533766673e-18,0.07891255537431038,"B"
"TIMOB-25233","New Feature","2017-09-06T19:05:39.000+0000",False,0.0012545681000578216,0.0,2.657875713649511e-18,0.02011308799613645,"B"
"TIMOB-24892","Bug","2017-06-26T10:36:50.000+0000",False,0.0924376288742296,0.0,4.605353769444e-05,0.624669086200968,"B"
"TIMOB-24659","Improvement","2017-05-05T00:40:23.000+0000",False,0.01749856186225506,0.0,1.8366838101598397e-17,0.22542255630066788,"B"
"TIMOB-24934","Bug","2017-07-05T13:38:26.000+0000",False,0.0034219652666573216,0.0,1.0298106161045673e-09,0.05312747358546624,"B"
"TIMOB-20605","Bug","2016-03-18T14:42:39.000+0000",False,0.007025475779719025,0.0,7.240189187479982e-15,0.10363060134274797,"B"
"TIMOB-20078","Bug","2015-11-30T14:17:21.000+0000",False,0.013260060594147652,0.0,5.121350918304153e-18,0.18005013874014478,"B"
"TIMOB-17918","New Feature","2014-10-24T23:39:34.000+0000",False,0.01496103590182118,0.0,8.724503243513074e-19,0.1988352758769792,"B"
"TIMOB-26579","Bug","2018-11-16T19:45:42.000+0000",False,0.017933502751437534,0.0,1.4629333890741802e-14,0.22981674223262133,"B"
"TIMOB-17806","Improvement","2014-09-29T22:24:17.000+0000",False,0.011810753921844904,0.0,8.327278567243831e-17,0.16338950847872927,"B"
"TIMOB-20204","Bug","2016-01-06T23:11:35.000+0000",False,0.0030501744591731844,0.0,1.0152595485814355e-18,0.04761327699632268,"B"
"TIMOB-18761","Improvement","2015-03-27T18:09:07.000+0000",False,0.004702568187608712,1.0,5.787640908977875e-20,0.07167161796953041,"B"
"TIMOB-24451","Bug","2017-03-03T02:11:22.000+0000",False,0.006359564256838216,0.0,7.436013492563577e-16,0.09468105212535291,"B"
"TIMOB-19820","Bug","2015-10-28T23:10:47.000+0000",True,0.011812139769291312,1.0,0.9999995717667851,0.16340573918199067,"B"
"TIMOB-20513","Bug","2016-03-04T06:56:32.000+0000",False,0.006064868634626991,0.0,5.718503135255497e-13,0.09066708074145265,"B"
"TIMOB-23338","Bug","2016-05-03T12:38:56.000+0000",False,0.0019791746491445023,0.0,1.2875336433311055e-12,0.03138758551642576,"B"
"TIMOB-26981","Bug","2019-04-11T18:00:40.000+0000",False,0.012663790132938628,0.0,1.048197307619333e-10,0.173270766559156,"B"
"TIMOB-25864","Improvement","2018-03-13T21:03:36.000+0000",False,0.005441245143303275,0.0,4.937347309400789e-08,0.08206242692094551,"B"
"TIMOB-24840","Bug","2017-06-16T15:06:25.000+0000",False,0.0011987050548289465,0.0,8.690875548139126e-17,0.019233669549680883,"B"
"TIMOB-23406","Improvement","2016-05-18T16:25:43.000+0000",False,0.03816107142909703,0.0,4.6823937812362387e-11,0.3933173731492791,"B"
"TIMOB-26006","Improvement","2018-05-01T21:41:01.000+0000",False,0.05519047619591169,0.0,1.777723337806474e-15,0.4883643991198862,"B"
"TIMOB-26090","Improvement","2018-06-05T00:02:00.000+0000",False,0.013352377090372533,0.0,5.991715901011532e-17,0.18109054050102283,"B"
"TIMOB-24398","Bug","2017-01-27T16:38:18.000+0000",False,0.026722358643752282,0.0,2.3444636627018516e-18,0.30969905086907373,"B"
"TIMOB-20581","Bug","2016-03-14T11:08:39.000+0000",False,0.0012149205071010057,0.0,3.27581565973923e-16,0.019489092115515663,"B"
"TIMOB-24157","Bug","2016-11-18T01:18:15.000+0000",False,0.0076046087979823,0.0,1.702455467520815e-16,0.11128076008942883,"B"
"TIMOB-20027","Improvement","2015-11-21T00:23:32.000+0000",False,0.010940545508986791,0.0,1.3504424199336362e-16,0.15308115696235602,"B"
"TIMOB-23984","Bug","2016-09-26T21:06:54.000+0000",False,0.01893530617917699,0.0,1.2175784501383396e-16,0.23976505058279432,"B"
"TIMOB-19079","Bug","2015-06-26T08:57:30.000+0000",False,0.0147499131919101,0.0,2.430491915806969e-16,0.19654714617490546,"B"
"TIMOB-7368","Bug","2012-01-24T16:48:47.000+0000",False,0.004896902866930044,0.0,5.089629344909355e-08,0.07442651418502255,"B"
"TIMOB-8425","Bug","2012-03-29T13:53:48.000+0000",False,0.012133926601968234,0.0,1.958754818773486e-06,0.16715867548465793,"B"
"TIMOB-26218","Improvement","2018-07-19T21:21:58.000+0000",False,0.02762043897946355,0.0,7.756801713782394e-16,0.31700975074151305,"B"
"TIMOB-19137","Bug","2015-07-02T01:04:38.000+0000",True,0.001708980326147071,0.0,2.2272352224629078e-11,0.027212061150280846,"B"
"TIMOB-23352","Bug","2016-05-10T10:13:31.000+0000",False,0.0035727966988854066,0.0,1.0358221434241909e-13,0.055347519290968324,"B"
"TIMOB-19528","Bug","2015-09-16T01:12:58.000+0000",False,0.006093099230555913,0.0,0.006000797839460188,0.09105303969110808,"B"
"TIMOB-25667","Improvement","2018-01-13T02:37:31.000+0000",False,0.0034319284558594655,0.0,5.90413334946793e-10,0.053274420031643885,"B"
"TIMOB-23156","New Feature","2016-04-06T06:22:05.000+0000",True,0.010633382937150413,0.0,2.013646062867043e-15,0.14938605608361907,"B"
"TIMOB-24527","Bug","2017-03-23T14:35:48.000+0000",False,0.008768170911160042,0.0,1.5821675981052967e-18,0.12628884978336688,"B"
"TIMOB-20000","Improvement","2015-11-17T08:40:18.000+0000",False,0.013917874345281602,0.0,7.647271240565787e-15,0.18741066608453455,"B"
"TIMOB-26555","Bug","2018-11-13T23:44:39.000+0000",False,0.0009491657790379872,0.0,2.2452216894024874e-09,0.015287182080158158,"B"
"TIMOB-23557","New Feature","2016-06-27T06:58:28.000+0000",False,0.00483991003829634,0.0,2.180012028525835e-14,0.07362016612895972,"B"
"TIMOB-24402","Improvement","2017-02-15T05:58:26.000+0000",False,0.005480195603979358,0.0,1.5177248552195573e-11,0.08260430542654254,"B"
"TIMOB-24442","Bug","2017-03-01T14:35:43.000+0000",False,0.008591106843316878,0.0,5.906001488849598e-13,0.12403554409828013,"B"
"TIMOB-24977","Bug","2017-07-18T18:06:29.000+0000",False,0.001831237643244291,0.0,1.9046301334055577e-11,0.0291055697040479,"B"
"TIMOB-25997","New Feature","2018-05-01T10:07:29.000+0000",False,0.02275544492460923,0.0,1.2106569738347597e-17,0.275620531815969,"B"
"TIMOB-8302","New Feature","2012-03-25T18:11:43.000+0000",False,0.007555134868241954,0.0,7.439892945233506e-18,0.11063198415539216,"B"
"TIMOB-24690","Bug","2017-05-12T21:15:26.000+0000",False,0.014631008973481088,0.0,1.0777174657222677e-16,0.1952531442036038,"B"
"TIMOB-24176","Bug","2016-11-25T00:18:52.000+0000",False,0.007990421002997855,0.0,0.9999998929141101,0.11631001024044818,"B"
"TIMOB-26006","Improvement","2018-05-01T21:41:01.000+0000",False,0.05519047619591169,0.0,1.777723337806474e-15,0.4883643991198862,"B"
"TIMOB-24149","Bug","2016-11-16T08:00:08.000+0000",False,0.004000532534011079,1.0,1.1097145986840261e-16,0.06159059694447732,"B"
"TIMOB-19661","Bug","2015-10-02T02:08:58.000+0000",False,0.01343787722706932,0.0,0.9932907511748698,0.18205194305754607,"B"
"TIMOB-19368","New Feature","2015-08-18T08:56:37.000+0000",False,0.018750124444027776,0.0,8.735367142446374e-19,0.23794401278431013,"B"
"TIMOB-19195","Bug","2015-07-09T01:48:29.000+0000",False,0.055819545604129266,0.0,2.5465505721842274e-16,0.4913630871808788,"B"
"TIMOB-25401","Bug","2017-10-16T19:20:13.000+0000",False,0.003302881053885728,0.0,2.9048534405466663e-08,0.051367798776927154,"B"
"TIMOB-25844","Improvement","2018-03-06T22:21:55.000+0000",True,0.03616169816928186,0.0,3.6711481195288273e-19,0.38006298024940094,"B"
"TIMOB-26325","Bug","2018-08-20T21:20:29.000+0000",False,0.009537219667375228,0.0,1.4281485840365616e-18,0.13595179874166172,"B"
"TIMOB-24363","Bug","2017-02-01T15:35:30.000+0000",False,0.0510150442095199,0.0,1.374000867884614e-15,0.4676377450993178,"B"
"TIMOB-24399","Bug","2017-02-13T06:25:38.000+0000",False,0.014404263213547059,0.0,6.9571249207948725e-15,0.19277481599261742,"B"
"TIMOB-19218","New Feature","2015-07-15T00:31:43.000+0000",False,0.013788932349014857,0.0,1.760215884670767e-15,0.18597754694970203,"B"
"TIMOB-19647","Bug","2015-07-09T02:31:31.000+0000",False,0.019801497739567894,0.0,7.530686187869561e-16,0.24817762092643297,"B"
"TIMOB-24893","Bug","2017-06-26T14:15:52.000+0000",False,0.00467613904056085,0.0,5.144035722503799e-06,0.0712957734162177,"B"
"TIMOB-25599","Bug","2017-12-12T00:09:11.000+0000",True,0.06568094550835964,1.0,1.0,0.5346028511122449,"B"
"TIMOB-25950","Improvement","2018-04-10T08:03:15.000+0000",False,0.0038354226636460364,0.0,1.797636749784216e-19,0.05918988237678245,"B"
"TIMOB-16078","New Feature","2013-12-23T08:07:55.000+0000",False,0.005889720367063087,0.0,9.566962175701853e-07,0.08826566237969055,"B"
"TIMOB-19522","Improvement","2015-09-15T06:07:35.000+0000",False,0.008021322670906415,0.0,4.272712821957668e-12,0.11671053564336215,"B"
"TIMOB-19442","Bug","2015-09-01T01:24:37.000+0000",False,0.016513045139896026,0.0,7.30969584617864e-09,0.21529282250937903,"B"
"TIMOB-19577","Improvement","2015-09-25T02:52:39.000+0000",False,0.005977392114103449,0.0,6.20017953173667e-20,0.08946918748688025,"B"
"TIMOB-9742","Bug","2012-06-23T14:59:09.000+0000",False,0.01785871059634709,0.0,9.370489405400838e-20,0.229064397784565,"B"
"TIMOB-26090","Improvement","2018-06-05T00:02:00.000+0000",False,0.013352377090372533,0.0,5.991715901011532e-17,0.18109054050102283,"B"
"TIMOB-23941","Bug","2016-09-22T17:25:51.000+0000",False,0.0084585399663209,0.0,3.7572746313327695e-09,0.1223414138813316,"B"
"TIMOB-18553","Improvement","2015-02-11T15:50:00.000+0000",False,0.005116610332705326,0.0,5.08840835795662e-18,0.07752275325852834,"B"
"TIMOB-20252","Bug","2016-01-19T23:30:58.000+0000",False,0.0009067926041828922,0.0,8.34437635549982e-22,0.014614086537085099,"B"
"TIMOB-24041","Improvement","2016-10-15T16:58:24.000+0000",False,0.009919227295634476,0.0,8.488580784548262e-17,0.1406780898325913,"B"
"TIMOB-18860","Story","2015-04-29T18:45:05.000+0000",False,0.017939799790634904,0.0,8.296850850322232e-10,0.22988002321538148,"B"
"TIMOB-23964","Bug","2016-09-29T07:34:49.000+0000",False,0.00563414476366798,0.0,2.5183963045952635e-16,0.08474021137806699,"B"
"TIMOB-25324","Bug","2017-09-20T21:52:17.000+0000",False,0.013337794315949069,0.0,1.2495211397086649e-18,0.18092635613793462,"B"
"TIMOB-23653","Bug","2016-07-19T14:55:20.000+0000",False,0.00662718871532238,0.0,3.5385605020247666e-12,0.0982977514129143,"B"
"TIMOB-23923","Bug","2016-09-19T08:56:25.000+0000",False,0.003307721470356402,0.0,3.014392521879795e-16,0.05143944358436957,"B"
"TIMOB-23771","New Feature","2016-08-14T22:15:17.000+0000",False,0.025476835897753933,0.0,1.4776519499178518e-14,0.2993203235166498,"B"
"TIMOB-20413","Story","2016-02-17T04:35:48.000+0000",False,0.03290240522370108,0.0,8.138306363037725e-18,0.3572978793802828,"B"
"TIMOB-17754","New Feature","2014-09-24T19:28:11.000+0000",False,0.00974590286576369,0.0,4.777320968637135e-13,0.13853964994679605,"B"
"TIMOB-24750","Improvement","2017-05-30T17:29:22.000+0000",False,0.013105820937936732,0.0,1.3832153840538607e-18,0.17830639235125026,"B"
"TIMOB-23171","Bug","2016-04-08T00:18:29.000+0000",False,0.01440599200714762,0.0,1.0,0.19279376510397664,"B"
"TIMOB-19456","Story","2015-09-02T14:03:53.000+0000",False,0.02608464876222317,0.0,1.6694599990465473e-16,0.30442051121816605,"B"
"TIMOB-26648","Improvement","2018-12-13T11:22:20.000+0000",False,0.005360447356777306,0.0,6.500690075688818e-11,0.08093646075806135,"B"
"TIMOB-18739","Bug","2015-03-25T17:07:04.000+0000",False,0.01266620569980125,0.0,2.194767242572395e-17,0.17329844014328175,"B"
"TIMOB-24249","Bug","2016-12-21T08:19:53.000+0000",False,0.003523686774958217,0.0,2.8765698915696164e-09,0.05462575414781356,"B"
"TIMOB-23924","Bug","2016-09-19T11:16:15.000+0000",False,0.005251957711081021,0.0,1.5488939216500324e-15,0.07942052897768605,"B"
"TIMOB-24063","Improvement","2016-10-21T14:29:39.000+0000",False,0.006831783264230508,0.0,2.7520010021415626e-16,0.1010445301102128,"B"
"TIMOB-19276","Story","2015-07-29T05:54:10.000+0000",False,0.0017227333560512331,0.0,5.77669232722309e-20,0.027425412060011436,"B"
"TIMOB-17804","Improvement","2014-09-29T22:15:49.000+0000",False,0.011810753921844904,0.0,8.327278567243831e-17,0.16338950847872927,"B"
"TIMOB-24975","Improvement","2017-07-18T09:46:09.000+0000",False,0.0035083306182754175,0.0,1.447728626093305e-12,0.05439985398589137,"B"
"TIMOB-25231","Bug","2017-09-06T18:05:54.000+0000",False,0.003999193914699977,0.0,9.028420912912629e-16,0.06157117935389026,"B"
"TIMOB-1682","New Feature","2011-04-15T02:59:18.000+0000",False,0.03855073234718783,0.0,4.3098361403376204e-17,0.3958410529875229,"B"
"TIMOB-26479","Bug","2018-10-18T13:23:12.000+0000",False,0.0240191889632177,0.0,3.6633344021000585e-19,0.2868059388847032,"B"
"TIMOB-24314","Bug","2017-01-16T18:58:52.000+0000",False,0.012613950890940516,0.0,3.852372993858189e-18,0.17269940716887291,"B"
"TIMOB-25932","Bug","2018-04-04T19:04:55.000+0000",False,0.0027819474864324736,0.0,0.011545131655997415,0.04359762234547563,"B"
"TIMOB-19745","Bug","2015-10-19T23:59:00.000+0000",False,0.007030852221067499,0.0,3.1422589841789245e-13,0.10370218662997525,"B"
"TIMOB-24378","New Feature","2017-02-07T06:28:36.000+0000",True,0.015850133389314867,0.0,7.059534069289118e-16,0.2083404131099497,"B"
"TIMOB-17827","Improvement","2014-10-07T20:20:42.000+0000",False,0.008610235256556277,0.0,2.564139828694479e-15,0.12427949199094351,"B"
"TIMOB-19495","New Feature","2015-09-10T23:28:43.000+0000",False,0.01066167356631896,0.0,1.0333008184184397e-19,0.14972763766317668,"B"
"TIMOB-24142","Bug","2016-11-12T10:05:30.000+0000",False,0.008513377431347585,0.0,8.763384935614538e-11,0.12304294497907821,"B"
"TIMOB-19344","Bug","2015-08-12T18:54:11.000+0000",False,0.004925817679868915,0.0,0.002258870627292796,0.07483510656457538,"B"
"TIMOB-6995","Bug","2011-11-03T10:29:50.000+0000",False,0.023166010611335008,0.0,2.6720032196154445e-12,0.27928954224511937,"B"
"TIMOB-25952","Bug","2018-04-10T14:00:34.000+0000",False,0.0028362613290579927,0.0,0.9999999977446237,0.04441331775484608,"B"
"TIMOB-25952","Bug","2018-04-10T14:00:34.000+0000",False,0.0028362613290579927,0.0,0.9999999977446237,0.04441331775484608,"B"
"TIMOB-24409","Improvement","2017-02-16T16:28:42.000+0000",False,0.00895814182005583,0.0,2.3693019233167948e-20,0.12869443967035538,"B"
"TIMOB-17805","Improvement","2014-09-29T22:16:03.000+0000",False,0.011810753921844904,0.0,8.327278567243831e-17,0.16338950847872927,"B"
"TIMOB-23992","New Feature","2016-10-06T15:02:34.000+0000",True,0.027694826930535318,1.0,2.1390265266398308e-05,0.3176089556508368,"B"
"TIMOB-24689","Bug","2017-05-12T20:58:29.000+0000",False,0.0009354647845317327,0.0,1.37605696605439e-15,0.015069636911915854,"B"
"TIMOB-18313","Story","2015-01-06T14:39:58.000+0000",False,0.028966524240423525,0.0,1.1348705854884932e-19,0.3277061971291467,"B"
"TIMOB-24101","Improvement","2016-11-04T06:38:01.000+0000",False,0.03012836535088934,0.0,8.13069398723239e-15,0.3366956568411896,"B"
"TIMOB-26700","Improvement","2019-01-08T01:09:47.000+0000",False,0.03702945701332949,0.0,1.2550000703228048e-18,0.3858792769339553,"B"
"TIMOB-20163","New Feature","2015-12-21T20:44:06.000+0000",False,0.010284053837841175,0.0,6.067824461199777e-14,0.14514714633831932,"B"
"TIMOB-18325","Bug","2015-01-06T20:57:22.000+0000",False,0.02698123685364121,0.0,1.2275082906136897e-12,0.3118210283257337,"B"
"TIMOB-24561","Bug","2017-04-05T23:04:12.000+0000",False,0.0009862031840045357,0.0,7.602869617071856e-18,0.015874813186824294,"B"
"TIMOB-23373","Bug","2016-05-13T03:32:25.000+0000",False,0.007174453214758437,0.0,1.919383907977703e-13,0.10561024326943345,"B"
"TIMOB-26455","Bug","2018-10-16T20:32:56.000+0000",False,0.006778347645276466,0.0,4.86902422854808e-19,0.10032863847109086,"B"
"TIMOB-24165","Bug","2016-11-23T01:32:21.000+0000",False,0.00942327169624031,0.0,9.401245689992282e-18,0.13453263553123457,"B"
"TIMOB-23627","Bug","2016-07-12T12:46:24.000+0000",True,0.004962159187692312,0.0,1.0181438223121516e-15,0.07534816712173505,"B"
"TIMOB-19577","Improvement","2015-09-25T02:52:39.000+0000",False,0.005977392114103449,0.0,6.20017953173667e-20,0.08946918748688025,"B"
"TIMOB-25014","Bug","2017-07-24T11:11:39.000+0000",False,0.0013442848285091676,0.0,5.885992064582532e-16,0.021522354268354513,"B"
"TIMOB-26577","Bug","2018-11-16T19:30:25.000+0000",False,0.004822035180546977,0.0,1.3424985508778807e-17,0.07336699795429003,"B"
"TIMOB-26886","Story","2019-03-08T02:08:07.000+0000",False,0.008444327818499584,0.0,3.646258929405088e-17,0.12215942856362208,"B"
"TIMOB-24438","Improvement","2017-02-28T17:39:56.000+0000",False,0.022699098987222725,1.0,1.8261797413022086e-18,0.2751143225820948,"B"
"TIMOB-26120","Improvement","2018-06-11T18:00:30.000+0000",False,0.025556310144392955,0.0,6.434965970172709e-13,0.2999910785857344,"B"
"TIMOB-25619","Bug","2017-12-20T02:33:36.000+0000",False,0.003824444252011413,0.0,3.5693611447356183e-07,0.05902984783736674,"B"
"TIMOB-20478","Bug","2016-02-29T06:46:34.000+0000",False,0.008394970183145042,0.0,2.0904864305132317e-18,0.12152686231204374,"B"
"TIMOB-17822","Improvement","2014-10-06T22:45:01.000+0000",False,0.0232139434220625,0.0,1.5343178324861896e-17,0.2797156709931779,"B"
"TIMOB-25868","Story","2018-03-14T23:34:18.000+0000",False,0.003928439555815787,0.0,1.7213871669949178e-11,0.06054376833158187,"B"
"TIMOB-24591","Story","2017-04-18T15:55:45.000+0000",False,0.017887045027920948,0.0,3.674377485466952e-15,0.22934957707279294,"B"
"TIMOB-18451","Improvement","2015-01-27T23:34:35.000+0000",False,0.027244315242250447,0.0,3.7335464336285747e-19,0.31396525676140896,"B"
"TIMOB-26242","Bug","2018-07-27T11:15:23.000+0000",False,0.006252869011416151,0.0,2.5807037599463685e-12,0.09323160870475437,"B"
"TIMOB-26008","Bug","2018-05-03T08:16:00.000+0000",False,0.009679256102109192,0.0,1.113337275734188e-09,0.13771474072594653,"B"
"TIMOB-23476","Bug","2016-06-03T19:01:06.000+0000",False,0.008413953818124972,0.0,1.855493184418762e-05,0.12177025651855305,"B"
"TIMOB-26670","New Feature","2018-12-19T19:42:31.000+0000",False,0.006136458002015393,0.0,3.649041436253069e-16,0.09164523083340269,"B"
"TIMOB-18053","New Feature","2014-08-27T13:05:28.000+0000",False,0.002161134971067115,0.0,1.5459448273540836e-13,0.034180682130248996,"B"
"TIMOB-24702","Bug","2017-05-17T23:22:14.000+0000",False,0.005517781386571269,0.0,4.995205071013923e-07,0.08312663252382653,"B"
"TIMOB-18062","Improvement","2014-11-20T06:59:37.000+0000",True,0.022549152507527124,1.0,3.616103958581254e-18,0.2737640430760611,"B"
"TIMOB-23329","Improvement","2016-05-05T14:11:10.000+0000",False,0.013368882266846373,0.0,7.000989282727672e-17,0.18127629524086444,"B"
"TIMOB-26578","Bug","2018-11-16T19:37:37.000+0000",False,0.005437603959261632,0.0,2.360243814032641e-13,0.08201174024778188,"B"
"TIMOB-19865","Story","2015-11-04T09:41:33.000+0000",False,0.019161333881736905,0.0,2.1997793395812677e-18,0.24197692296711742,"B"
"TIMOB-25471","Bug","2017-11-01T07:33:49.000+0000",False,0.07627507232388249,0.0,0.00341794960899264,0.5743383694385693,"B"
"TIMOB-23525","Story","2016-06-14T22:39:19.000+0000",False,0.013104523911457562,0.0,1.2535534853043934e-18,0.17829169977202391,"B"
"TIMOB-26120","Improvement","2018-06-11T18:00:30.000+0000",False,0.025556310144392955,0.0,6.434965970172709e-13,0.2999910785857344,"B"
"TIMOB-23858","Bug","2016-09-01T21:16:03.000+0000",False,0.023297274895844967,0.0,0.9999998331250733,0.2804553993351695,"B"
"TIMOB-24367","Bug","2017-02-02T01:40:16.000+0000",False,0.0025749389129800754,0.0,1.0237629473413532e-06,0.04047673967967916,"B"
"TIMOB-20228","Story","2016-01-13T06:00:35.000+0000",False,0.026526239290929263,0.0,1.149120074536761e-15,0.3080835211133389,"B"
"TIMOB-24176","Bug","2016-11-25T00:18:52.000+0000",False,0.007990421002997855,0.0,0.9999998929141101,0.11631001024044818,"B"
"TIMOB-19009","Improvement","2015-06-12T14:22:10.000+0000",False,0.0021372577078836563,0.0,4.4789397002808574e-12,0.033815026005313636,"B"
"TIMOB-19476","Bug","2015-09-08T18:34:53.000+0000",False,0.0032802994347454,0.0,4.458000720349292e-20,0.051033425952884126,"B"
"TIMOB-26081","Bug","2018-05-31T09:56:36.000+0000",False,0.006498330204270414,0.0,1.0725171848150641e-10,0.09655971766936493,"B"
"TIMOB-24448","Bug","2017-03-02T01:44:07.000+0000",False,0.0022307528300337656,0.0,5.3179213783686696e-15,0.035245330693364975,"B"
"TIMOB-25291","Bug","2017-09-15T14:16:12.000+0000",False,0.002386469118651691,0.0,3.426490423589389e-07,0.03761872019386929,"B"
"TIMOB-19293","Bug","2015-07-30T21:19:21.000+0000",False,0.00707512827903887,0.0,4.3858045743555766e-05,0.10429130056307354,"B"
"TIMOB-25733","Bug","2018-01-28T22:18:52.000+0000",False,0.020945682384499755,0.0,2.4826384065185642e-17,0.2590307283743741,"B"
"TIMOB-23248","Bug","2016-04-20T13:58:07.000+0000",False,0.01826086050947885,0.0,7.775499519708529e-13,0.2330938091973202,"B"
"TIMOB-24817","New Feature","2017-06-13T21:30:39.000+0000",False,0.0006736410294111671,0.0,3.719640589602616e-10,0.010894992873172568,"B"
"TIMOB-25636","Bug","2017-12-28T16:44:50.000+0000",False,0.002002703657510618,0.0,6.961422484451342e-08,0.03174960815573604,"B"
"TIMOB-20164","Story","2015-12-21T21:01:10.000+0000",False,0.00843156488599264,0.0,7.157383007340361e-11,0.12199594043940687,"B"
"TIMOB-24814","Bug","2017-06-13T01:30:14.000+0000",False,0.0029450823216571964,0.0,1.7117208074050185e-14,0.04604369857465851,"B"
"TIMOB-23209","Improvement","2016-04-13T22:25:02.000+0000",False,0.004692363059824254,0.0,1.0294159599086873e-10,0.07152652621968895,"B"
"TIMOB-25599","Bug","2017-12-12T00:09:11.000+0000",True,0.06568094550835964,1.0,1.0,0.5346028511122449,"B"
"TIMOB-24023","Bug","2016-10-12T22:48:16.000+0000",False,0.009374887976882695,0.0,2.7354102684183157e-15,0.13392872933308714,"B"
"TIMOB-25941","Improvement","2018-01-24T16:51:45.000+0000",True,0.01342509804459192,1.0,1.0,0.18190838102390294,"B"
"TIMOB-26545","Bug","2018-11-10T20:19:20.000+0000",False,0.008439910868549639,0.0,5.2420720806247205e-17,0.12210285559294072,"B"
"TIMOB-24834","Bug","2017-06-15T17:16:03.000+0000",False,0.005734398646988057,0.0,6.556537432095093e-12,0.08612615823371603,"B"
"TIMOB-19312","Bug","2015-08-04T20:07:15.000+0000",False,0.030621677869787936,0.0,2.05275974774512e-18,0.34044660222347345,"B"
"TIMOB-19286","Story","2015-07-29T23:21:53.000+0000",False,0.0029713862397858256,0.0,8.306433511680169e-17,0.04643700856011876,"B"
"TIMOB-23741","Bug","2016-08-05T22:27:55.000+0000",False,0.006883533160323067,0.0,5.81696563589031e-18,0.10173682579267615,"B"
"TIMOB-24441","New Feature","2017-02-28T22:26:44.000+0000",False,0.021598827935275358,0.0,7.608423228046509e-17,0.26509780286713946,"B"
"TIMOB-23566","Improvement","2016-06-27T21:18:18.000+0000",False,0.034054009551682876,0.0,1.080488234322544e-14,0.36551229078175684,"B"
"TIMOB-25935","Bug","2018-04-05T08:00:00.000+0000",False,0.01943904901867214,0.0,2.8632124469131183e-16,0.24467842351389696,"B"
"TIMOB-23964","Bug","2016-09-29T07:34:49.000+0000",False,0.00563414476366798,0.0,2.5183963045952635e-16,0.08474021137806699,"B"
"TIMOB-24211","Improvement","2016-12-12T12:20:05.000+0000",False,0.02204981340518255,0.0,8.173726045925368e-18,0.26923398923397723,"B"
"TIMOB-19865","Story","2015-11-04T09:41:33.000+0000",False,0.019161333881736905,0.0,2.1997793395812677e-18,0.24197692296711742,"B"
"TIMOB-20228","Story","2016-01-13T06:00:35.000+0000",False,0.026526239290929263,0.0,1.149120074536761e-15,0.3080835211133389,"B"
"TIMOB-26109","Bug","2018-06-07T17:11:10.000+0000",False,0.006992270548259357,0.0,5.7569412745760194e-18,0.10318824989801863,"B"
"TIMOB-6514","New Feature","2011-12-08T08:17:29.000+0000",False,0.01836620127682919,0.0,1.3619860085177744e-18,0.23414287862188146,"B"
"TIMOB-25433","Improvement","2017-10-24T08:25:26.000+0000",False,0.013100117941274738,0.0,4.051070345991479e-13,0.17824178577044408,"B"
"TIMOB-26869","Bug","2019-02-28T14:21:44.000+0000",False,0.00340730194107178,0.0,6.584296610030006e-13,0.05291112748185221,"B"
"TIMOB-23776","Bug","2016-08-15T16:23:56.000+0000",False,0.02448697020381162,0.0,5.862432109087147e-17,0.290866327819968,"B"
"TIMOB-23132","Bug","2016-04-01T16:11:41.000+0000",False,0.012610697803362292,1.0,3.7049848839803596e-18,0.17266208817088144,"B"
"TIMOB-18283","Bug","2014-12-22T19:48:41.000+0000",False,0.010250900763141267,0.0,2.7734535641853235e-05,0.14474281296445787,"B"
"TIMOB-26128","Improvement","2018-06-13T18:49:05.000+0000",False,0.024312457586427055,0.0,1.6235794778430736e-16,0.2893565040686232,"B"
"TIMOB-23565","Improvement","2016-06-27T21:06:28.000+0000",True,0.05554130470476506,1.0,6.370076562389744e-11,0.4900406050056344,"B"
"TIMOB-20238","Bug","2016-01-14T12:39:28.000+0000",False,0.02362112929795258,0.0,3.7121144920224173e-07,0.2833170537403047,"B"
"TIMOB-24647","Bug","2017-05-02T14:37:27.000+0000",False,0.003404912252875403,0.0,9.896679802043731e-15,0.05287586070278252,"B"
"TIMOB-24851","Bug","2017-06-19T19:44:58.000+0000",True,0.010960209330444623,1.0,2.4533528076283467e-12,0.15331669329794137,"B"
"TIMOB-25621","Bug","2017-12-21T20:05:09.000+0000",False,0.007190531498454857,0.0,7.89842662852127e-17,0.10582340748924177,"B"
"TIMOB-23335","Improvement","2016-04-28T17:56:45.000+0000",False,0.004778864187512393,0.0,3.7089596848863e-15,0.07275501783492043,"B"
"TIMOB-18997","Story","2015-06-11T09:38:17.000+0000",False,0.010051071537810792,0.0,8.11200538903187e-17,0.14229815819776487,"B"
"TIMOB-19356","Improvement","2015-08-16T23:49:30.000+0000",False,0.017150672824802836,0.0,5.511682997329314e-20,0.2218744346923664,"B"
"TIMOB-24842","Bug","2017-06-16T21:24:42.000+0000",False,0.0017104597174798749,0.0,1.614801153937875e-17,0.027235015175470556,"B"
"TIMOB-24071","Improvement","2016-10-25T15:18:00.000+0000",False,0.0017994182910976372,0.0,1.7044621558637296e-13,0.028613420246433048,"B"
"TIMOB-23875","Bug","2016-09-07T15:34:01.000+0000",False,0.007993529488010652,0.0,8.976299649145614e-15,0.11635031551013082,"B"
"TIMOB-18622","Improvement","2015-02-27T19:10:10.000+0000",False,0.030113999810209888,0.0,1.6036353336518853e-17,0.336585845305699,"B"
"TIMOB-25886","Improvement","2018-03-19T22:05:34.000+0000",False,0.015084939935047486,0.0,3.107885644092445e-18,0.20017253247948524,"B"
"TIMOB-25829","Bug","2018-03-01T21:56:45.000+0000",False,0.01422399052239112,0.0,9.488254263366761e-17,0.1907943387409874,"B"
"TIMOB-18527","Improvement","2015-02-05T20:07:30.000+0000",False,0.029896322294451123,0.0,1.5920727155942972e-15,0.3349178373153721,"B"
"TIMOB-18365","Bug","2015-01-12T19:46:56.000+0000",False,0.013131809325615737,0.0,1.0791090606783484e-20,0.17860068350400474,"B"
"TIMOB-23606","Story","2016-07-01T15:08:30.000+0000",False,0.002609141189905138,0.0,6.878604643588975e-20,0.040993691052476175,"B"
"TIMOB-23896","Improvement","2016-09-12T17:02:30.000+0000",False,0.009852236107447492,0.0,2.451326349096412e-19,0.13985273803492082,"B"
"TIMOB-23267","Bug","2016-04-22T14:32:33.000+0000",False,0.005975884484243913,0.0,1.9156864936439988e-18,0.08944851636427087,"B"
"TIMOB-25810","Bug","2018-02-22T10:17:47.000+0000",False,0.019096590870811347,0.0,8.340263359178091e-14,0.2413445701892431,"B"
"TIMOB-24766","New Feature","2017-06-02T13:03:03.000+0000",False,0.015236023248721342,0.0,7.478999447997203e-19,0.20179755095288887,"B"
"TIMOB-25223","Bug","2017-09-01T15:56:27.000+0000",False,0.007139623083918781,0.0,1.0054726830213189e-08,0.10514814397540136,"B"
"TIMOB-26250","Improvement","2018-08-02T01:38:40.000+0000",False,0.0038480756441400857,0.0,3.99009136946564e-07,0.05937426430991084,"B"
"TIMOB-24892","Bug","2017-06-26T10:36:50.000+0000",False,0.0924376288742296,0.0,4.605353769444e-05,0.624669086200968,"B"
"TIMOB-25326","Bug","2017-09-21T10:04:05.000+0000",False,0.002948017672642412,0.0,3.3431197698127543e-16,0.04608760453616555,"B"
"TIMOB-18365","Bug","2015-01-12T19:46:56.000+0000",False,0.013131809325615737,0.0,1.0791090606783484e-20,0.17860068350400474,"B"
"TIMOB-25844","Improvement","2018-03-06T22:21:55.000+0000",True,0.03616169816928186,0.0,3.6711481195288273e-19,0.38006298024940094,"B"
"TIMOB-24595","Bug","2017-04-19T05:58:20.000+0000",False,0.002323738774376853,0.0,5.1154686713699876e-14,0.03666391657180456,"B"
"TIMOB-23192","Bug","2016-04-12T04:11:02.000+0000",False,0.004431592391784063,0.0,2.1227226199208485e-10,0.0678045797372822,"B"
"TIMOB-23190","Improvement","2016-04-11T22:23:59.000+0000",False,0.026769106037202683,0.0,1.6140267299646649e-15,0.3100831146685307,"B"
"TIMOB-8898","Bug","2012-04-26T11:18:59.000+0000",False,0.007408534830243322,0.0,3.4740490325057617e-12,0.10870435355699135,"B"
"TIMOB-18672","Bug","2015-03-09T22:30:19.000+0000",False,0.023022224850877352,0.0,2.9412740354637455e-17,0.27800849039464176,"B"
"TIMOB-19350","Bug","2015-08-13T21:01:30.000+0000",False,0.004800743762207736,0.0,3.8230074984851754e-16,0.07306527102102021,"B"
"TIMOB-19348","Improvement","2015-08-13T19:47:19.000+0000",False,0.011721685185799052,0.0,1.18776450012793e-16,0.16234513054763106,"B"
"TIMOB-20164","Story","2015-12-21T21:01:10.000+0000",False,0.00843156488599264,0.0,7.157383007340361e-11,0.12199594043940687,"B"
"TIMOB-20601","Bug","2016-03-16T11:21:45.000+0000",False,0.004704210772860139,0.0,8.148282632409408e-08,0.07169496752217187,"B"
"TIMOB-20481","Bug","2016-02-29T06:53:02.000+0000",False,0.003531373624191102,0.0,8.82935945012161e-19,0.05473879533677937,"B"
"TIMOB-26510","Bug","2018-11-01T15:07:47.000+0000",False,0.0016103052017847556,0.0,1.4750782663026819e-18,0.025678736390692947,"B"
"TIMOB-18855","Bug","2015-04-25T17:29:14.000+0000",False,0.0066207841711404085,0.0,1.1999027118271835e-06,0.098211514721058,"B"
"TIMOB-19364","Improvement","2015-08-18T01:56:49.000+0000",False,0.005430337224619282,0.0,2.259498154402448e-19,0.08191056889994648,"B"
"TIMOB-18997","Story","2015-06-11T09:38:17.000+0000",False,0.010051071537810792,0.0,8.11200538903187e-17,0.14229815819776487,"B"
"TIMOB-24159","Bug","2016-11-20T13:59:08.000+0000",False,0.03181921197876837,0.0,5.502137239579612e-12,0.3493934466511123,"B"
"TIMOB-24654","Bug","2017-05-03T17:24:12.000+0000",False,0.0020519654166359863,0.0,1.0172343502679705e-13,0.03250674018034601,"B"
"TIMOB-20495","Bug","2016-03-01T23:41:32.000+0000",False,0.012506886799123398,0.0,2.6444543892331008e-15,0.17146954072621146,"B"
"TIMOB-26664","Bug","2018-12-18T01:38:58.000+0000",False,0.0069602359056928536,0.0,4.1623479632649493e-20,0.10276110683539184,"B"
"TIMOB-23332","Story","2016-05-05T19:26:45.000+0000",False,0.011567766064890619,0.0,4.523681088406249e-18,0.16053463412502048,"B"
"TIMOB-26545","Bug","2018-11-10T20:19:20.000+0000",False,0.008439910868549639,0.0,5.2420720806247205e-17,0.12210285559294072,"B"
"TIMOB-19652","Story","2015-10-01T00:01:48.000+0000",False,0.0065764537374170436,0.0,1.2966959903947147e-18,0.09761418686487018,"B"
"TIMOB-17827","Improvement","2014-10-07T20:20:42.000+0000",False,0.008610235256556277,0.0,2.564139828694479e-15,0.12427949199094351,"B"
"TIMOB-26173","Improvement","2018-07-02T10:55:17.000+0000",False,0.004786081120271734,0.0,3.035656816635596e-14,0.07285737565510383,"B"
"TIMOB-23580","Bug","2016-06-30T16:04:31.000+0000",False,0.0050889664450702475,0.0,2.684181938980033e-16,0.07713424500667805,"B"
"TIMOB-24866","Bug","2017-06-20T21:56:27.000+0000",False,0.006393873476951447,0.0,1.5061991554457772e-11,0.095146221062068,"B"
"TIMOB-18949","Story","2015-05-26T01:47:37.000+0000",False,0.010684347932914125,0.0,1.0001727001164151e-16,0.1500012244854096,"B"
"TIMOB-18378","Bug","2015-01-14T19:32:38.000+0000",False,0.010145253728079466,0.0,2.235323164842012e-12,0.14345197258590475,"B"
"TIMOB-19224","Improvement","2015-07-16T00:04:37.000+0000",False,0.01969295545845857,0.0,5.845238547096877e-19,0.24713285321217995,"B"
"TIMOB-23406","Improvement","2016-05-18T16:25:43.000+0000",False,0.03816107142909703,0.0,4.6823937812362387e-11,0.3933173731492791,"B"
"TIMOB-23661","Improvement","2016-07-20T13:21:27.000+0000",False,0.0038797297940058647,0.0,1.8762205153707584e-13,0.05983523942997473,"B"
"TIMOB-19495","New Feature","2015-09-10T23:28:43.000+0000",False,0.01066167356631896,0.0,1.0333008184184397e-19,0.14972763766317668,"B"
"TIMOB-19286","Story","2015-07-29T23:21:53.000+0000",False,0.0029713862397858256,0.0,8.306433511680169e-17,0.04643700856011876,"B"
"TIMOB-23875","Bug","2016-09-07T15:34:01.000+0000",False,0.007993529488010652,0.0,8.976299649145614e-15,0.11635031551013082,"B"
"TIMOB-23691","New Feature","2016-07-27T15:20:32.000+0000",False,0.026302053358871758,0.0,7.207013946997531e-19,0.30622830946242563,"B"
"TIMOB-23343","Bug","2016-05-09T14:01:34.000+0000",True,0.011890293069439659,0.0,3.769621622648648e-14,0.164320106800432,"B"
"TIMOB-19225","Bug","2015-07-16T03:11:07.000+0000",False,0.0043677241703795125,0.0,9.360503152983e-16,0.0668887420630389,"B"
"TIMOB-17626","Bug","2014-07-29T13:09:33.000+0000",False,0.0030594661528002753,0.0,5.685563465815271e-07,0.04775181826882174,"B"
"TIMOB-25274","Bug","2017-09-13T14:28:19.000+0000",False,0.0010336963427341928,0.0,1.2207627861509759e-14,0.016627372187573403,"B"
"TIMOB-25409","Bug","2017-09-18T11:54:42.000+0000",False,0.0024846793851284383,0.0,0.9999993105556758,0.03911000016859904,"B"
"TIMOB-25537","New Feature","2017-11-20T00:19:54.000+0000",False,0.001404028502903438,0.0,6.222063918122248e-14,0.022458698875693107,"B"
"TIMOB-26961","Story","2019-04-02T02:17:12.000+0000",False,0.01245923738682236,0.0,2.5925703550688805e-09,0.1709210918513295,"B"
"TIMOB-18409","New Feature","2015-01-20T01:12:26.000+0000",False,0.002294712110716738,0.0,6.99523295694991e-17,0.03622150790304353,"B"
"TIMOB-24808","New Feature","2017-06-12T03:25:55.000+0000",False,0.030244065266183798,0.0,1.4946262729987977e-13,0.3375788724094103,"B"
"TIMOB-24849","Bug","2017-06-19T19:20:02.000+0000",False,0.011188341525078067,0.0,3.762700437958373e-09,0.1560404307153867,"B"
"TIMOB-26869","Bug","2019-02-28T14:21:44.000+0000",False,0.00340730194107178,0.0,6.584296610030006e-13,0.05291112748185221,"B"
"TIMOB-23205","New Feature","2016-04-13T00:31:34.000+0000",False,0.0212940539595504,0.0,3.8129809478241613e-11,0.262278159130725,"B"
"TIMOB-23329","Improvement","2016-05-05T14:11:10.000+0000",False,0.013368882266846373,0.0,7.000989282727672e-17,0.18127629524086444,"B"
"TIMOB-23393","Bug","2016-05-17T17:19:23.000+0000",False,0.020840197910620105,0.0,4.446860437200871e-10,0.2580422414728966,"B"
"TIMOB-19628","Bug","2015-09-30T04:05:00.000+0000",False,0.012283349515379256,0.0,1.1781678116125272e-19,0.1688907656283303,"B"
"TIMOB-10290","Bug","2012-08-01T14:46:35.000+0000",False,0.0029333704277092745,0.0,3.230785972243543e-17,0.04586847846125962,"B"
"TIMOB-25237","New Feature","2017-09-06T19:28:17.000+0000",False,0.002667352629576237,0.0,6.104771933518129e-16,0.04187233137321466,"B"
"TIMOB-23225","Bug","2016-04-08T10:02:07.000+0000",False,0.008807169870888516,0.0,1.1622808428231792e-11,0.12678369879423698,"B"
"TIMOB-20519","Bug","2016-03-04T22:10:57.000+0000",False,0.00286571226350532,0.0,1.3393902815699082e-20,0.04485507296005813,"B"
"TIMOB-25776","Bug","2018-01-29T13:31:11.000+0000",False,0.00278877770915676,0.0,5.618950026326359e-15,0.04370027155709298,"B"
"TIMOB-19331","Improvement","2015-08-07T21:03:35.000+0000",False,0.006972009845818452,0.0,4.977537716929528e-18,0.1029181421108339,"B"
"TIMOB-14876","Bug","2013-08-13T23:07:10.000+0000",False,0.004992742015438496,0.0,2.7302584880995723e-19,0.07577951630443831,"B"
"TIMOB-23716","Bug","2016-08-03T09:09:36.000+0000",False,0.005086735331377712,0.0,1.3140445945240749e-09,0.07710287551950566,"B"
"TIMOB-17924","Improvement","2014-10-27T22:20:14.000+0000",True,0.040569080665662685,0.0,4.991493516307103e-18,0.4086154549630043,"B"
"TIMOB-25274","Bug","2017-09-13T14:28:19.000+0000",False,0.0010336963427341928,0.0,1.2207627861509759e-14,0.016627372187573403,"B"
"TIMOB-23511","Story","2016-06-13T23:01:55.000+0000",False,0.0047164645633385825,0.0,8.783099215959498e-13,0.07186912204279428,"B"
"TIMOB-24690","Bug","2017-05-12T21:15:26.000+0000",False,0.014631008973481088,0.0,1.0777174657222677e-16,0.1952531442036038,"B"
"TIMOB-26533","Bug","2018-11-08T15:16:19.000+0000",False,0.0028477419120534137,0.0,0.9999747016476392,0.04458556855014937,"B"
"TIMOB-25685","Bug","2018-01-19T00:19:41.000+0000",True,0.009251577877084083,0.0,1.976319045978219e-16,0.1323860721114606,"B"
"TIMOB-25186","Bug","2017-08-22T10:15:12.000+0000",False,0.00669923081870816,0.0,1.0067263857929403e-17,0.09926673419584581,"B"
"TIMOB-24818","Bug","2017-06-14T10:44:58.000+0000",False,0.0017568193127827506,0.0,4.2881098715947565e-16,0.027953810026243704,"B"
"TIMOB-19150","Improvement","2015-07-02T21:53:29.000+0000",False,0.039947834652745325,0.0,3.7067589878283973e-16,0.40473575444273235,"B"
"TIMOB-26355","Improvement","2018-09-05T17:41:17.000+0000",False,0.02559249087941373,0.0,2.756426474481099e-17,0.30029605150536964,"B"
"TIMOB-19639","Bug","2015-09-24T08:16:55.000+0000",False,0.006447337461656459,0.0,9.412369502087082e-10,0.09587020464757359,"B"
"TIMOB-24061","Bug","2016-10-21T14:05:14.000+0000",False,0.009099688185478455,0.0,1.6523212022327114e-15,0.13047883371463917,"B"
"TIMOB-26886","Story","2019-03-08T02:08:07.000+0000",False,0.008444327818499584,0.0,3.646258929405088e-17,0.12215942856362208,"B"
"TIMOB-18856","Story","2015-04-28T14:32:23.000+0000",False,0.003963774337638031,0.0,1.3340018992137148e-15,0.06105712100250119,"B"
"TIMOB-25937","Improvement","2018-04-05T21:16:21.000+0000",False,0.00668337483830276,0.0,0.000364933772087775,0.09905363435443629,"B"
"TIMOB-17561","New Feature","2014-08-26T17:59:25.000+0000",False,0.004640464045959972,0.0,0.8792999914101375,0.07078799397230155,"B"
"TIMOB-24059","Bug","2016-10-21T00:21:15.000+0000",False,0.0038623549794757845,0.0,9.379262416869563e-20,0.05958226467225756,"B"
"TIMOB-18326","Bug","2015-01-06T20:58:42.000+0000",False,0.005306253956781054,0.0,2.5767179131571277e-14,0.08017979665728928,"B"
"TIMOB-19271","Bug","2015-07-28T22:03:42.000+0000",False,0.010916212856791462,0.0,8.501805972814067e-20,0.15278952814309096,"B"
"TIMOB-26826","Bug","2019-02-15T00:40:56.000+0000",False,0.006159731428921019,0.0,7.511360142201474e-19,0.09196280084867349,"B"
"TIMOB-24254","Bug","2016-12-21T18:34:29.000+0000",False,0.0009723457694553758,0.0,1.749113614571118e-05,0.015655030110309307,"B"
"TIMOB-19516","Improvement","2015-09-14T23:08:06.000+0000",False,0.0026800645218650644,0.0,6.237927270193868e-15,0.042064003475084204,"B"
"TIMOB-24560","Bug","2017-04-05T18:24:05.000+0000",False,0.004682996168310282,0.0,8.739227586288214e-17,0.07139331481773986,"B"
"TIMOB-7824","Bug","2012-02-27T11:20:35.000+0000",False,0.009948105283433947,0.0,6.641911745102405e-17,0.1410334214528351,"B"
"TIMOB-24438","Improvement","2017-02-28T17:39:56.000+0000",False,0.022699098987222725,1.0,1.8261797413022086e-18,0.2751143225820948,"B"
"TIMOB-26120","Improvement","2018-06-11T18:00:30.000+0000",False,0.025556310144392955,0.0,6.434965970172709e-13,0.2999910785857344,"B"
"TIMOB-23492","Bug","2016-06-10T17:30:03.000+0000",False,0.007878938734967514,0.0,7.707634260432158e-13,0.11486224073119455,"B"
"TIMOB-17903","New Feature","2014-10-24T21:48:59.000+0000",False,0.006966095444587365,0.0,3.4956860115382805e-19,0.10283926501518535,"B"
"TIMOB-23628","Bug","2016-07-12T17:51:53.000+0000",False,0.008918779774833026,0.0,2.7469485110665787e-15,0.12819701352205048,"B"
"TIMOB-19482","Bug","2015-09-09T16:37:39.000+0000",True,0.00794385890855439,1.0,1.2872700166019534e-07,0.1157058662869494,"B"
"TIMOB-20451","Bug","2016-02-24T12:22:51.000+0000",False,0.007037292717347475,0.0,5.315191830311157e-08,0.10378792537664397,"B"
"TIMOB-23840","Bug","2016-08-30T15:51:36.000+0000",False,0.004422676552604954,0.0,5.549545797219883e-16,0.0676768320851397,"B"
"TIMOB-23623","Bug","2016-07-11T19:40:26.000+0000",False,0.0035074979295336654,0.0,4.656607050253489e-19,0.05438760164600824,"B"
"TIMOB-24093","New Feature","2016-11-03T00:19:52.000+0000",False,0.002380346644520149,0.0,1.4649828099112537e-18,0.037525609547209224,"B"
"TIMOB-20180","Improvement","2015-12-29T04:35:01.000+0000",True,0.10975325242813581,1.0,1.5245425512577506e-16,0.6682716073521967,"B"
"TIMOB-23592","Story","2016-07-01T14:54:03.000+0000",False,0.002036914578412891,0.0,3.4719819118717646e-18,0.032275533001194734,"B"
"TIMOB-8425","Bug","2012-03-29T13:53:48.000+0000",False,0.012133926601968234,0.0,1.958754818773486e-06,0.16715867548465793,"B"
"TIMOB-20495","Bug","2016-03-01T23:41:32.000+0000",False,0.012506886799123398,0.0,2.6444543892331008e-15,0.17146954072621146,"B"
"TIMOB-26356","Improvement","2018-09-05T17:41:41.000+0000",False,0.02559249087941373,0.0,2.756426474481099e-17,0.30029605150536964,"B"
"TIMOB-24792","Bug","2017-06-07T15:14:30.000+0000",False,0.0061761266199022195,0.0,1.1797284741899065e-14,0.09218639176533913,"B"
"TIMOB-19869","New Feature","2015-11-04T19:04:23.000+0000",False,0.008245820976313052,0.0,6.025409931968407e-19,0.11961020249863293,"B"
"TIMOB-19048","Bug","2015-06-19T18:11:29.000+0000",False,0.0019735703537273096,0.0,2.1165785302931572e-14,0.03130131915603091,"B"
"TIMOB-18629","Improvement","2015-03-02T19:54:04.000+0000",False,0.0070020293845683805,0.0,1.9459178693024364e-14,0.10331829679779482,"B"
"TIMOB-12716","Bug","2013-02-12T23:31:33.000+0000",False,0.0032494223782334034,0.0,3.78739394352035e-19,0.050575862951363335,"B"
"TIMOB-20526","Bug","2016-03-07T20:54:58.000+0000",False,0.005005636332767439,0.0,4.079337124348169e-19,0.07596126889576868,"B"
"TIMOB-18214","Bug","2014-12-16T17:07:38.000+0000",False,0.016103722881277576,0.0,0.000545793343633144,0.21101337138173895,"B"
"TIMOB-23714","Bug","2016-08-02T18:22:03.000+0000",False,0.006801006739897585,0.0,6.675372976000528e-18,0.10063233835758265,"B"
"TIMOB-20013","Bug","2015-11-18T20:11:58.000+0000",False,0.008852012300554457,0.0,0.999676336565594,0.1273520499527943,"B"
"TIMOB-5884","New Feature","2011-10-26T09:22:05.000+0000",False,0.0052908223872362835,0.0,1.2761267484017793e-14,0.0799641237179337,"B"
"TIMOB-23262","Bug","2016-04-21T20:41:16.000+0000",False,0.008544433875557544,0.0,1.1209799853344644e-16,0.12343978463045634,"B"
"TIMOB-19052","Bug","2015-06-22T14:05:01.000+0000",False,0.005480558654880839,0.0,6.817359629873135e-17,0.08260935337804537,"B"
"TIMOB-23596","Story","2016-07-01T14:55:22.000+0000",False,0.0018651618225689174,0.0,2.712485868649806e-18,0.029629760030567092,"B"
"TIMOB-16471","Bug","2014-02-13T20:07:09.000+0000",False,0.007482538647414723,0.0,0.9999999997323243,0.10967839511901752,"B"
"TIMOB-26117","Bug","2018-06-08T22:35:51.000+0000",False,0.001965184083436658,0.0,2.661818537776235e-12,0.031172203239413863,"B"
"TIMOB-23559","Bug","2016-06-27T10:50:19.000+0000",False,0.002793699744033084,0.0,1.1377024273719468e-17,0.043774230441850144,"B"
"TIMOB-17806","Improvement","2014-09-29T22:24:17.000+0000",False,0.011810753921844904,0.0,8.327278567243831e-17,0.16338950847872927,"B"
"TIMOB-15890","Bug","2013-12-04T08:56:47.000+0000",False,0.0020409765698617775,0.0,1.621868819532981e-13,0.03233794248843943,"B"
"TIMOB-18319","Story","2015-01-06T20:46:31.000+0000",False,0.009546425757840999,0.0,5.459950004800784e-18,0.13606626690611281,"B"
"TIMOB-19303","Bug","2015-07-31T17:47:29.000+0000",False,0.007101282513368442,0.0,4.4029128748544807e-13,0.10463895599592046,"B"
"TIMOB-19884","Bug","2015-02-03T21:19:44.000+0000",False,0.009961018032146926,0.0,3.0975288159871556e-13,0.1411922190930142,"B"
"TIMOB-24847","Bug","2017-06-19T11:29:35.000+0000",False,0.007907866813093894,0.0,2.1530173851419998e-15,0.11523834081562158,"B"
"TIMOB-24099","Improvement","2016-11-04T00:37:52.000+0000",False,0.002002263013191539,0.0,6.325918685511318e-15,0.031742830632439885,"B"
"TIMOB-25776","Bug","2018-01-29T13:31:11.000+0000",False,0.00278877770915676,0.0,5.618950026326359e-15,0.04370027155709298,"B"
"TIMOB-23694","Bug","2016-07-27T18:43:23.000+0000",False,0.005768583942651607,0.0,1.3046175596572769e-13,0.08659785302517124,"B"
"TIMOB-24656","Bug","2017-05-04T06:06:49.000+0000",False,0.0012410210262456696,0.0,6.058385976722553e-10,0.019899960383449943,"B"
"TIMOB-18967","Bug","2015-05-29T17:16:19.000+0000",False,0.010550703556979714,0.0,8.507408263322209e-16,0.14838632106652275,"B"
"TIMOB-16678","Bug","2014-03-22T11:15:46.000+0000",False,0.0026353117568947457,0.0,1.4802393308152155e-15,0.04138889478942161,"B"
"TIMOB-19292","Improvement","2015-07-30T20:34:07.000+0000",False,0.004973020124538346,1.0,3.336727175815552e-19,0.07550139602435137,"B"
"TIMOB-19269","Bug","2015-07-28T21:53:33.000+0000",False,0.0041836640957835305,0.0,1.7203323445823275e-19,0.06423998177180208,"B"
"TIMOB-25667","Improvement","2018-01-13T02:37:31.000+0000",False,0.0034319284558594655,0.0,5.90413334946793e-10,0.053274420031643885,"B"
"TIMOB-18453","Improvement","2015-01-27T23:35:37.000+0000",False,0.03381358855610365,0.0,7.040801733036339e-19,0.36381314795227404,"B"
"TIMOB-23989","Bug","2016-10-05T22:47:20.000+0000",False,0.0007874939477755814,0.0,8.795750586254496e-21,0.012714390119003233,"B"
"TIMOB-17928","Improvement","2014-10-27T22:23:12.000+0000",False,0.003776526978305394,0.0,2.5252495871210915e-13,0.058330751466907374,"B"
"TIMOB-18941","Bug","2015-05-21T22:33:26.000+0000",False,0.005295640766550722,0.0,8.326276614240576e-20,0.08003147594070602,"B"
"TIMOB-23880","Bug","2016-09-08T16:49:59.000+0000",False,0.0017840710161912264,0.0,1.3453269939991848e-18,0.028375876988827986,"B"
"TIMOB-25728","Bug","2017-08-30T07:51:59.000+0000",False,0.014438546622436666,0.0,2.329904430985858e-17,0.19315043893011416,"B"
"TIMOB-20376","Bug","2015-12-17T14:52:50.000+0000",True,0.010425683512397895,1.0,1.0,0.14687046257950165,"B"
"TIMOB-18704","New Feature","2015-03-13T17:01:42.000+0000",False,0.00520943137877625,0.0,6.466524540524267e-16,0.07882503146427304,"B"
"TIMOB-19057","Story","2015-06-22T22:44:08.000+0000",False,0.004543014598663071,0.0,5.057202835062988e-16,0.06939830082479682,"B"
"TIMOB-24862","Bug","2017-06-20T14:46:41.000+0000",False,0.0019358566016127563,0.0,1.2565121764801393e-16,0.030720420488691422,"B"
"TIMOB-19156","Bug","2015-06-29T12:02:12.000+0000",False,0.010637636994422286,0.0,4.217061170792209e-12,0.1494374359320689,"B"
"TIMOB-18704","New Feature","2015-03-13T17:01:42.000+0000",False,0.00520943137877625,0.0,6.466524540524267e-16,0.07882503146427304,"B"
"TIMOB-26151","Bug","2018-06-23T13:44:08.000+0000",False,0.002840494070378234,0.0,1.228487859573145e-17,0.04447683114422545,"B"
"TIMOB-24810","Bug","2017-06-12T10:21:21.000+0000",False,0.008357638878020782,0.0,6.523692721716224e-17,0.12104786127138539,"B"
"TIMOB-19838","Bug","2015-11-02T02:41:50.000+0000",False,0.015633145560435893,0.0,8.027539915679503e-13,0.20603993741344062,"B"
"TIMOB-26556","Improvement","2018-11-14T03:41:30.000+0000",False,0.0050340461739280295,0.0,4.6335076923946986e-17,0.0763614858992287,"B"
"TIMOB-20300","Bug","2016-02-02T00:21:35.000+0000",False,0.02384473817146554,0.0,2.3266303507996848e-14,0.28528076515355233,"B"
"TIMOB-26865","Bug","2019-02-27T01:06:06.000+0000",False,0.0029245773622251932,0.0,2.371570511168057e-16,0.045736886955214245,"B"
"TIMOB-19153","Bug","2015-07-03T00:46:38.000+0000",False,0.009262084836214294,0.0,0.01304134746969841,0.1325177174121518,"B"
"TIMOB-25753","Bug","2018-02-05T18:59:39.000+0000",False,0.0019040904148875343,0.0,6.115437014599496e-09,0.030230624475229787,"B"
"TIMOB-23266","Improvement","2016-04-22T13:22:44.000+0000",False,0.003030712047269564,0.0,1.5153550468884917e-14,0.047322965677511715,"B"
"TIMOB-18050","New Feature","2014-11-18T15:30:34.000+0000",False,0.005768452767362344,0.0,1.1291487967093695e-12,0.08659604391386432,"B"
"TIMOB-7564","New Feature","2012-02-06T18:46:44.000+0000",False,0.008640989570103083,0.0,1.0057549245956689e-17,0.12467144195492613,"B"
"TIMOB-24967","Improvement","2017-07-17T23:30:37.000+0000",False,0.016058115803882618,0.0,1.0744201091535532e-19,0.21053388091273406,"B"
"TIMOB-25324","Bug","2017-09-20T21:52:17.000+0000",False,0.013337794315949069,0.0,1.2495211397086649e-18,0.18092635613793462,"B"
"TIMOB-26481","Improvement","2018-10-23T18:56:26.000+0000",False,0.00718820358101866,0.0,2.23929541066918e-15,0.10579255006461723,"B"
"TIMOB-20418","Bug","2016-02-17T12:50:43.000+0000",False,0.024922990495851977,0.0,5.247093751661858e-11,0.29461306810225946,"B"
"TIMOB-25728","Bug","2017-08-30T07:51:59.000+0000",False,0.014438546622436666,0.0,2.329904430985858e-17,0.19315043893011416,"B"
"TIMOB-19041","Story","2015-06-18T13:00:38.000+0000",False,0.004554645299930141,0.0,2.5828826826310663e-18,0.06956436636253445,"B"
"TIMOB-23657","Bug","2016-07-19T20:15:13.000+0000",False,0.012704128291301813,0.0,7.535253890898008e-17,0.17373266970407564,"B"
"TIMOB-23847","Bug","2016-08-31T12:39:10.000+0000",False,0.010332727589047679,0.0,7.945475274198232e-16,0.14574012597110614,"B"
"TIMOB-26403","Bug","2018-09-20T13:26:14.000+0000",False,0.0071233192654058365,0.0,0.9999999999256488,0.10493168453493973,"B"
"TIMOB-23661","Improvement","2016-07-20T13:21:27.000+0000",False,0.0038797297940058647,0.0,1.8762205153707584e-13,0.05983523942997473,"B"
"TIMOB-26705","Bug","2019-01-08T16:44:11.000+0000",False,0.0059762303703281665,0.0,4.222984227184013e-12,0.0894532588879961,"B"
"TIMOB-26213","Bug","2018-07-14T15:44:40.000+0000",False,0.00362004069436002,0.0,5.992114138910681e-11,0.056040888695334676,"B"
"TIMOB-18196","Improvement","2014-12-12T21:08:28.000+0000",False,0.011158422092250205,0.0,2.325808478572163e-14,0.15568414122671692,"B"
"TIMOB-25767","Bug","2018-02-09T21:53:44.000+0000",False,0.005735327517014554,0.0,1.5880424611807636e-12,0.08613898095750469,"B"
"TIMOB-20547","New Feature","2016-03-10T19:22:46.000+0000",False,0.011877698706458993,0.0,4.1755965186924377e-16,0.16417288229249208,"B"
"TIMOB-25327","Bug","2017-09-21T10:25:28.000+0000",False,0.002394349555022912,0.0,5.499863890367352e-16,0.03773854111546797,"B"
"TIMOB-19836","Bug","2015-11-02T02:28:24.000+0000",False,0.01994317589975271,0.0,8.347170849551672e-19,0.2495373278951805,"B"
"TIMOB-24647","Bug","2017-05-02T14:37:27.000+0000",False,0.003404912252875403,0.0,9.896679802043731e-15,0.05287586070278252,"B"
"TIMOB-17913","New Feature","2014-10-24T22:05:29.000+0000",False,0.00850051179921197,0.0,2.737099056788435e-19,0.12287844977287478,"B"
"TIMOB-18967","Bug","2015-05-29T17:16:19.000+0000",False,0.010550703556979714,0.0,8.507408263322209e-16,0.14838632106652275,"B"
"TIMOB-26027","Bug","2018-05-09T15:26:24.000+0000",False,0.006017257357149919,0.0,1.7962123119776108e-13,0.09001546249450104,"B"
"TIMOB-4979","New Feature","2011-08-10T14:54:11.000+0000",False,0.005101006276408375,0.0,4.151705519226719e-18,0.07730349082019264,"B"
"TIMOB-23748","Bug","2016-08-09T03:33:12.000+0000",False,0.0016704899405799516,0.0,7.653011843042963e-18,0.026614492777714816,"B"
"TIMOB-20522","New Feature","2016-03-05T13:06:58.000+0000",False,0.007452857931258508,0.0,3.702724616053661e-12,0.10928797457117399,"B"
"TIMOB-25606","Story","2017-12-13T20:45:54.000+0000",False,0.0190933178897753,0.0,1.0510792877701163e-16,0.24131257679119122,"B"
"TIMOB-23598","Story","2016-07-01T14:56:22.000+0000",False,0.003984159493119567,0.0,1.1066942344091171e-17,0.0613530431432244,"B"
"TIMOB-24831","Bug","2017-06-15T15:56:17.000+0000",False,0.01690144046230126,0.0,3.352602226404069e-11,0.21931402268745587,"B"
"TIMOB-25950","Improvement","2018-04-10T08:03:15.000+0000",False,0.0038354226636460364,0.0,1.797636749784216e-19,0.05918988237678245,"B"
"TIMOB-19286","Story","2015-07-29T23:21:53.000+0000",False,0.0029713862397858256,0.0,8.306433511680169e-17,0.04643700856011876,"B"
"TIMOB-18582","New Feature","2015-02-17T22:50:12.000+0000",False,0.0046124661572138625,0.0,8.39005917512238e-16,0.07038912295961673,"B"
"TIMOB-18325","Bug","2015-01-06T20:57:22.000+0000",False,0.02698123685364121,0.0,1.2275082906136897e-12,0.3118210283257337,"B"
"TIMOB-23559","Bug","2016-06-27T10:50:19.000+0000",False,0.002793699744033084,0.0,1.1377024273719468e-17,0.043774230441850144,"B"
"TIMOB-23503","Bug","2016-06-13T07:14:37.000+0000",False,0.0012500490214008228,0.0,4.441180690845618e-11,0.020042001827983734,"B"
"TIMOB-23686","Improvement","2016-07-26T18:09:35.000+0000",False,0.01784898608601328,0.0,5.095541701988246e-18,0.22896647804991932,"B"
"TIMOB-24690","Bug","2017-05-12T21:15:26.000+0000",False,0.014631008973481088,0.0,1.0777174657222677e-16,0.1952531442036038,"B"
"TIMOB-18958","Bug","2015-05-28T19:20:44.000+0000",False,0.005902728786148447,0.0,2.9291803575869313e-13,0.0884444246653032,"B"
"TIMOB-23335","Improvement","2016-04-28T17:56:45.000+0000",False,0.004778864187512393,0.0,3.7089596848863e-15,0.07275501783492043,"B"
"TIMOB-18712","Improvement","2015-03-18T04:56:20.000+0000",False,0.0015737951828345739,0.0,2.299354127457235e-11,0.025110253965409467,"B"
"TIMOB-20370","Bug","2016-02-08T16:30:47.000+0000",False,0.007028444875561637,0.0,2.5651358414952437e-12,0.10367013505104407,"B"
"TIMOB-20233","Bug","2016-01-13T22:44:56.000+0000",False,0.0034481304880979616,0.0,8.98069528238529e-21,0.053513291680874236,"B"
"TIMOB-24479","Bug","2017-03-13T12:06:51.000+0000",False,0.0013080086948151933,0.0,6.154251080557305e-06,0.020952988370802315,"B"
"TIMOB-25582","Improvement","2017-12-04T04:38:47.000+0000",False,0.0028813003916517387,0.0,8.050232938522513e-12,0.045088735508018486,"B"
"TIMOB-23931","Improvement","2016-09-20T11:15:34.000+0000",False,0.0016713697291901022,0.0,1.456131581160136e-09,0.02662815929692956,"B"
"TIMOB-20051","Story","2015-11-23T15:48:32.000+0000",False,0.0021594258407982548,0.0,2.7663956510843894e-18,0.03415451714502199,"B"
"TIMOB-19104","Bug","2015-06-29T19:01:11.000+0000",False,0.005246832739798778,0.0,4.031542788687521e-18,0.07934880195847335,"B"
"TIMOB-23237","Bug","2016-04-19T18:02:40.000+0000",False,0.006911396113657749,0.0,4.8247896352377627e-17,0.10210915702385458,"B"
"TIMOB-19884","Bug","2015-02-03T21:19:44.000+0000",False,0.009961018032146926,0.0,3.0975288159871556e-13,0.1411922190930142,"B"
"TIMOB-19791","Story","2015-10-26T14:37:51.000+0000",False,0.006292552097821246,0.0,9.067249233200267e-18,0.09377120455687427,"B"
"TIMOB-24192","Bug","2016-12-03T03:09:44.000+0000",False,0.0021888073967458862,0.0,9.972225208157684e-16,0.034604133096449295,"B"
"TIMOB-18326","Bug","2015-01-06T20:58:42.000+0000",False,0.005306253956781054,0.0,2.5767179131571277e-14,0.08017979665728928,"B"
"TIMOB-20078","Bug","2015-11-30T14:17:21.000+0000",False,0.013260060594147652,0.0,5.121350918304153e-18,0.18005013874014478,"B"
"TIMOB-25086","Bug","2017-08-11T14:58:48.000+0000",True,0.008205847925179848,0.0,4.198051418922811e-14,0.11909520033200847,"B"
"TIMOB-26329","Bug","2018-08-20T22:16:11.000+0000",False,0.002111231721486115,0.0,6.05961837165725e-17,0.033416168816639245,"B"
"TIMOB-23637","Improvement","2016-07-14T12:01:41.000+0000",False,0.009439942376936097,0.0,1.1029237896230206e-10,0.13474053090213747,"B"
"TIMOB-18856","Story","2015-04-28T14:32:23.000+0000",False,0.003963774337638031,0.0,1.3340018992137148e-15,0.06105712100250119,"B"
"TIMOB-25949","Bug","2018-04-10T07:30:30.000+0000",False,0.0038222056858849157,0.0,2.271667915632977e-11,0.05899720955379079,"B"
"TIMOB-23319","Bug","2016-05-05T06:20:42.000+0000",False,0.0022487435120024223,0.0,4.268162095429941e-12,0.03552010028054672,"B"
"TIMOB-25064","Improvement","2017-08-03T23:02:56.000+0000",False,0.008808762023508929,0.0,6.088084994863591e-19,0.12680389017778856,"B"
"TIMOB-18999","Bug","2015-06-11T18:54:29.000+0000",False,0.0014408815849679022,1.0,1.3928473770356512e-16,0.023035448746660685,"B"
"TIMOB-24892","Bug","2017-06-26T10:36:50.000+0000",False,0.0924376288742296,0.0,4.605353769444e-05,0.624669086200968,"B"
"TIMOB-24206","Bug","2016-12-10T07:20:45.000+0000",True,0.005324151170942747,0.0,3.475016598718315e-06,0.08042981142631427,"B"
"TIMOB-25581","Bug","2017-12-04T01:52:40.000+0000",False,0.002268511869333604,0.0,4.958034425741897e-16,0.035821851093512165,"B"
"TIMOB-26306","Improvement","2018-08-15T04:01:37.000+0000",False,0.011328706406621937,0.0,1.008823536967343e-12,0.15770821750061434,"B"
"TIMOB-19286","Story","2015-07-29T23:21:53.000+0000",False,0.0029713862397858256,0.0,8.306433511680169e-17,0.04643700856011876,"B"
"TIMOB-24314","Bug","2017-01-16T18:58:52.000+0000",False,0.012613950890940516,0.0,3.852372993858189e-18,0.17269940716887291,"B"
"TIMOB-24730","Story","2017-05-24T04:23:59.000+0000",False,0.010169633019460339,0.0,2.350488193537457e-17,0.14375017037165524,"B"
"TIMOB-24497","Bug","2017-03-17T15:12:30.000+0000",False,0.004205814883797626,0.0,0.00027868554939697993,0.06455949170811978,"B"
"TIMOB-26415","New Feature","2018-09-27T00:52:21.000+0000",False,0.017729150339073147,0.0,3.2836096401736155e-15,0.22775792158399522,"B"
"TIMOB-18791","Improvement","2015-04-08T18:57:27.000+0000",False,0.009618273907790591,0.0,4.034207018868373e-20,0.13695865597684406,"B"
"TIMOB-19127","Bug","2015-07-01T10:01:56.000+0000",False,0.0026242579705924086,0.0,3.621251027495469e-13,0.04122200792698781,"B"
"TIMOB-23513","New Feature","2016-06-14T03:45:46.000+0000",False,0.01668242326874279,0.0,1.525315617291218e-17,0.217051148127104,"B"
"TIMOB-23181","Bug","2016-04-09T00:00:48.000+0000",False,0.0006397110118029575,0.0,6.97780770128054e-17,0.010351565690420929,"B"
"TIMOB-19344","Bug","2015-08-12T18:54:11.000+0000",False,0.004925817679868915,0.0,0.002258870627292796,0.07483510656457538,"B"
"TIMOB-18928","Story","2015-05-20T02:13:42.000+0000",False,0.011167854314983234,0.0,1.9803818744993453e-17,0.1557964930728727,"B"
"TIMOB-20158","Story","2015-12-21T14:36:49.000+0000",False,0.00999335434337822,0.0,2.30396198817015e-12,0.14158964333331828,"B"
"TIMOB-26181","Bug","2018-07-03T21:01:33.000+0000",False,0.010480385290176324,0.0,3.151061627036966e-20,0.14753433382073322,"B"
"TIMOB-15703","Bug","2013-11-06T19:30:37.000+0000",False,0.0023793019903634916,0.0,9.927494325979502e-20,0.037509720751318525,"B"
"TIMOB-14963","Bug","2013-08-21T06:25:15.000+0000",False,0.006851762485390733,0.0,0.0006065272235690991,0.10131192443523218,"B"
"TIMOB-23141","Bug","2016-04-02T18:53:56.000+0000",False,0.0025957676733118985,0.0,3.6405942587076618e-06,0.0407916187352071,"B"
"TIMOB-23964","Bug","2016-09-29T07:34:49.000+0000",False,0.00563414476366798,0.0,2.5183963045952635e-16,0.08474021137806699,"B"
"TIMOB-20015","Improvement","2015-11-19T04:31:31.000+0000",False,0.01930241005215015,0.0,1.4808828646003958e-15,0.24335147427569048,"B"
"TIMOB-26981","Bug","2019-04-11T18:00:40.000+0000",False,0.012663790132938628,0.0,1.048197307619333e-10,0.173270766559156,"B"
"TIMOB-24266","Improvement","2016-12-31T15:51:05.000+0000",True,0.006537069911212064,0.0,1.0384068165923593e-12,0.09708289239804706,"B"
"TIMOB-19347","Bug","2015-08-13T14:51:04.000+0000",False,0.004875300646944462,0.0,2.5057454052112557e-16,0.07412103523763826,"B"
"TIMOB-25757","Bug","2018-02-06T22:50:17.000+0000",False,0.014114206121804142,0.0,1.4926994473898447e-18,0.18958383495703635,"B"
"TIMOB-26217","Bug","2018-07-18T02:16:15.000+0000",False,0.0010412558798612358,0.0,1.861010652530332e-18,0.01674705824040554,"B"
"TIMOB-23461","Bug","2016-06-01T06:56:12.000+0000",False,0.0027184428978041736,0.0,4.3949344147454565e-16,0.04264224386024369,"B"
"TIMOB-24157","Bug","2016-11-18T01:18:15.000+0000",False,0.0076046087979823,0.0,1.702455467520815e-16,0.11128076008942883,"B"
"TIMOB-26533","Bug","2018-11-08T15:16:19.000+0000",False,0.0028477419120534137,0.0,0.9999747016476392,0.04458556855014937,"B"
"TIMOB-19869","New Feature","2015-11-04T19:04:23.000+0000",False,0.008245820976313052,0.0,6.025409931968407e-19,0.11961020249863293,"B"
"TIMOB-23370","Improvement","2016-05-12T21:25:19.000+0000",True,0.011145115328951478,1.0,1.0385320197111754e-13,0.15552559060410392,"B"
"TIMOB-18319","Story","2015-01-06T20:46:31.000+0000",False,0.009546425757840999,0.0,5.459950004800784e-18,0.13606626690611281,"B"
"TIMOB-25625","Bug","2017-12-23T02:47:07.000+0000",False,0.017132902227170472,0.0,7.403247009627305e-14,0.22169238723539045,"B"
"TIMOB-18817","Story","2015-04-09T22:48:04.000+0000",False,0.015860419615629368,0.0,1.371998835210061e-19,0.20844916048680964,"B"
"TIMOB-23587","Story","2016-07-01T14:50:43.000+0000",False,0.002150284712265075,0.0,2.55717319464259e-18,0.03401455354093816,"B"
"TIMOB-18193","Bug","2014-12-12T16:31:10.000+0000",True,0.05257443197465247,1.0,2.2055787110769695e-12,0.47555043312537115,"B"
"TIMOB-23587","Story","2016-07-01T14:50:43.000+0000",False,0.002150284712265075,0.0,2.55717319464259e-18,0.03401455354093816,"B"
"TIMOB-17972","New Feature","2014-11-05T22:03:45.000+0000",False,0.0020463884824334644,0.0,5.0483289413539185e-20,0.03242108079628265,"B"
"TIMOB-24231","Bug","2016-12-16T11:27:35.000+0000",False,0.01056362224132542,0.0,2.283630313890123e-17,0.14854267389654008,"B"
"TIMOB-24102","Improvement","2016-11-04T06:46:50.000+0000",False,0.019384046469325573,0.0,9.00099645667897e-12,0.24414478995363564,"B"
"TIMOB-11373","Bug","2012-09-10T15:20:58.000+0000",False,0.007286993104023482,0.0,5.342541134497978e-19,0.10710029958882542,"B"
"TIMOB-25890","Improvement","2018-03-21T02:04:04.000+0000",True,0.022106226625300308,1.0,1.8306263623209196e-06,0.2697483723567941,"B"
"TIMOB-26980","Bug","2019-04-11T15:52:48.000+0000",False,0.02012257848489037,0.0,8.655671755762745e-13,0.2623026751639781,"S"
"TIMOB-26957","Improvement","2019-04-01T16:35:33.000+0000",False,0.013750595177378585,0.0,4.694363533798997e-16,0.19446151622240032,"S"
"TIMOB-26884","Improvement","2019-03-07T18:32:49.000+0000",False,0.009267908003747419,1.0,1.0006633245980804e-16,0.13939355921256252,"S"
"TIMOB-26847","Bug","2019-02-22T00:47:16.000+0000",False,0.0037144252867767702,0.0,4.904943942892642e-15,0.06063911958633272,"S"
"TIMOB-26835","Bug","2019-02-18T14:47:04.000+0000",False,0.0036027744887217336,0.0,7.504786880558368e-13,0.058917575119219814,"S"
"TIMOB-26834","Bug","2019-02-18T11:26:01.000+0000",False,0.0032312982922180315,0.0,5.554645092405052e-16,0.053146895142414975,"S"
"TIMOB-26824","Bug","2019-02-14T19:24:16.000+0000",False,0.0017605270174621168,0.0,6.512383865927724e-14,0.029631741033539247,"S"
"TIMOB-26789","Bug","2019-02-01T18:26:55.000+0000",False,0.014411969084654617,0.0,1.2066483074553395e-15,0.20203417001370907,"S"
"TIMOB-26785","Bug","2019-01-31T23:31:59.000+0000",False,0.008943325736372033,0.0,9.507694226587931e-17,0.13513329562585838,"S"
"TIMOB-26766","Bug","2019-01-25T17:06:23.000+0000",False,0.0032892425405222194,0.0,7.474104552416505e-12,0.054051397232199684,"S"
"TIMOB-26746","Bug","2019-01-18T04:08:24.000+0000",False,0.0036168662036074575,0.0,1.698376303561356e-08,0.05913518193536095,"S"
"TIMOB-26727","Bug","2019-01-15T00:18:32.000+0000",False,0.04615993105426236,0.0,3.652391388662097e-09,0.4559064855726146,"S"
"TIMOB-26703","New Feature","2019-01-08T03:39:49.000+0000",False,0.002243266253523916,0.0,4.0756230206713465e-13,0.03746994760143568,"S"
"TIMOB-26667","Bug","2018-12-19T03:20:38.000+0000",False,0.015561109870243119,0.0,1.327482894323088e-12,0.21488174200460314,"S"
"TIMOB-26651","Bug","2018-12-13T18:02:17.000+0000",False,0.020957782717832597,0.0,2.366446106070712e-10,0.2704157560097231,"S"
"TIMOB-26638","Improvement","2018-12-08T05:53:09.000+0000",False,0.0023090976050285455,0.0,2.3934242785027343e-15,0.03852962806481908,"S"
"TIMOB-26597","Bug","2018-11-26T13:35:25.000+0000",False,0.0037518545406052075,0.0,3.56161865343916e-15,0.061214918820162466,"S"
"TIMOB-26595","Bug","2018-11-26T11:02:35.000+0000",False,0.0007353074307617388,0.0,4.452389348027626e-19,0.012580638493553304,"S"
"TIMOB-26580","Bug","2018-11-16T22:42:12.000+0000",False,0.0036723684232189678,0.0,1.8127431391776894e-14,0.05999133915919916,"S"
"TIMOB-26575","Improvement","2018-11-16T19:23:50.000+0000",False,0.004899947465616474,0.0,3.5147475617917293e-15,0.07856048222648968,"S"
"TIMOB-26562","Improvement","2018-11-15T00:41:47.000+0000",False,0.0064214958230627076,0.0,4.027197998618926e-14,0.1006419985168277,"S"
"TIMOB-26560","Improvement","2018-11-14T22:12:34.000+0000",False,0.00600380894126195,0.0,2.3173790616879266e-14,0.09467973170539251,"S"
"TIMOB-26549","Bug","2018-11-13T12:03:35.000+0000",False,0.007492706055658774,0.0,1.6255539297072239e-12,0.11560200570950674,"S"
"TIMOB-26540","Bug","2018-11-09T17:16:25.000+0000",False,0.0009895613650303399,1.0,2.1879779432920788e-15,0.01686164632915668,"S"
"TIMOB-26538","Bug","2018-11-09T02:48:38.000+0000",False,0.0006587274996438712,0.0,8.143649355341506e-07,0.011284336197991681,"S"
"TIMOB-26529","Bug","2018-11-07T17:33:21.000+0000",False,0.004670021653851849,1.0,2.055503773410677e-16,0.07513507927299592,"S"
"TIMOB-26518","Story","2018-11-05T12:40:30.000+0000",False,0.0026617357666724804,0.0,0.9881137929758045,0.044168867374614854,"S"
"TIMOB-26517","Story","2018-11-05T10:39:59.000+0000",False,0.014502667903342946,0.0,1.9673018625317434e-16,0.20306235681552834,"S"
"TIMOB-26513","Bug","2018-11-02T19:02:45.000+0000",False,0.009114306266925382,0.0,7.204286961104783e-14,0.13738237482568594,"S"
"TIMOB-26503","Improvement","2018-10-31T02:25:59.000+0000",False,0.004520671554987713,0.0,0.0024729427025434896,0.07289726011515604,"S"
"TIMOB-26498","New Feature","2018-10-30T07:06:26.000+0000",True,0.00027729128477877314,0.0,1.0480512094756958e-10,0.004779567272722064,"S"
"TIMOB-26496","Bug","2018-10-29T19:03:55.000+0000",False,0.0058911166661494785,0.0,1.3435734036927042e-17,0.09305840824738387,"S"
"TIMOB-26460","Bug","2018-10-18T01:23:25.000+0000",False,0.010894819422428535,0.0,1.455943412482097e-10,0.16017012406608647,"S"
"TIMOB-26457","Bug","2018-10-17T01:02:10.000+0000",False,0.005403038811172182,1.0,1.650346809483335e-12,0.08597309671434414,"S"
"TIMOB-26451","Bug","2018-10-12T00:56:43.000+0000",False,0.007205154314504055,0.0,7.877636614569649e-13,0.11163213831172407,"S"
"TIMOB-26433","Bug","2018-09-27T21:27:48.000+0000",False,0.0011798632598876192,0.0,0.9999948043414093,0.020043059401272094,"S"
"TIMOB-26411","Improvement","2018-09-25T18:59:50.000+0000",False,0.018830932070878135,0.0,6.196522976945774e-11,0.24942272159538392,"S"
"TIMOB-26404","Bug","2018-09-21T06:14:03.000+0000",False,0.0014805329813716674,0.0,1.7593024453993334e-14,0.025030257653558232,"S"
"TIMOB-26388","Bug","2018-09-13T06:09:33.000+0000",False,0.006156175296355827,0.0,8.246064297866241e-13,0.0968632388151278,"S"
"TIMOB-26360","Bug","2018-09-06T21:04:52.000+0000",False,0.019935299959348677,0.0,9.761239164466986e-14,0.2604605732379415,"S"
"TIMOB-26331","Improvement","2018-08-23T03:21:45.000+0000",False,0.01191859190046892,0.0,3.6225107912364763e-12,0.1727709203688577,"S"
"TIMOB-26313","Bug","2018-08-17T12:30:32.000+0000",False,0.0013066916328412506,0.0,5.838639181655433e-13,0.022152599100402542,"S"
"TIMOB-26295","Bug","2018-08-13T17:47:30.000+0000",False,0.0016500989253337539,0.0,1.0579359860926261e-10,0.027821830408215224,"S"
"TIMOB-26221","Story","2018-07-20T13:24:49.000+0000",False,0.0011748374038866847,0.0,4.7838681381351375e-08,0.019959287760897875,"S"
"TIMOB-26207","Bug","2018-07-12T12:42:11.000+0000",False,0.006009404070364667,0.0,1.892565486728718e-11,0.09476008832988973,"S"
"TIMOB-26206","Bug","2018-07-12T10:44:27.000+0000",False,0.0020339909827317426,0.0,3.788639901286035e-16,0.03408663128781084,"S"
"TIMOB-26184","Bug","2018-07-05T13:42:27.000+0000",False,0.013388875098685405,0.0,1.6504386362820696e-16,0.1902631270260008,"S"
"TIMOB-26182","Bug","2018-07-03T07:49:14.000+0000",False,0.020740502850949808,0.0,0.9999405866768107,0.26832102177263234,"S"
"TIMOB-26179","Bug","2018-07-03T12:23:29.000+0000",False,0.002015236586633303,0.0,2.4169410195728174e-13,0.033782340220168044,"S"
"TIMOB-26177","Bug","2018-07-03T00:04:40.000+0000",False,0.0033852197370295056,0.0,6.774399040472927e-11,0.05554602333418105,"S"
"TIMOB-26167","Bug","2018-06-28T18:59:46.000+0000",False,0.001140099590450314,0.0,0.0039171073211003845,0.019379904473808704,"S"
"TIMOB-26159","Bug","2018-06-27T01:09:52.000+0000",False,0.007663419955357142,0.0,9.35290026411983e-13,0.11794317662541572,"S"
"TIMOB-26152","Bug","2018-06-25T06:06:03.000+0000",False,0.003090857166879974,0.0,4.1251253494658025e-11,0.050947872831916374,"S"
"TIMOB-26150","Bug","2018-06-22T16:03:34.000+0000",False,0.004396368117818192,0.0,0.0005052802814816871,0.07102697412907555,"S"
"TIMOB-26149","Bug","2018-06-22T15:13:52.000+0000",False,0.006899562199434834,0.0,4.312004649344873e-15,0.1073765144308075,"S"
"TIMOB-26140","Story","2018-06-19T14:53:28.000+0000",False,0.016017497182604364,0.0,5.508777018429275e-16,0.2198782606679078,"S"
"TIMOB-26130","Bug","2018-06-14T19:10:40.000+0000",False,0.013188152634555736,0.0,4.022456470397265e-15,0.1879158020223908,"S"
"TIMOB-26124","Bug","2018-06-12T18:17:11.000+0000",False,0.0009957777475746224,0.0,1.9262530107997254e-14,0.016965877171253096,"S"
"TIMOB-26121","Bug","2018-06-11T23:08:19.000+0000",False,0.007269189352033215,0.0,6.838577525949517e-15,0.11251907200484716,"S"
"TIMOB-26085","Bug","2018-06-04T06:46:53.000+0000",False,0.007674480651728262,1.0,3.256850058162313e-09,0.11809446326446575,"S"
"TIMOB-26078","New Feature","2018-05-30T20:33:41.000+0000",False,0.007038122636203898,0.0,8.108776378760835e-17,0.10931080013867518,"S"
"TIMOB-26067","New Feature","2018-05-24T21:01:17.000+0000",False,0.02122949008098357,0.0,4.5324849790227674e-14,0.2730196892161933,"S"
"TIMOB-26065","Story","2018-05-24T13:34:55.000+0000",False,0.005247019089177864,0.0,3.891397045670965e-18,0.08368627173912743,"S"
"TIMOB-26051","Improvement","2018-05-17T23:50:11.000+0000",False,0.0028188073951643713,0.0,2.40764339169354e-13,0.04666072070911462,"S"
"TIMOB-26045","Bug","2018-05-16T02:08:59.000+0000",True,0.008599581854886918,0.0,2.4319850195143077e-10,0.13057838740864147,"S"
"TIMOB-26033","Story","2018-05-11T15:45:10.000+0000",True,0.0012039176134184986,0.0,8.41899954392177e-07,0.020443814029646113,"S"
"TIMOB-26010","Bug","2018-05-01T17:57:26.000+0000",False,0.005010805398648388,0.0,9.868136493124911e-14,0.08020354010783474,"S"
"TIMOB-26009","Story","2018-05-03T08:19:36.000+0000",False,0.003587715767968515,1.0,7.148074565261222e-17,0.058684931147683674,"S"
"TIMOB-25989","Bug","2018-04-25T04:04:32.000+0000",False,0.0010330462662144868,0.0,7.438298484523178e-12,0.01759032698487797,"S"
"TIMOB-25983","Bug","2018-04-23T17:54:17.000+0000",False,0.002461925495290022,0.0,0.049209417816797864,0.040981245847439875,"S"
"TIMOB-25979","Bug","2018-04-20T16:21:43.000+0000",False,0.003059153994318858,0.0,1.9688797221229094e-08,0.05045013777587037,"S"
"TIMOB-25977","Bug","2018-04-19T14:31:26.000+0000",False,0.0037987947644606323,0.0,1.4202749328444056e-09,0.061936095714717546,"S"
"TIMOB-25953","New Feature","2018-04-10T18:26:06.000+0000",False,0.0008955404636875098,0.0,2.7875276910389867e-07,0.015282645531044055,"S"
"TIMOB-25943","Bug","2018-04-06T18:20:43.000+0000",False,0.002618620928045162,0.0,1.753933758937276e-17,0.04348273225968205,"S"
"TIMOB-25936","Bug","2018-04-05T18:20:53.000+0000",False,0.004738287781776359,0.0,1.847320044307028e-10,0.07615458843733917,"S"
"TIMOB-25927","Story","2018-04-04T08:51:26.000+0000",False,0.008093680042141555,0.0,8.86660746535133e-12,0.12379265965508153,"S"
"TIMOB-25919","Bug","2018-03-30T18:36:09.000+0000",False,0.005568819044792286,0.0,4.5631008780944716e-14,0.08839128973286872,"S"
"TIMOB-25914","Bug","2018-03-29T14:10:06.000+0000",False,0.003408247026258166,0.0,2.8297741034216267e-10,0.05590396133674178,"S"
"TIMOB-25908","New Feature","2018-03-28T06:21:26.000+0000",False,0.010588330650382173,1.0,4.157590527985136e-11,0.1563279887324453,"S"
"TIMOB-25897","Bug","2018-03-23T12:41:07.000+0000",False,0.015233395114029652,0.0,1.6163176979599558e-13,0.21125716728199948,"S"
"TIMOB-25891","Story","2018-03-21T05:57:30.000+0000",True,0.017823474667007268,0.0,3.0755551942022145e-11,0.23908469465334659,"S"
"TIMOB-25887","Bug","2018-03-19T22:18:41.000+0000",False,0.0477140157212205,0.0,0.9997283236310794,0.46453720899180406,"S"
"TIMOB-25881","New Feature","2018-03-19T07:00:26.000+0000",False,0.008220328931007555,0.0,4.3548609784485224e-16,0.12550068581038848,"S"
"TIMOB-25873","Bug","2018-03-16T03:16:50.000+0000",False,0.002086132899101933,0.0,1.0725037570722934e-16,0.03493169031524589,"S"
"TIMOB-25865","Improvement","2018-03-14T02:43:13.000+0000",False,0.000942400130440153,0.0,2.101499246962002e-07,0.0160702099808782,"S"
"TIMOB-25861","New Feature","2018-03-13T10:32:55.000+0000",False,0.005964631137305544,0.0,9.924721367621227e-18,0.09411668987019245,"S"
"TIMOB-25860","Improvement","2018-03-12T22:37:17.000+0000",False,0.015035422700396291,1.0,1.3817700742058596e-15,0.2090524826312307,"S"
"TIMOB-25856","Story","2018-03-10T16:24:29.000+0000",False,0.007178378707041889,0.0,9.81060477510656e-14,0.11126078405445475,"S"
"TIMOB-25835","Bug","2018-03-02T08:18:20.000+0000",True,0.009405423174928642,0.0,8.202266116388257e-16,0.14118670013633527,"S"
"TIMOB-25825","Bug","2018-03-01T11:00:15.000+0000",False,0.003978752845000162,0.0,2.917256190458815e-14,0.06469131209754554,"S"
"TIMOB-25805","Bug","2018-02-24T12:02:27.000+0000",False,0.013372541770352821,0.0,3.2338715282835203e-15,0.19007259054892503,"S"
"TIMOB-25797","Bug","2018-02-22T21:47:33.000+0000",False,0.002074686506624615,0.0,2.7393688412950844e-15,0.03474629886634423,"S"
"TIMOB-25792","Bug","2018-02-21T02:33:59.000+0000",False,0.00920988868227308,0.0,7.799024675787297e-06,0.13863491309427076,"S"
"TIMOB-25774","Story","2018-02-13T07:24:29.000+0000",False,0.008092523429793162,0.0,4.715756237837599e-16,0.12377703249160465,"S"
"TIMOB-25756","Bug","2017-12-19T11:53:17.000+0000",False,0.0028708927514336613,0.0,1.0546136960882913e-09,0.04748433223097108,"S"
"TIMOB-25755","Bug","2018-02-06T09:44:11.000+0000",False,0.008412022813443184,0.0,1.009896911951344e-15,0.12807412239850152,"S"
"TIMOB-25749","Bug","2018-02-04T17:04:16.000+0000",False,0.003014819678635483,0.0,7.009243600770392e-13,0.04975327268980483,"S"
"TIMOB-25744","Bug","2018-01-25T20:59:49.000+0000",True,0.006192836467064441,0.0,1.0,0.09738714524594184,"S"
"TIMOB-25739","Bug","2018-02-01T09:09:24.000+0000",False,0.003154930866612722,0.0,5.760808676007965e-07,0.05195232540122782,"S"
"TIMOB-25735","Bug","2018-01-30T18:47:31.000+0000",False,0.012881888835210903,0.0,3.1829730096398e-16,0.18430975695474686,"S"
"TIMOB-25730","Improvement","2018-01-26T23:15:17.000+0000",False,0.0011370980123916036,0.0,3.7189618532709444e-07,0.019329811643098178,"S"
"TIMOB-25703","Improvement","2018-01-24T21:40:43.000+0000",False,0.000763689406141126,0.0,2.5373382688958522e-09,0.013060260140985772,"S"
"TIMOB-25650","Story","2018-01-08T11:15:06.000+0000",False,0.028622558596494933,0.0,1.5110919097223932e-05,0.3378322454956365,"S"
"TIMOB-25649","Story","2018-01-06T12:32:27.000+0000",False,0.003398004280232291,0.0,2.2984403782355495e-10,0.055744778747278755,"S"
"TIMOB-25648","New Feature","2018-01-05T01:01:20.000+0000",False,0.0020206052147288987,0.0,4.951433093968249e-15,0.03386946491018969,"S"
"TIMOB-25635","New Feature","2017-12-18T21:11:52.000+0000",False,0.00274494447175737,0.0,3.693126062065391e-12,0.045490449382205804,"S"
"TIMOB-25620","Bug","2017-12-21T19:42:52.000+0000",False,0.0015846507471360836,0.0,1.776939990059077e-12,0.02674613784439089,"S"
"TIMOB-25617","Bug","2017-12-19T12:22:24.000+0000",False,0.005305250036120489,0.0,3.3528340355616332e-15,0.08454103232141244,"S"
"TIMOB-25610","Bug","2017-12-14T03:09:37.000+0000",False,0.00108774118762521,0.0,1.570182635354522e-10,0.018505412559007516,"S"
"TIMOB-25598","Bug","2017-12-11T20:46:26.000+0000",False,0.0012688112321305935,0.0,3.609728096860511e-11,0.02152342916617821,"S"
"TIMOB-25590","Bug","2017-12-07T07:33:23.000+0000",False,0.001119461673746974,0.0,7.99135841528576e-15,0.019035384434430775,"S"
"TIMOB-25580","Bug","2017-12-01T23:58:13.000+0000",False,0.001456524827722324,0.0,7.500420665034119e-14,0.024633790947151398,"S"
"TIMOB-25552","Bug","2017-11-23T01:32:56.000+0000",False,0.004354885867218061,0.0,0.07145686424647539,0.07040125052463052,"S"
"TIMOB-25542","Bug","2017-11-21T03:17:17.000+0000",False,0.0025530240020075656,0.0,2.5030882123537325e-13,0.04243703685108727,"S"
"TIMOB-25540","Bug","2017-11-20T17:55:56.000+0000",False,0.0028538842407957268,0.0,6.914988615259369e-08,0.047215528358666894,"S"
"TIMOB-25518","Bug","2017-08-17T02:46:37.000+0000",False,0.008807541003433434,0.0,8.61852258672011e-15,0.1333393662453092,"S"
"TIMOB-25513","Bug","2017-11-15T04:01:20.000+0000",False,0.015051688471270286,0.0,1.062295254587858e-06,0.20923405462213504,"S"
"TIMOB-25506","Bug","2017-10-07T06:32:24.000+0000",False,0.003936914624226448,0.0,0.9999999661789621,0.0640521117117107,"S"
"TIMOB-25487","Bug","2017-11-07T21:48:08.000+0000",False,0.0027317048822238575,0.0,3.82178774748778e-08,0.04528039825734307,"S"
"TIMOB-25469","Bug","2017-11-01T17:56:31.000+0000",False,0.0029919045279080624,0.0,7.187713440882617e-12,0.04939270609567457,"S"
"TIMOB-25468","Bug","2017-11-01T17:47:12.000+0000",False,0.003839887089938843,0.0,3.276073057633735e-06,0.06256657380732884,"S"
"TIMOB-25462","Bug","2017-10-31T18:23:57.000+0000",False,0.0019358458567595332,0.0,1.9249949839516968e-10,0.03249222204425531,"S"
"TIMOB-25441","Improvement","2017-10-25T17:46:39.000+0000",False,0.0327227665661227,0.0,2.8342135960538484e-16,0.3693832415250069,"S"
"TIMOB-25440","Bug","2017-10-24T21:25:15.000+0000",False,0.0009785963191313758,0.0,1.0,0.016677743345654177,"S"
"TIMOB-25394","Story","2017-10-16T07:32:45.000+0000",False,0.015668197633103537,0.0,8.464792704577282e-08,0.21605945753279834,"S"
"TIMOB-25385","Bug","2017-10-11T20:13:37.000+0000",False,0.0005738176446725541,0.0,0.014267597593140143,0.009843277937443835,"S"
"TIMOB-25377","Bug","2017-10-09T17:00:08.000+0000",False,0.0011152692622749107,0.0,1.019080186138476e-08,0.018965370370501874,"S"
"TIMOB-25360","Bug","2017-09-29T23:19:38.000+0000",False,0.0010216869990434725,0.0,2.662616572531049e-12,0.017400076785639026,"S"
"TIMOB-25359","Bug","2017-09-28T13:00:10.000+0000",False,0.0011241244324651626,0.0,7.791336477789239e-05,0.01911324233924184,"S"
"TIMOB-25353","Improvement","2017-09-26T21:45:49.000+0000",True,0.006658820741204892,0.0,2.675931688285127e-15,0.10399703613643813,"S"
"TIMOB-25345","New Feature","2017-09-26T02:03:29.000+0000",False,0.00824048768407358,0.0,1.2972873848087094e-11,0.12577197901525727,"S"
"TIMOB-25323","Bug","2017-09-20T21:43:04.000+0000",False,0.003986620377477852,0.0,6.796210661695756e-17,0.06481141999497239,"S"
"TIMOB-25306","Bug","2017-09-16T21:09:06.000+0000",False,0.010335377165824252,0.0,4.0062989603212143e-17,0.15313220424742377,"S"
"TIMOB-25303","New Feature","2017-09-16T20:01:11.000+0000",False,0.0028725784826229028,0.0,2.6287567220069253e-13,0.04751096590088465,"S"
"TIMOB-25298","Bug","2017-09-15T19:33:13.000+0000",False,0.005375212034630108,0.0,1.0018266575297627e-13,0.08556601606112507,"S"
"TIMOB-25277","Story","2017-09-13T17:42:08.000+0000",False,0.009852250966028738,0.0,2.2344284651039954e-05,0.14696529596546812,"S"
"TIMOB-25271","Story","2017-09-13T07:24:30.000+0000",False,0.0032553570782487815,0.0,2.940729722613916e-15,0.053522646772495026,"S"
"TIMOB-25259","Bug","2017-09-08T22:17:00.000+0000",False,0.0003476562411419618,0.0,0.0017130327094471084,0.00598558162670263,"S"
"TIMOB-25253","Bug","2017-09-08T09:59:47.000+0000",False,0.0012380783667579737,0.0,9.137515405995452e-11,0.021012415267585394,"S"
"TIMOB-25252","Bug","2017-09-07T21:36:49.000+0000",False,0.005998958128876537,0.0,1.1839489416833577e-17,0.09461005406083724,"S"
"TIMOB-25247","Bug","2017-09-07T14:17:15.000+0000",False,0.0015507985669566797,0.0,3.7344236140699343e-13,0.026188871362824155,"S"
"TIMOB-25245","Bug","2017-09-07T13:35:21.000+0000",False,0.009749109891572334,0.0,1.0759368512574413e-12,0.14563787790221297,"S"
"TIMOB-25241","Bug","2017-09-07T00:08:33.000+0000",False,0.0025765207735964626,0.0,1.0,0.042811851084662254,"S"
"TIMOB-25238","Bug","2017-09-06T19:37:48.000+0000",False,0.0013341365714118314,0.0,1.0454157194993033e-11,0.022607967018953172,"S"
"TIMOB-25225","Bug","2017-09-04T16:56:34.000+0000",False,0.007337908952847574,0.0,1.0324423282528023e-13,0.11346904936095822,"S"
"TIMOB-25219","Bug","2017-09-01T13:54:05.000+0000",False,0.003520598716833588,0.0,0.000571350465466772,0.057646717199442754,"S"
"TIMOB-25183","Bug","2017-08-21T14:21:22.000+0000",False,0.006178687900013095,0.0,1.192927646869633e-16,0.09718502262074263,"S"
"TIMOB-25179","Bug","2017-08-18T10:36:28.000+0000",False,0.0030341433499791602,0.0,4.53070564529544e-17,0.05005712822863128,"S"
"TIMOB-25178","Bug","2017-08-16T23:29:26.000+0000",False,0.0028503918239644226,0.0,8.158709453016155e-14,0.047160316281462056,"S"
"TIMOB-25175","Bug","2017-08-16T00:32:13.000+0000",False,0.005259917816838126,0.0,1.307519592058006e-16,0.08387573858099172,"S"
"TIMOB-25117","Bug","2017-08-11T16:21:54.000+0000",False,0.005703549455691186,0.0,6.077379017275374e-17,0.090347752138258,"S"
"TIMOB-25081","Bug","2017-08-10T10:35:06.000+0000",False,0.000612966830438421,0.0,6.405331043684933e-05,0.010508194384031892,"S"
"TIMOB-25078","Bug","2017-08-09T13:25:20.000+0000",False,0.0024609697327396436,0.0,4.678654497856724e-07,0.0409659503223661,"S"
"TIMOB-25055","Bug","2017-08-02T07:12:01.000+0000",False,0.0030725213279123816,0.0,1.6369040643721926e-10,0.050660062691911145,"S"
"TIMOB-25048","New Feature","2017-08-01T15:49:45.000+0000",True,0.007375649986201915,0.0,1.2106251093991994e-12,0.11398997123902357,"S"
"TIMOB-25044","Bug","2017-08-01T05:41:45.000+0000",False,0.008553879081260216,0.0,3.3691181446146546e-12,0.1299694089524107,"S"
"TIMOB-25031","Bug","2017-07-27T13:48:04.000+0000",False,0.009288685634294601,0.0,2.336120064128896e-05,0.13966493900870694,"S"
"TIMOB-25023","Bug","2017-07-26T02:50:38.000+0000",False,0.0026300854592053104,0.0,1.9820349384446178e-11,0.043665270623666506,"S"
"TIMOB-25021","Bug","2017-07-25T18:07:48.000+0000",False,0.12442687302770782,0.0,1.0,0.7110296348831939,"S"
"TIMOB-25013","Bug","2017-07-24T10:53:34.000+0000",False,0.01590473090504468,0.0,6.455796999978841e-09,0.21864919297749685,"S"
"TIMOB-25010","Bug","2016-06-26T20:12:15.000+0000",False,0.009860690814768017,0.0,2.0666053136057514e-12,0.14707374586919122,"S"
"TIMOB-25009","Story","2017-07-22T03:11:29.000+0000",False,0.025824396723745854,0.0,7.23010208921488e-17,0.31459550651407175,"S"
"TIMOB-24964","New Feature","2017-07-16T08:29:08.000+0000",False,0.000988123195093972,0.0,2.017362297773978e-09,0.016837529395335858,"S"
"TIMOB-24957","Bug","2017-07-14T02:31:21.000+0000",False,0.002142148101566853,0.0,1.6768549244228348e-14,0.035837975503248735,"S"
"TIMOB-24946","New Feature","2017-07-06T20:14:52.000+0000",False,0.0008873679617989267,0.0,3.610041872363108e-14,0.01514516977223633,"S"
"TIMOB-24942","Bug","2017-07-06T12:35:24.000+0000",False,0.0007370215241452492,0.0,1.7200276548655589e-15,0.01260961708700124,"S"
"TIMOB-24928","Bug","2017-07-03T14:53:38.000+0000",False,0.0029351180287797026,0.0,4.336087736379786e-07,0.04849806995479556,"S"
"TIMOB-24926","Bug","2017-07-03T14:26:34.000+0000",False,0.0020337247165607346,0.0,3.1258530055725346e-12,0.03408231236635222,"S"
"TIMOB-24906","Bug","2017-06-28T17:29:28.000+0000",False,0.0008894461121967291,0.0,4.126028972415177e-17,0.015180131318438777,"S"
"TIMOB-24903","Bug","2017-06-28T10:59:38.000+0000",False,0.002742170824765489,0.0,7.672441559815852e-15,0.04544645160946073,"S"
"TIMOB-24900","Bug","2017-06-27T17:29:02.000+0000",False,0.004103945205264433,0.0,1.0,0.06659910411098098,"S"
"TIMOB-24898","Bug","2017-06-24T04:59:02.000+0000",False,0.0006345323814116953,0.0,7.260361214943629e-13,0.010874108289396625,"S"
"TIMOB-24894","Bug","2017-06-26T15:20:38.000+0000",False,0.004718691068062012,0.0,5.606323999714451e-17,0.07586214033767481,"S"
"TIMOB-24883","Bug","2017-06-23T04:06:19.000+0000",False,0.0014911947974823143,0.0,5.6256105273490597e-14,0.025206227910540367,"S"
"TIMOB-24871","New Feature","2017-06-08T07:53:57.000+0000",False,0.010626070799868513,0.0,2.2131051214815205e-15,0.15680286615384037,"S"
"TIMOB-24870","Bug","2017-06-21T04:20:03.000+0000",False,0.0013296823654472955,0.0,1.1632563099501301e-11,0.02253408972235166,"S"
"TIMOB-24858","Bug","2017-06-20T11:40:37.000+0000",False,0.0008153289437347091,0.0,8.952800184185112e-09,0.013931782642315623,"S"
"TIMOB-24856","Bug","2017-06-20T10:25:48.000+0000",False,0.00048558668242536674,0.0,3.3825152552521603e-09,0.008341658526970268,"S"
"TIMOB-24853","Improvement","2017-06-20T02:26:22.000+0000",False,0.0064511094067033715,0.0,1.9168319027008466e-17,0.10106192623893778,"S"
"TIMOB-24838","Bug","2017-06-16T00:17:32.000+0000",False,0.0008185706634840102,0.0,4.2643046573215697e-16,0.013986444933192692,"S"
"TIMOB-24836","Bug","2017-06-15T18:05:09.000+0000",False,0.0003026166519895378,0.0,5.665517373468185e-13,0.005213946694134373,"S"
"TIMOB-24833","Bug","2017-06-15T17:00:45.000+0000",False,0.000863578882184076,0.0,2.475536438558542e-13,0.014744790126654668,"S"
"TIMOB-24827","Bug","2017-06-15T13:27:25.000+0000",False,0.002549838266332102,0.0,3.5786936407386097e-13,0.04238619760694319,"S"
"TIMOB-24825","Bug","2017-06-15T01:24:43.000+0000",False,0.003526680062786682,0.0,2.7658282268642385e-09,0.05774087633017355,"S"
"TIMOB-24815","Improvement","2017-06-13T11:32:00.000+0000",False,0.017178387236409617,0.0,4.284998917769079e-11,0.23232572854279016,"S"
"TIMOB-24806","Story","2017-06-11T09:55:51.000+0000",False,0.01786797463202688,0.0,1.3412403180402134e-12,0.2395468858204073,"S"
"TIMOB-24802","New Feature","2017-06-09T18:31:36.000+0000",False,0.007313990851912639,0.0,2.9841699804625e-10,0.11313862228067757,"S"
"TIMOB-24776","New Feature","2017-06-05T23:02:31.000+0000",False,0.00027881624208398717,0.0,8.693051218067712e-11,0.004805733373761562,"S"
"TIMOB-24765","New Feature","2017-06-02T12:56:15.000+0000",False,0.008316913596932629,0.0,4.635781126182293e-16,0.12679907940360646,"S"
"TIMOB-24756","Bug","2017-05-31T23:09:30.000+0000",False,0.0034852941608114764,0.0,0.00022064993063201563,0.057099737947507376,"S"
"TIMOB-24751","Bug","2017-05-30T18:29:58.000+0000",False,0.008657963850535442,0.0,5.793824714052991e-09,0.1313551559464223,"S"
"TIMOB-24738","New Feature","2017-05-26T19:33:03.000+0000",False,0.004496374574865422,0.0,1.5711348063546937e-15,0.07253224022952953,"S"
"TIMOB-24729","Story","2017-05-24T04:14:18.000+0000",False,0.005692029172652304,0.0,5.463985280181402e-13,0.09018077020679799,"S"
"TIMOB-24728","Bug","2017-05-23T20:56:21.000+0000",False,0.0034315757912458267,0.0,8.380134938666359e-10,0.0562663257962156,"S"
"TIMOB-24703","Bug","2017-05-18T00:54:16.000+0000",False,0.00036475675452558734,0.0,3.252800269471582e-13,0.006278258703479888,"S"
"TIMOB-24671","Story","2017-05-10T08:44:37.000+0000",False,0.01189754217086786,0.0,5.475354468207557e-14,0.17251538550188172,"S"
"TIMOB-24665","Bug","2017-05-08T14:21:57.000+0000",False,0.009950917638149948,0.0,1.847901050048177e-16,0.1482315319198511,"S"
"TIMOB-24661","Bug","2017-05-05T05:37:17.000+0000",False,0.0014017801396966091,0.0,4.8557590063385794e-15,0.023728610593561714,"S"
"TIMOB-24657","New Feature","2017-05-04T07:07:41.000+0000",False,0.005894845465537966,0.0,4.95915179929521e-05,0.09311214213671572,"S"
"TIMOB-24644","Story","2017-04-29T14:15:41.000+0000",False,0.0038237825004460283,0.0,6.001040686398517e-14,0.062319576477728345,"S"
"TIMOB-24634","Bug","2017-04-26T17:30:01.000+0000",False,0.0005822900726048752,0.0,2.3329089457596495e-11,0.009987246437951269,"S"
"TIMOB-24615","Bug","2017-04-19T09:48:27.000+0000",False,0.020152681341221695,0.0,0.0014339508859505276,0.26259798146205837,"S"
"TIMOB-24569","Bug","2017-04-10T14:41:19.000+0000",False,0.01669365247892011,0.0,2.715343663269092e-14,0.2271732954774561,"S"
"TIMOB-24539","Bug","2017-03-28T09:55:06.000+0000",False,0.006067160431329987,0.0,0.001751316223289661,0.09558879868319449,"S"
"TIMOB-24532","Improvement","2017-03-24T14:20:15.000+0000",False,0.006783877753169655,0.0,5.563722841768171e-14,0.10575554346441031,"S"
"TIMOB-24531","Bug","2017-03-24T13:28:39.000+0000",False,0.001325194371170049,0.0,2.163865428160208e-12,0.02245964138424763,"S"
"TIMOB-24504","New Feature","2017-03-20T20:25:59.000+0000",False,0.020089928722372155,1.0,8.619540437309745e-16,0.26198213698226225,"S"
"TIMOB-24465","Bug","2017-03-07T17:56:50.000+0000",False,0.005693391503950169,0.0,2.1897219493037917e-13,0.09020051965270688,"S"
"TIMOB-24459","Bug","2017-03-07T01:00:59.000+0000",False,0.008028316048995423,0.0,5.66462130965492e-10,0.12290869893704653,"S"
"TIMOB-24455","Improvement","2017-03-06T00:54:21.000+0000",False,0.005654564249881067,0.0,7.154559614967314e-11,0.08963733368847064,"S"
"TIMOB-24454","Improvement","2017-03-06T00:49:34.000+0000",False,0.007623828572004343,0.0,0.006526455082431692,0.11740125329218874,"S"
"TIMOB-24428","Bug","2017-02-08T03:10:18.000+0000",False,0.006280073642105941,0.0,5.069003113004232e-11,0.09863152227244765,"S"
"TIMOB-24422","Bug","2017-02-22T16:25:42.000+0000",True,0.0017702735757648353,0.0,8.558642239356388e-10,0.02979118220590969,"S"
"TIMOB-24418","Bug","2017-02-20T08:54:34.000+0000",False,0.0011065650767654036,0.0,6.119971869117941e-14,0.018819978785308628,"S"
"TIMOB-24413","Bug","2017-02-17T08:46:56.000+0000",False,0.00431010420733586,0.0,2.2446801167679868e-15,0.06972487000058998,"S"
"TIMOB-24407","Bug","2017-02-16T14:06:18.000+0000",False,0.0017748171775386129,0.0,4.836114439917206e-13,0.02986549285278545,"S"
"TIMOB-24364","Bug","2017-02-01T15:11:29.000+0000",True,0.02843054424049476,0.0,8.442769418618359e-07,0.33628401802437485,"S"
"TIMOB-24352","Bug","2017-01-28T15:45:01.000+0000",True,0.0033764318596396013,0.0,3.4700549709520324e-09,0.0554093566734646,"S"
"TIMOB-24344","Bug","2017-01-25T02:12:01.000+0000",False,0.011877694988836417,0.0,1.9622809855261457e-13,0.17227431439469867,"S"
"TIMOB-24328","Bug","2017-01-18T22:50:08.000+0000",False,0.005866709305624877,0.0,2.0875212476789007e-13,0.09270653846189332,"S"
"TIMOB-24325","Bug","2017-01-18T18:28:07.000+0000",False,0.000548160172949644,0.0,1.103752989467057e-08,0.009407050408152366,"S"
"TIMOB-24304","Bug","2016-03-17T08:19:13.000+0000",False,0.004602277589210493,0.0,7.700488747863495e-16,0.07412127862160436,"S"
"TIMOB-24285","Bug","2017-01-08T21:08:24.000+0000",False,0.017246700491493953,0.0,0.8194829338046296,0.23304674351674953,"S"
"TIMOB-24261","Bug","2016-12-27T11:38:03.000+0000",False,0.012029997189900731,0.0,3.83800728416285e-14,0.17412089072104533,"S"
"TIMOB-24252","Bug","2016-11-15T17:38:12.000+0000",False,0.006249703939434596,0.0,2.7794985109371496e-16,0.09819868452014704,"S"
"TIMOB-24246","Bug","2016-12-20T19:19:06.000+0000",False,0.006548846115145944,0.0,7.787287541783596e-16,0.10244525466701196,"S"
"TIMOB-24241","Bug","2016-12-19T18:17:11.000+0000",False,0.003464504949394918,0.0,2.413850402480939e-17,0.05677736830863111,"S"
"TIMOB-24239","Bug","2016-11-18T17:08:25.000+0000",False,0.003930255004417766,0.0,8.132472886357066e-17,0.06395029101702208,"S"
"TIMOB-24226","Bug","2016-11-16T06:14:16.000+0000",False,0.002816357294152316,0.0,0.9999989228889038,0.046621944974432276,"S"
"TIMOB-24225","Bug","2016-12-14T15:58:35.000+0000",False,0.003588804349712584,1.0,2.41620182621739e-14,0.05870175239779792,"S"
"TIMOB-24218","New Feature","2016-12-13T19:27:07.000+0000",True,0.0043014018596953234,0.0,8.122543193542226e-14,0.06959332289584232,"S"
"TIMOB-24210","Bug","2016-12-12T11:41:14.000+0000",False,0.002394004152651938,0.0,8.319553829536917e-17,0.039893125222760624,"S"
"TIMOB-24189","Bug","2016-12-02T00:17:37.000+0000",False,0.022210497433226825,0.0,2.7880027479421032e-06,0.28228022700081123,"S"
"TIMOB-24185","Bug","2016-12-01T00:35:32.000+0000",False,0.003978422239072089,0.0,8.251939901665614e-16,0.06468626434333842,"S"
"TIMOB-24175","Bug","2016-11-25T06:46:59.000+0000",False,0.0035233725772949353,0.0,5.185378975156329e-11,0.057689667825722414,"S"
"TIMOB-24174","Improvement","2016-11-26T12:29:47.000+0000",False,0.004511010381640029,0.0,5.838861773459541e-14,0.07275215006270398,"S"
"TIMOB-24164","Bug","2016-11-22T22:33:34.000+0000",False,0.0004343353937426083,0.0,1.9392920580981956e-17,0.007467432228619083,"S"
"TIMOB-24161","Bug","2016-11-21T15:04:26.000+0000",False,0.0023098529742418008,0.0,0.00016106828562473024,0.0385417744358195,"S"
"TIMOB-24132","Bug","2016-11-10T16:30:12.000+0000",False,0.0005242732495315621,0.0,3.536008154851384e-17,0.009000600200046336,"S"
"TIMOB-24128","Bug","2016-11-10T01:48:53.000+0000",False,0.0030839858635870704,0.0,4.994139382976107e-16,0.050840036010773255,"S"
"TIMOB-24126","Improvement","2016-11-09T14:53:33.000+0000",False,0.0006546795621750649,0.0,7.694836189070695e-17,0.011215725792633021,"S"
"TIMOB-24124","Bug","2016-11-09T12:05:43.000+0000",False,0.0012980417772666636,0.0,1.9551122014939213e-13,0.02200899746299565,"S"
"TIMOB-24117","Bug","2016-11-08T17:04:16.000+0000",False,0.008891213392680718,0.0,3.0563473496787685e-15,0.13444563057684147,"S"
"TIMOB-24097","Improvement","2016-11-04T00:26:27.000+0000",False,0.0022585711117328842,0.0,9.276936734487451e-15,0.03771650418564479,"S"
"TIMOB-24095","Bug","2016-11-03T16:27:37.000+0000",False,0.0014073341293432604,0.0,2.024508346278373e-17,0.023820515516790028,"S"
"TIMOB-24091","Bug","2016-11-01T22:22:33.000+0000",False,0.003310131205422425,0.0,9.081436948544472e-16,0.054377068662105975,"S"
"TIMOB-24086","Bug","2016-10-31T10:58:31.000+0000",False,0.002183959021481519,0.0,7.241713813030852e-17,0.0365134032442774,"S"
"TIMOB-24057","Improvement","2016-10-20T16:54:34.000+0000",False,0.008391466479868744,0.0,1.0228962847306738e-11,0.1277988371060348,"S"
"TIMOB-24051","Improvement","2016-10-19T08:53:26.000+0000",False,0.004375499158712896,0.0,2.1113467168191613e-10,0.07071228287499272,"S"
"TIMOB-24040","Bug","2016-10-15T07:33:57.000+0000",False,0.010046833812361216,0.0,0.07340110558420695,0.14945911207837226,"S"
"TIMOB-24028","Bug","2016-10-13T11:23:39.000+0000",False,0.000632363501894089,0.0,2.898494423750379e-18,0.010837319310588185,"S"
"TIMOB-24022","Bug","2016-10-12T20:00:33.000+0000",False,0.012581048696786959,0.0,3.419809219598875e-16,0.1807384624367459,"S"
"TIMOB-24011","Bug","2016-10-10T18:31:10.000+0000",False,0.0015231618197354853,0.0,1.0083008781412801e-16,0.025733476525418932,"S"
"TIMOB-24010","Bug","2016-10-10T18:21:39.000+0000",False,0.01052381313029287,0.0,4.593782158282301e-15,0.1555150206528877,"S"
"TIMOB-23998","Bug","2016-09-30T13:04:09.000+0000",False,0.00805300042153375,0.0,1.450011618940831e-14,0.12324271793302792,"S"
"TIMOB-23976","Bug","2016-10-03T09:46:43.000+0000",False,0.00045799694379658115,0.0,7.502453984972632e-18,0.007871222878273163,"S"
"TIMOB-23969","Bug","2016-10-01T15:47:37.000+0000",False,0.013170160891798153,0.0,1.801808869160941e-16,0.1877047817429597,"S"
"TIMOB-23968","Bug","2016-09-20T09:05:22.000+0000",False,0.002403218572650174,0.0,3.4575121278553446e-12,0.04004087909268732,"S"
"TIMOB-23967","Bug","2016-09-29T15:12:12.000+0000",False,0.008329168651217602,0.0,0.9999997535193492,0.1269635673121108,"S"
"TIMOB-23960","Bug","2016-09-28T16:47:18.000+0000",False,0.0021207162942115695,0.0,6.782031748287637e-16,0.03549141356534437,"S"
"TIMOB-23940","Story","2016-09-22T09:30:15.000+0000",False,0.021604947884571405,0.0,2.154849924694062e-13,0.2765898345833394,"S"
"TIMOB-23938","Bug","2016-09-21T22:05:40.000+0000",False,0.03777985769070857,0.0,1.8040190425465903e-05,0.40470065686215223,"S"
"TIMOB-23930","Bug","2016-09-20T04:34:48.000+0000",False,0.00016534582278459258,0.0,1.4556752175440711e-05,0.0028551958583644984,"S"
"TIMOB-23926","Bug","2016-09-19T15:25:10.000+0000",False,0.001951950949231167,0.0,1.9114978210250194e-16,0.03275419548641913,"S"
"TIMOB-23920","Bug","2016-09-18T23:57:47.000+0000",False,0.0011266137400866108,0.0,1.14653327070362e-17,0.01915480358679561,"S"
"TIMOB-23898","Bug","2016-09-13T13:48:23.000+0000",True,0.009191973143446632,0.0,5.454569636331705e-09,0.1384004016293663,"S"
"TIMOB-23890","Bug","2016-09-09T23:42:06.000+0000",False,0.0016692628385886253,0.0,1.2778146663956162e-09,0.028136381209703788,"S"
"TIMOB-23885","Bug","2016-08-23T14:25:05.000+0000",False,0.009516586661524254,0.0,4.927349737237391e-09,0.14263113548483244,"S"
"TIMOB-23878","Improvement","2016-09-08T13:15:08.000+0000",False,0.014913401371441912,0.0,1.0,0.2076879079433299,"S"
"TIMOB-23877","Improvement","2016-09-08T10:27:27.000+0000",False,0.0020760215911738984,0.0,3.387538286281512e-17,0.0347679260080117,"S"
"TIMOB-23871","Bug","2016-09-06T14:39:03.000+0000",False,0.003629964443587898,0.0,9.094614649134545e-14,0.05933736262477357,"S"
"TIMOB-23870","Bug","2016-09-06T14:24:38.000+0000",False,0.0006594920309498373,0.0,4.763386872476629e-06,0.011297293593861335,"S"
"TIMOB-23866","Bug","2016-09-05T13:43:26.000+0000",False,0.005481591800937179,0.0,4.6458854872485724e-10,0.08712042543664585,"S"
"TIMOB-23865","Bug","2016-09-05T11:25:07.000+0000",False,0.003862414473040532,0.0,1.0,0.06291187316632735,"S"
"TIMOB-23836","New Feature","2016-08-29T21:24:28.000+0000",False,0.006638169978580343,0.0,1.141209920392383e-12,0.10370602960273197,"S"
"TIMOB-23833","Improvement","2016-08-26T18:52:31.000+0000",False,0.006631817842451123,1.0,7.911555848123104e-14,0.10361648095066318,"S"
"TIMOB-23832","Bug","2016-08-26T17:30:48.000+0000",False,0.0012036854353055793,0.0,4.917826621559569e-16,0.02043994732887358,"S"
"TIMOB-23824","Bug","2016-08-24T23:20:05.000+0000",False,0.0014025266860367828,0.0,2.4340913204902158e-14,0.02374096505393273,"S"
"TIMOB-23790","Bug","2016-08-18T20:50:19.000+0000",False,0.0046855711205178036,0.0,1.6752109950521788e-06,0.07536748574255808,"S"
"TIMOB-23787","Bug","2016-08-18T00:39:20.000+0000",False,0.0004803239763059913,0.0,3.6682628474259974e-18,0.008251955982178753,"S"
"TIMOB-23768","Improvement","2016-08-12T04:34:26.000+0000",False,0.002058899869383888,0.0,8.369257884076974e-14,0.034490500751481926,"S"
"TIMOB-23764","Bug","2016-08-11T20:53:35.000+0000",False,0.0009052153139644793,0.0,1.0882694853882224e-17,0.015445346716222934,"S"
"TIMOB-23762","Bug","2016-08-11T12:46:33.000+0000",False,0.0005820445843031575,0.0,1.6972276489258049e-12,0.009983075510333088,"S"
"TIMOB-23752","Bug","2016-08-10T08:49:30.000+0000",False,0.0060661876447811215,0.0,8.73700475830899e-15,0.09557485253596258,"S"
"TIMOB-23749","Bug","2016-08-09T10:02:12.000+0000",False,0.00239077725767544,0.0,5.063277410401281e-18,0.03984137162747407,"S"
"TIMOB-23728","Bug","2016-08-04T09:33:36.000+0000",False,0.0051620589511501445,0.0,1.3434983186307263e-15,0.08243647154393802,"S"
"TIMOB-23717","Bug","2016-08-03T13:16:22.000+0000",False,0.0028806940347601015,0.0,2.5370317117188898e-11,0.047639167791455675,"S"
"TIMOB-23709","Story","2016-08-01T05:09:29.000+0000",False,0.01172823441476112,0.0,7.033929003948541e-15,0.1704547026754634,"S"
"TIMOB-23702","Story","2016-07-29T12:29:53.000+0000",False,0.005092733332916934,1.0,2.838451771049303e-16,0.08141429180739115,"S"
"TIMOB-23687","Bug","2016-07-26T18:14:34.000+0000",False,0.023843375363414476,0.0,1.556907372248849e-15,0.29722107054969477,"S"
"TIMOB-23666","Bug","2016-07-20T23:54:32.000+0000",False,0.0016776434358128486,0.0,2.2103857906365498e-07,0.028273877684588035,"S"
"TIMOB-23662","Bug","2016-07-20T14:23:14.000+0000",False,0.0030975857300227123,0.0,6.496165159484273e-15,0.05105344721613874,"S"
"TIMOB-23660","Improvement","2016-07-20T04:47:20.000+0000",False,0.0019140443590665,0.0,1.8088155299855237e-11,0.03213737536679938,"S"
"TIMOB-23658","Bug","2016-07-19T20:20:25.000+0000",False,0.0016469331160660179,0.0,8.012933524232915e-13,0.027769849316963975,"S"
"TIMOB-23639","Bug","2016-07-14T17:15:25.000+0000",False,0.0020487206428762535,0.0,6.307826744012629e-12,0.03432549446948453,"S"
"TIMOB-23614","Bug","2016-07-05T04:05:04.000+0000",False,0.004014520929329833,0.0,6.241727278613191e-05,0.06523712415797259,"S"
"TIMOB-23610","Story","2016-06-27T10:19:09.000+0000",False,0.005999059960219916,0.0,4.166095214586733e-16,0.09461151688155892,"S"
"TIMOB-23604","Story","2016-07-01T14:58:57.000+0000",False,0.0008507084771010581,0.0,4.056802268712523e-20,0.014528048324053086,"S"
"TIMOB-23603","Story","2016-07-01T14:58:31.000+0000",False,0.0004593217165649083,0.0,2.3816843064849908e-20,0.007893821330917232,"S"
"TIMOB-23601","Story","2016-07-01T14:57:51.000+0000",False,0.0004593217165649083,0.0,2.3816843064849908e-20,0.007893821330917232,"S"
"TIMOB-23599","Story","2016-07-01T14:56:40.000+0000",False,0.0004593217165649083,0.0,2.3816843064849908e-20,0.007893821330917232,"S"
"TIMOB-23597","Story","2016-07-01T14:56:03.000+0000",False,0.0004593217165649083,0.0,2.3816843064849908e-20,0.007893821330917232,"S"
"TIMOB-23595","Story","2016-07-01T14:55:05.000+0000",False,0.0004593217165649083,0.0,2.3816843064849908e-20,0.007893821330917232,"S"
"TIMOB-23594","Story","2016-07-01T14:54:47.000+0000",False,0.001116835201969667,0.0,4.510498427343141e-20,0.01899152295989415,"S"
"TIMOB-23590","Story","2016-07-01T14:52:54.000+0000",False,0.0005286528524501816,0.0,5.788885387715436e-20,0.009075145262363145,"S"
"TIMOB-23589","Story","2016-07-01T14:52:25.000+0000",False,0.00042953122785013685,0.0,2.3332915357111103e-20,0.00738541004978219,"S"
"TIMOB-23588","Story","2016-07-01T14:52:03.000+0000",False,0.0014607041372307946,0.0,1.0911290366782476e-19,0.024702829185108813,"S"
"TIMOB-23586","Story","2016-07-01T14:50:17.000+0000",False,0.0005207763980679257,0.0,2.782254992545404e-20,0.008941072834273004,"S"
"TIMOB-23572","Improvement","2016-06-29T04:48:43.000+0000",False,0.003992958097168529,0.0,3.7081091147323614e-16,0.06490815230146861,"S"
"TIMOB-23570","Bug","2016-06-22T15:35:36.000+0000",False,0.001333109128899795,0.0,1.7515580608989324e-14,0.022590926827595385,"S"
"TIMOB-23567","New Feature","2016-06-28T02:22:02.000+0000",False,0.009638000227301288,0.0,1.1621593065377613e-15,0.14420358547226056,"S"
"TIMOB-23560","Bug","2016-06-27T13:08:37.000+0000",False,0.04942081501298539,0.0,7.795238178317648e-11,0.4737368660548424,"S"
"TIMOB-23523","New Feature","2016-06-14T19:57:30.000+0000",False,0.0013342622072898462,0.0,1.340460805474584e-11,0.022610050658632645,"S"
"TIMOB-23521","Bug","2016-06-06T07:55:02.000+0000",False,0.001966303015292149,0.0,1.078698957264617e-14,0.032987540930610765,"S"
"TIMOB-23514","Improvement","2016-06-14T04:11:00.000+0000",False,0.019004727683851207,0.0,7.248439094512385e-13,0.2511798908301165,"S"
"TIMOB-23512","Bug","2016-06-13T23:46:31.000+0000",False,0.01740744837479394,0.0,1.3907783040618879e-11,0.23473842548229498,"S"
"TIMOB-23509","New Feature","2016-06-13T22:44:12.000+0000",False,0.0024236789346388176,0.0,9.970220518282366e-17,0.04036880963586043,"S"
"TIMOB-23481","Improvement","2016-06-07T19:53:09.000+0000",False,0.021917426860772967,0.0,2.7646899871720934e-15,0.27953656372939933,"S"
"TIMOB-23479","Bug","2016-06-07T07:37:43.000+0000",True,0.0022746387002636407,0.0,2.2507936013682334e-09,0.037975220378696495,"S"
"TIMOB-23460","Bug","2016-05-31T18:53:53.000+0000",False,0.052586844854329434,0.0,1.0,0.4900716002835944,"S"
"TIMOB-23455","New Feature","2016-05-25T18:11:25.000+0000",False,0.03776565084928987,0.0,2.08575894187508e-12,0.4046064908098135,"S"
"TIMOB-23443","Bug","2016-05-26T17:56:29.000+0000",False,0.009920598722428996,0.0,1.3764044516367739e-14,0.1478428083992016,"S"
"TIMOB-23441","Bug","2016-05-26T04:10:39.000+0000",False,0.0008764519095927772,0.0,9.6490523762248e-15,0.014961486324823888,"S"
"TIMOB-23440","Bug","2016-05-26T02:45:22.000+0000",False,0.0013487828357625037,0.0,1.818775950245527e-12,0.022850815352973255,"S"
"TIMOB-23439","Bug","2016-05-25T21:03:39.000+0000",False,0.006392816640169773,0.0,2.282446563053776e-12,0.10023497058938494,"S"
"TIMOB-23427","Bug","2016-05-24T17:15:26.000+0000",False,0.0006388594472076144,0.0,6.10442087364659e-09,0.0109474971678535,"S"
"TIMOB-23415","Improvement","2016-05-20T05:56:15.000+0000",False,0.008600581945645074,0.0,5.171251920963715e-15,0.13059170447305365,"S"
"TIMOB-23398","Improvement","2016-05-17T17:34:22.000+0000",False,0.0023598528670215188,0.0,3.267380142136869e-14,0.03934513389266527,"S"
"TIMOB-23374","Bug","2016-05-13T03:39:44.000+0000",False,0.0011926794927666655,0.0,4.54765699355905e-14,0.02025662109009323,"S"
"TIMOB-23365","Bug","2016-05-09T20:56:54.000+0000",False,0.003446945971738806,0.0,1.6656388978788674e-14,0.05650492728035437,"S"
"TIMOB-23363","Improvement","2016-05-10T14:51:59.000+0000",False,0.00045781833484294485,0.0,2.968108280738157e-11,0.007868176028019662,"S"
"TIMOB-23350","Bug","2016-05-10T09:57:53.000+0000",False,0.0006857779313352739,0.0,2.3667899135177556e-14,0.011742596704820703,"S"
"TIMOB-23349","Bug","2016-05-10T09:41:23.000+0000",False,0.0010184805661640774,0.0,4.2292561565686533e-10,0.017346361429007088,"S"
"TIMOB-23346","Bug","2016-05-10T08:54:27.000+0000",False,0.0014619318453027502,0.0,2.2563324381976092e-14,0.024723108013263863,"S"
"TIMOB-23331","Improvement","2016-05-05T14:15:42.000+0000",False,0.004261929632173802,0.0,6.01233762847682e-16,0.06899621127044307,"S"
"TIMOB-23308","Improvement","2016-05-03T05:19:43.000+0000",False,0.00871789216565877,0.0,4.3408994390784634e-13,0.13215115077899475,"S"
"TIMOB-23302","Story","2016-05-02T14:13:50.000+0000",False,0.015017036031439045,0.0,2.479393570335932e-12,0.20884714222059536,"S"
"TIMOB-23301","Bug","2016-05-02T13:39:49.000+0000",False,0.0008766819851859985,0.0,1.9738396673324268e-09,0.014965358451956403,"S"
"TIMOB-23299","Improvement","2016-05-01T08:49:57.000+0000",False,0.006532290814728157,0.0,1.2974672918346871e-14,0.10221121765441339,"S"
"TIMOB-23296","Improvement","2016-04-20T07:12:35.000+0000",False,0.016692606882629937,0.0,8.837926104873199e-15,0.22716211220143917,"S"
"TIMOB-23293","Bug","2016-04-29T06:40:05.000+0000",False,0.012636011496028112,1.0,3.810558707293739e-15,0.18139309966725106,"S"
"TIMOB-23278","Bug","2016-04-26T21:36:45.000+0000",False,0.006788941847525912,0.0,1.7694487123569406e-13,0.1058266168672492,"S"
"TIMOB-23276","Improvement","2016-04-08T09:22:08.000+0000",False,0.00307734489777419,0.0,1.255081876520418e-13,0.050735792181584735,"S"
"TIMOB-23275","Improvement","2016-04-26T18:28:42.000+0000",False,0.0006728342150093821,0.0,1.8878619636106306e-11,0.011523367534505771,"S"
"TIMOB-23274","Bug","2016-04-25T22:05:09.000+0000",False,0.00048443785606281655,0.0,0.00015730011517717425,0.008322078146909795,"S"
"TIMOB-23273","Bug","2016-04-25T16:11:41.000+0000",False,0.014023081610481027,0.0,2.1998501655298247e-07,0.19759756309943768,"S"
"TIMOB-23264","Bug","2016-04-21T15:16:17.000+0000",False,0.002071649701746053,0.0,7.809998280284172e-17,0.03469710202656839,"S"
"TIMOB-23261","Improvement","2016-04-21T14:46:57.000+0000",False,0.00865249856631086,0.0,4.983025876587571e-11,0.13128249571699147,"S"
"TIMOB-23241","Story","2016-04-19T22:51:10.000+0000",False,0.017029154984283267,0.0,9.103732365806664e-14,0.23074627599398295,"S"
"TIMOB-23193","Improvement","2016-04-12T04:26:27.000+0000",False,0.0034824290999704586,0.0,9.32721843073416e-15,0.057055322936116336,"S"
"TIMOB-23191","Bug","2016-04-11T21:00:51.000+0000",False,0.007659186734706528,0.0,6.740502603453621e-09,0.11788526239020292,"S"
"TIMOB-23187","Improvement","2016-04-11T09:42:36.000+0000",False,0.004287012719102458,0.0,7.329791011545986e-15,0.06937573606300303,"S"
"TIMOB-23179","Bug","2016-04-08T18:00:46.000+0000",False,0.004478910037623307,0.0,1.4567138734795602e-11,0.07226969933118878,"S"
"TIMOB-23164","Bug","2016-04-07T13:25:20.000+0000",False,0.0017264817559995383,0.0,8.435578986416022e-17,0.02907441729336455,"S"
"TIMOB-23148","Story","2016-04-05T12:22:32.000+0000",False,0.012300289364705367,0.0,6.737273733819472e-12,0.1773792095777683,"S"
"TIMOB-23138","Bug","2016-04-02T09:26:31.000+0000",False,0.005081942805874633,0.0,1.7304524229386214e-13,0.08125499757649397,"S"
"TIMOB-23130","Bug","2016-03-31T19:24:01.000+0000",False,0.016092038153991094,0.0,0.9999999910857014,0.22068873481077564,"S"
"TIMOB-23127","Bug","2016-03-31T07:53:08.000+0000",False,0.00810315465611601,0.0,3.6108111449885187e-07,0.12392065297956313,"S"
"TIMOB-23125","Bug","2016-03-24T14:24:04.000+0000",False,0.0013556436976725522,0.0,0.05833632663036593,0.022964535607927456,"S"
"TIMOB-20612","Bug","2016-03-22T05:37:32.000+0000",False,0.0009454847981241494,0.0,5.29564944288927e-06,0.016122011996083783,"S"
"TIMOB-20600","Bug","2016-03-18T13:25:57.000+0000",False,0.008048027977591203,0.0,1.7680942236710125e-09,0.12317545194954706,"S"
"TIMOB-20599","Bug","2016-03-16T11:44:43.000+0000",True,0.0076446522176093525,0.0,1.4664964905876658e-12,0.1176863630965363,"S"
"TIMOB-20589","New Feature","2016-03-18T06:26:25.000+0000",False,0.026319578026275492,0.0,1.2459349811372785e-15,0.3188157231534226,"S"
"TIMOB-20583","Bug","2016-03-14T08:04:16.000+0000",False,0.011935782340502802,0.0,0.9999877024802819,0.1729794961103143,"S"
"TIMOB-20572","Bug","2016-03-16T02:25:40.000+0000",False,0.005877287898988817,0.0,0.057572620181823485,0.0928590766146553,"S"
"TIMOB-20569","Bug","2016-02-29T18:02:32.000+0000",False,0.006069832111544335,0.0,1.0325727249067228e-15,0.09562709858557318,"S"
"TIMOB-20566","Bug","2016-03-14T21:35:17.000+0000",True,0.0002824721829864586,0.0,2.4093124308842627e-18,0.00486845884815438,"S"
"TIMOB-20505","Bug","2016-03-03T05:26:41.000+0000",False,0.025670820749592507,0.0,1.7096579816000346e-15,0.3132768807145189,"S"
"TIMOB-20496","Bug","2016-03-02T02:20:11.000+0000",False,0.019652396947728943,0.0,1.4360629418166986e-07,0.2576617301767151,"S"
"TIMOB-20490","Bug","2016-03-01T09:30:37.000+0000",False,0.002571752079009979,0.0,2.4200664205574888e-05,0.042735804446764135,"S"
"TIMOB-20480","Bug","2016-02-29T06:50:21.000+0000",False,0.004464703107593415,0.0,9.085729846773667e-17,0.07205602653025972,"S"
"TIMOB-20442","Story","2016-02-23T07:51:39.000+0000",False,0.018904552979730562,0.0,2.6430205092309713e-16,0.250167999219291,"S"
"TIMOB-20434","Bug","2016-02-20T00:56:34.000+0000",False,0.0038523990719007183,0.0,1.0,0.06275838674562609,"S"
"TIMOB-20405","Bug","2016-02-15T14:12:17.000+0000",False,0.020015501196318224,0.0,3.980239137112432e-11,0.26125048446557886,"S"
"TIMOB-20400","Bug","2016-02-15T09:05:09.000+0000",False,0.005671470690520125,0.0,1.6355128912118835e-16,0.08988264042137394,"S"
"TIMOB-20389","Bug","2016-02-07T20:31:40.000+0000",False,0.0058253950436233555,0.0,4.5102083876101034e-05,0.09211034638978632,"S"
"TIMOB-20375","Improvement","2016-02-10T03:10:04.000+0000",False,0.0050031895189292545,0.0,1.2142607371738015e-19,0.08009083870206388,"S"
"TIMOB-20367","Bug","2016-02-04T11:51:14.000+0000",False,0.03532785117100961,0.0,4.1965072983381335e-12,0.3880381705229247,"S"
"TIMOB-20350","Story","2016-02-04T17:16:05.000+0000",False,0.0020652489018679276,0.0,4.1067884539514854e-11,0.034593392356863255,"S"
"TIMOB-20302","New Feature","2016-02-02T10:22:37.000+0000",False,0.009272430687441394,0.0,4.250225715183714e-16,0.13945264427984266,"S"
"TIMOB-20295","New Feature","2016-01-31T00:20:59.000+0000",False,0.004382662595850745,0.0,1.0360833577433773e-14,0.07082032570668606,"S"
"TIMOB-20294","Improvement","2016-01-31T17:38:02.000+0000",False,0.002632090401480388,0.0,4.2801727182006836e-16,0.043697186605700926,"S"
"TIMOB-20274","Bug","2016-01-26T21:39:19.000+0000",False,0.0031387799845757325,0.0,2.3281901670586373e-14,0.05169932410381696,"S"
"TIMOB-20272","Bug","2016-01-12T17:04:47.000+0000",True,0.0037584753694020877,0.0,5.998969546078244e-09,0.06131670248731305,"S"
"TIMOB-20257","New Feature","2016-01-20T13:51:30.000+0000",False,0.011550701262446492,0.0,1.014438581844651e-06,0.16828361844864526,"S"
"TIMOB-20256","Improvement","2016-01-20T12:37:37.000+0000",False,0.01192484879545686,0.0,3.6478482103183305e-14,0.17284684811612888,"S"
"TIMOB-20246","Bug","2016-01-17T21:06:03.000+0000",False,0.02409308572438908,0.0,2.5428408679830425e-16,0.29945554670486346,"S"
"TIMOB-20232","Bug","2016-01-13T22:03:50.000+0000",False,0.0017838606180127284,0.0,7.403126988829186e-17,0.030013366542452815,"S"
"TIMOB-20231","Improvement","2016-01-13T20:45:24.000+0000",False,0.0025533455606143018,0.0,1.2439533193986383e-12,0.04244216813006442,"S"
"TIMOB-20226","New Feature","2016-01-12T10:48:42.000+0000",True,0.010195258072647134,0.0,2.902285401924247e-16,0.15135222282312177,"S"
"TIMOB-20217","Bug","2016-01-09T01:36:09.000+0000",False,0.0014152588240612157,0.0,4.947251151990376e-08,0.023951621615943417,"S"
"TIMOB-20205","Story","2016-01-07T05:01:37.000+0000",False,0.00508585873654636,0.0,2.6991494363663494e-13,0.08131281215435478,"S"
"TIMOB-20201","Story","2016-01-06T04:37:00.000+0000",False,0.007825465581281738,0.0,2.72667998253121e-13,0.12015477221179359,"S"
"TIMOB-20195","Bug","2016-01-05T02:45:22.000+0000",False,0.0016175668375065185,0.0,7.744665984513117e-13,0.027287419572190646,"S"
"TIMOB-20192","Bug","2015-12-22T08:30:22.000+0000",False,0.003028278427320064,0.0,6.615232198685759e-10,0.04996492440646932,"S"
"TIMOB-20174","Improvement","2015-12-23T19:48:25.000+0000",False,0.003914430829537194,0.0,1.3920766037940536e-12,0.06370826758793852,"S"
"TIMOB-20166","Bug","2015-12-22T07:41:08.000+0000",False,0.004936297661014322,1.0,1.2432790076742392e-14,0.07909984519826072,"S"
"TIMOB-20155","Bug","2015-12-19T01:05:46.000+0000",False,0.024065649145132022,0.0,2.342273006292801e-13,0.2992106760335986,"S"
"TIMOB-20139","Bug","2015-12-14T12:56:51.000+0000",False,0.003313169575219753,0.0,1.3582889369464721e-13,0.054424421797596385,"S"
"TIMOB-20118","Bug","2015-12-08T21:03:25.000+0000",False,0.008754199327963603,0.0,0.9999999938941642,0.13263273630928152,"S"
"TIMOB-20110","Bug","2015-12-07T10:27:20.000+0000",False,0.006124350531945229,0.0,3.230340883368717e-16,0.09640798505641203,"S"
"TIMOB-20100","Bug","2015-12-04T20:08:18.000+0000",False,0.0006633615266869458,0.0,1.3553782483839166e-16,0.011362869506425064,"S"
"TIMOB-20098","Improvement","2015-12-03T15:11:33.000+0000",False,0.026146635751612718,0.0,4.881899318354606e-15,0.31734724240866974,"S"
"TIMOB-20095","Bug","2015-12-03T14:20:44.000+0000",False,0.004706056256863736,0.0,9.255258770317919e-10,0.0756734948818125,"S"
"TIMOB-20064","Story","2015-11-25T18:56:53.000+0000",False,0.004145278083555999,0.0,5.547778567440336e-10,0.0672273682785799,"S"
"TIMOB-20055","Improvement","2015-11-23T23:32:24.000+0000",False,0.001974679644639832,0.0,7.720807525621085e-05,0.033123684821435136,"S"
"TIMOB-20054","Bug","2015-11-23T21:52:28.000+0000",False,0.001227938654199944,0.0,1.0385470696844769e-16,0.02084370593072458,"S"
"TIMOB-20050","Story","2015-11-23T15:45:21.000+0000",False,0.004419685448070203,0.0,3.6639699874019183e-13,0.0713783489132301,"S"
"TIMOB-20049","Story","2015-11-23T15:44:50.000+0000",False,0.0008995272147909186,0.0,3.0816600139423746e-16,0.01534969653797698,"S"
"TIMOB-20048","Bug","2015-11-23T15:05:10.000+0000",False,0.004877268691444857,0.0,1.6808055930548254e-17,0.0782236751591769,"S"
"TIMOB-20010","Bug","2015-11-17T19:57:24.000+0000",False,0.014834678513618704,0.0,8.165411714012417e-13,0.206805222250804,"S"
"TIMOB-19985","Improvement","2015-07-18T00:08:57.000+0000",False,0.012329232171804073,0.0,3.319748408108355e-14,0.17772669135174454,"S"
"TIMOB-19969","Bug","2015-11-13T10:15:33.000+0000",False,0.00872978670359097,0.0,3.1261302951234344e-13,0.13230897733514332,"S"
"TIMOB-19967","Bug","2015-11-13T09:49:55.000+0000",False,0.00527294292624248,0.0,7.908178676582437e-06,0.08406698731104169,"S"
"TIMOB-19897","Bug","2015-11-09T12:08:49.000+0000",True,0.0029401475626714296,0.0,1.6441317644037746e-15,0.04857737099277563,"S"
"TIMOB-19857","Improvement","2015-11-04T03:41:15.000+0000",False,0.00248537553756429,0.0,4.755327886385447e-06,0.041356384482444886,"S"
"TIMOB-19856","Bug","2015-11-03T23:53:46.000+0000",False,0.0034287306320131463,0.0,8.559919847719346e-16,0.05622214607631216,"S"
"TIMOB-19853","Improvement","2015-11-03T16:50:54.000+0000",False,0.004610897647709482,1.0,3.473206933196761e-17,0.07425039488807018,"S"
"TIMOB-19837","Bug","2015-11-02T02:33:16.000+0000",False,0.009431891244822419,0.0,1.138664718861464e-15,0.14153103260723954,"S"
"TIMOB-19811","Bug","2015-10-28T00:19:16.000+0000",False,0.0013379853308212576,0.0,0.47626018692561584,0.022671793938825693,"S"
"TIMOB-19802","Improvement","2015-10-27T12:05:36.000+0000",False,0.0017534457593662552,0.0,2.2433776495886324e-11,0.02951586983019748,"S"
"TIMOB-19795","Story","2015-10-26T14:50:25.000+0000",False,0.0016495394878591886,0.0,1.1958585148349663e-16,0.027812645089765498,"S"
"TIMOB-19793","Story","2015-10-26T14:47:29.000+0000",False,0.0026828461195195145,0.0,2.6779944098786688e-12,0.04450448300559562,"S"
"TIMOB-19784","Bug","2015-10-26T03:52:11.000+0000",False,0.010173313133430513,0.0,4.408762543027808e-08,0.1510728164911787,"S"
"TIMOB-19777","Bug","2015-10-23T17:12:05.000+0000",False,0.006374071359659238,0.0,1.0404244097906812e-14,0.09996874264466293,"S"
"TIMOB-19774","Bug","2015-09-02T16:12:01.000+0000",False,0.006554249944560173,0.0,4.2271720457523894e-14,0.1025216221593385,"S"
"TIMOB-19768","New Feature","2015-10-22T20:08:57.000+0000",False,0.006341563012958353,1.0,1.2307913877076092e-15,0.09950669628312225,"S"
"TIMOB-19759","Improvement","2015-10-22T02:00:26.000+0000",False,0.00875156286445491,0.0,9.267716490221094e-17,0.13259778253514246,"S"
"TIMOB-19753","Bug","2015-10-20T19:06:53.000+0000",False,0.0036110226132935325,0.0,2.4122586804703523e-12,0.059044955621544826,"S"
"TIMOB-19716","New Feature","2015-10-11T20:34:53.000+0000",False,0.008884265502036024,0.0,2.5916158993754684e-10,0.1343538703129457,"S"
"TIMOB-19704","Story","2015-10-09T16:57:47.000+0000",False,0.006432877826104522,0.0,5.881997885763245e-14,0.10080344149827394,"S"
"TIMOB-19702","Story","2015-10-09T14:11:05.000+0000",False,0.006612417730823476,1.0,3.571326020226504e-16,0.1033428859544756,"S"
"TIMOB-19693","Bug","2015-10-09T06:55:54.000+0000",False,0.008527889465404009,0.0,2.901986142855554e-12,0.12962274799892995,"S"
"TIMOB-19687","Improvement","2015-10-07T23:26:27.000+0000",False,0.008536727097609602,0.0,3.355798673555964e-13,0.12974065718694466,"S"
"TIMOB-19682","Improvement","2015-10-07T03:13:51.000+0000",False,0.011169105617959144,0.0,1.925136417505848e-17,0.1635810106874801,"S"
"TIMOB-19680","Improvement","2015-10-06T21:47:03.000+0000",False,0.004279005548536547,0.0,0.2129619723265539,0.06925461347556015,"S"
"TIMOB-19676","Story","2015-10-06T09:19:44.000+0000",False,0.010318235948505512,0.0,3.958750798743571e-09,0.1529148273543995,"S"
"TIMOB-19675","Improvement","2015-10-06T06:41:18.000+0000",False,0.026270212107488495,0.0,3.4437655811693612e-15,0.3183971407363253,"S"
"TIMOB-19673","Bug","2015-10-06T05:26:37.000+0000",False,0.009493148150959228,0.0,0.5208204507899753,0.14232695775177462,"S"
"TIMOB-19672","Bug","2015-09-25T17:56:39.000+0000",False,0.00151824074492353,0.0,6.650666421661763e-09,0.02565234564418717,"S"
"TIMOB-19663","Bug","2015-10-02T13:36:14.000+0000",False,0.006118260554660692,0.0,4.042966582544723e-14,0.09632081883808088,"S"
"TIMOB-19660","Bug","2015-10-02T03:46:26.000+0000",False,0.014183839740356485,0.0,3.948250561200242e-12,0.19943710883591717,"S"
"TIMOB-19659","Bug","2015-10-01T23:44:37.000+0000",False,0.004013484499762329,0.0,2.1377384433287168e-17,0.06522131691179135,"S"
"TIMOB-19651","Story","2015-10-01T00:01:02.000+0000",False,0.011023785942701782,0.0,3.891911239060483e-12,0.16177711019228627,"S"
"TIMOB-19650","Bug","2015-09-30T21:03:09.000+0000",False,0.0044244575218438005,0.0,5.931055459618549e-10,0.07145022977136625,"S"
"TIMOB-19648","Story","2015-09-30T14:31:21.000+0000",False,0.01284641339449371,0.0,0.0003019159618300037,0.18389013279967245,"S"
"TIMOB-19644","Bug","2015-09-30T09:36:14.000+0000",False,0.0036868831271598653,0.0,2.4547007306913637e-15,0.06021499649975923,"S"
"TIMOB-19629","Bug","2015-07-06T14:21:11.000+0000",False,0.003915869311066432,0.0,1.4541918984990642e-14,0.06373027335046813,"S"
"TIMOB-19615","Bug","2015-09-29T15:10:21.000+0000",False,0.0067025485394619335,0.0,3.209952989850259e-12,0.10461265636171188,"S"
"TIMOB-19588","Improvement","2015-09-28T03:55:27.000+0000",False,0.009295065333785778,0.0,3.649013515141634e-15,0.1397482331778453,"S"
"TIMOB-19576","Story","2015-09-24T23:05:10.000+0000",False,0.0028500448165765624,0.0,3.044682622538192e-16,0.047154830067648604,"S"
"TIMOB-19567","Bug","2015-09-22T14:22:37.000+0000",True,0.0026739761279487334,0.0,8.437041498641336e-15,0.044363493501025635,"S"
"TIMOB-19566","Bug","2015-09-22T13:31:10.000+0000",False,0.004053062415243812,0.0,8.699039004848768e-11,0.0658245888464138,"S"
"TIMOB-19529","Bug","2015-09-16T06:49:32.000+0000",False,0.007609502785497562,0.0,3.4954956071654615e-13,0.11720500976162912,"S"
"TIMOB-19518","Bug","2015-09-11T11:12:11.000+0000",False,0.0011705724580702034,0.0,4.692215439207213e-10,0.019888188499903234,"S"
"TIMOB-19517","Bug","2015-09-14T23:45:56.000+0000",False,0.0027148730299736846,0.0,6.954053663680815e-13,0.045013229061873904,"S"
"TIMOB-19494","New Feature","2015-09-10T23:28:32.000+0000",False,0.004938850035254534,0.0,3.333749338462669e-17,0.079137694996753,"S"
"TIMOB-19493","New Feature","2015-09-10T23:25:24.000+0000",False,0.008540476847957624,0.0,5.158892915681684e-17,0.12979067627771554,"S"
"TIMOB-19491","Improvement","2015-09-10T14:32:18.000+0000",False,0.014517858622214776,0.0,7.520760432339213e-14,0.20323432246563777,"S"
"TIMOB-19484","New Feature","2015-09-09T17:10:51.000+0000",False,0.004962776603340109,0.0,3.0588795077685114e-16,0.07949236628638433,"S"
"TIMOB-19470","Bug","2014-10-29T09:09:59.000+0000",False,0.0065115157033675975,0.0,1.182878766275423e-10,0.10191736482744598,"S"
"TIMOB-19469","Bug","2015-09-04T22:09:59.000+0000",False,0.002383503349235682,0.0,6.130711546713211e-10,0.03972469197271028,"S"
"TIMOB-19447","Bug","2015-08-31T14:35:34.000+0000",False,0.002239331101294786,0.0,5.2276992414027834e-11,0.03740653430511613,"S"
"TIMOB-19435","Improvement","2015-08-31T02:03:21.000+0000",False,0.041982490977487866,0.0,6.167255460065636e-14,0.4314192621322855,"S"
"TIMOB-19426","Bug","2015-08-28T12:36:28.000+0000",False,0.004368302616519808,0.0,8.036677654438426e-10,0.07060371699767479,"S"
"TIMOB-19411","Bug","2015-08-26T11:55:47.000+0000",False,0.0023904815159217913,0.0,0.005531695546174977,0.039836628198962144,"S"
"TIMOB-19409","Bug","2015-08-26T05:19:11.000+0000",False,0.006421995965693275,0.0,2.2675421016125227e-10,0.10064909370846595,"S"
"TIMOB-19384","Bug","2015-08-20T09:31:23.000+0000",False,0.007130846171939778,0.0,1.2808138006339441e-15,0.11060083345614077,"S"
"TIMOB-19379","Bug","2015-08-19T20:56:36.000+0000",False,0.02883278536903291,0.0,1.0,0.3395197560144946,"S"
"TIMOB-19378","Bug","2015-08-19T17:10:38.000+0000",False,0.014141317709233183,0.0,8.78751418822575e-15,0.19895129440347908,"S"
"TIMOB-19377","Bug","2015-07-31T19:21:37.000+0000",False,0.005131182425255272,0.0,6.923807422679824e-13,0.08198147249220504,"S"
"TIMOB-19355","Bug","2015-08-15T10:03:27.000+0000",False,0.006270751133342084,0.0,3.611893754876394e-14,0.0984986965807817,"S"
"TIMOB-19352","New Feature","2015-08-13T21:42:35.000+0000",False,0.004040899343938679,0.0,8.470300123253553e-15,0.06563926931670805,"S"
"TIMOB-19335","Improvement","2015-06-30T10:40:25.000+0000",False,0.001632173045071053,0.0,7.446305465091006e-09,0.027527426891637716,"S"
"TIMOB-19325","Bug","2015-07-31T01:46:45.000+0000",False,0.0037550398021969117,0.0,1.9707199421817857e-06,0.061263889234353344,"S"
"TIMOB-19270","Bug","2015-07-28T21:59:45.000+0000",False,0.0009058751587118187,0.0,5.57023267322145e-12,0.015456441428988481,"S"
"TIMOB-19267","Bug","2015-07-28T21:47:24.000+0000",False,0.01237505192498703,0.0,5.953256512103652e-16,0.1782762362307947,"S"
"TIMOB-19265","Bug","2015-07-28T20:47:49.000+0000",False,0.001979134962215569,0.0,3.4592772512977395e-17,0.03319608163323327,"S"
"TIMOB-19234","Bug","2015-05-04T10:29:06.000+0000",False,0.006986894629099566,0.0,1.5090576125478351e-05,0.10859657847178916,"S"
"TIMOB-19219","Bug","2015-07-15T02:10:05.000+0000",False,0.0031583631517675386,0.0,9.53873775542276e-13,0.052006075329720666,"S"
"TIMOB-19208","Bug","2015-07-10T09:58:08.000+0000",False,0.0040524579997362935,0.0,0.11372643921426452,0.06581538145278773,"S"
"TIMOB-19180","Bug","2015-07-06T22:12:28.000+0000",False,0.010052511270289355,0.0,5.485457092657572e-12,0.14953167137945855,"S"
"TIMOB-19175","Bug","2015-07-06T14:18:07.000+0000",False,0.006294674241819713,0.0,8.426369774181713e-11,0.09883947577319332,"S"
"TIMOB-19148","Bug","2015-07-02T20:23:43.000+0000",False,0.007109057995320171,0.0,2.646953300335399e-08,0.1102980157750741,"S"
"TIMOB-19144","Bug","2015-07-02T17:53:17.000+0000",False,0.013631852506376208,0.0,1.988902275601449e-14,0.19308777084799714,"S"
"TIMOB-19142","Bug","2015-07-02T09:11:39.000+0000",False,0.001467986474757118,0.0,9.009541029581769e-12,0.02482310454081507,"S"
"TIMOB-19125","Bug","2015-07-01T09:25:16.000+0000",False,0.0012706955171335095,0.0,1.0277698587864299e-14,0.02155474397619731,"S"
"TIMOB-19123","Bug","2015-07-01T08:39:02.000+0000",False,0.0009297264694645321,0.0,5.500582948984843e-13,0.01585732239959529,"S"
"TIMOB-19108","Bug","2015-06-30T00:07:49.000+0000",False,0.0065389477868062484,0.0,1.8495283810066105e-08,0.10230533888203806,"S"
"TIMOB-19093","Improvement","2015-06-27T21:36:27.000+0000",False,0.006639874765169602,0.0,7.092175292744384e-15,0.10373005982385308,"S"
"TIMOB-19092","Bug","2015-06-27T20:31:16.000+0000",False,0.008863701725851382,0.0,7.525746767267309e-17,0.13408217958517968,"S"
"TIMOB-19090","Bug","2015-06-27T06:15:34.000+0000",False,0.0011866302110202418,0.0,1.0531406676658721e-16,0.020155830559721533,"S"
"TIMOB-19086","Bug","2015-06-26T21:04:28.000+0000",False,0.0014990583034388658,0.0,8.73183440807314e-14,0.025335974561594633,"S"
"TIMOB-19084","Bug","2015-06-26T19:43:47.000+0000",False,0.01320358135774866,0.0,1.0777280792100018e-13,0.1880966801597207,"S"
"TIMOB-19083","Bug","2015-06-26T17:39:21.000+0000",False,0.008327184174888725,0.0,7.500382431117402e-16,0.12693693550782525,"S"
"TIMOB-19067","Story","2015-06-23T20:59:05.000+0000",True,0.012067576156748793,0.0,2.3924728385542008e-14,0.17457533474142342,"S"
"TIMOB-19066","Improvement","2015-06-23T17:40:43.000+0000",False,0.006517884353910496,0.0,3.963358837547742e-16,0.10200746511682224,"S"
"TIMOB-19062","Story","2015-06-23T08:18:13.000+0000",False,0.0042564959200918975,0.0,0.0011604321417760706,0.06891395710019502,"S"
"TIMOB-19056","Story","2015-06-22T22:43:45.000+0000",False,0.002395964107226593,0.0,1.1477427507013012e-15,0.03992455681130954,"S"
"TIMOB-19055","Story","2015-06-22T22:43:29.000+0000",False,0.0011160237819217037,0.0,1.3773682585601464e-16,0.018977971685307925,"S"
"TIMOB-19054","Bug","2015-06-22T22:07:31.000+0000",False,0.006149618569978714,0.0,4.6630193678314855e-17,0.09676947988045213,"S"
"TIMOB-19033","Story","2015-06-16T08:19:14.000+0000",False,0.029986451073295062,0.0,2.3212117340838008e-12,0.34864197308372885,"S"
"TIMOB-19031","Story","2015-06-16T07:27:42.000+0000",False,0.005307730359181661,0.0,2.9942923066206635e-14,0.08457740730656432,"S"
"TIMOB-19029","Bug","2015-06-15T22:45:28.000+0000",False,0.006778785305633235,0.0,3.487572524128374e-06,0.10568406146770191,"S"
"TIMOB-19021","Bug","2015-06-15T15:10:59.000+0000",False,0.005035276613583007,0.0,8.433982318371532e-07,0.08056549516420329,"S"
"TIMOB-19019","Improvement","2015-06-15T08:04:50.000+0000",False,0.009761839819895396,0.0,3.0434096893689384e-14,0.14580191960451075,"S"
"TIMOB-19012","Bug","2015-06-12T18:43:25.000+0000",False,0.010310414100330576,0.0,2.741863699212768e-13,0.15281559975703943,"S"
"TIMOB-18995","Improvement","2015-06-10T22:56:26.000+0000",False,0.003954326993751286,0.0,1.4314261724368378e-14,0.06431823583459721,"S"
"TIMOB-18980","Bug","2015-06-06T00:08:05.000+0000",False,0.0008486498921751496,0.0,3.857244163434453e-13,0.014493372756895839,"S"
"TIMOB-18965","Bug","2015-05-29T06:39:10.000+0000",False,0.004044072866869491,0.0,1.7641447521928136e-17,0.06568762854089909,"S"
"TIMOB-18942","Story","2015-05-21T22:36:39.000+0000",False,0.0029308958539283466,0.0,1.7855577275808456e-16,0.048431489017735564,"S"
"TIMOB-18904","Story","2015-05-13T14:25:01.000+0000",False,0.016821442856148304,0.0,1.5138490299970865e-14,0.2285378355534604,"S"
"TIMOB-18899","New Feature","2015-03-08T12:28:17.000+0000",False,0.0009652035609575135,0.0,2.756423780757822e-09,0.01645303550687532,"S"
"TIMOB-18881","Improvement","2015-05-07T22:37:10.000+0000",False,0.0013522803767252302,1.0,3.3141728968557344e-17,0.02290879095555393,"S"
"TIMOB-18879","Improvement","2015-05-07T21:56:01.000+0000",False,0.005427504247167832,0.0,1.4841587431307783e-12,0.0863307234833362,"S"
"TIMOB-18878","Improvement","2015-05-07T21:55:53.000+0000",False,0.0036707217422928475,0.0,9.724652042609824e-14,0.05996595911026285,"S"
"TIMOB-18864","New Feature","2015-04-30T15:32:07.000+0000",False,0.0011750386863218754,0.0,1.8989935420179326e-17,0.019962643022571284,"S"
"TIMOB-18859","Story","2015-04-29T14:53:52.000+0000",False,0.00754888904016964,0.0,2.0014804854342183e-14,0.11637378114453806,"S"
"TIMOB-18853","Bug","2015-04-10T16:00:49.000+0000",False,0.0020052743950145675,0.0,3.126954587920453e-09,0.03362062980676832,"S"
"TIMOB-18834","Improvement","2015-04-15T18:35:26.000+0000",False,0.00661939506903423,0.0,6.4935101307988156e-15,0.1034413036359442,"S"
"TIMOB-18824","Bug","2015-04-10T21:05:31.000+0000",False,0.0164662594281928,0.0,0.9999918501118967,0.2247341117711161,"S"
"TIMOB-18820","Bug","2015-04-10T13:57:29.000+0000",False,0.003151696955604738,0.0,1.0397154695982973e-11,0.05190167679326169,"S"
"TIMOB-18775","Bug","2015-04-02T01:49:23.000+0000",False,0.01671493706235294,0.0,1.2527328194161262e-15,0.22740088162851835,"S"
"TIMOB-18773","Bug","2015-04-01T14:38:27.000+0000",False,0.0044443556545031545,0.0,5.969456531198122e-13,0.07174983915833455,"S"
"TIMOB-18757","New Feature","2015-03-27T17:12:04.000+0000",False,0.0055837179062608305,0.0,2.8512184175785095e-16,0.08860802841025442,"S"
"TIMOB-18745","Improvement","2015-03-26T17:22:42.000+0000",False,0.0039515526129324866,0.0,3.517147599583311e-15,0.0642758427520875,"S"
"TIMOB-18743","Improvement","2015-03-25T18:42:36.000+0000",False,0.008027644958443625,0.0,4.8304782140566e-11,0.12289961468829959,"S"
"TIMOB-18740","Bug","2015-03-25T17:08:24.000+0000",False,0.013135990402742506,0.0,5.296644301281048e-13,0.1873037244583432,"S"
"TIMOB-18733","Bug","2015-03-24T18:57:26.000+0000",True,0.010054444078675758,0.0,4.6613353574689673e-17,0.14955637050867585,"S"
"TIMOB-18732","Improvement","2015-03-24T00:39:32.000+0000",False,0.00510535738450658,0.0,9.889793392247525e-17,0.08160058757094024,"S"
"TIMOB-18729","Bug","2015-03-23T13:53:59.000+0000",False,0.0015696244753773904,0.0,1.2856002590682436e-13,0.026498853034122073,"S"
"TIMOB-18707","Improvement","2015-03-17T00:04:33.000+0000",True,0.0016890161129930266,0.0,4.01688549482414e-13,0.028460405274978028,"S"
"TIMOB-18671","Bug","2015-03-09T22:29:12.000+0000",False,0.008574792921408092,0.0,1.9757765485238476e-14,0.13024817970729763,"S"
"TIMOB-18670","Bug","2015-03-09T22:27:31.000+0000",False,0.007722518962816268,0.0,1.3963914571149748e-14,0.11875096184569287,"S"
"TIMOB-18669","Bug","2015-03-09T22:19:49.000+0000",False,0.04400880570559961,0.0,5.50627847663385e-13,0.4435397058295324,"S"
"TIMOB-18639","Bug","2015-03-05T19:35:18.000+0000",False,0.003654547100030071,0.0,1.0463923455157892e-16,0.05971659334328198,"S"
"TIMOB-18637","Bug","2015-03-05T14:49:48.000+0000",False,0.03726376819875636,0.0,4.8376262487042555e-08,0.4012624835631524,"S"
"TIMOB-18635","Bug","2015-03-04T21:38:06.000+0000",False,0.0017863655824794664,0.0,2.3112981780877125e-19,0.030054318935065206,"S"
"TIMOB-18632","Bug","2015-03-03T03:00:23.000+0000",False,0.0007538934316272525,0.0,1.0620101302684447e-14,0.012894769401574193,"S"
"TIMOB-18619","Story","2015-02-26T14:10:46.000+0000",False,0.00963589639080499,0.0,1.4299089185643179e-16,0.14417638412047581,"S"
"TIMOB-18599","Story","2015-02-20T18:17:17.000+0000",False,0.017016354464547044,0.0,1.2121073518113812e-12,0.23061051682855796,"S"
"TIMOB-18573","Improvement","2015-02-13T22:21:40.000+0000",False,0.006486451585977136,0.0,5.084390179905631e-16,0.10156260655201586,"S"
"TIMOB-18571","Improvement","2015-02-13T18:48:09.000+0000",False,0.011295964827118242,0.0,8.600945671273957e-17,0.16514985089590592,"S"
"TIMOB-18565","New Feature","2015-02-12T16:44:02.000+0000",False,0.015053751381913267,0.0,4.0797201351234415e-16,0.209257077009125,"S"
"TIMOB-18556","Improvement","2015-02-12T00:02:58.000+0000",False,0.03035260013890761,1.0,2.798753264053897e-16,0.3514891597037285,"S"
"TIMOB-18507","Story","2015-02-04T05:06:45.000+0000",False,0.009808309081798758,0.0,9.558827762400179e-17,0.1464002379879145,"S"
"TIMOB-18504","Story","2015-02-03T20:17:34.000+0000",False,0.01652178113697013,0.0,8.823095010309035e-17,0.22533099352459937,"S"
"TIMOB-18478","Bug","2015-01-30T06:32:03.000+0000",False,0.047003965415785526,0.0,0.7491647745381403,0.4606246249698468,"S"
"TIMOB-18458","Bug","2015-01-28T16:38:46.000+0000",False,0.010086494139589185,0.0,1.642726540044172e-13,0.14996573945391153,"S"
"TIMOB-18441","Improvement","2015-01-23T22:50:56.000+0000",False,0.055343654791883294,0.0,1.7375666029912604e-11,0.5035727578852969,"S"
"TIMOB-18432","Bug","2015-01-22T22:01:40.000+0000",False,0.006225895388767792,0.0,9.780140280128612e-17,0.09785908592274369,"S"
"TIMOB-18417","Story","2015-01-20T22:11:20.000+0000",False,0.012323510637233734,0.0,5.134816716918462e-11,0.17765802137568265,"S"
"TIMOB-18401","Bug","2015-01-16T09:22:26.000+0000",False,0.0009882872990288694,0.0,0.7730971465254018,0.01684028134042672,"S"
"TIMOB-18395","Bug","2015-01-16T21:08:02.000+0000",False,0.009275453434812059,0.0,4.790435026187128e-16,0.13949212971545233,"S"
"TIMOB-18389","Story","2015-01-15T23:45:49.000+0000",False,0.012967629512476193,0.0,9.336707638171595e-15,0.1853222921450846,"S"
"TIMOB-18377","Improvement","2015-01-14T18:28:59.000+0000",False,0.014401674130028939,0.0,1.5089800533687543e-15,0.201917307862079,"S"
"TIMOB-18368","Bug","2015-01-13T08:21:38.000+0000",False,0.015472377358669022,0.0,1.024793864014572e-12,0.2139034021797199,"S"
"TIMOB-18337","Story","2015-01-07T17:27:36.000+0000",False,0.005150378794736571,0.0,1.773679508415399e-14,0.0822644015146396,"S"
"TIMOB-18322","Bug","2015-01-06T20:52:00.000+0000",True,0.006079158093423688,0.0,8.74022774547238e-16,0.09576076749841793,"S"
"TIMOB-18320","Bug","2015-01-06T20:47:49.000+0000",False,0.002425760496541391,0.0,9.79410959676683e-17,0.040402160279647534,"S"
"TIMOB-18286","Bug","2014-12-23T22:28:22.000+0000",False,0.0005883240647985681,0.0,1.3563574701534891e-15,0.010089755562414503,"S"
"TIMOB-18262","Bug","2014-12-18T21:05:15.000+0000",False,0.005917450739050272,0.0,4.671050476653742e-10,0.093437767954945,"S"
"TIMOB-18168","Bug","2014-12-09T22:27:38.000+0000",False,0.020708279630376674,0.0,0.9999243895931735,0.2680094215422121,"S"
"TIMOB-18159","Improvement","2014-12-09T16:56:30.000+0000",False,0.002438862636644885,0.0,1.0178269309872599e-12,0.040612031869706036,"S"
"TIMOB-18158","Bug","2014-12-09T09:46:09.000+0000",False,0.006317572221770135,0.0,9.398774418139225e-15,0.09916542636988673,"S"
"TIMOB-18155","Bug","2014-12-09T07:44:24.000+0000",False,0.005674040177808523,0.0,6.572825980378084e-08,0.08991991196997211,"S"
"TIMOB-18152","Bug","2014-12-08T21:21:02.000+0000",True,0.0017214704501181046,0.0,2.06139479016195e-16,0.028992330958030676,"S"
"TIMOB-18065","Improvement","2014-11-21T00:02:00.000+0000",False,0.01237332447152371,0.0,2.1148349333182875e-08,0.17825553020447138,"S"
"TIMOB-18044","Bug","2014-08-10T00:17:30.000+0000",False,0.0013131056838250187,0.0,5.813940705101047e-15,0.02225905713314817,"S"
"TIMOB-17997","Bug","2014-11-10T22:02:22.000+0000",False,0.0032861628031488413,0.0,1.2645159994522131e-10,0.05400336377849186,"S"
"TIMOB-17986","New Feature","2014-11-06T14:51:20.000+0000",False,0.003369811245825028,0.0,1.1385724485921397e-14,0.055306370167777716,"S"
"TIMOB-17926","Improvement","2014-10-27T22:21:18.000+0000",False,0.052915661227112706,1.0,1.1781017708693176e-14,0.49171617455033445,"S"
"TIMOB-17916","New Feature","2014-10-24T23:38:31.000+0000",False,0.004008369155886648,0.0,8.377005312966428e-17,0.0651432922010785,"S"
"TIMOB-17902","New Feature","2014-10-24T21:48:35.000+0000",False,0.0022098914471793346,0.0,6.774901563076689e-17,0.03693187753698572,"S"
"TIMOB-17901","New Feature","2014-10-24T21:47:10.000+0000",False,0.019135818279260884,1.0,1.1724715685955367e-15,0.2525002646963266,"S"
"TIMOB-17894","Improvement","2014-10-17T11:30:57.000+0000",False,0.005518833641473658,0.0,7.132773549075745e-10,0.08766342934186169,"S"
"TIMOB-17831","Improvement","2014-10-08T18:55:41.000+0000",False,0.010845179676236235,1.0,5.327883698591743e-17,0.15955005708121323,"S"
"TIMOB-17808","Bug","2014-09-29T22:35:06.000+0000",False,0.019158835307190494,0.0,0.5075308590038649,0.2527316532899591,"S"
"TIMOB-17716","Bug","2014-09-17T18:21:18.000+0000",False,0.0015659486155136764,0.0,0.01227042743528562,0.026438342032999506,"S"
"TIMOB-17711","Bug","2014-09-16T22:20:16.000+0000",False,0.0010974325209900115,0.0,2.7876662693308644e-14,0.018667388246951657,"S"
"TIMOB-17568","Bug","2014-08-27T23:20:09.000+0000",False,0.0018247555912602343,0.0,1.2013837561445317e-17,0.0306815310702958,"S"
"TIMOB-17567","Bug","2014-08-27T22:14:08.000+0000",False,0.0015958849436002003,0.0,2.4486149260523388e-14,0.02693093991582375,"S"
"TIMOB-17566","Bug","2014-08-27T22:09:17.000+0000",False,0.0027542485267203756,0.0,2.2073067171862443e-14,0.04563800979801243,"S"
"TIMOB-17564","Improvement","2014-07-01T21:39:53.000+0000",False,0.0036115972046959844,0.0,1.3579000676130824e-09,0.05905382815879741,"S"
"TIMOB-17548","Bug","2014-07-23T13:46:34.000+0000",False,0.0031603360253519962,0.0,7.362076710176387e-15,0.05203696813632513,"S"
"TIMOB-17404","Bug","2014-07-10T09:07:49.000+0000",False,0.001506516099114854,0.0,4.744040040612285e-08,0.025458997034313365,"S"
"TIMOB-17386","Improvement","2014-07-24T20:22:39.000+0000",False,0.010459700033422203,0.0,3.0376700607926063e-13,0.15470570037101256,"S"
"TIMOB-17340","New Feature","2014-06-26T08:32:15.000+0000",False,0.0017910031566517402,0.0,0.01135596454366656,0.03013012769729489,"S"
"TIMOB-16512","New Feature","2014-02-22T04:42:16.000+0000",False,0.00882030055309168,0.0,1.3125651945175775e-14,0.1335082356996335,"S"
"TIMOB-15800","Bug","2013-11-19T09:11:01.000+0000",False,0.0006353487645508648,0.0,1.6134781810385142e-18,0.01088795527998166,"S"
"TIMOB-15780","Bug","2013-10-30T14:49:34.000+0000",False,0.014010191063657881,0.0,3.593743906946733e-14,0.1974497171980444,"S"
"TIMOB-15705","Bug","2013-09-13T11:59:25.000+0000",False,0.004106818703363645,0.0,2.0706589130693625e-13,0.06664280727372869,"S"
"TIMOB-15596","New Feature","2013-10-28T16:34:13.000+0000",False,0.005390273442482923,0.0,7.537512597580774e-07,0.08578639305740796,"S"
"TIMOB-15415","New Feature","2013-10-04T10:51:10.000+0000",False,0.0010894156570715975,0.0,1.1135347645191742e-16,0.018533402329317605,"S"
"TIMOB-15275","New Feature","2013-09-18T22:24:28.000+0000",False,0.006742801559039606,0.0,1.290103003974795e-15,0.10517865754538752,"S"
"TIMOB-14612","Bug","2013-07-19T01:20:22.000+0000",False,0.009652257629928792,0.0,1.6687018468889036e-14,0.14438788267833141,"S"
"TIMOB-14246","New Feature","2013-06-14T20:31:59.000+0000",False,0.03390309091075173,0.0,4.705367014684428e-13,0.3779620062614331,"S"
"TIMOB-13398","Bug","2012-12-21T16:08:14.000+0000",False,0.00579359920412514,0.0,4.240811662384909e-15,0.09165101141829594,"S"
"TIMOB-12410","Story","2013-01-24T08:34:07.000+0000",False,0.008351677430690133,0.0,2.8348344550738306e-15,0.12726553039757893,"S"
"TIMOB-12235","New Feature","2013-01-07T13:19:43.000+0000",False,0.015196041564929569,1.0,2.917671794815334e-16,0.21084205960760163,"S"
"TIMOB-12153","Bug","2012-12-26T19:57:14.000+0000",False,0.001560094753748431,0.0,0.0005199903071566939,0.02634196274912879,"S"
"TIMOB-11152","New Feature","2012-09-25T23:54:29.000+0000",False,0.0021078253011692725,0.0,4.667330027573217e-17,0.03528284758028119,"S"
"TIMOB-11093","Story","2012-09-25T03:39:02.000+0000",False,0.029231283985491827,0.0,8.95670814992947e-15,0.34269703308958416,"S"
"TIMOB-10534","Bug","2012-08-15T08:22:45.000+0000",False,0.01541614430997074,0.0,1.502686985452566e-06,0.2132822206590498,"S"
"TIMOB-9366","New Feature","2012-06-04T11:51:56.000+0000",False,0.004433477825681556,0.0,2.0447966746532154e-14,0.07158607241631601,"S"
"TIMOB-8231","Story","2012-03-23T11:59:05.000+0000",False,0.01889955695741187,0.0,2.3842728286932444e-14,0.2501174668712658,"S"
"TIMOB-6597","Bug","2011-12-12T17:48:05.000+0000",False,0.0071434083346585825,0.0,5.213757890977725e-16,0.11077533799280358,"S"
"TIMOB-5812","New Feature","2011-10-19T10:52:21.000+0000",False,0.013352128654251689,0.0,7.236835678567329e-16,0.18983434407484875,"S"
"TIMOB-5436","New Feature","2011-10-05T02:03:15.000+0000",False,0.01249271717160669,0.0,0.000348988908057192,0.17968434216984097,"S"
"TIMOB-4274","Bug","2011-06-01T08:46:13.000+0000",False,0.0015716704487957263,0.0,4.9091362864364475e-11,0.02653253022430481,"S"
"TIMOB-3594","Bug","2011-04-15T03:47:02.000+0000",False,0.012079507805875817,0.0,7.93602667142086e-14,0.17471952731192877,"S"
