"issue_key","issuetype","created","sp_change","text_multinomial","text_gaussian","text_bernoulli","text_complement","GROUP"
"TISTUD-1335","Bug","2012-03-13T16:56:33.000+0000",False,0.00919482639897289,0.0,6.804367353933752e-40,0.36746402745323087,"A"
"TISTUD-5378","Bug","2013-09-08T08:23:34.000+0000",False,0.01670681930510731,0.0,5.323790635456625e-42,0.5154138466719179,"A"
"TISTUD-8913","Bug","2017-11-17T18:52:08.000+0000",True,0.0016561840029262768,0.0,7.189586357097965e-36,0.09407908264707668,"A"
"TISTUD-5462","Improvement","2013-10-02T21:46:47.000+0000",False,0.0012371172374477015,0.0,2.936026937244027e-41,0.07195974442595449,"A"
"TISTUD-8643","Bug","2016-10-27T09:31:50.000+0000",False,0.0036567934895599292,0.0,2.585347671428025e-29,0.1868301883871352,"A"
"TISTUD-5225","Bug","2013-08-08T22:26:40.000+0000",False,0.004863812350222102,0.0,1.0,0.23428140453387228,"A"
"TISTUD-9138","Improvement","2018-10-10T13:28:18.000+0000",False,0.003684744473219701,0.0,3.4984084311197667e-40,0.18799406284505948,"A"
"TISTUD-8693","Bug","2017-01-19T21:02:52.000+0000",False,0.005323566084579705,0.0,2.1862791007512603e-33,0.25095812097875897,"A"
"TISTUD-5970","Bug","2014-01-03T01:00:44.000+0000",False,0.004493303634114939,0.0,3.323638049996397e-45,0.22030354044419873,"A"
"TISTUD-8966","Bug","2017-12-18T22:50:42.000+0000",False,0.0011214002974256068,0.0,2.4796548898078777e-39,0.06566372299916083,"A"
"TISTUD-8890","Improvement","2017-10-13T03:58:17.000+0000",False,0.0011836495257335664,0.0,8.478138269630232e-46,0.06906102673589569,"A"
"TISTUD-5441","Bug","2013-09-26T17:38:17.000+0000",False,0.0016803764241075114,0.0,2.7812381403020263e-37,0.09532442019549503,"A"
"TISTUD-7469","Improvement","2015-05-01T21:14:25.000+0000",False,0.002367931987699949,0.0,1.7695167339125543e-42,0.1293630513405918,"A"
"TISTUD-8913","Bug","2017-11-17T18:52:08.000+0000",True,0.0016561840029262768,0.0,7.189586357097965e-36,0.09407908264707668,"A"
"TISTUD-8983","Bug","2018-01-09T15:52:51.000+0000",False,0.00224474520236361,0.0,3.0442053337775125e-38,0.12345073785396443,"A"
"TISTUD-5545","Story","2013-10-18T17:27:35.000+0000",False,0.009970798909496755,0.0,5.395181888845762e-41,0.3866754694367623,"A"
"TISTUD-4847","Improvement","2013-06-03T22:50:59.000+0000",False,0.0006618166144129657,0.0,3.6899832721181337e-41,0.039806877138508855,"A"
"TISTUD-5295","Improvement","2013-08-23T01:45:13.000+0000",False,0.0045560901617506455,0.0,1.964203225429231e-10,0.22270729418674098,"A"
"TISTUD-7673","Bug","2015-08-14T22:22:16.000+0000",False,0.0009330013821112252,0.0,3.585455861841403e-38,0.05523156890451866,"A"
"TISTUD-8788","Story","2017-06-06T12:04:31.000+0000",False,0.0019659625812198417,0.0,1.0523169600939992e-07,0.10977512788776195,"A"
"TISTUD-5710","Bug","2013-11-13T21:43:51.000+0000",False,0.0021798451566799673,0.0,2.0277441790994632e-46,0.12030406238119418,"A"
"TISTUD-5769","Improvement","2013-11-19T23:34:57.000+0000",False,0.0008978799191877069,0.0,5.034725738135639e-39,0.053261425303513715,"A"
"TISTUD-6978","Improvement","2014-10-07T20:28:45.000+0000",False,0.00413217210949804,0.0,1.1420668732782305e-42,0.20618999992947273,"A"
"TISTUD-7611","Bug","2015-06-24T16:50:28.000+0000",False,0.0014120106384348462,0.0,7.013655004663014e-47,0.0813187710267011,"A"
"TISTUD-8531","Story","2016-07-08T10:22:12.000+0000",False,0.002510003644986406,0.0,3.622991529611978e-38,0.13608524186462972,"A"
"TISTUD-6603","Bug","2014-06-06T17:47:20.000+0000",False,0.0041605140320137455,0.0,1.3760687714908043e-36,0.20731571740318294,"A"
"TISTUD-6447","Improvement","2014-05-09T21:41:10.000+0000",False,0.007936227896346409,0.0,8.485262914029595e-45,0.33368079120654665,"A"
"TISTUD-8643","Bug","2016-10-27T09:31:50.000+0000",False,0.0036567934895599292,0.0,2.585347671428025e-29,0.1868301883871352,"A"
"TISTUD-7449","Improvement","2015-04-24T16:17:02.000+0000",False,0.0011585177370761882,0.0,1.2230012268366976e-45,0.06769236548640148,"A"
"TISTUD-8573","Bug","2016-08-30T05:17:28.000+0000",False,0.0008275517815778748,0.0,1.8730326520154895e-29,0.04929197515631574,"A"
"TISTUD-6251","Bug","2014-03-12T06:27:10.000+0000",False,0.001187688121013332,0.0,1.1982862505136023e-28,0.0692805978048185,"A"
"TISTUD-5431","Bug","2013-09-23T22:20:25.000+0000",False,0.00038688645904055694,0.0,4.940899977080481e-32,0.023655333556532716,"A"
"TISTUD-7111","Story","2015-01-06T19:01:57.000+0000",False,0.004027946196734767,0.0,1.5107936171383998e-43,0.20202314822773018,"A"
"TISTUD-7910","Bug","2015-12-15T09:53:37.000+0000",False,0.005729949982405907,0.0,4.1842978177955214e-45,0.26511764191634907,"A"
"TISTUD-4035","Improvement","2013-03-31T00:05:41.000+0000",False,0.0031183214141061208,0.0,2.3294349377045273e-44,0.16375202369098776,"A"
"TISTUD-5421","Bug","2013-09-20T19:40:45.000+0000",False,0.002764583981581252,0.0,3.821327273161529e-40,0.14787934530242958,"A"
"TISTUD-5408","Story","2013-09-18T22:44:16.000+0000",False,0.002718218802311317,0.0,1.152867698309132e-45,0.14575495525464874,"A"
"TISTUD-4886","Improvement","2013-06-06T10:48:58.000+0000",False,0.0015822166305083582,0.0,7.607510778442278e-43,0.09025053389804505,"A"
"TISTUD-5326","Improvement","2013-08-27T13:26:18.000+0000",False,0.0030610361910254798,0.0,5.747770552597956e-32,0.16122105158157699,"A"
"TISTUD-6940","Bug","2014-09-17T17:52:07.000+0000",True,0.0019663484426331195,0.0,6.100683752898735e-40,0.10979434575630224,"A"
"TISTUD-8026","Bug","2016-03-23T07:32:03.000+0000",False,0.0012919645163262984,0.0,1.1248247925975507e-35,0.07491487715910086,"A"
"TISTUD-8939","Bug","2017-11-30T06:35:29.000+0000",False,0.0021245679571622665,0.0,1.2611936150633738e-40,0.11760640558517811,"A"
"TISTUD-5761","Bug","2013-11-19T10:03:11.000+0000",False,0.0041562855490031555,0.0,1.0,0.20714796421339854,"A"
"TISTUD-6951","Bug","2014-09-24T21:26:43.000+0000",False,0.002591381451445281,0.0,2.5154085076748936e-12,0.13988996932116146,"A"
"TISTUD-6898","Bug","2014-09-09T00:28:57.000+0000",False,0.0007155535080986386,0.0,3.0642424722047705e-40,0.04290258532799709,"A"
"TISTUD-5360","Improvement","2013-09-06T23:20:37.000+0000",False,0.003026623719409656,0.0,6.691060553769472e-41,0.15969340334363044,"A"
"TISTUD-7426","Story","2015-04-20T03:42:29.000+0000",False,0.008464872101150458,0.0,4.496146551002069e-36,0.34829000446871217,"A"
"TISTUD-5151","Bug","2013-07-25T10:15:48.000+0000",False,0.00656535416297961,0.0,3.609648830330195e-23,0.29263999977190364,"A"
"TISTUD-8971","Bug","2018-01-03T15:28:50.000+0000",False,0.003860856920317383,0.0,2.93023539201226e-43,0.19525288625412585,"A"
"TISTUD-6940","Bug","2014-09-17T17:52:07.000+0000",True,0.0019663484426331195,0.0,6.100683752898735e-40,0.10979434575630224,"A"
"TISTUD-5370","Story","2013-09-08T00:18:20.000+0000",False,0.0018606581209828612,0.0,6.678390547740548e-41,0.10449979357666414,"A"
"TISTUD-6198","Bug","2014-02-25T19:31:12.000+0000",False,0.00135304861918523,0.0,1.0311463847279322e-33,0.07818435035956708,"A"
"TISTUD-8576","Bug","2016-08-31T08:52:37.000+0000",False,0.0030166068463602955,0.0,4.184586113383471e-07,0.159247705172431,"A"
"TISTUD-5765","Story","2013-11-19T14:48:06.000+0000",False,0.00047444940987756326,0.0,2.2446116802714492e-43,0.02885715153375362,"A"
"TISTUD-6514","Improvement","2014-05-19T19:12:43.000+0000",False,0.015797871915243466,0.0,7.41373061201377e-35,0.5012023050529758,"A"
"TISTUD-5648","Improvement","2013-11-05T13:55:43.000+0000",False,0.0028798614941649915,0.0,3.2849174558449194e-41,0.15311653727409127,"A"
"TISTUD-8529","Story","2016-07-01T04:57:29.000+0000",False,0.004865923845234789,0.0,1.0493043487824849e-39,0.23435965632362232,"A"
"TISTUD-4325","Bug","2013-04-18T21:52:08.000+0000",False,0.001612757560334032,0.0,8.393818820250011e-32,0.09183517801388487,"A"
"TISTUD-5355","Story","2013-09-06T22:15:53.000+0000",False,0.0028605081696678023,0.0,1.5627652763992056e-34,0.15224171022079558,"A"
"TISTUD-6979","Bug","2014-10-07T21:30:54.000+0000",False,0.006209021932195061,0.0,5.537770036203101e-33,0.28115124092970967,"A"
"TISTUD-5732","Improvement","2013-11-15T21:40:13.000+0000",False,0.0026313069136553115,0.0,1.4945814382793881e-32,0.1417446364551394,"A"
"TISTUD-4244","Improvement","2013-04-12T00:30:14.000+0000",False,0.0005713443457899606,0.0,2.9288449993554254e-39,0.03455016934222588,"A"
"TISTUD-9029","Bug","2018-03-09T08:41:24.000+0000",False,0.004692365548143932,0.0,2.069102841812887e-40,0.22787490603772645,"A"
"TISTUD-5302","Story","2013-08-26T04:40:10.000+0000",False,0.001577904466394101,0.0,9.13009224882801e-43,0.09002635550781413,"A"
"TISTUD-5417","Bug","2013-09-20T14:39:42.000+0000",False,0.0016084979165394003,0.0,5.83987651454189e-31,0.09161448804556556,"A"
"TISTUD-7341","Improvement","2015-03-31T00:04:31.000+0000",False,0.0009729476842425835,0.0,1.0027152422807566e-42,0.05746258665179678,"A"
"TISTUD-6778","Improvement","2014-08-08T01:03:16.000+0000",False,0.006775310733671598,0.0,9.668668037429637e-39,0.2992427533719461,"A"
"TISTUD-5381","Improvement","2013-09-11T01:00:37.000+0000",False,0.0009443594620431011,0.0,1.9049717789448162e-40,0.05586697814329493,"A"
"TISTUD-7621","Bug","2015-06-26T16:49:18.000+0000",False,0.0021958307936881666,0.0,1.0,0.1210811823046156,"A"
"TISTUD-9029","Bug","2018-03-09T08:41:24.000+0000",False,0.004692365548143932,0.0,2.069102841812887e-40,0.22787490603772645,"A"
"TISTUD-7548","Bug","2015-05-24T18:05:15.000+0000",False,0.002898525294935949,0.0,1.5591490652081786e-34,0.1539585194265748,"A"
"TISTUD-5388","Story","2013-09-13T20:46:11.000+0000",False,0.002718031809995941,0.0,7.086343074349878e-45,0.1457463664733641,"A"
"TISTUD-8576","Bug","2016-08-31T08:52:37.000+0000",False,0.0030166068463602955,0.0,4.184586113383471e-07,0.159247705172431,"A"
"TISTUD-5770","Bug","2013-11-20T00:13:49.000+0000",False,0.002139037271487733,0.0,5.3425369446065046e-45,0.11831411041307649,"A"
"TISTUD-6199","Story","2014-02-28T19:02:17.000+0000",False,0.006547105527946118,0.0,1.3085574108733656e-35,0.29206036442278926,"A"
"TISTUD-7338","Improvement","2015-03-30T17:21:31.000+0000",False,0.0015835151807816457,0.0,1.0241779657846065e-43,0.09031802094903967,"A"
"TISTUD-6979","Bug","2014-10-07T21:30:54.000+0000",False,0.006209021932195061,0.0,5.537770036203101e-33,0.28115124092970967,"A"
"TISTUD-5834","Improvement","2013-12-03T23:26:41.000+0000",False,0.006231370673154595,0.0,1.3636224201876565e-36,0.2818825148591758,"A"
"TISTUD-8791","Bug","2017-06-08T18:19:11.000+0000",False,0.0030232908567415524,0.0,9.29094605721526e-33,0.1595451599549429,"A"
"TISTUD-3863","Improvement","2013-03-19T18:50:22.000+0000",True,0.019811575178937075,1.0,1.542218879225825e-34,0.5585518369377722,"A"
"TISTUD-5459","Improvement","2013-10-01T21:31:24.000+0000",False,0.002340585282813607,0.0,3.698921954445995e-18,0.12805732652479562,"A"
"TISTUD-8458","Bug","2016-04-11T14:16:13.000+0000",False,0.0009077612668204618,0.0,1.0,0.05381653711960733,"A"
"TISTUD-8932","Bug","2017-11-27T15:03:33.000+0000",False,0.0022118879401413338,0.0,3.1624693498650553e-46,0.12186042255289088,"A"
"TISTUD-7518","Bug","2015-05-18T21:49:50.000+0000",False,0.00037153984816022163,0.0,7.362979371819632e-41,0.022737993346159148,"A"
"TISTUD-5471","Story","2013-10-04T21:54:35.000+0000",False,0.002288938811298175,0.0,7.665893804371127e-42,0.12558084271303568,"A"
"TISTUD-6261","Bug","2014-03-20T20:54:38.000+0000",False,0.0010060702077752614,0.0,1.3634319652975011e-39,0.059304652907230394,"A"
"TISTUD-5263","Story","2013-08-14T15:05:55.000+0000",False,0.007897916132168543,0.0,2.457861456596063e-35,0.3325971614694388,"A"
"TISTUD-8476","Bug","2016-04-29T17:30:07.000+0000",False,0.0014357992725816812,0.0,1.901532376641125e-38,0.08257745227561968,"A"
"TISTUD-7979","Improvement","2016-02-02T17:08:34.000+0000",False,0.0021404932810820823,0.0,1.130897282164698e-40,0.11838526319247267,"A"
"TISTUD-6155","Bug","2014-02-11T00:31:45.000+0000",False,0.0014749454740837478,0.0,1.936367224524595e-34,0.08464135725091364,"A"
"TISTUD-3863","Improvement","2013-03-19T18:50:22.000+0000",True,0.019811575178937075,1.0,1.542218879225825e-34,0.5585518369377722,"A"
"TISTUD-5770","Bug","2013-11-20T00:13:49.000+0000",False,0.002139037271487733,0.0,5.3425369446065046e-45,0.11831411041307649,"A"
"TISTUD-4793","Bug","2013-05-28T12:35:54.000+0000",False,0.003234885088496664,0.0,1.007069731329522e-43,0.16885604464327597,"A"
"TISTUD-4360","Story","2013-04-22T22:10:59.000+0000",False,0.004790744336080641,0.0,8.266796597397011e-44,0.2315638284917165,"A"
"TISTUD-6709","Bug","2014-07-11T19:51:19.000+0000",False,0.0030473171168250816,0.0,4.010743084068886e-41,0.16061268416459606,"A"
"TISTUD-7756","Improvement","2015-10-07T05:44:39.000+0000",True,0.003194197939180149,0.0,1.0640771516252908e-42,0.1670814179464731,"A"
"TISTUD-5479","Story","2013-10-07T05:36:15.000+0000",False,0.010852774512617736,0.0,2.4104630596732335e-43,0.4071747669925581,"A"
"TISTUD-8944","Bug","2017-12-04T04:15:04.000+0000",False,0.005475410662556097,0.0,8.092438434214291e-42,0.25631083232034135,"A"
"TISTUD-7523","Bug","2015-05-20T05:13:23.000+0000",False,0.0021430885844724748,0.0,1.7297118681453468e-43,0.11851206341411279,"A"
"TISTUD-5629","Story","2013-10-31T20:09:42.000+0000",False,0.00196617474694463,0.0,1.0446879362039116e-36,0.1097856949249959,"A"
"TISTUD-8880","New Feature","2017-10-09T10:03:15.000+0000",True,0.002455950379559282,0.0,3.764659916695689e-47,0.13353972965664412,"A"
"TISTUD-8495","Bug","2016-05-17T22:28:12.000+0000",False,0.0006169594162455425,0.0,8.127558256662547e-43,0.03720759593425326,"A"
"TISTUD-3805","Story","2013-03-13T17:38:38.000+0000",False,0.002857105880025392,0.0,3.2018771346488176e-46,0.15208773342990906,"A"
"TISTUD-7597","Bug","2015-06-19T22:30:55.000+0000",False,0.0017751670032154076,0.0,4.0218397831592156e-41,0.10017165512430176,"A"
"TISTUD-5648","Improvement","2013-11-05T13:55:43.000+0000",False,0.0028798614941649915,0.0,3.2849174558449194e-41,0.15311653727409127,"A"
"TISTUD-9043","Bug","2018-03-22T03:58:35.000+0000",False,0.0020255446997085084,0.0,9.655311364024073e-40,0.11273300106226311,"A"
"TISTUD-7446","Bug","2015-04-24T04:15:12.000+0000",False,0.004201337687660501,0.0,1.0700980858292277e-30,0.2089317107447823,"A"
"TISTUD-8840","Improvement","2017-08-09T17:58:38.000+0000",True,0.031080732961421366,1.0,1.0534741779212649e-44,0.6675604910112581,"A"
"TISTUD-5643","Bug","2013-11-04T21:59:09.000+0000",False,0.0007958650306303973,0.0,5.774125462984337e-48,0.04749280268811124,"A"
"TISTUD-6514","Improvement","2014-05-19T19:12:43.000+0000",False,0.015797871915243466,0.0,7.41373061201377e-35,0.5012023050529758,"A"
"TISTUD-8978","Bug","2018-01-08T07:00:31.000+0000",False,0.004202145826965464,0.0,2.488953371091745e-42,0.2089636355504908,"A"
"TISTUD-9142","Bug","2018-08-20T12:55:58.000+0000",False,0.0031203078421106803,0.0,2.7656075848467045e-37,0.1638395191506058,"A"
"TISTUD-8693","Bug","2017-01-19T21:02:52.000+0000",False,0.005323566084579705,0.0,2.1862791007512603e-33,0.25095812097875897,"A"
"TISTUD-9048","Bug","2018-03-28T03:40:32.000+0000",False,0.00068607856507993,0.0,1.429449771263876e-32,0.0412070094266457,"A"
"TISTUD-9085","Improvement","2018-06-08T16:44:51.000+0000",False,0.008908112348299177,0.0,2.664381983228295e-42,0.3600655588323144,"A"
"TISTUD-4365","Story","2013-04-22T22:20:40.000+0000",False,0.002892256193349041,0.0,9.079609647656625e-44,0.15367588402035218,"A"
"TISTUD-7597","Bug","2015-06-19T22:30:55.000+0000",False,0.0017751670032154076,0.0,4.0218397831592156e-41,0.10017165512430176,"A"
"TISTUD-6581","Improvement","2014-05-30T15:30:54.000+0000",False,0.006378036410404559,0.0,1.637176479124462e-39,0.2866456984663459,"A"
"TISTUD-5386","Story","2013-09-13T20:36:00.000+0000",False,0.0037390750827603603,0.0,6.654964394613592e-42,0.190247060664336,"A"
"TISTUD-5339","Story","2013-08-29T14:10:31.000+0000",False,0.0012242478057177268,0.0,4.1750248375135795e-38,0.07126365894735678,"A"
"TISTUD-7477","Bug","2015-05-05T09:26:54.000+0000",False,0.0010737571252991142,0.0,9.720880816772428e-45,0.06304704750789851,"A"
"TISTUD-5421","Bug","2013-09-20T19:40:45.000+0000",False,0.002764583981581252,0.0,3.821327273161529e-40,0.14787934530242958,"A"
"TISTUD-5457","Story","2013-09-30T23:24:45.000+0000",False,0.0021405601782876365,0.0,4.943165599721176e-36,0.11838853207724864,"A"
"TISTUD-4031","Improvement","2013-03-30T23:09:54.000+0000",False,0.005164139986977519,0.0,5.3792455638814583e-45,0.24525639911614316,"A"
"TISTUD-9031","Bug","2018-03-09T15:57:20.000+0000",False,0.0013912553486829344,0.0,5.695347974404583e-42,0.08021781171563601,"A"
"TISTUD-9048","Bug","2018-03-28T03:40:32.000+0000",False,0.00068607856507993,0.0,1.429449771263876e-32,0.0412070094266457,"A"
"TISTUD-5441","Bug","2013-09-26T17:38:17.000+0000",False,0.0016803764241075114,0.0,2.7812381403020263e-37,0.09532442019549503,"A"
"TISTUD-5833","Improvement","2013-12-03T22:32:42.000+0000",False,0.0051533148872100944,0.0,3.8722968830630695e-44,0.2448661678886901,"A"
"TISTUD-9027","Bug","2018-03-09T03:48:13.000+0000",False,0.006275654593158969,0.0,1.0207462871151704e-40,0.28332724115049285,"A"
"TISTUD-2346","Story","2012-09-26T15:12:47.000+0000",False,0.0013170002021110493,0.0,4.8958364205150316e-43,0.0762576426739986,"A"
"TISTUD-5770","Bug","2013-11-20T00:13:49.000+0000",False,0.002139037271487733,0.0,5.3425369446065046e-45,0.11831411041307649,"A"
"TISTUD-6084","Improvement","2014-01-22T12:35:32.000+0000",False,0.005825375703130141,0.0,2.0181955422405793e-36,0.26836689783553236,"A"
"TISTUD-5513","Bug","2013-10-11T12:14:15.000+0000",False,0.005690929207605837,0.0,1.4114119942162574e-44,0.26378083278191633,"A"
"TISTUD-9047","Bug","2018-03-27T22:05:00.000+0000",False,0.004230361354355427,0.0,7.101996911303162e-38,0.21007668336478427,"A"
"TISTUD-6951","Bug","2014-09-24T21:26:43.000+0000",False,0.002591381451445281,0.0,2.5154085076748936e-12,0.13988996932116146,"A"
"TISTUD-6755","Bug","2014-07-29T23:31:16.000+0000",False,0.001024067942210627,0.0,7.53422906591252e-40,0.06030260872714965,"A"
"TISTUD-5369","Story","2013-09-08T00:13:31.000+0000",False,0.005068384450686337,0.0,6.851501727320588e-40,0.2417907701122801,"A"
"TISTUD-9031","Bug","2018-03-09T15:57:20.000+0000",False,0.0013912553486829344,0.0,5.695347974404583e-42,0.08021781171563601,"A"
"TISTUD-7526","Improvement","2015-05-20T18:41:59.000+0000",False,0.005991619682643572,0.0,1.4968336391463187e-42,0.27396087783733797,"A"
"TISTUD-8457","New Feature","2016-04-07T13:20:23.000+0000",False,0.0021995301694596858,0.0,5.4836244385143995e-44,0.12126083035607386,"A"
"TISTUD-7805","Improvement","2015-10-23T22:24:30.000+0000",False,0.0016437225684622148,0.0,1.8281324997971615e-44,0.09343629828947658,"A"
"TISTUD-8979","Bug","2018-01-09T03:54:38.000+0000",False,0.002322004327050755,0.0,2.3822767477201102e-46,0.12716794458930747,"A"
"TISTUD-8475","Bug","2016-04-28T23:34:05.000+0000",False,0.0008652721551097464,0.0,4.882585659566847e-41,0.05142504280102877,"A"
"TISTUD-8925","Bug","2017-11-23T13:33:11.000+0000",False,0.0030063342359083534,0.0,1.395212423656661e-17,0.15879014602496574,"A"
"TISTUD-7607","Bug","2015-06-23T16:53:09.000+0000",False,0.00267208051128762,0.0,1.3692266655696939e-39,0.1436306174636727,"A"
"TISTUD-6507","Improvement","2014-05-17T03:27:04.000+0000",False,0.0015324701101319725,0.0,1.2762139530253155e-41,0.08765772567215416,"A"
"TISTUD-7467","Bug","2015-05-01T11:58:51.000+0000",False,0.00371835185996449,0.0,1.3512376577833262e-42,0.18938915142154034,"A"
"TISTUD-5471","Story","2013-10-04T21:54:35.000+0000",False,0.002288938811298175,0.0,7.665893804371127e-42,0.12558084271303568,"A"
"TISTUD-5539","Story","2013-10-17T21:05:00.000+0000",False,0.0018968538601630718,0.0,9.882686793314186e-46,0.10631996767468564,"A"
"TISTUD-6824","Story","2014-08-22T13:14:00.000+0000",False,0.005095296293382492,0.0,4.25079358494789e-43,0.24276791986099672,"A"
"TISTUD-7251","Bug","2015-03-11T18:55:35.000+0000",False,0.0023945845450470127,0.0,6.664127344953724e-21,0.13063194373309464,"A"
"TISTUD-8933","Bug","2017-11-28T05:42:28.000+0000",False,0.006632647386542035,0.0,2.0766926317958946e-40,0.2947694529473516,"A"
"TISTUD-5403","Improvement","2013-09-18T05:19:16.000+0000",False,0.011277030810215416,0.0,1.2160824482968798e-38,0.41656733804833423,"A"
"TISTUD-7606","Bug","2015-06-22T23:23:19.000+0000",False,0.00429087320405914,0.0,7.623905082417353e-40,0.21245343918473017,"A"
"TISTUD-8685","Improvement","2017-01-10T04:51:01.000+0000",False,0.004021959390821168,0.0,1.2863941973411951e-29,0.20178249918690344,"A"
"TISTUD-7754","Improvement","2015-10-07T03:01:04.000+0000",False,0.001630187243975366,0.0,5.766540473250953e-48,0.092737104621074,"A"
"TISTUD-5960","Bug","2013-12-26T16:18:35.000+0000",False,0.004764591398795725,0.0,8.092470058725589e-40,0.23058654140906806,"A"
"TISTUD-8835","Improvement","2017-08-02T04:12:05.000+0000",False,0.005565458839920093,0.0,1.6727058975895128e-42,0.25944991982940124,"A"
"TISTUD-7756","Improvement","2015-10-07T05:44:39.000+0000",True,0.003194197939180149,0.0,1.0640771516252908e-42,0.1670814179464731,"A"
"TISTUD-7461","Bug","2015-04-29T04:23:31.000+0000",False,0.0015644102541974507,0.0,5.159525572492823e-37,0.08932412405467129,"A"
"TISTUD-7642","Bug","2015-07-10T07:45:44.000+0000",False,0.0015186132046981118,0.0,1.4598189741051324e-26,0.08693291070147299,"A"
"TISTUD-8584","Bug","2016-09-06T08:59:41.000+0000",False,0.003431102260874559,0.0,5.610867738789542e-09,0.17731122757581547,"A"
"TISTUD-6507","Improvement","2014-05-17T03:27:04.000+0000",False,0.0015324701101319725,0.0,1.2762139530253155e-41,0.08765772567215416,"A"
"TISTUD-5368","Story","2013-09-08T00:05:00.000+0000",False,0.0012452255679134283,0.0,1.4537940057241844e-41,0.07239778375373107,"A"
"TISTUD-3863","Improvement","2013-03-19T18:50:22.000+0000",True,0.019811575178937075,1.0,1.542218879225825e-34,0.5585518369377722,"A"
"TISTUD-5359","Story","2013-09-06T23:14:45.000+0000",False,0.0019977559574146145,0.0,3.3462195250869496e-35,0.11135587250095078,"A"
"TISTUD-7605","Bug","2015-06-22T23:11:01.000+0000",False,0.004825701127786807,0.0,0.9999999999959073,0.23286630889641288,"A"
"TISTUD-7450","Improvement","2015-04-24T16:20:30.000+0000",False,0.0017042925730291045,0.0,5.594599597070773e-44,0.09655223449247942,"A"
"TISTUD-5339","Story","2013-08-29T14:10:31.000+0000",False,0.0012242478057177268,0.0,4.1750248375135795e-38,0.07126365894735678,"A"
"TISTUD-7899","Bug","2015-12-02T08:08:11.000+0000",False,0.001620310759129357,0.0,1.5352155216761973e-45,0.09222624646876638,"A"
"TISTUD-4362","Story","2013-04-22T22:16:09.000+0000",False,0.005548479435092089,0.0,2.73199137898779e-46,0.25886000180668084,"A"
"TISTUD-6198","Bug","2014-02-25T19:31:12.000+0000",False,0.00135304861918523,0.0,1.0311463847279322e-33,0.07818435035956708,"A"
"TISTUD-5811","Bug","2013-11-28T01:16:34.000+0000",False,0.005819694473901613,0.0,7.1205992054610425e-43,0.26817423858952644,"A"
"TISTUD-7249","Bug","2015-03-11T13:46:29.000+0000",False,0.010073521812320506,0.0,1.5499913317360928e-44,0.3891337257051563,"A"
"TISTUD-8925","Bug","2017-11-23T13:33:11.000+0000",False,0.0030063342359083534,0.0,1.395212423656661e-17,0.15879014602496574,"A"
"TISTUD-5369","Story","2013-09-08T00:13:31.000+0000",False,0.005068384450686337,0.0,6.851501727320588e-40,0.2417907701122801,"A"
"TISTUD-6236","Story","2014-03-07T18:44:54.000+0000",False,0.004586001087213065,0.0,2.70816902680949e-38,0.22384732187254178,"A"
"TISTUD-5418","Improvement","2013-09-20T14:46:10.000+0000",False,0.002396928450825092,0.0,5.951655383542794e-31,0.13074336025641745,"A"
"TISTUD-4022","Improvement","2013-03-30T18:50:44.000+0000",False,0.004902034711024554,0.0,1.5982829180078069e-43,0.23569550118330965,"A"
"TISTUD-5665","Story","2013-11-06T23:23:50.000+0000",False,0.01475560467749402,0.0,2.669199130301417e-43,0.48388022323543556,"A"
"TISTUD-2948","Story","2012-12-03T21:34:37.000+0000",False,0.007884893180946347,0.0,8.219664275208674e-45,0.3322280295867563,"A"
"TISTUD-5986","Improvement","2014-01-06T23:13:42.000+0000",False,0.0023621228051302324,0.0,3.311183177043661e-33,0.12908600118785235,"A"
"TISTUD-5383","Improvement","2013-09-13T00:46:08.000+0000",False,0.003401513845356291,0.0,6.073533176066319e-45,0.17604705469101675,"A"
"TISTUD-5074","Improvement","2013-07-03T14:15:42.000+0000",False,0.002066445662997805,0.0,3.1339427201792956e-22,0.11475232476390229,"A"
"TISTUD-7942","Bug","2016-01-06T00:38:09.000+0000",False,0.0017045562297438991,0.0,1.7454118776403552e-38,0.0965657519332441,"A"
"TISTUD-6148","Improvement","2014-02-10T17:39:20.000+0000",False,0.0032565670526556903,0.0,6.573773375989484e-35,0.16979870750689577,"A"
"TISTUD-7799","Bug","2015-10-20T08:33:02.000+0000",False,0.001513742945491146,0.0,1.0,0.08667789260276462,"A"
"TISTUD-6423","Story","2014-05-08T17:15:14.000+0000",True,0.008788074768200106,1.0,2.3621050059641156e-25,0.3569177151645276,"A"
"TISTUD-5767","Bug","2013-11-19T21:47:48.000+0000",False,0.004384793779350568,0.0,3.167297821190609e-31,0.21611477686671995,"A"
"TISTUD-8531","Story","2016-07-08T10:22:12.000+0000",False,0.002510003644986406,0.0,3.622991529611978e-38,0.13608524186462972,"A"
"TISTUD-5071","Improvement","2013-07-03T14:14:13.000+0000",False,0.0019320396681538016,0.0,6.341425612492729e-22,0.1080824026790607,"A"
"TISTUD-5104","Story","2013-07-15T18:39:36.000+0000",False,0.011691560563775568,0.0,1.9929879394430127e-26,0.4254689197020115,"A"
"TISTUD-6323","Improvement","2014-04-14T18:55:47.000+0000",False,0.004968765176568174,0.0,3.4425441894473615e-37,0.23815207963582458,"A"
"TISTUD-9053","Bug","2018-04-02T08:30:37.000+0000",False,0.0014249855213341394,0.0,5.542778414043668e-37,0.08200570591042562,"A"
"TISTUD-8791","Bug","2017-06-08T18:19:11.000+0000",False,0.0030232908567415524,0.0,9.29094605721526e-33,0.1595451599549429,"A"
"TISTUD-5225","Bug","2013-08-08T22:26:40.000+0000",False,0.004863812350222102,0.0,1.0,0.23428140453387228,"A"
"TISTUD-8642","Bug","2016-11-01T07:46:14.000+0000",False,0.0016347210648981752,0.0,3.772206566096921e-43,0.09297142599459508,"A"
"TISTUD-8529","Story","2016-07-01T04:57:29.000+0000",False,0.004865923845234789,0.0,1.0493043487824849e-39,0.23435965632362232,"A"
"TISTUD-5339","Story","2013-08-29T14:10:31.000+0000",False,0.0012242478057177268,0.0,4.1750248375135795e-38,0.07126365894735678,"A"
"TISTUD-5151","Bug","2013-07-25T10:15:48.000+0000",False,0.00656535416297961,0.0,3.609648830330195e-23,0.29263999977190364,"A"
"TISTUD-8698","Bug","2017-02-02T04:58:26.000+0000",False,0.0023216058497154885,0.0,1.1315617344639141e-38,0.1271488518663001,"A"
"TISTUD-9060","Bug","2018-04-13T17:07:50.000+0000",False,0.0014793157658623826,0.0,5.909674481076431e-39,0.08487120605114522,"A"
"TISTUD-5416","Improvement","2013-09-20T14:38:00.000+0000",False,0.001124235956190576,0.0,5.766677520799067e-25,0.0658190111622412,"A"
"TISTUD-5195","Story","2013-08-02T18:31:14.000+0000",False,0.0011787663281366291,0.0,3.0790993253870744e-40,0.06879540014602714,"A"
"TISTUD-5392","Story","2013-09-13T21:05:20.000+0000",False,0.007296700239846014,0.0,8.242632570812639e-36,0.31512988380970325,"A"
"TISTUD-7110","Story","2015-01-06T19:00:25.000+0000",False,0.003417438451507462,0.0,1.4406068699320995e-42,0.17672791078554437,"A"
"TISTUD-8495","Bug","2016-05-17T22:28:12.000+0000",False,0.0006169594162455425,0.0,8.127558256662547e-43,0.03720759593425326,"A"
"TISTUD-8530","Improvement","2016-07-05T08:36:10.000+0000",False,0.0021546765847886983,0.0,2.111619476216053e-42,0.11907778828156335,"A"
"TISTUD-8936","Bug","2017-11-29T23:11:16.000+0000",False,0.0018677309479474215,0.0,9.248403653508235e-41,0.10485603685099579,"A"
"TISTUD-8997","Bug","2018-01-30T02:22:54.000+0000",False,0.005988962725495201,0.0,2.2942945937576464e-46,0.27387213143447736,"A"
"TISTUD-6722","Bug","2014-07-15T23:48:29.000+0000",False,0.001223125514798521,0.0,1.181572915654621e-23,0.07120290750399559,"A"
"TISTUD-9118","Bug","2018-09-04T07:16:05.000+0000",False,0.0010308010444873264,0.0,2.531737654786612e-28,0.06067541750649743,"A"
"TISTUD-5199","Bug","2013-08-02T21:16:25.000+0000",False,0.004053717624261988,0.0,3.172234208504457e-45,0.20305744947872165,"A"
"TISTUD-9047","Bug","2018-03-27T22:05:00.000+0000",False,0.004230361354355427,0.0,7.101996911303162e-38,0.21007668336478427,"A"
"TISTUD-6507","Improvement","2014-05-17T03:27:04.000+0000",False,0.0015324701101319725,0.0,1.2762139530253155e-41,0.08765772567215416,"A"
"TISTUD-7682","Improvement","2015-08-24T17:38:43.000+0000",False,0.0030564697622868404,0.0,1.2409502116911765e-12,0.16101865101826213,"A"
"TISTUD-5914","Improvement","2013-12-13T21:44:19.000+0000",False,0.0027610533484628483,0.0,8.989791086697272e-33,0.1477179412488777,"A"
"TISTUD-6917","Bug","2014-09-11T21:05:04.000+0000",False,0.001446696966194644,0.0,4.352294318361666e-27,0.08315292930550608,"A"
"TISTUD-5393","Story","2013-09-13T21:12:01.000+0000",False,0.0017737102966411584,0.0,5.539734920975984e-39,0.10009755069898547,"A"
"TISTUD-8458","Bug","2016-04-11T14:16:13.000+0000",False,0.0009077612668204618,0.0,1.0,0.05381653711960733,"A"
"TISTUD-8026","Bug","2016-03-23T07:32:03.000+0000",False,0.0012919645163262984,0.0,1.1248247925975507e-35,0.07491487715910086,"A"
"TISTUD-8984","Bug","2018-01-16T09:24:59.000+0000",False,0.005217135156784023,0.0,1.1414264108418021e-34,0.24716112450476335,"A"
"TISTUD-7430","Improvement","2015-04-21T22:59:09.000+0000",False,0.009836053042283115,0.0,5.508402608426496e-46,0.3834215006322517,"A"
"TISTUD-5811","Bug","2013-11-28T01:16:34.000+0000",False,0.005819694473901613,0.0,7.1205992054610425e-43,0.26817423858952644,"A"
"TISTUD-7052","Bug","2014-11-14T23:47:39.000+0000",False,0.0032707849175774503,0.0,3.5720885267763884e-40,0.17041571731330743,"A"
"TISTUD-8960","Bug","2017-12-15T08:31:23.000+0000",True,0.00278697793419362,0.0,1.4471594198649153e-25,0.1489016968771821,"A"
"TISTUD-6108","Story","2014-01-29T20:57:24.000+0000",False,0.0030040980024157986,0.0,4.245774639808845e-35,0.15869047570200606,"A"
"TISTUD-9027","Bug","2018-03-09T03:48:13.000+0000",False,0.006275654593158969,0.0,1.0207462871151704e-40,0.28332724115049285,"A"
"TISTUD-4525","Bug","2013-05-03T22:04:18.000+0000",False,0.006391739810323642,0.0,4.378851317729268e-35,0.28708758193402706,"A"
"TISTUD-5960","Bug","2013-12-26T16:18:35.000+0000",False,0.004764591398795725,0.0,8.092470058725589e-40,0.23058654140906806,"A"
"TISTUD-8997","Bug","2018-01-30T02:22:54.000+0000",False,0.005988962725495201,0.0,2.2942945937576464e-46,0.27387213143447736,"A"
"TISTUD-4217","Improvement","2013-04-10T23:22:58.000+0000",False,0.0022558184965407865,0.0,1.5242447571862052e-43,0.12398541990625687,"A"
"TISTUD-5471","Story","2013-10-04T21:54:35.000+0000",False,0.002288938811298175,0.0,7.665893804371127e-42,0.12558084271303568,"A"
"TISTUD-5663","Improvement","2013-11-06T22:39:04.000+0000",False,0.002773936329346661,0.0,3.787729133167901e-30,0.14830660117415853,"A"
"TISTUD-6219","Story","2014-03-06T16:24:55.000+0000",False,0.006883644353248407,0.0,7.067448292427481e-43,0.30260274178133134,"A"
"TISTUD-5393","Story","2013-09-13T21:12:01.000+0000",False,0.0017737102966411584,0.0,5.539734920975984e-39,0.10009755069898547,"A"
"TISTUD-8819","Bug","2017-07-13T07:59:11.000+0000",False,0.0009479742864495125,0.0,2.2274411250312274e-35,0.056069027365293934,"A"
"TISTUD-6726","Bug","2014-07-17T15:03:28.000+0000",False,0.0011233017132405605,0.0,1.84119255057009e-42,0.06576785515552179,"A"
"TISTUD-7475","Bug","2015-05-04T22:38:23.000+0000",False,0.00037023170228022947,0.0,2.663762985657827e-35,0.02265972078752024,"A"
"TISTUD-5643","Bug","2013-11-04T21:59:09.000+0000",False,0.0007958650306303973,0.0,5.774125462984337e-48,0.04749280268811124,"A"
"TISTUD-6778","Improvement","2014-08-08T01:03:16.000+0000",False,0.006775310733671598,0.0,9.668668037429637e-39,0.2992427533719461,"A"
"TISTUD-7784","Bug","2015-10-16T23:32:54.000+0000",False,0.000617463756604732,0.0,3.7068146385457155e-45,0.03723689720250856,"A"
"TISTUD-7622","Bug","2015-06-27T21:13:19.000+0000",False,0.0011615539781350483,0.0,1.062743466724712e-34,0.06785792727611856,"A"
"TISTUD-5986","Improvement","2014-01-06T23:13:42.000+0000",False,0.0023621228051302324,0.0,3.311183177043661e-33,0.12908600118785235,"A"
"TISTUD-8838","Bug","2017-08-03T06:05:19.000+0000",False,0.0015114567000429672,0.0,7.727785902593923e-23,0.08655813119470332,"A"
"TISTUD-7708","Bug","2015-09-15T08:21:42.000+0000",False,0.0020494743677463997,0.0,4.151840152376881e-37,0.11391553067250941,"A"
"TISTUD-5770","Bug","2013-11-20T00:13:49.000+0000",False,0.002139037271487733,0.0,5.3425369446065046e-45,0.11831411041307649,"A"
"TISTUD-5976","Bug","2014-01-03T20:24:27.000+0000",False,0.002740938494583606,0.0,2.555231232844174e-40,0.14679723817805232,"A"
"TISTUD-6709","Bug","2014-07-11T19:51:19.000+0000",False,0.0030473171168250816,0.0,4.010743084068886e-41,0.16061268416459606,"A"
"TISTUD-4363","Story","2013-04-22T22:17:35.000+0000",False,0.0029807099729019394,0.0,2.0265771947209125e-45,0.15764666646293793,"A"
"TISTUD-7515","Bug","2015-05-17T05:52:04.000+0000",False,0.012191726596443563,0.0,2.538458289410167e-43,0.43586383215944946,"A"
"TISTUD-4357","Story","2013-04-22T22:05:33.000+0000",False,0.002312209823600056,0.0,3.059008764540471e-45,0.12669841102412605,"A"
"TISTUD-4356","Story","2013-04-22T22:04:45.000+0000",False,0.001407331102732086,0.0,1.3176381713734273e-44,0.08107077238944675,"A"
"TISTUD-8453","Bug","2016-04-06T22:20:55.000+0000",False,0.0005299781884680699,0.0,1.3654959320644232e-44,0.032127770319279825,"A"
"TISTUD-8836","Improvement","2017-08-02T04:19:24.000+0000",False,0.004698870258885166,0.0,2.0933008107226888e-46,0.22811988455955223,"A"
"TISTUD-6350","Bug","2014-03-05T01:16:26.000+0000",False,0.0021284242440061073,0.0,1.0706454649619752e-38,0.11779512843241066,"A"
"TISTUD-8978","Bug","2018-01-08T07:00:31.000+0000",False,0.004202145826965464,0.0,2.488953371091745e-42,0.2089636355504908,"A"
"TISTUD-3814","Improvement","2013-03-13T23:49:47.000+0000",False,0.0027199896421047465,0.0,3.958264544458784e-38,0.14583628364823595,"A"
"TISTUD-5195","Story","2013-08-02T18:31:14.000+0000",False,0.0011787663281366291,0.0,3.0790993253870744e-40,0.06879540014602714,"A"
"TISTUD-3970","Improvement","2013-03-28T06:17:16.000+0000",False,0.0028209000416361996,0.0,1.872388331133435e-43,0.15044576651450128,"A"
"TISTUD-7608","Bug","2015-06-23T16:56:47.000+0000",False,0.0009525564893020622,0.0,5.172559296785037e-34,0.0563250256772221,"A"
"TISTUD-5416","Improvement","2013-09-20T14:38:00.000+0000",False,0.001124235956190576,0.0,5.766677520799067e-25,0.0658190111622412,"A"
"TISTUD-6148","Improvement","2014-02-10T17:39:20.000+0000",False,0.0032565670526556903,0.0,6.573773375989484e-35,0.16979870750689577,"A"
"TISTUD-5671","Bug","2013-11-07T21:11:05.000+0000",False,0.0010642918027380655,0.0,5.983404964229626e-43,0.06252547336734428,"A"
"TISTUD-6778","Improvement","2014-08-08T01:03:16.000+0000",False,0.006775310733671598,0.0,9.668668037429637e-39,0.2992427533719461,"A"
"TISTUD-8840","Improvement","2017-08-09T17:58:38.000+0000",True,0.031080732961421366,1.0,1.0534741779212649e-44,0.6675604910112581,"A"
"TISTUD-5158","Bug","2013-07-26T00:50:54.000+0000",False,0.003883874475629982,0.0,0.9999999999993747,0.19619220976071616,"A"
"TISTUD-3669","Improvement","2013-03-06T21:44:20.000+0000",False,0.0020584448133277324,0.0,6.29465557733649e-32,0.11435802483618977,"A"
"TISTUD-6455","Story","2014-05-12T14:45:35.000+0000",False,0.005424821568925439,0.0,5.002983687449726e-40,0.2545358406724067,"A"
"TISTUD-5648","Improvement","2013-11-05T13:55:43.000+0000",False,0.0028798614941649915,0.0,3.2849174558449194e-41,0.15311653727409127,"A"
"TISTUD-7066","Bug","2014-11-21T21:47:30.000+0000",False,0.0026070914247155645,0.0,4.946267348209506e-33,0.1406206864612527,"A"
"TISTUD-8541","Bug","2016-07-26T08:00:56.000+0000",False,0.0006767043360136828,0.0,8.858050725917899e-41,0.04066650855020234,"A"
"TISTUD-7591","Bug","2015-06-18T05:29:08.000+0000",False,0.00361699446071284,0.0,1.0198346765972329e-42,0.18516730717927365,"A"
"TISTUD-5769","Improvement","2013-11-19T23:34:57.000+0000",False,0.0008978799191877069,0.0,5.034725738135639e-39,0.053261425303513715,"A"
"TISTUD-5631","Story","2013-10-31T20:48:38.000+0000",False,0.0016169761897007874,0.0,1.8491147873336854e-38,0.09205363923742056,"A"
"TISTUD-8926","Improvement","2017-11-24T03:53:14.000+0000",False,0.0026737761309569407,0.0,3.8331676373306774e-47,0.14370887211115857,"A"
"TISTUD-5327","Improvement","2013-08-27T07:46:23.000+0000",False,0.0040583623904705355,0.0,1.2466270225951734e-26,0.2032435814487881,"A"
"TISTUD-8659","Improvement","2016-11-22T06:50:05.000+0000",False,0.0018719180110229714,0.0,2.529532616021832e-38,0.10506679917220861,"A"
"TISTUD-7426","Story","2015-04-20T03:42:29.000+0000",False,0.008464872101150458,0.0,4.496146551002069e-36,0.34829000446871217,"A"
"TISTUD-7597","Bug","2015-06-19T22:30:55.000+0000",False,0.0017751670032154076,0.0,4.0218397831592156e-41,0.10017165512430176,"A"
"TISTUD-5392","Story","2013-09-13T21:05:20.000+0000",False,0.007296700239846014,0.0,8.242632570812639e-36,0.31512988380970325,"A"
"TISTUD-7495","Bug","2015-05-13T08:03:50.000+0000",False,0.005092875673793645,0.0,1.9795723829406037e-30,0.2426801298288318,"A"
"TISTUD-3805","Story","2013-03-13T17:38:38.000+0000",False,0.002857105880025392,0.0,3.2018771346488176e-46,0.15208773342990906,"A"
"TISTUD-5473","Improvement","2013-10-04T22:00:51.000+0000",False,0.008002380778480346,0.0,1.1652969118692724e-42,0.3355438285319234,"A"
"TISTUD-7463","Bug","2015-04-29T19:59:29.000+0000",False,0.001917312176678145,0.0,3.863137608046934e-37,0.10734554334966194,"A"
"TISTUD-7467","Bug","2015-05-01T11:58:51.000+0000",False,0.00371835185996449,0.0,1.3512376577833262e-42,0.18938915142154034,"A"
"TISTUD-8930","Bug","2017-11-26T08:35:48.000+0000",False,0.00209117364010584,0.0,1.2607657230556792e-40,0.11596879873879182,"A"
"TISTUD-6198","Bug","2014-02-25T19:31:12.000+0000",False,0.00135304861918523,0.0,1.0311463847279322e-33,0.07818435035956708,"A"
"TISTUD-9116","Bug","2018-08-30T05:41:44.000+0000",False,0.003133204471775522,0.0,1.0,0.1644071356922016,"A"
"TISTUD-6742","New Feature","2014-07-24T17:10:47.000+0000",False,0.004873056571521104,0.0,9.047674685410597e-41,0.23462387865911047,"A"
"TISTUD-5302","Story","2013-08-26T04:40:10.000+0000",False,0.001577904466394101,0.0,9.13009224882801e-43,0.09002635550781413,"A"
"TISTUD-6116","Improvement","2014-01-30T02:19:52.000+0000",False,0.0018766131171481586,0.0,2.0170845323879484e-43,0.10530301871931101,"A"
"TISTUD-9140","Bug","2018-10-12T10:29:04.000+0000",False,0.002767850812702164,0.0,1.8926020442549915e-27,0.1480286361359074,"A"
"TISTUD-7511","Bug","2015-05-16T00:21:30.000+0000",False,0.0004583098504367303,0.0,5.795410386594955e-41,0.027902457612934528,"A"
"TISTUD-5594","Bug","2013-10-24T10:14:46.000+0000",False,0.0012532162440784286,0.0,3.4111966484430896e-40,0.07282906958011236,"A"
"TISTUD-5069","Improvement","2013-07-03T14:12:57.000+0000",False,0.0019328967006113265,0.0,2.5795629610139828e-22,0.10812524572611439,"A"
"TISTUD-3669","Improvement","2013-03-06T21:44:20.000+0000",False,0.0020584448133277324,0.0,6.29465557733649e-32,0.11435802483618977,"A"
"TISTUD-9125","Bug","2018-09-12T06:45:52.000+0000",False,0.0014458575616293616,0.0,2.971927532030893e-15,0.08310862789257038,"A"
"TISTUD-4251","Improvement","2013-04-12T20:21:46.000+0000",False,0.004540377930655974,0.0,6.571581447718225e-44,0.22210712162560586,"A"
"TISTUD-8836","Improvement","2017-08-02T04:19:24.000+0000",False,0.004698870258885166,0.0,2.0933008107226888e-46,0.22811988455955223,"A"
"TISTUD-8967","Bug","2017-12-20T07:31:25.000+0000",False,0.003427171132803461,0.0,1.0,0.1771434882722563,"A"
"TISTUD-5364","Story","2013-09-07T00:06:05.000+0000",False,0.00407315353807424,0.0,5.257989095032622e-40,0.2038357469745602,"A"
"TISTUD-7018","Bug","2014-10-17T05:22:50.000+0000",False,0.0032248406337094977,0.0,1.5748555771695805e-40,0.1684186316635025,"A"
"TISTUD-5665","Story","2013-11-06T23:23:50.000+0000",False,0.01475560467749402,0.0,2.669199130301417e-43,0.48388022323543556,"A"
"TISTUD-7804","Bug","2015-10-23T21:55:04.000+0000",False,0.0006103266631943433,0.0,1.3289278877902028e-41,0.036822081626181766,"A"
"TISTUD-5070","Improvement","2013-07-03T14:14:03.000+0000",False,0.001984339538133847,0.0,6.341425612492729e-22,0.11068949031104484,"A"
"TISTUD-7960","Story","2016-01-19T03:36:49.000+0000",False,0.0021577763344904554,0.0,4.434214738464175e-35,0.11922899685826484,"A"
"TISTUD-5492","Story","2013-10-08T23:08:23.000+0000",True,0.003993102401863033,0.0,1.2822657367290006e-44,0.20062054912713453,"A"
"TISTUD-5074","Improvement","2013-07-03T14:15:42.000+0000",False,0.002066445662997805,0.0,3.1339427201792956e-22,0.11475232476390229,"A"
"TISTUD-6709","Bug","2014-07-11T19:51:19.000+0000",False,0.0030473171168250816,0.0,4.010743084068886e-41,0.16061268416459606,"A"
"TISTUD-5439","Bug","2013-09-07T22:58:34.000+0000",False,0.0004628182508713737,0.0,1.041568302785817e-35,0.028169326163533074,"A"
"TISTUD-5457","Story","2013-09-30T23:24:45.000+0000",False,0.0021405601782876365,0.0,4.943165599721176e-36,0.11838853207724864,"A"
"TISTUD-6108","Story","2014-01-29T20:57:24.000+0000",False,0.0030040980024157986,0.0,4.245774639808845e-35,0.15869047570200606,"A"
"TISTUD-5543","Story","2013-10-18T17:25:57.000+0000",False,0.014269054988109584,0.0,4.219450277205015e-44,0.47538866604128355,"A"
"TISTUD-5622","Improvement","2013-10-29T17:13:38.000+0000",False,0.006783051157749841,0.0,2.4326646785602935e-37,0.299483873349805,"A"
"TISTUD-5059","Story","2013-07-02T13:28:53.000+0000",False,0.009048801833325399,0.0,1.8621499316789825e-36,0.36371692711677334,"A"
"TISTUD-5629","Story","2013-10-31T20:09:42.000+0000",False,0.00196617474694463,0.0,1.0446879362039116e-36,0.1097856949249959,"A"
"TISTUD-8889","Bug","2017-10-12T07:30:56.000+0000",False,0.006598560657407602,0.0,1.0,0.29369236786774705,"A"
"TISTUD-5868","Bug","2013-12-10T01:24:23.000+0000",False,0.007721325267958287,0.0,1.2405725382645771e-15,0.13583352560914058,"B"
"TISTUD-7052","Bug","2014-11-14T23:47:39.000+0000",False,0.017477109511726388,0.0,2.5306746151913005e-14,0.2643366672217025,"B"
"TISTUD-5263","Story","2013-08-14T15:05:55.000+0000",False,0.02234836868199953,0.0,3.2421437048781353e-11,0.31589155670089064,"B"
"TISTUD-8840","Improvement","2017-08-09T17:58:38.000+0000",True,0.08135970186052707,1.0,3.391306727707501e-14,0.6414511346214324,"B"
"TISTUD-8819","Bug","2017-07-13T07:59:11.000+0000",False,0.004121196636475175,0.0,2.443986307257478e-14,0.07714400061621418,"B"
"TISTUD-8569","Bug","2016-08-22T03:32:13.000+0000",False,0.030543697713044084,0.0,1.0,0.38891044365649147,"B"
"TISTUD-7515","Bug","2015-05-17T05:52:04.000+0000",False,0.02212926232121406,0.0,5.061528311607779e-16,0.31371801325324,"B"
"TISTUD-7488","Bug","2015-05-08T23:23:19.000+0000",False,0.0041447053988397,0.0,9.1643493599061e-18,0.07755161961928558,"B"
"TISTUD-5283","Bug","2013-08-20T18:39:19.000+0000",False,0.014710177453491189,0.0,1.4775848487417849e-13,0.23170413333396214,"B"
"TISTUD-7032","Bug","2014-10-27T15:57:55.000+0000",False,0.014818546680927618,0.0,1.7479010735088946e-14,0.2330330027183489,"B"
"TISTUD-5263","Story","2013-08-14T15:05:55.000+0000",False,0.02234836868199953,0.0,3.2421437048781353e-11,0.31589155670089064,"B"
"TISTUD-8890","Improvement","2017-10-13T03:58:17.000+0000",False,0.013458822295432544,0.0,4.574173099300971e-15,0.21604114920359768,"B"
"TISTUD-8750","Story","2017-05-02T13:10:55.000+0000",False,0.022595951584931245,0.0,2.099425717174646e-15,0.31833224018323253,"B"
"TISTUD-7469","Improvement","2015-05-01T21:14:25.000+0000",False,0.00925090760449655,0.0,3.5554532019982865e-15,0.15868339707281492,"B"
"TISTUD-7180","Bug","2015-02-04T22:26:03.000+0000",False,0.0033681303010193015,0.0,2.0988635554080917e-12,0.06390370103778735,"B"
"TISTUD-8929","Bug","2017-11-26T02:53:26.000+0000",False,0.0440178508634227,0.0,1.6961752015323875e-13,0.481892576554978,"B"
"TISTUD-9137","Bug","2018-10-10T11:57:49.000+0000",False,0.010437921153239205,0.0,1.3669329820195273e-13,0.17564527407761651,"B"
"TISTUD-8911","Improvement","2017-11-16T17:35:53.000+0000",False,0.017900564514816367,0.0,1.214767923183585e-15,0.2691031246096033,"B"
"TISTUD-5551","Bug","2013-10-20T07:16:31.000+0000",False,0.003977100798743112,0.0,2.3744770840800677e-10,0.07463804963561986,"B"
"TISTUD-7469","Improvement","2015-05-01T21:14:25.000+0000",False,0.00925090760449655,0.0,3.5554532019982865e-15,0.15868339707281492,"B"
"TISTUD-4363","Story","2013-04-22T22:17:35.000+0000",False,0.005932039785914035,0.0,3.509612832081074e-17,0.10757493843230771,"B"
"TISTUD-6834","New Feature","2014-08-26T17:13:18.000+0000",False,0.01830438171843691,0.0,5.120048531301276e-15,0.2735951141299975,"B"
"TISTUD-6129","Improvement","2014-02-03T23:34:39.000+0000",False,0.007996416315699986,0.0,2.194295589564637e-13,0.1400288180508097,"B"
"TISTUD-6031","Bug","2014-01-16T01:31:23.000+0000",False,0.017458656669690587,0.0,6.334416277461959e-15,0.2641276400599351,"B"
"TISTUD-7109","Story","2015-01-06T18:58:16.000+0000",False,0.008039102245556139,0.0,1.4005401356918336e-16,0.1406763615957357,"B"
"TISTUD-8544","Improvement","2016-07-29T07:18:14.000+0000",False,0.008921128661866154,0.0,1.7867984572305694e-14,0.15385384073070427,"B"
"TISTUD-9048","Bug","2018-03-28T03:40:32.000+0000",False,0.0015209233061258055,0.0,1.1086037429347914e-12,0.029850951434989,"B"
"TISTUD-5070","Improvement","2013-07-03T14:14:03.000+0000",False,0.005178575032804816,0.0,1.0651289312455989e-12,0.09514688975423552,"B"
"TISTUD-9097","Bug","2018-07-04T04:30:11.000+0000",False,0.007401687668862361,0.0,9.194579529665257e-14,0.1309101367663887,"B"
"TISTUD-7449","Improvement","2015-04-24T16:17:02.000+0000",False,0.01584697662817761,0.0,5.387467464165651e-15,0.24543300337765192,"B"
"TISTUD-6102","Bug","2014-01-28T21:40:22.000+0000",False,0.011463289175686425,0.0,1.5239170076367164e-14,0.18978719892167778,"B"
"TISTUD-6102","Bug","2014-01-28T21:40:22.000+0000",False,0.011463289175686425,0.0,1.5239170076367164e-14,0.18978719892167778,"B"
"TISTUD-7251","Bug","2015-03-11T18:55:35.000+0000",False,0.01505613353713665,0.0,5.901726200604296e-06,0.23593138130546554,"B"
"TISTUD-8938","Bug","2017-11-30T06:17:17.000+0000",False,0.010380235342683286,0.0,2.3077595407359405e-15,0.1748358736395386,"B"
"TISTUD-8544","Improvement","2016-07-29T07:18:14.000+0000",False,0.008921128661866154,0.0,1.7867984572305694e-14,0.15385384073070427,"B"
"TISTUD-8932","Bug","2017-11-27T15:03:33.000+0000",False,0.013512296331795072,0.0,1.6964780602701151e-15,0.2167226968979032,"B"
"TISTUD-6677","Bug","2014-07-02T17:20:49.000+0000",False,0.017019321497426482,0.0,8.02764731493476e-15,0.2591180401959564,"B"
"TISTUD-7606","Bug","2015-06-22T23:23:19.000+0000",False,0.012489524298347092,0.0,1.5067432695426324e-16,0.20349138689977964,"B"
"TISTUD-9075","Bug","2018-05-04T17:49:43.000+0000",False,0.007499949105042382,0.0,7.41949485510766e-13,0.13242928437895604,"B"
"TISTUD-5310","Improvement","2013-08-26T22:22:46.000+0000",False,0.0060647300931720785,0.0,1.6393053747964057e-16,0.10973024854483825,"B"
"TISTUD-8928","Bug","2017-11-26T01:18:14.000+0000",False,0.03760063938343692,0.0,1.079335259405194e-12,0.4410933728696624,"B"
"TISTUD-8665","Bug","2016-12-13T08:21:34.000+0000",False,0.02632975946140591,0.0,3.3484679733208767e-13,0.3532713748778345,"B"
"TISTUD-8795","Bug","2017-06-14T07:35:48.000+0000",False,0.01361662995891134,0.0,3.0943272559625544e-10,0.2180492761040708,"B"
"TISTUD-6507","Improvement","2014-05-17T03:27:04.000+0000",False,0.00561776640005386,0.0,1.1124509012568865e-16,0.10243060231721718,"B"
"TISTUD-3863","Improvement","2013-03-19T18:50:22.000+0000",True,0.17181359361366846,1.0,0.001735434374796546,0.8073456869009848,"B"
"TISTUD-7171","Bug","2015-02-04T00:54:26.000+0000",False,0.005277081546198403,0.0,6.0588090522159644e-15,0.09679026128134517,"B"
"TISTUD-5069","Improvement","2013-07-03T14:12:57.000+0000",False,0.004696410657063333,0.0,1.4555498562211728e-12,0.0870207406997308,"B"
"TISTUD-5326","Improvement","2013-08-27T13:26:18.000+0000",False,0.004406543120275824,0.0,1.8231597724377002e-14,0.08206869735790773,"B"
"TISTUD-5425","Improvement","2013-09-20T21:20:23.000+0000",False,0.0032138548827136074,0.0,1.639731921528574e-17,0.06114674664187944,"B"
"TISTUD-7052","Bug","2014-11-14T23:47:39.000+0000",False,0.017477109511726388,0.0,2.5306746151913005e-14,0.2643366672217025,"B"
"TISTUD-5594","Bug","2013-10-24T10:14:46.000+0000",False,0.004873376215063231,0.0,1.229671800313043e-15,0.09001920815974274,"B"
"TISTUD-9117","Bug","2018-08-30T10:48:48.000+0000",False,0.016540134117492118,0.0,3.210841408794298e-08,0.25358088249593647,"B"
"TISTUD-5821","Bug","2013-11-28T14:45:47.000+0000",False,0.003880218097101181,0.0,4.3237090272521974e-16,0.07294592078798023,"B"
"TISTUD-5769","Improvement","2013-11-19T23:34:57.000+0000",False,0.0021813360740698786,0.0,5.679504043491915e-18,0.04229174070329068,"B"
"TISTUD-4886","Improvement","2013-06-06T10:48:58.000+0000",False,0.004413275385832156,0.0,6.4474533882205584e-18,0.08218428652814239,"B"
"TISTUD-7249","Bug","2015-03-11T13:46:29.000+0000",False,0.03912813934712096,0.0,2.1509600684633236e-14,0.45132549734910393,"B"
"TISTUD-5761","Bug","2013-11-19T10:03:11.000+0000",False,0.03117233907667451,0.0,1.0,0.39391788516313025,"B"
"TISTUD-7689","Bug","2015-08-27T22:26:33.000+0000",False,0.0035795865942075743,0.0,7.745869883883062e-13,0.06765766871180419,"B"
"TISTUD-7852","Improvement","2015-11-12T23:23:40.000+0000",False,0.008008590509159325,0.0,4.233020073756981e-16,0.1402135937644918,"B"
"TISTUD-5029","Improvement","2013-06-26T10:07:40.000+0000",False,0.01647585416090325,0.0,9.128957412672716e-15,0.25283221984761917,"B"
"TISTUD-7212","Bug","2015-02-19T08:00:10.000+0000",False,0.023994652674470842,0.0,1.9912362496562666e-14,0.3318223245991721,"B"
"TISTUD-5660","Story","2013-11-06T22:13:16.000+0000",False,0.006378376895270854,0.0,9.690782375716164e-16,0.11478596843972483,"B"
"TISTUD-8787","Improvement","2017-06-06T08:11:27.000+0000",False,0.01606429695861907,0.0,9.325243059965014e-16,0.24800538213103834,"B"
"TISTUD-5385","Story","2013-09-13T18:44:07.000+0000",False,0.016295177893506672,0.0,2.1635753090263082e-15,0.2507203618193252,"B"
"TISTUD-4361","Story","2013-04-22T22:12:32.000+0000",False,0.011212806052487367,0.0,1.9031118590905374e-16,0.18637481657157337,"B"
"TISTUD-5368","Story","2013-09-08T00:05:00.000+0000",False,0.004221224571808051,0.0,1.650131507554671e-16,0.07887603035154739,"B"
"TISTUD-5631","Story","2013-10-31T20:48:38.000+0000",False,0.003355308356382157,0.0,2.2509965451483368e-17,0.06367515314861323,"B"
"TISTUD-7076","Improvement","2014-12-02T01:31:19.000+0000",False,0.009282150470672181,0.0,1.8360575033977372e-07,0.15913825170639287,"B"
"TISTUD-5247","Bug","2013-08-12T14:50:53.000+0000",False,0.0192704516147012,0.0,0.2810389252954438,0.28413518616284794,"B"
"TISTUD-9085","Improvement","2018-06-08T16:44:51.000+0000",False,0.026927161539798496,0.0,7.861806157889397e-15,0.3585551250563053,"B"
"TISTUD-5326","Improvement","2013-08-27T13:26:18.000+0000",False,0.004406543120275824,0.0,1.8231597724377002e-14,0.08206869735790773,"B"
"TISTUD-5541","Story","2013-10-18T12:57:42.000+0000",False,0.01059645415907823,0.0,4.036448601665836e-16,0.17786200718288295,"B"
"TISTUD-5761","Bug","2013-11-19T10:03:11.000+0000",False,0.03117233907667451,0.0,1.0,0.39391788516313025,"B"
"TISTUD-8967","Bug","2017-12-20T07:31:25.000+0000",False,0.03002182181076151,0.0,1.0,0.38469519128211693,"B"
"TISTUD-5886","Improvement","2013-12-11T22:45:06.000+0000",False,0.005869392549839899,0.0,3.880479029670519e-18,0.10655391932599916,"B"
"TISTUD-7132","Bug","2015-01-20T00:14:09.000+0000",False,0.015489459986110348,0.0,9.884821536347505e-15,0.2411651478825445,"B"
"TISTUD-5061","Story","2013-07-02T13:33:56.000+0000",False,0.034559924246782066,0.0,8.554244692798778e-09,0.4196508916770754,"B"
"TISTUD-3804","Improvement","2013-03-13T17:11:27.000+0000",False,0.02744486509104252,0.0,9.926740255389412e-13,0.3630697755001265,"B"
"TISTUD-6917","Bug","2014-09-11T21:05:04.000+0000",False,0.004687275079939258,0.0,7.657027312884888e-12,0.08686544196344807,"B"
"TISTUD-7475","Bug","2015-05-04T22:38:23.000+0000",False,0.0019986040946208326,0.0,2.8672398082534135e-15,0.03887985819079563,"B"
"TISTUD-8023","Bug","2016-03-18T09:17:08.000+0000",False,0.013956504732751578,0.0,4.78183109766918e-12,0.2223416418166001,"B"
"TISTUD-6144","Bug","2014-02-10T07:01:48.000+0000",False,0.03168502833774071,0.0,3.178237612500752e-10,0.3979460689612863,"B"
"TISTUD-6399","Bug","2014-05-01T18:50:55.000+0000",False,0.004278461481260508,0.0,2.023156523330853e-07,0.07986434838617479,"B"
"TISTUD-5225","Bug","2013-08-08T22:26:40.000+0000",False,0.01326217916096564,0.0,0.9999999999968736,0.2135252617408094,"B"
"TISTUD-8652","Bug","2016-11-09T00:33:21.000+0000",False,0.015814153720474112,0.0,3.480706868809102e-15,0.24504305360958353,"B"
"TISTUD-5821","Bug","2013-11-28T14:45:47.000+0000",False,0.003880218097101181,0.0,4.3237090272521974e-16,0.07294592078798023,"B"
"TISTUD-8998","Bug","2018-01-30T02:24:08.000+0000",False,0.02128533284057586,0.0,9.913681169536136e-16,0.3052249017712975,"B"
"TISTUD-8541","Bug","2016-07-26T08:00:56.000+0000",False,0.002868801603851225,0.0,3.6521558484360493e-16,0.05492449670066369,"B"
"TISTUD-8750","Story","2017-05-02T13:10:55.000+0000",False,0.022595951584931245,0.0,2.099425717174646e-15,0.31833224018323253,"B"
"TISTUD-5322","Improvement","2013-08-27T13:20:07.000+0000",False,0.003627021538273131,0.0,1.6600815984004086e-14,0.06849586434788688,"B"
"TISTUD-7474","Bug","2015-05-04T05:24:53.000+0000",False,0.004330940257476238,0.0,2.4954932259159906e-17,0.0807687447258991,"B"
"TISTUD-8577","Bug","2016-09-01T06:20:15.000+0000",False,0.0447073071025745,0.0,1.0,0.4859541425596789,"B"
"TISTUD-4335","Bug","2013-04-16T02:18:48.000+0000",False,0.01140841124727437,0.0,2.045229361226651e-15,0.1890418890259293,"B"
"TISTUD-5504","Improvement","2013-10-10T11:29:04.000+0000",False,0.014302102269453876,0.0,4.244871178802851e-12,0.22666121405535208,"B"
"TISTUD-7796","Bug","2015-10-20T21:38:26.000+0000",False,0.0398071883617092,0.0,4.869256568978254e-08,0.45576495431382774,"B"
"TISTUD-8516","Bug","2016-06-07T08:27:00.000+0000",False,0.037393009739271024,0.0,1.0,0.439675572099942,"B"
"TISTUD-8944","Bug","2017-12-04T04:15:04.000+0000",False,0.01343452524426885,0.0,7.713586761885633e-18,0.21573110610750484,"B"
"TISTUD-8516","Bug","2016-06-07T08:27:00.000+0000",False,0.037393009739271024,0.0,1.0,0.439675572099942,"B"
"TISTUD-5295","Improvement","2013-08-23T01:45:13.000+0000",False,0.007937746699668343,0.0,2.8544879377135587e-07,0.13913729980118672,"B"
"TISTUD-5105","Story","2013-07-15T18:41:15.000+0000",False,0.03289810303923972,0.0,1.7352907082825904e-06,0.4072836066705656,"B"
"TISTUD-7479","Bug","2015-05-06T00:48:26.000+0000",False,0.004212478714302562,0.0,2.5821715618746927e-17,0.07872483735715612,"B"
"TISTUD-7758","Bug","2015-10-07T07:56:02.000+0000",False,0.00679094469970454,0.0,3.203756163835201e-16,0.12135418004001984,"B"
"TISTUD-6407","Story","2014-05-05T12:31:38.000+0000",False,0.014940350137622413,0.0,9.726958930783433e-12,0.23452147897494274,"B"
"TISTUD-4359","Story","2013-04-22T22:07:52.000+0000",False,0.00946669859713935,0.0,7.195570983228758e-17,0.16181560761805877,"B"
"TISTUD-8905","Bug","2017-11-06T02:31:12.000+0000",False,0.020313017545293403,0.0,3.1559907650801155e-12,0.2951942597899625,"B"
"TISTUD-8873","Improvement","2017-09-27T02:58:28.000+0000",False,0.009015619005590258,0.0,1.4744278288167448e-17,0.1552429646068108,"B"
"TISTUD-4619","Story","2013-05-10T17:26:58.000+0000",False,0.014340636464127669,0.0,4.386973452391572e-14,0.22714006192803088,"B"
"TISTUD-5823","Bug","2013-12-02T19:25:31.000+0000",False,0.003379624788579777,0.0,7.104290874120296e-18,0.0641084975159334,"B"
"TISTUD-5295","Improvement","2013-08-23T01:45:13.000+0000",False,0.007937746699668343,0.0,2.8544879377135587e-07,0.13913729980118672,"B"
"TISTUD-7805","Improvement","2015-10-23T22:24:30.000+0000",False,0.013276623335265008,0.0,1.545892963586197e-14,0.21371057824901507,"B"
"TISTUD-6909","Bug","2014-09-10T17:20:08.000+0000",False,0.02615581492185559,0.0,1.0,0.3517177469683228,"B"
"TISTUD-6677","Bug","2014-07-02T17:20:49.000+0000",False,0.017019321497426482,0.0,8.02764731493476e-15,0.2591180401959564,"B"
"TISTUD-6094","Bug","2014-01-27T00:27:14.000+0000",False,0.02283254310380927,0.0,1.5282362517432736e-15,0.3206494964693876,"B"
"TISTUD-5302","Story","2013-08-26T04:40:10.000+0000",False,0.002840823733214119,0.0,1.9069673152623624e-17,0.054416552975607296,"B"
"TISTUD-5457","Story","2013-09-30T23:24:45.000+0000",False,0.008660854785969571,0.0,6.888677978604619e-14,0.15000514872044707,"B"
"TISTUD-7474","Bug","2015-05-04T05:24:53.000+0000",False,0.004330940257476238,0.0,2.4954932259159906e-17,0.0807687447258991,"B"
"TISTUD-9138","Improvement","2018-10-10T13:28:18.000+0000",False,0.015900845331730407,0.0,3.259370990141695e-13,0.2460721698476818,"B"
"TISTUD-7659","Bug","2015-08-04T06:46:07.000+0000",False,0.005164702219415617,0.0,2.82625167508269e-17,0.09491499706867972,"B"
"TISTUD-7754","Improvement","2015-10-07T03:01:04.000+0000",False,0.006059404003255114,0.0,7.589879523554017e-18,0.10964392551477392,"B"
"TISTUD-9121","Bug","2018-09-07T09:53:41.000+0000",False,0.017658742667959134,0.0,3.5060150987711277e-10,0.26638823955050606,"B"
"TISTUD-5075","Improvement","2013-07-03T14:15:53.000+0000",False,0.005261977803995608,0.0,5.857700640895061e-13,0.09653865395718485,"B"
"TISTUD-6273","Story","2014-03-25T01:10:08.000+0000",False,0.005384427490326149,0.0,6.604429544561448e-18,0.09857468502203663,"B"
"TISTUD-5168","Bug","2013-07-27T00:40:54.000+0000",False,0.008308516873933752,0.0,3.175224439122087e-17,0.14474224746856018,"B"
"TISTUD-5425","Improvement","2013-09-20T21:20:23.000+0000",False,0.0032138548827136074,0.0,1.639731921528574e-17,0.06114674664187944,"B"
"TISTUD-5206","Bug","2013-08-07T06:25:08.000+0000",False,0.011824261086997833,0.0,1.3517427067880588e-15,0.19465774187636578,"B"
"TISTUD-5093","Bug","2013-04-19T15:40:23.000+0000",False,0.01924651215336407,0.0,2.533727087061831e-13,0.2838774502200224,"B"
"TISTUD-8819","Bug","2017-07-13T07:59:11.000+0000",False,0.004121196636475175,0.0,2.443986307257478e-14,0.07714400061621418,"B"
"TISTUD-4978","Bug","2013-06-17T11:14:05.000+0000",False,0.011639198412700542,0.0,4.266773544296409e-15,0.192167610542627,"B"
"TISTUD-9138","Improvement","2018-10-10T13:28:18.000+0000",False,0.015900845331730407,0.0,3.259370990141695e-13,0.2460721698476818,"B"
"TISTUD-3022","Bug","2012-12-07T06:37:12.000+0000",False,0.0022986580372870986,0.0,2.900646483368868e-20,0.04447023268384722,"B"
"TISTUD-9126","Bug","2018-09-17T21:57:48.000+0000",False,0.014066835799009173,0.0,1.275495226395302e-16,0.22372555793872378,"B"
"TISTUD-7725","Bug","2015-09-24T18:29:17.000+0000",False,0.022414936261396318,0.0,9.758704331758571e-14,0.3165493774101344,"B"
"TISTUD-5060","Story","2013-07-02T13:31:20.000+0000",False,0.04971132564718676,0.0,2.4747113897656388e-05,0.5137839029582039,"B"
"TISTUD-5310","Improvement","2013-08-26T22:22:46.000+0000",False,0.0060647300931720785,0.0,1.6393053747964057e-16,0.10973024854483825,"B"
"TISTUD-8794","Bug","2017-06-14T06:08:38.000+0000",False,0.014711338526828696,0.0,0.9996898363007196,0.23171839375907105,"B"
"TISTUD-8714","Improvement","2017-02-14T17:20:21.000+0000",False,0.02257473233717289,0.0,3.040924516310559e-14,0.3181236941125743,"B"
"TISTUD-6603","Bug","2014-06-06T17:47:20.000+0000",False,0.00770635486889934,0.0,7.186123355750485e-15,0.13560411104499462,"B"
"TISTUD-6251","Bug","2014-03-12T06:27:10.000+0000",False,0.0028475346161746834,0.0,1.9626888083762653e-15,0.05453843754154503,"B"
"TISTUD-5767","Bug","2013-11-19T21:47:48.000+0000",False,0.006994862158468008,0.0,2.107485021072172e-15,0.12456673455622891,"B"
"TISTUD-8902","Bug","2017-10-31T01:20:19.000+0000",False,0.01272086389520105,0.0,3.6473790694573316e-17,0.20652071103582503,"B"
"TISTUD-2729","Story","2012-09-12T16:43:42.000+0000",False,0.013284221585668398,0.0,1.6498232508288744e-13,0.21380802974666463,"B"
"TISTUD-5070","Improvement","2013-07-03T14:14:03.000+0000",False,0.005178575032804816,0.0,1.0651289312455989e-12,0.09514688975423552,"B"
"TISTUD-7488","Bug","2015-05-08T23:23:19.000+0000",False,0.0041447053988397,0.0,9.1643493599061e-18,0.07755161961928558,"B"
"TISTUD-5822","Improvement","2013-12-02T19:18:46.000+0000",False,0.007196781844684827,0.0,2.207441133884078e-16,0.1277260378069658,"B"
"TISTUD-8788","Story","2017-06-06T12:04:31.000+0000",False,0.011232992505988826,0.0,0.9806904230358006,0.18665082097467,"B"
"TISTUD-8453","Bug","2016-04-06T22:20:55.000+0000",False,0.002626341297940376,0.0,3.1290195255377063e-15,0.0505053251701959,"B"
"TISTUD-7791","Bug","2015-10-19T22:28:55.000+0000",False,0.0024025001236869774,0.0,1.1296809820815525e-17,0.046390596932984265,"B"
"TISTUD-8926","Improvement","2017-11-24T03:53:14.000+0000",False,0.02314841979911272,0.0,7.342723992788653e-16,0.32372057873986115,"B"
"TISTUD-8925","Bug","2017-11-23T13:33:11.000+0000",False,0.013617408607727982,0.0,0.0059474836892371005,0.21805916061393346,"B"
"TISTUD-9118","Bug","2018-09-04T07:16:05.000+0000",False,0.0058629683111614045,0.0,4.178353759728481e-08,0.10644909284940499,"B"
"TISTUD-2346","Story","2012-09-26T15:12:47.000+0000",False,0.005798563012959594,0.0,5.792086736372821e-16,0.10539688379799678,"B"
"TISTUD-6689","Improvement","2014-07-07T20:31:06.000+0000",False,0.012355372494060804,0.0,5.174037347795227e-10,0.20172474464253282,"B"
"TISTUD-4022","Improvement","2013-03-30T18:50:44.000+0000",False,0.018976480776368324,0.0,1.2488520681544648e-15,0.2809582237200339,"B"
"TISTUD-7725","Bug","2015-09-24T18:29:17.000+0000",False,0.022414936261396318,0.0,9.758704331758571e-14,0.3165493774101344,"B"
"TISTUD-8889","Bug","2017-10-12T07:30:56.000+0000",False,0.03756530242759929,0.0,1.0,0.44085253791364865,"B"
"TISTUD-8577","Bug","2016-09-01T06:20:15.000+0000",False,0.0447073071025745,0.0,1.0,0.4859541425596789,"B"
"TISTUD-3142","Improvement","2013-01-07T17:31:34.000+0000",False,0.010611721055859757,0.0,1.346358060509017e-17,0.1780748891538869,"B"
"TISTUD-7338","Improvement","2015-03-30T17:21:31.000+0000",False,0.003713316054448795,0.0,1.5413553454136324e-16,0.07001707047197969,"B"
"TISTUD-8461","Story","2016-04-12T02:37:08.000+0000",False,0.009082694200253493,0.0,5.394475437530821e-14,0.15622644750965559,"B"
"TISTUD-3022","Bug","2012-12-07T06:37:12.000+0000",False,0.0022986580372870986,0.0,2.900646483368868e-20,0.04447023268384722,"B"
"TISTUD-6978","Improvement","2014-10-07T20:28:45.000+0000",False,0.02118141801157211,0.0,5.349526729065949e-13,0.30416559747037325,"B"
"TISTUD-6580","Improvement","2014-05-30T15:29:07.000+0000",False,0.01545411810288905,0.0,2.457237217655158e-14,0.24074079998070974,"B"
"TISTUD-2467","Bug","2012-10-10T23:40:49.000+0000",False,0.004971819240785578,0.0,3.006102595433023e-17,0.09167915470528851,"B"
"TISTUD-9121","Bug","2018-09-07T09:53:41.000+0000",False,0.017658742667959134,0.0,3.5060150987711277e-10,0.26638823955050606,"B"
"TISTUD-5368","Story","2013-09-08T00:05:00.000+0000",False,0.004221224571808051,0.0,1.650131507554671e-16,0.07887603035154739,"B"
"TISTUD-6511","Bug","2014-05-19T09:58:52.000+0000",False,0.030231193917868868,0.0,1.0,0.3863927344282168,"B"
"TISTUD-6924","Bug","2014-09-12T13:35:50.000+0000",False,0.025877841417988365,0.0,9.091130593520918e-14,0.3492205671008959,"B"
"TISTUD-5976","Bug","2014-01-03T20:24:27.000+0000",False,0.011571822774913407,0.0,2.08285810952393e-16,0.19125743493693623,"B"
"TISTUD-8847","Bug","2017-08-17T08:06:51.000+0000",False,0.008294345190341624,0.0,1.0110725576824161e-06,0.14452927885013378,"B"
"TISTUD-7479","Bug","2015-05-06T00:48:26.000+0000",False,0.004212478714302562,0.0,2.5821715618746927e-17,0.07872483735715612,"B"
"TISTUD-5076","Improvement","2013-07-03T14:18:08.000+0000",False,0.004718923925029067,0.0,5.857700640895061e-13,0.08740323804755333,"B"
"TISTUD-6709","Bug","2014-07-11T19:51:19.000+0000",False,0.011961590337709145,0.0,1.4737559454467559e-13,0.19649628905959496,"B"
"TISTUD-5354","Story","2013-09-06T22:10:43.000+0000",False,0.016236678949440524,0.0,1.1464758001292606e-14,0.25003419555440703,"B"
"TISTUD-7691","Bug","2015-08-28T03:46:22.000+0000",False,0.006122383783440099,0.0,2.781549324935131e-17,0.11066366429100107,"B"
"TISTUD-6012","Bug","2014-01-10T23:26:17.000+0000",False,0.001842313297135547,0.0,1.2900586806919219e-17,0.0359433263355537,"B"
"TISTUD-273","Improvement","2011-04-06T10:42:00.000+0000",False,0.02743840021817056,0.0,9.03941495225299e-13,0.3630137608125745,"B"
"TISTUD-5251","Bug","2013-08-12T22:36:01.000+0000",False,0.00473900786245175,0.0,2.9469752229455665e-18,0.0877442056011401,"B"
"TISTUD-8912","Bug","2017-11-16T18:32:20.000+0000",False,0.02652317835168958,0.0,3.1341546062896595e-16,0.35499086898365345,"B"
"TISTUD-7796","Bug","2015-10-20T21:38:26.000+0000",False,0.0398071883617092,0.0,4.869256568978254e-08,0.45576495431382774,"B"
"TISTUD-9063","Story","2018-04-17T04:24:42.000+0000",False,0.016398287689231225,0.0,6.487245521459972e-11,0.2519269391616869,"B"
"TISTUD-4318","Bug","2013-04-18T10:51:48.000+0000",False,0.011285426227265253,0.0,1.3347376841093667e-17,0.1873669127437238,"B"
"TISTUD-8509","Improvement","2016-05-30T02:00:08.000+0000",False,0.02293846254443227,0.0,7.773169889696181e-13,0.32168217053359716,"B"
"TISTUD-5151","Bug","2013-07-25T10:15:48.000+0000",False,0.01665428579203599,0.0,1.0738589610847607e-07,0.2549069451825741,"B"
"TISTUD-5643","Bug","2013-11-04T21:59:09.000+0000",False,0.00266823577486947,0.0,1.0173672458215736e-17,0.05127170661714125,"B"
"TISTUD-7946","Bug","2016-01-07T22:51:56.000+0000",True,0.014736526537977652,0.0,3.524639335371261e-12,0.23202763357615655,"B"
"TISTUD-8984","Bug","2018-01-16T09:24:59.000+0000",False,0.012918165827542495,0.0,1.2496108379271443e-11,0.20908728475256413,"B"
"TISTUD-7708","Bug","2015-09-15T08:21:42.000+0000",False,0.004693461723070579,0.0,2.1038996835411295e-16,0.08697061624515807,"B"
"TISTUD-8838","Bug","2017-08-03T06:05:19.000+0000",False,0.009013076384404304,0.0,0.005051750595109614,0.15520564121362854,"B"
"TISTUD-8925","Bug","2017-11-23T13:33:11.000+0000",False,0.013617408607727982,0.0,0.0059474836892371005,0.21805916061393346,"B"
"TISTUD-6297","Improvement","2014-04-02T00:20:40.000+0000",False,0.027999362661095362,0.0,3.2367852427205143e-14,0.36784054824706874,"B"
"TISTUD-6443","Improvement","2014-05-09T21:38:08.000+0000",False,0.04812556850752822,0.0,7.880317685233929e-14,0.505265576249594,"B"
"TISTUD-7087","Story","2014-12-16T21:04:50.000+0000",False,0.023006349412303742,0.0,1.1858125586593238e-13,0.32234250954981297,"B"
"TISTUD-8865","Improvement","2017-09-19T04:23:33.000+0000",False,0.02334093876657049,0.0,1.381964291448236e-16,0.3255797103104432,"B"
"TISTUD-5473","Improvement","2013-10-04T22:00:51.000+0000",False,0.01747760728440003,0.0,3.0668852942225556e-16,0.26434230427549515,"B"
"TISTUD-8453","Bug","2016-04-06T22:20:55.000+0000",False,0.002626341297940376,0.0,3.1290195255377063e-15,0.0505053251701959,"B"
"TISTUD-7466","Story","2015-04-30T08:27:52.000+0000",False,0.0141535029151865,0.0,4.4650619627332325e-12,0.2248094167644546,"B"
"TISTUD-9047","Bug","2018-03-27T22:05:00.000+0000",False,0.01415026734617126,0.0,1.476659798792304e-14,0.22476900371391714,"B"
"TISTUD-9113","Bug","2018-08-23T09:27:40.000+0000",False,0.037805240913522324,0.0,9.018488068621536e-15,0.442484088895865,"B"
"TISTUD-7110","Story","2015-01-06T19:00:25.000+0000",False,0.013184857403151987,0.0,4.8352071500200534e-14,0.2125318408508986,"B"
"TISTUD-6250","Bug","2014-03-12T05:35:03.000+0000",False,0.004318100815716749,0.0,1.6795439645675902e-12,0.08054763089646022,"B"
"TISTUD-5063","Improvement","2013-07-02T20:15:18.000+0000",False,0.03974217610139824,0.0,2.404330621376451e-15,0.4553427622026853,"B"
"TISTUD-8698","Bug","2017-02-02T04:58:26.000+0000",False,0.003715342093780476,0.0,8.066034496511809e-18,0.07005272911189606,"B"
"TISTUD-8769","Bug","2017-05-17T12:52:56.000+0000",False,0.0031040880460065823,0.0,9.850116437000263e-17,0.0591757907287425,"B"
"TISTUD-7804","Bug","2015-10-23T21:55:04.000+0000",False,0.003190137658717291,0.0,1.0634270752550281e-16,0.06072154691096161,"B"
"TISTUD-7956","Bug","2016-01-14T21:37:34.000+0000",False,0.0026621008090905295,0.0,2.962467858131115e-16,0.05115955214842191,"B"
"TISTUD-7673","Bug","2015-08-14T22:22:16.000+0000",False,0.006258191908218729,0.0,8.016542994427139e-15,0.11285511265223303,"B"
"TISTUD-9040","Bug","2018-03-20T07:45:40.000+0000",False,0.021781685619912658,0.0,6.781703726898176e-17,0.3102435867121565,"B"
"TISTUD-6677","Bug","2014-07-02T17:20:49.000+0000",False,0.017019321497426482,0.0,8.02764731493476e-15,0.2591180401959564,"B"
"TISTUD-3971","Story","2013-03-28T06:20:26.000+0000",False,0.011231129692312094,0.0,3.709857196425777e-13,0.18662535855355158,"B"
"TISTUD-9043","Bug","2018-03-22T03:58:35.000+0000",False,0.006081308309652636,0.0,1.7078847278066e-14,0.10999884013243262,"B"
"TISTUD-7642","Bug","2015-07-10T07:45:44.000+0000",False,0.007621657614591471,0.0,2.214173252287386e-06,0.1343039973940996,"B"
"TISTUD-5338","Bug","2013-08-29T17:05:53.000+0000",False,0.004272555295597548,0.0,6.337331544261075e-11,0.07976245830920373,"B"
"TISTUD-5976","Bug","2014-01-03T20:24:27.000+0000",False,0.011571822774913407,0.0,2.08285810952393e-16,0.19125743493693623,"B"
"TISTUD-8939","Bug","2017-11-30T06:35:29.000+0000",False,0.008358944610880313,0.0,3.4675108996077646e-15,0.1454992533120699,"B"
"TISTUD-7597","Bug","2015-06-19T22:30:55.000+0000",False,0.004458668232470208,0.0,1.0282101859254799e-16,0.08296293739770456,"B"
"TISTUD-6755","Bug","2014-07-29T23:31:16.000+0000",False,0.0027323782569676678,0.0,1.6429352331131258e-18,0.05244280409974127,"B"
"TISTUD-8919","Bug","2017-11-22T05:50:09.000+0000",False,0.01523384318756931,0.0,0.00850712432359165,0.23808592915774618,"B"
"TISTUD-6123","Improvement","2014-02-01T03:44:01.000+0000",False,0.008467183815032309,0.0,6.476455719360464e-14,0.14711984953386453,"B"
"TISTUD-7708","Bug","2015-09-15T08:21:42.000+0000",False,0.004693461723070579,0.0,2.1038996835411295e-16,0.08697061624515807,"B"
"TISTUD-6824","Story","2014-08-22T13:14:00.000+0000",False,0.014079800441622176,0.0,3.9292562236778795e-16,0.22388787435121751,"B"
"TISTUD-5381","Improvement","2013-09-11T01:00:37.000+0000",False,0.004050423479259241,0.0,4.3139955695757974e-15,0.0759148020271946,"B"
"TISTUD-7942","Bug","2016-01-06T00:38:09.000+0000",False,0.006196669615017382,0.0,2.045109000091593e-16,0.11186363236650074,"B"
"TISTUD-6603","Bug","2014-06-06T17:47:20.000+0000",False,0.00770635486889934,0.0,7.186123355750485e-15,0.13560411104499462,"B"
"TISTUD-8461","Story","2016-04-12T02:37:08.000+0000",False,0.009082694200253493,0.0,5.394475437530821e-14,0.15622644750965559,"B"
"TISTUD-5354","Story","2013-09-06T22:10:43.000+0000",False,0.016236678949440524,0.0,1.1464758001292606e-14,0.25003419555440703,"B"
"TISTUD-8933","Bug","2017-11-28T05:42:28.000+0000",False,0.03942254112939419,0.0,8.152797262318438e-12,0.45325831509077014,"B"
"TISTUD-5642","Bug","2013-11-04T18:42:32.000+0000",False,0.002407750273740496,0.0,1.3810828258033995e-17,0.046487494212764865,"B"
"TISTUD-6273","Story","2014-03-25T01:10:08.000+0000",False,0.005384427490326149,0.0,6.604429544561448e-18,0.09857468502203663,"B"
"TISTUD-7087","Story","2014-12-16T21:04:50.000+0000",False,0.023006349412303742,0.0,1.1858125586593238e-13,0.32234250954981297,"B"
"TISTUD-7732","Bug","2015-09-28T02:48:56.000+0000",False,0.008592574996515301,0.0,3.074247398559842e-16,0.1489900224502008,"B"
"TISTUD-5378","Bug","2013-09-08T08:23:34.000+0000",False,0.0437382834429636,0.0,1.0479183082276689e-14,0.4802289982893929,"B"
"TISTUD-5279","Bug","2013-08-19T13:29:47.000+0000",False,0.01984252652955529,0.0,6.856610732267658e-14,0.29024319615734,"B"
"TISTUD-7522","Bug","2015-05-19T22:56:51.000+0000",False,0.008196860610677297,0.0,1.0163144692443579e-16,0.14306159071352698,"B"
"TISTUD-7867","Bug","2015-11-18T21:11:03.000+0000",False,0.005169406585437447,0.0,1.2449377108500366e-17,0.09499364605918559,"B"
"TISTUD-8741","Bug","2017-04-13T03:03:15.000+0000",False,0.027207856596759495,0.0,1.3868176690469363e-15,0.3610102520394918,"B"
"TISTUD-6116","Improvement","2014-01-30T02:19:52.000+0000",False,0.01134506688669789,0.0,1.1072561442768243e-13,0.18817999107089706,"B"
"TISTUD-1541","Bug","2012-04-18T09:26:44.000+0000",False,0.029380245843975274,0.0,3.491715893791815e-14,0.37943909773967244,"B"
"TISTUD-5765","Story","2013-11-19T14:48:06.000+0000",False,0.0013788891178769472,0.0,3.2288516164044122e-19,0.027135165597669538,"B"
"TISTUD-6323","Improvement","2014-04-14T18:55:47.000+0000",False,0.011938359837228647,0.0,2.8431309020608056e-15,0.19618583623870264,"B"
"TISTUD-5294","Bug","2013-08-23T00:04:48.000+0000",False,0.023148709976170485,0.0,9.575419032884437e-07,0.32372338810342366,"B"
"TISTUD-7781","Bug","2015-10-14T09:48:06.000+0000",False,0.004030094871657723,0.0,9.4501822661449e-17,0.07556115856500267,"B"
"TISTUD-5843","Bug","2013-12-04T22:20:20.000+0000",False,0.005150522729302996,0.0,1.2690501324939103e-15,0.09467786192011836,"B"
"TISTUD-7758","Bug","2015-10-07T07:56:02.000+0000",False,0.00679094469970454,0.0,3.203756163835201e-16,0.12135418004001984,"B"
"TISTUD-5648","Improvement","2013-11-05T13:55:43.000+0000",False,0.016746811919148192,0.0,4.988940811025021e-10,0.2559785634909526,"B"
"TISTUD-6102","Bug","2014-01-28T21:40:22.000+0000",False,0.011463289175686425,0.0,1.5239170076367164e-14,0.18978719892167778,"B"
"TISTUD-7475","Bug","2015-05-04T22:38:23.000+0000",False,0.0019986040946208326,0.0,2.8672398082534135e-15,0.03887985819079563,"B"
"TISTUD-8573","Bug","2016-08-30T05:17:28.000+0000",False,0.008272193069434955,0.0,1.9562442420711956e-08,0.1441961818109305,"B"
"TISTUD-7796","Bug","2015-10-20T21:38:26.000+0000",False,0.0398071883617092,0.0,4.869256568978254e-08,0.45576495431382774,"B"
"TISTUD-5401","Bug","2013-09-17T16:10:48.000+0000",False,0.04544168664297397,0.0,1.8062498720947888e-14,0.4902171890581863,"B"
"TISTUD-7946","Bug","2016-01-07T22:51:56.000+0000",True,0.014736526537977652,0.0,3.524639335371261e-12,0.23202763357615655,"B"
"TISTUD-5541","Story","2013-10-18T12:57:42.000+0000",False,0.01059645415907823,0.0,4.036448601665836e-16,0.17786200718288295,"B"
"TISTUD-6108","Story","2014-01-29T20:57:24.000+0000",False,0.0083251165454907,0.0,8.272276734523841e-17,0.14499157623044193,"B"
"TISTUD-9075","Bug","2018-05-04T17:49:43.000+0000",False,0.007499949105042382,0.0,7.41949485510766e-13,0.13242928437895604,"B"
"TISTUD-6689","Improvement","2014-07-07T20:31:06.000+0000",False,0.012355372494060804,0.0,5.174037347795227e-10,0.20172474464253282,"B"
"TISTUD-7076","Improvement","2014-12-02T01:31:19.000+0000",False,0.009282150470672181,0.0,1.8360575033977372e-07,0.15913825170639287,"B"
"TISTUD-9138","Improvement","2018-10-10T13:28:18.000+0000",False,0.015900845331730407,0.0,3.259370990141695e-13,0.2460721698476818,"B"
"TISTUD-8454","Story","2016-04-07T07:58:44.000+0000",False,0.011305968930680381,0.0,3.726594026360831e-18,0.1876471431979464,"B"
"TISTUD-5418","Improvement","2013-09-20T14:46:10.000+0000",False,0.008121222672752077,0.0,3.4329330619261025e-09,0.14191954209292115,"B"
"TISTUD-2346","Story","2012-09-26T15:12:47.000+0000",False,0.005798563012959594,0.0,5.792086736372821e-16,0.10539688379799678,"B"
"TISTUD-9108","Bug","2018-08-01T04:47:37.000+0000",False,0.010245371589307684,0.0,5.279371738113863e-16,0.17293772919388778,"B"
"TISTUD-6702","New Feature","2014-07-09T19:33:10.000+0000",False,0.023250245560675363,0.0,7.280481220498491e-09,0.32470508117913566,"B"
"TISTUD-4014","Improvement","2013-03-29T23:08:59.000+0000",False,0.008678853074484492,0.0,1.5596846570011424e-17,0.1502723521308159,"B"
"TISTUD-8475","Bug","2016-04-28T23:34:05.000+0000",False,0.002125885996766329,0.0,8.008546709307503e-17,0.04125883481451823,"B"
"TISTUD-7608","Bug","2015-06-23T16:56:47.000+0000",False,0.001527830787081776,0.0,5.159920019152896e-19,0.029982660022675623,"B"
"TISTUD-8938","Bug","2017-11-30T06:17:17.000+0000",False,0.010380235342683286,0.0,2.3077595407359405e-15,0.1748358736395386,"B"
"TISTUD-5419","Improvement","2013-09-20T14:49:40.000+0000",False,0.008096238286780962,0.0,5.0542830968008263e-14,0.14154167493891637,"B"
"TISTUD-7783","Bug","2015-10-15T23:01:53.000+0000",False,0.011637009472013864,0.0,8.904092335436786e-17,0.1921380704549588,"B"
"TISTUD-3814","Improvement","2013-03-13T23:49:47.000+0000",False,0.008346472024210624,0.0,9.456896816980221e-14,0.14531213623557854,"B"
"TISTUD-8885","Bug","2017-10-10T21:04:48.000+0000",False,0.007956943210065483,0.0,1.55596953514645e-16,0.1394291934937824,"B"
"TISTUD-5339","Story","2013-08-29T14:10:31.000+0000",False,0.005967198209599164,0.0,4.824389392230899e-17,0.10814698188203095,"B"
"TISTUD-7467","Bug","2015-05-01T11:58:51.000+0000",False,0.007089714576515595,0.0,3.666400862877967e-16,0.12605351266350714,"B"
"TISTUD-7449","Improvement","2015-04-24T16:17:02.000+0000",False,0.01584697662817761,0.0,5.387467464165651e-15,0.24543300337765192,"B"
"TISTUD-7673","Bug","2015-08-14T22:22:16.000+0000",False,0.006258191908218729,0.0,8.016542994427139e-15,0.11285511265223303,"B"
"TISTUD-6012","Bug","2014-01-10T23:26:17.000+0000",False,0.001842313297135547,0.0,1.2900586806919219e-17,0.0359433263355537,"B"
"TISTUD-7910","Bug","2015-12-15T09:53:37.000+0000",False,0.013828726456302632,0.0,4.3711928222760774e-17,0.2207330900041062,"B"
"TISTUD-8659","Improvement","2016-11-22T06:50:05.000+0000",False,0.014571238358988948,0.0,3.094778398893825e-11,0.2299940819406008,"B"
"TISTUD-6446","Improvement","2014-05-09T21:40:26.000+0000",False,0.06677123401273322,0.0,4.3398851020113613e-13,0.591049246314229,"B"
"TISTUD-8685","Improvement","2017-01-10T04:51:01.000+0000",False,0.02077653618746184,0.0,1.7134201210296372e-05,0.30000942344518916,"B"
"TISTUD-5821","Bug","2013-11-28T14:45:47.000+0000",False,0.003880218097101181,0.0,4.3237090272521974e-16,0.07294592078798023,"B"
"TISTUD-8010","New Feature","2016-03-03T05:42:53.000+0000",False,0.00988064003476119,0.0,4.2285714140636654e-12,0.16776291348338315,"B"
"TISTUD-5621","Bug","2013-10-29T07:56:33.000+0000",False,0.00297965625197034,0.0,1.1963677392525473e-18,0.056932010146378595,"B"
"TISTUD-5462","Improvement","2013-10-02T21:46:47.000+0000",False,0.005400761201879013,0.0,1.190900985249205e-16,0.0988456179705439,"B"
"TISTUD-8846","Bug","2017-08-17T06:33:14.000+0000",False,0.03506713159665629,0.0,1.0,0.423331587849662,"B"
"TISTUD-7477","Bug","2015-05-05T09:26:54.000+0000",False,0.0033303339615050804,0.0,1.5763178081515898e-17,0.06322968730242896,"B"
"TISTUD-7732","Bug","2015-09-28T02:48:56.000+0000",False,0.008592574996515301,0.0,3.074247398559842e-16,0.1489900224502008,"B"
"TISTUD-4956","Story","2013-06-14T20:57:11.000+0000",False,0.021811297786080656,0.0,4.221256708580096e-16,0.3105408678747273,"B"
"TISTUD-9093","Bug","2018-06-27T17:47:01.000+0000",False,0.003842376630245709,0.0,1.4831686990705502e-17,0.07228339909683076,"B"
"TISTUD-5918","Improvement","2013-12-13T23:14:41.000+0000",False,0.005083087140600763,0.0,1.0528257523495206e-17,0.09354847160573028,"B"
"TISTUD-7779","Bug","2015-10-13T22:00:18.000+0000",False,0.009066831491419309,0.0,1.1781807927182745e-14,0.15599405701688035,"B"
"TISTUD-6677","Bug","2014-07-02T17:20:49.000+0000",False,0.017019321497426482,0.0,8.02764731493476e-15,0.2591180401959564,"B"
"TISTUD-6423","Story","2014-05-08T17:15:14.000+0000",True,0.042468396895638603,1.0,2.0048667437244618e-05,0.4725486509774717,"B"
"TISTUD-6323","Improvement","2014-04-14T18:55:47.000+0000",False,0.011938359837228647,0.0,2.8431309020608056e-15,0.19618583623870264,"B"
"TISTUD-4389","Bug","2013-04-23T20:58:51.000+0000",False,0.010714478305695288,0.0,3.342237157947399e-17,0.17950504574235382,"B"
"TISTUD-7473","Bug","2015-05-04T05:13:01.000+0000",False,0.007389531011143825,0.0,4.2970498652757382e-16,0.1307218427036497,"B"
"TISTUD-6009","Bug","2014-01-09T22:18:13.000+0000",False,0.00876985565340939,0.0,5.461264278074323e-17,0.15162096058270952,"B"
"TISTUD-4359","Story","2013-04-22T22:07:52.000+0000",False,0.00946669859713935,0.0,7.195570983228758e-17,0.16181560761805877,"B"
"TISTUD-7061","Bug","2014-11-19T19:19:50.000+0000",False,0.011151811197181212,0.0,1.185845449022507e-15,0.18553977830117466,"B"
"TISTUD-6514","Improvement","2014-05-19T19:12:43.000+0000",False,0.07622149242400653,0.0,7.765791329631335e-08,0.625006591511643,"B"
"TISTUD-8928","Bug","2017-11-26T01:18:14.000+0000",False,0.03760063938343692,0.0,1.079335259405194e-12,0.4410933728696624,"B"
"TISTUD-9043","Bug","2018-03-22T03:58:35.000+0000",False,0.006081308309652636,0.0,1.7078847278066e-14,0.10999884013243262,"B"
"TISTUD-7611","Bug","2015-06-24T16:50:28.000+0000",False,0.004195341367763199,0.0,1.334725400751767e-18,0.07842844121881103,"B"
"TISTUD-6280","Bug","2014-03-31T19:51:06.000+0000",False,0.003627181461528462,0.0,2.9567398747864854e-15,0.06849868784557908,"B"
"TISTUD-7511","Bug","2015-05-16T00:21:30.000+0000",False,0.0021767657448762455,0.0,1.7619718335711515e-18,0.04220668593793488,"B"
"TISTUD-3804","Improvement","2013-03-13T17:11:27.000+0000",False,0.02744486509104252,0.0,9.926740255389412e-13,0.3630697755001265,"B"
"TISTUD-5732","Improvement","2013-11-15T21:40:13.000+0000",False,0.007089355421742668,0.0,5.502617729463253e-17,0.12604789202944483,"B"
"TISTUD-5283","Bug","2013-08-20T18:39:19.000+0000",False,0.014710177453491189,0.0,1.4775848487417849e-13,0.23170413333396214,"B"
"TISTUD-7066","Bug","2014-11-21T21:47:30.000+0000",False,0.005771190168366875,0.0,4.7377946218964424e-17,0.10494897584728229,"B"
"TISTUD-7956","Bug","2016-01-14T21:37:34.000+0000",False,0.0026621008090905295,0.0,2.962467858131115e-16,0.05115955214842191,"B"
"TISTUD-5132","Story","2013-07-22T14:43:12.000+0000",False,0.013118326835358681,0.0,4.435259443812597e-13,0.2116751780398282,"B"
"TISTUD-7129","Story","2015-01-14T23:54:04.000+0000",False,0.017305772137705636,0.0,3.3361714268464515e-13,0.2623915427781902,"B"
"TISTUD-9092","Bug","2018-06-27T03:26:42.000+0000",False,0.010045877114514441,0.0,1.1414355487419379e-10,0.1701148269020294,"B"
"TISTUD-5976","Bug","2014-01-03T20:24:27.000+0000",False,0.011571822774913407,0.0,2.08285810952393e-16,0.19125743493693623,"B"
"TISTUD-6969","Bug","2014-10-02T02:13:20.000+0000",False,0.005271389691353691,0.0,1.1042691743943848e-14,0.0966954584610452,"B"
"TISTUD-8023","Bug","2016-03-18T09:17:08.000+0000",False,0.013956504732751578,0.0,4.78183109766918e-12,0.2223416418166001,"B"
"TISTUD-7639","Bug","2015-07-08T22:53:38.000+0000",False,0.019128640675622626,0.0,6.430599343623252e-14,0.2826059005415813,"B"
"TISTUD-5020","Improvement","2013-06-21T22:00:39.000+0000",False,0.018036114088956057,0.0,1.3149421018733605e-15,0.2706167223025964,"B"
"TISTUD-5642","Bug","2013-11-04T18:42:32.000+0000",False,0.002407750273740496,0.0,1.3810828258033995e-17,0.046487494212764865,"B"
"TISTUD-7473","Bug","2015-05-04T05:13:01.000+0000",False,0.007389531011143825,0.0,4.2970498652757382e-16,0.1307218427036497,"B"
"TISTUD-9159","Bug","2018-05-02T09:09:36.000+0000",True,0.0013269930541717264,0.0,7.419333053158708e-24,0.03931663365522679,"S"
"TISTUD-9156","Improvement","2018-11-26T15:41:33.000+0000",True,0.0017519445027534915,0.0,1.911125141327438e-21,0.05128253486452138,"S"
"TISTUD-9148","Improvement","2018-10-31T15:47:12.000+0000",False,0.0034900333679122337,0.0,1.148309718616369e-19,0.09736660885928389,"S"
"TISTUD-9145","Bug","2018-10-19T11:01:30.000+0000",False,0.006099348786701447,0.0,8.891421361883738e-20,0.15896615914344006,"S"
"TISTUD-9111","Bug","2018-08-17T06:24:24.000+0000",False,0.007094506382346786,0.0,1.1627792866703784e-22,0.18037630692691117,"S"
"TISTUD-9101","Bug","2018-07-12T23:42:43.000+0000",False,0.0012261504204384543,0.0,5.732587118603717e-24,0.036434155063916125,"S"
"TISTUD-9086","Improvement","2018-06-11T10:57:12.000+0000",False,0.0017350904816354328,0.0,1.4821183695946457e-22,0.050813442410458994,"S"
"TISTUD-9055","Bug","2018-04-03T04:10:00.000+0000",False,0.00045942782898600906,0.0,5.85878004525567e-18,0.013959261590021884,"S"
"TISTUD-9045","Bug","2018-03-27T07:18:20.000+0000",False,0.002724961390066257,0.0,2.0667168716335838e-19,0.07762533481429507,"S"
"TISTUD-9042","Bug","2018-03-22T03:25:40.000+0000",False,0.004319592358526145,0.0,3.4435598041755095e-16,0.11787067702465816,"S"
"TISTUD-9035","Bug","2018-03-14T04:27:25.000+0000",False,0.00021086700462229815,0.0,9.728881036209784e-23,0.006454146936734949,"S"
"TISTUD-9017","Improvement","2018-02-20T09:52:01.000+0000",False,0.0011169834455601495,0.0,3.834724420087917e-23,0.03329483470349602,"S"
"TISTUD-9004","Bug","2018-02-06T09:44:15.000+0000",False,0.015997189968074792,0.0,1.6057094310559594e-20,0.33365478800025056,"S"
"TISTUD-8977","Bug","2018-01-05T15:46:37.000+0000",False,0.0078581711097113,0.0,4.747687983414486e-21,0.19610830273183452,"S"
"TISTUD-8963","Bug","2017-12-18T07:07:40.000+0000",False,0.012463973847235252,0.0,1.7411624441659163e-15,0.27992051831228837,"S"
"TISTUD-8948","Bug","2017-12-04T06:51:14.000+0000",False,0.0043855393915199214,0.0,1.0,0.11946220794087781,"S"
"TISTUD-8945","Bug","2017-12-04T04:26:51.000+0000",False,0.030544287106539923,0.0,3.796036328915381e-05,0.49248995569088605,"S"
"TISTUD-8934","Bug","2017-11-28T22:41:03.000+0000",False,0.0005506496024293376,0.0,2.4045892716634424e-22,0.01668619795635584,"S"
"TISTUD-8927","Improvement","2017-11-26T01:05:16.000+0000",False,0.00492724095926747,0.0,4.3835684389820635e-06,0.13232892924180395,"S"
"TISTUD-8922","Bug","2017-11-22T18:19:27.000+0000",False,0.0007020635405295151,0.0,7.137258523688022e-20,0.02118043080277678,"S"
"TISTUD-8918","Bug","2017-11-18T04:51:55.000+0000",False,0.0016844632051839135,0.0,1.4005666856955641e-14,0.049401651829174525,"S"
"TISTUD-8916","Bug","2017-11-16T10:29:54.000+0000",False,0.0019386148426711945,0.0,5.250411700921549e-22,0.05644827928663662,"S"
"TISTUD-8898","Bug","2017-10-21T04:05:21.000+0000",False,0.005008527144899527,0.0,3.0616029982734565e-19,0.13422848338401017,"S"
"TISTUD-8883","Bug","2017-10-10T12:23:52.000+0000",False,0.006556766960605929,0.0,0.9999957622811145,0.16893912674560563,"S"
"TISTUD-8882","Bug","2017-10-10T09:04:52.000+0000",False,0.0024924643737650807,0.0,2.602652798260481e-13,0.07146016745083236,"S"
"TISTUD-8881","Bug","2017-10-06T21:03:09.000+0000",False,0.0019948592848497435,0.0,6.388475661640439e-24,0.05799410181377397,"S"
"TISTUD-8878","Improvement","2017-10-02T04:05:54.000+0000",False,0.00571980887731248,0.0,0.9999254385853346,0.15051481702153233,"S"
"TISTUD-8875","Bug","2017-09-26T20:32:49.000+0000",False,0.00920018140372136,0.0,2.6018037342214844e-20,0.222393094285771,"S"
"TISTUD-8866","Improvement","2017-09-19T04:36:54.000+0000",False,0.0031175194383055403,0.0,1.1704699001106042e-22,0.08785745815827568,"S"
"TISTUD-8864","Improvement","2017-09-19T04:06:18.000+0000",False,0.004430740099395284,0.0,6.728486270699798e-20,0.12054986629021976,"S"
"TISTUD-8859","Bug","2017-09-11T10:57:08.000+0000",False,0.006012327617083543,0.0,2.2781652205267377e-07,0.1570427544201678,"S"
"TISTUD-8852","Improvement","2017-08-23T12:27:24.000+0000",False,0.005645285017092445,0.0,2.0044507127530872e-22,0.14883614862703803,"S"
"TISTUD-8848","Improvement","2017-08-21T09:04:40.000+0000",True,0.0015824915942240546,0.0,3.718468241828311e-24,0.046545726135478596,"S"
"TISTUD-8779","Bug","2017-05-31T15:55:35.000+0000",False,0.004939412854647658,0.0,0.9999999165912675,0.13261388153118145,"S"
"TISTUD-8777","Bug","2017-05-30T09:30:44.000+0000",True,0.0015090260637513418,0.0,1.9343289140709504e-23,0.044477878099623024,"S"
"TISTUD-8764","New Feature","2017-05-15T17:51:25.000+0000",False,0.02537923123835923,0.0,1.5292434226744415e-10,0.44507193338900414,"S"
"TISTUD-8760","Bug","2017-05-10T23:06:50.000+0000",False,0.00035167302093332256,0.0,4.247687760902359e-16,0.010719193440795312,"S"
"TISTUD-8747","Improvement","2017-04-28T10:54:24.000+0000",False,0.004429663526254642,0.0,1.689331496925803e-18,0.12052399095132296,"S"
"TISTUD-8729","Improvement","2017-03-16T23:05:28.000+0000",False,0.004133228764823652,0.0,6.28951937393746e-17,0.11334296797404791,"S"
"TISTUD-8718","Improvement","2017-02-22T17:43:48.000+0000",False,0.014385325328333077,0.0,1.1740774224828997e-09,0.31012345969483823,"S"
"TISTUD-8713","Improvement","2017-02-14T16:14:32.000+0000",False,0.007669511668202539,0.0,9.99604528464617e-17,0.19227600099326958,"S"
"TISTUD-8682","Bug","2017-01-04T06:05:07.000+0000",False,0.0010906746123374663,0.0,3.703952940300328e-22,0.03253531198418228,"S"
"TISTUD-8658","Bug","2016-11-21T04:37:47.000+0000",False,0.0014141904060272334,0.0,2.463229556386174e-13,0.04179567465091741,"S"
"TISTUD-8641","Bug","2016-10-31T23:39:49.000+0000",False,0.0006911980609192121,0.0,6.206768898245487e-22,0.020859247703674366,"S"
"TISTUD-8610","Bug","2016-10-05T09:34:12.000+0000",False,0.0007647191685259101,0.0,3.089997549992392e-15,0.023028561006251457,"S"
"TISTUD-8588","Bug","2016-09-08T11:24:17.000+0000",False,0.0006084889489195647,0.0,7.14092377349207e-25,0.018407673817149733,"S"
"TISTUD-8580","Bug","2016-09-02T19:59:37.000+0000",False,0.0010747293199033405,0.0,2.0206783462881806e-21,0.032074417799625325,"S"
"TISTUD-8564","Bug","2016-08-19T04:44:02.000+0000",False,0.008107115725016437,0.0,2.5612351048582482e-18,0.2011120839658714,"S"
"TISTUD-8540","Bug","2016-07-26T07:44:10.000+0000",False,0.002537128761467355,0.0,1.1666080873939887e-17,0.07265070490325731,"S"
"TISTUD-8536","Improvement","2016-07-18T14:32:39.000+0000",False,0.0031402024536328348,0.0,6.205023358969455e-20,0.08844200655357554,"S"
"TISTUD-8527","Bug","2016-06-24T03:39:24.000+0000",False,0.0037380414869729378,0.0,7.030098862467115e-21,0.10359216936029593,"S"
"TISTUD-8526","Bug","2016-06-22T07:16:19.000+0000",False,0.0009720821430104867,0.0,4.879678710448254e-12,0.029097239770410073,"S"
"TISTUD-8524","Improvement","2016-06-20T07:23:03.000+0000",False,0.006711076139784601,0.0,3.7843048251135744e-19,0.17225237979139935,"S"
"TISTUD-8523","Story","2016-06-16T07:22:43.000+0000",False,0.004408559526274851,0.0,1.0,0.1200164618646251,"S"
"TISTUD-8506","Bug","2016-05-23T23:08:30.000+0000",False,0.006840126309378191,0.0,0.47498959423777193,0.17500384738980004,"S"
"TISTUD-8490","Bug","2016-05-12T23:52:12.000+0000",False,0.004559103977595972,0.0,1.0,0.12362460336609064,"S"
"TISTUD-8474","Bug","2016-04-28T14:51:38.000+0000",False,0.0041695074181931115,0.0,2.7309409519827613e-21,0.11422786531308682,"S"
"TISTUD-8465","Bug","2016-04-13T23:15:24.000+0000",False,0.0011126058988398801,0.0,4.36467281679804e-25,0.03316853708574723,"S"
"TISTUD-8464","Bug","2016-04-12T18:28:38.000+0000",False,0.0015215904428662627,0.0,7.344444143899645e-17,0.04483214401658942,"S"
"TISTUD-8019","Bug","2016-03-08T21:34:53.000+0000",False,0.0004537930049900766,0.0,4.465770226607707e-24,0.013790337386154185,"S"
"TISTUD-8009","New Feature","2016-03-03T05:41:24.000+0000",False,0.001937166697521358,0.0,4.443998553770541e-17,0.05640841376557868,"S"
"TISTUD-7991","Bug","2016-02-12T00:47:54.000+0000",False,0.00806980842572257,0.0,2.3031170368960498e-17,0.2003660205633354,"S"
"TISTUD-7982","Bug","2016-02-05T18:01:07.000+0000",False,0.0024634087755177714,0.0,7.55751887318221e-18,0.07068410007965792,"S"
"TISTUD-7971","Bug","2016-01-21T23:38:03.000+0000",False,0.003499765636202998,0.0,3.7443683817341e-22,0.09761248150379444,"S"
"TISTUD-7965","Bug","2016-01-19T09:43:53.000+0000",False,0.011555736156800729,0.0,5.848067364297796e-18,0.2647478543214513,"S"
"TISTUD-7916","Bug","2015-12-16T08:14:14.000+0000",False,0.00834411885355484,0.0,2.1454226107541178e-18,0.20582059401914038,"S"
"TISTUD-7911","Bug","2015-12-15T10:09:42.000+0000",False,0.006364669757931109,0.0,1.5774738499361651e-16,0.16477871738870312,"S"
"TISTUD-7905","Bug","2015-12-07T17:50:02.000+0000",False,0.023153317735790283,0.0,1.970812703752564e-20,0.4219735638586634,"S"
"TISTUD-7880","Bug","2015-11-24T18:35:20.000+0000",False,0.00761684548877776,0.0,5.715995815338158e-17,0.1911999050533895,"S"
"TISTUD-7879","Bug","2015-11-24T01:09:53.000+0000",False,0.017454663651075546,0.0,3.2175234758473713e-21,0.353651943761518,"S"
"TISTUD-7822","Bug","2015-11-02T09:33:24.000+0000",False,0.0014682656847444507,0.0,1.0046419054457021e-19,0.04332684649635313,"S"
"TISTUD-7726","Bug","2015-09-24T18:31:19.000+0000",False,0.006045420534351877,0.0,6.3699807409012e-20,0.15777519400762044,"S"
"TISTUD-7719","Bug","2015-09-18T07:14:05.000+0000",False,0.0062002403223764355,0.0,1.3285192637422424e-10,0.16118559672957122,"S"
"TISTUD-7706","Bug","2015-09-14T22:00:43.000+0000",False,0.0008415019250341071,0.0,6.55033861390862e-27,0.025284213211163458,"S"
"TISTUD-7705","Improvement","2015-09-14T21:44:56.000+0000",False,0.001143193445369048,0.0,2.573459568835329e-19,0.03405035893247355,"S"
"TISTUD-7704","Story","2015-09-14T02:59:41.000+0000",False,0.004272159007226502,0.0,5.526258132546139e-20,0.11672251458949676,"S"
"TISTUD-7684","Bug","2015-08-25T05:26:27.000+0000",False,0.0008898483182667946,0.0,3.8079689306936944e-23,0.026699329275625548,"S"
"TISTUD-7683","Bug","2015-08-25T04:45:46.000+0000",False,0.00168089884948165,0.0,1.8040318155635756e-23,0.049302103464135986,"S"
"TISTUD-7678","New Feature","2015-08-20T02:40:23.000+0000",True,0.009691820376514674,0.0,1.021372076188761e-18,0.2316141406818144,"S"
"TISTUD-7652","Bug","2015-07-28T18:33:07.000+0000",False,0.0016372636303373213,0.0,4.417040510703293e-13,0.048081787469602684,"S"
"TISTUD-7632","Bug","2015-06-30T00:49:18.000+0000",False,0.0013382927802233747,0.0,1.1018721995387437e-20,0.03963858622474731,"S"
"TISTUD-7624","Bug","2015-06-29T09:24:26.000+0000",False,0.00034597863895585837,0.0,1.8797546814746242e-24,0.010547396696028548,"S"
"TISTUD-7619","Bug","2015-06-26T18:32:10.000+0000",False,0.00048169954620007674,0.0,2.340749301123826e-25,0.01462638937426326,"S"
"TISTUD-7616","Bug","2015-06-25T23:50:16.000+0000",False,0.003209127708111106,0.0,4.342875022432845e-20,0.09021380618259511,"S"
"TISTUD-7612","Bug","2015-06-24T21:02:39.000+0000",False,0.0018051361637584818,0.0,5.028044035844574e-26,0.052760068439020126,"S"
"TISTUD-7595","Bug","2015-06-19T21:16:47.000+0000",False,0.0020800592077267386,0.0,1.484838255685809e-10,0.06032644292060468,"S"
"TISTUD-7593","Bug","2015-06-18T23:36:01.000+0000",False,0.0017990419243508642,0.0,4.5550123253402406e-06,0.05259101095040225,"S"
"TISTUD-7530","Story","2015-05-21T02:33:12.000+0000",False,0.0021585184187063802,0.0,2.8314866939296484e-20,0.06246441566284167,"S"
"TISTUD-7529","Bug","2015-05-20T23:43:57.000+0000",False,0.0021627572237760883,0.0,8.391821930316818e-22,0.06257965348288458,"S"
"TISTUD-7510","Bug","2015-05-16T00:02:22.000+0000",False,0.0004016240286123029,0.0,2.7553222300815156e-25,0.012223721738258066,"S"
"TISTUD-7485","Bug","2015-05-07T08:43:11.000+0000",False,0.005429134523165274,0.0,1.3591572109547934e-18,0.143931003988756,"S"
"TISTUD-7447","Bug","2015-04-21T22:23:05.000+0000",False,0.0005260884930254462,0.0,1.0873023340883e-24,0.01595341689540104,"S"
"TISTUD-7354","Bug","2015-03-31T20:49:18.000+0000",False,0.004087784351551079,0.0,9.666263441016596e-21,0.1122320959784369,"S"
"TISTUD-7331","Improvement","2015-03-27T22:32:24.000+0000",False,0.010187568999922228,0.0,1.3260383355634954e-21,0.24070239264023627,"S"
"TISTUD-7208","New Feature","2015-02-17T23:16:06.000+0000",False,0.007822404194379162,0.0,2.3054797615864357e-20,0.1953844420357505,"S"
"TISTUD-7122","Improvement","2015-01-13T17:51:17.000+0000",False,0.0037028337120449217,0.0,1.516563771269827e-17,0.10271342274344687,"S"
"TISTUD-7108","Story","2015-01-06T18:51:48.000+0000",False,0.0041165765308727705,0.0,2.646356558992944e-19,0.11293622132478771,"S"
"TISTUD-7015","Bug","2014-10-16T18:45:58.000+0000",False,0.0006276158801533946,0.0,1.0378908313517072e-23,0.018975668076214213,"S"
"TISTUD-6890","Bug","2014-09-05T21:03:25.000+0000",False,0.00443101363132553,0.0,1.0,0.12055644037198186,"S"
"TISTUD-6888","Bug","2014-09-05T14:13:51.000+0000",False,0.009230790217947172,0.0,2.6266726550769445e-17,0.22297337055960775,"S"
"TISTUD-6871","Bug","2014-09-02T20:24:20.000+0000",False,0.0002485413795021073,0.0,8.194576769695983e-27,0.0075987937710102205,"S"
"TISTUD-6847","New Feature","2014-08-28T23:05:19.000+0000",True,0.016386954901969834,0.0,2.2385692002923268e-14,0.33911685246095646,"S"
"TISTUD-6786","Bug","2014-08-14T18:25:40.000+0000",False,0.0025956230854571375,0.0,8.662036570999959e-15,0.07420543286099024,"S"
"TISTUD-6772","Bug","2014-08-06T21:25:34.000+0000",False,0.00105094470518232,0.0,4.2400713570186986e-24,0.03138614097901096,"S"
"TISTUD-6647","Bug","2014-06-17T22:27:58.000+0000",False,0.00042523037011194074,0.0,8.673580888544678e-24,0.012933207539115612,"S"
"TISTUD-6594","Bug","2014-06-05T11:00:28.000+0000",False,0.002915746447276423,0.0,2.5818713345870577e-19,0.08262570548123711,"S"
"TISTUD-6582","Improvement","2014-05-30T15:34:14.000+0000",False,0.004300208372905281,0.0,4.0469331282910964e-19,0.11740181970092999,"S"
"TISTUD-6531","Bug","2014-05-21T18:57:33.000+0000",False,0.0007532154905571425,0.0,4.273504795236556e-25,0.02268974709333186,"S"
"TISTUD-6523","Bug","2014-05-20T17:25:36.000+0000",False,0.0024572779510589047,0.0,9.165898382593998e-22,0.07052018738589137,"S"
"TISTUD-6458","Bug","2014-05-12T23:54:41.000+0000",False,0.0058647935746098355,0.0,1.4108217291582157e-17,0.15376244850221898,"S"
"TISTUD-6456","Story","2014-05-12T14:47:12.000+0000",False,0.018084678994199504,0.0,2.016318209453496e-18,0.3619466054680416,"S"
"TISTUD-6445","Improvement","2014-05-09T21:39:12.000+0000",False,0.01782472887252112,0.0,6.0997381763796625e-19,0.35854880122528554,"S"
"TISTUD-6444","Improvement","2014-05-09T21:38:45.000+0000",False,0.02109234538451826,0.0,2.535333350862555e-18,0.3989091418280734,"S"
"TISTUD-6442","Story","2014-05-09T21:13:59.000+0000",False,0.016445882789130714,0.0,2.2022022892618956e-16,0.33993524237554024,"S"
"TISTUD-6425","Bug","2014-05-08T17:57:35.000+0000",False,0.00364699716765583,0.0,4.026228971241201e-19,0.10131639474461307,"S"
"TISTUD-6422","Story","2014-05-08T17:13:45.000+0000",False,0.014308106874001395,0.0,7.411918430262838e-12,0.3089563805375802,"S"
"TISTUD-6337","Bug","2014-04-16T10:21:07.000+0000",False,0.0003124323987354031,0.0,1.6642063050902003e-22,0.009534150312975352,"S"
"TISTUD-6310","Bug","2014-04-09T04:51:59.000+0000",False,0.0033347502214309634,0.0,1.6000022218431803e-17,0.09342604190495948,"S"
"TISTUD-6309","Bug","2014-04-09T18:17:33.000+0000",False,0.002193876857678624,0.0,2.885206097211048e-22,0.06342484733439377,"S"
"TISTUD-6307","Improvement","2014-04-08T00:28:14.000+0000",False,0.014690192804595945,0.0,5.4947576731161125e-12,0.3146947340928046,"S"
"TISTUD-6299","Story","2014-04-02T16:54:59.000+0000",False,0.0033908488897703972,0.0,1.714541133227743e-20,0.0948534600625569,"S"
"TISTUD-6281","Story","2014-03-31T20:46:54.000+0000",False,0.0014239108631865682,0.0,4.880544142062667e-22,0.04207126384362174,"S"
"TISTUD-6272","Story","2014-03-25T01:09:38.000+0000",False,0.008669083131013498,0.0,6.260738110897018e-19,0.21219069655177292,"S"
"TISTUD-6270","Story","2014-03-25T01:00:48.000+0000",False,0.023605221867283557,0.0,6.704005582690735e-17,0.42680852069906783,"S"
"TISTUD-6237","Bug","2014-03-07T19:02:05.000+0000",False,0.00047450659239189105,0.0,3.9952398742019505e-19,0.014411026853761888,"S"
"TISTUD-6235","Story","2014-03-07T18:44:45.000+0000",False,0.008674247769007059,0.0,4.496053302217056e-12,0.21229114480668113,"S"
"TISTUD-6234","Story","2014-03-07T18:44:27.000+0000",False,0.00897130597389738,0.0,8.572474962858387e-12,0.21802764193607801,"S"
"TISTUD-6220","Story","2014-03-06T16:25:20.000+0000",False,0.0051751449737026676,0.0,7.167092742254244e-21,0.13809720769547132,"S"
"TISTUD-6218","Story","2014-03-06T16:11:29.000+0000",False,0.007087371852202965,0.0,2.7225249324770855e-19,0.18022654359204418,"S"
"TISTUD-6201","Story","2014-02-28T19:10:30.000+0000",False,0.008223601916892129,0.0,6.767482768796558e-13,0.20343297524564277,"S"
"TISTUD-6125","Improvement","2014-02-03T05:47:37.000+0000",False,0.0025886014428811825,0.0,5.004174145696052e-17,0.07401906951068538,"S"
"TISTUD-6124","Improvement","2014-02-01T05:47:28.000+0000",False,0.004417055047516735,0.0,5.088980266807917e-21,0.12022083808504375,"S"
"TISTUD-6122","Improvement","2014-01-31T19:51:12.000+0000",False,0.016013691473740328,0.0,4.649157025487438e-18,0.33388777708720463,"S"
"TISTUD-6113","Bug","2014-01-30T00:27:11.000+0000",False,0.0050222326275834155,0.0,2.3415269833682136e-07,0.1345479743693494,"S"
"TISTUD-6109","Bug","2014-01-29T02:27:58.000+0000",False,0.008084925481624499,0.0,2.0016701020592433e-15,0.20066848931250186,"S"
"TISTUD-6037","Bug","2014-01-17T00:55:00.000+0000",False,0.0023419687122918343,0.0,0.9999999999718625,0.06742687006107491,"S"
"TISTUD-5999","Bug","2014-01-09T00:26:56.000+0000",False,0.00017543913784962394,0.0,2.62127447479244e-26,0.005375422274177487,"S"
"TISTUD-5977","Bug","2014-01-05T16:44:45.000+0000",False,0.003740606242174631,0.0,2.379297175841163e-18,0.10365611794824289,"S"
"TISTUD-5953","Improvement","2013-12-23T19:53:05.000+0000",False,0.0015773553797357432,0.0,8.630268293035094e-20,0.04640143730442448,"S"
"TISTUD-5943","Improvement","2013-12-19T21:44:42.000+0000",False,0.0018347760169533935,0.0,2.832108836440152e-22,0.05358146377829316,"S"
"TISTUD-5937","Bug","2013-12-19T00:35:09.000+0000",False,0.0014505163528238342,0.0,9.943117013369745e-20,0.04282478571768174,"S"
"TISTUD-5936","Bug","2013-12-18T21:59:29.000+0000",False,0.002123406226080951,0.0,5.575707627217739e-20,0.06150878902516555,"S"
"TISTUD-5913","Improvement","2013-12-13T21:43:29.000+0000",False,0.004686275498053527,0.0,1.897570523015847e-11,0.126650425519352,"S"
"TISTUD-5892","Bug","2013-12-12T10:42:59.000+0000",False,0.002411752082098874,0.0,2.2626597547333713e-21,0.06930126734916639,"S"
"TISTUD-5858","Bug","2013-12-06T11:08:46.000+0000",False,0.0018342658615634652,0.0,0.9999999107894308,0.053567337717810054,"S"
"TISTUD-5849","Bug","2013-12-05T02:06:16.000+0000",False,0.001522958299214363,0.0,2.0964769262341222e-22,0.044870696851011325,"S"
"TISTUD-5825","Bug","2013-12-02T22:29:51.000+0000",False,0.0034343520871554043,0.0,0.0103035361357036,0.09595740877651777,"S"
"TISTUD-5824","Bug","2013-12-02T21:50:30.000+0000",False,0.004892552797883848,0.0,4.1873593286931196e-11,0.13151586625617312,"S"
"TISTUD-5808","Bug","2013-11-27T22:26:49.000+0000",False,0.0020834339487038125,0.0,2.961814585708786e-20,0.060418596592891935,"S"
"TISTUD-5785","Improvement","2013-11-22T00:58:59.000+0000",False,0.002981994505751307,0.0,8.84658060460258e-18,0.08434981625579109,"S"
"TISTUD-5779","Bug","2013-11-11T15:17:56.000+0000",False,0.0036405013406614825,0.0,1.352938244371242e-21,0.10115359708005067,"S"
"TISTUD-5759","Bug","2013-11-19T09:20:49.000+0000",False,0.0027466210563332387,0.0,3.3115540111701393e-20,0.07819566731730503,"S"
"TISTUD-5754","Bug","2013-11-19T07:41:11.000+0000",False,0.009470441402705677,0.0,4.232859678826078e-20,0.2274880969752622,"S"
"TISTUD-5749","Bug","2013-05-03T12:34:34.000+0000",False,0.0035721145086844656,0.0,6.885739098720558e-17,0.09943623758399146,"S"
"TISTUD-5693","Bug","2013-11-12T18:52:12.000+0000",False,0.0024743216477489784,0.0,2.247173259247522e-21,0.07097572678840204,"S"
"TISTUD-5686","Bug","2013-11-11T18:33:13.000+0000",False,0.0023808859856408516,0.0,5.8785387400972405e-24,0.06847309473465138,"S"
"TISTUD-5681","Bug","2013-11-09T00:57:17.000+0000",False,0.0005924314556502374,0.0,1.958742754575044e-23,0.01793033843828865,"S"
"TISTUD-5680","Improvement","2013-11-09T00:51:55.000+0000",False,0.0008256703803088323,0.0,6.641123207113817e-20,0.024819953324550278,"S"
"TISTUD-5668","Bug","2013-11-07T01:42:31.000+0000",False,9.349227798300726e-05,0.0,1.8196563622103513e-24,0.0028715617900536053,"S"
"TISTUD-5664","Improvement","2013-11-06T22:48:33.000+0000",False,0.00252030855944259,0.0,1.0857285410018595e-21,0.07220270536008082,"S"
"TISTUD-5662","Bug","2013-11-06T22:24:51.000+0000",False,0.011732635454977146,0.0,9.705157070136996e-22,0.2677507856581531,"S"
"TISTUD-5661","Bug","2013-11-06T22:19:15.000+0000",False,0.0011942791901758472,0.0,1.056336348856553e-23,0.03551967101997293,"S"
"TISTUD-5635","Bug","2013-11-01T21:49:42.000+0000",False,0.0005872948300100967,0.0,9.427888920837464e-14,0.01777754901798126,"S"
"TISTUD-5614","Bug","2013-10-28T18:55:08.000+0000",False,0.000446000740520574,0.0,4.4809123501649285e-21,0.013556643866570356,"S"
"TISTUD-5610","Improvement","2013-10-28T11:22:28.000+0000",False,0.0005327792339957202,0.0,6.4009136881530255e-25,0.01615313989359393,"S"
"TISTUD-5557","Bug","2013-10-21T21:28:52.000+0000",False,0.005167629459556232,0.0,0.9999999999989768,0.13792342080534173,"S"
"TISTUD-5538","Bug","2013-10-17T18:08:03.000+0000",False,0.0037380938298445647,0.0,2.5133428303999847e-22,0.10359347454459428,"S"
"TISTUD-5510","Bug","2013-10-10T22:13:01.000+0000",False,0.0025336596216390633,0.0,5.296171425131412e-24,0.0725583398936337,"S"
"TISTUD-5503","Improvement","2013-10-10T11:24:57.000+0000",False,0.001419684486091716,0.0,8.043772065248423e-20,0.04195145868664775,"S"
"TISTUD-5502","Improvement","2013-10-10T11:23:02.000+0000",False,0.002138056428271121,0.0,1.0421745748676316e-21,0.061907743003665805,"S"
"TISTUD-5477","Improvement","2013-10-04T22:24:08.000+0000",False,0.008161312037555695,0.0,4.330164327986615e-20,0.20219351306447136,"S"
"TISTUD-5472","Story","2013-10-04T21:57:38.000+0000",False,0.005806409866465214,0.0,1.37301249029671e-20,0.15245754097681388,"S"
"TISTUD-5470","Story","2013-10-04T21:51:58.000+0000",False,0.007023652176763033,0.0,1.0968362429629012e-19,0.17888664694538903,"S"
"TISTUD-5469","Improvement","2013-10-04T21:44:05.000+0000",False,0.01959474256318085,0.0,7.785341926731576e-21,0.3810273263429811,"S"
"TISTUD-5468","Improvement","2013-10-04T21:40:17.000+0000",False,0.007315927055444163,0.0,3.5527217467951013e-19,0.1849982327396273,"S"
"TISTUD-5467","Improvement","2013-10-04T21:36:30.000+0000",False,0.004109294990006174,0.0,2.05149919075881e-16,0.1127582497508555,"S"
"TISTUD-5424","Bug","2013-09-20T20:54:13.000+0000",False,0.0014547950127587292,0.0,9.37646470860082e-13,0.04294585922285069,"S"
"TISTUD-5423","Bug","2013-09-20T20:52:09.000+0000",False,0.0025571998816276407,0.0,0.9875147255049054,0.07318474529813417,"S"
"TISTUD-5422","Bug","2013-09-20T19:51:33.000+0000",False,0.0033489128061395383,0.0,1.778103910678311e-19,0.09378681520753,"S"
"TISTUD-5372","Story","2013-09-09T18:44:45.000+0000",False,0.002554376438137233,0.0,1.4741998130470485e-21,0.07310965667888547,"S"
"TISTUD-5366","Story","2013-09-07T23:59:51.000+0000",False,0.0018175351223233738,0.0,1.1508035130337102e-17,0.05310384242516519,"S"
"TISTUD-5365","Bug","2013-09-07T00:10:32.000+0000",False,0.0009435953710778429,0.0,1.3666367931463366e-22,0.02826786919949651,"S"
"TISTUD-5353","Story","2013-09-06T22:06:28.000+0000",False,0.002320994061076026,0.0,7.936750022829851e-18,0.0668620609772446,"S"
"TISTUD-5337","Improvement","2013-08-29T00:11:29.000+0000",False,0.0012062850265052937,0.0,5.998308113875696e-22,0.03586435240391633,"S"
"TISTUD-5329","Improvement","2013-08-27T18:03:28.000+0000",False,0.0015184738621937292,0.0,3.4562510744727426e-22,0.04474429240814417,"S"
"TISTUD-5325","Improvement","2013-08-27T13:24:37.000+0000",False,0.0007208717960233408,0.0,2.5676615262939804e-22,0.021735920713862822,"S"
"TISTUD-5324","Improvement","2013-08-27T13:22:12.000+0000",False,0.004759030738485551,0.0,1.0175498133785505e-20,0.1283724757192395,"S"
"TISTUD-5321","Improvement","2013-08-27T13:18:08.000+0000",False,0.002466178875210286,0.0,3.833606714356859e-21,0.07075814270051826,"S"
"TISTUD-5320","Story","2013-08-27T13:08:28.000+0000",False,0.0024003598756117297,0.0,1.2142881614707607e-19,0.0689957669833551,"S"
"TISTUD-5312","Improvement","2013-08-27T00:38:45.000+0000",False,0.004036060486000431,0.0,3.2646374588946774e-18,0.11096445701197678,"S"
"TISTUD-5292","Bug","2013-08-22T19:20:53.000+0000",False,0.001299251741295099,0.0,3.448131629469697e-24,0.03852534096516637,"S"
"TISTUD-5285","Story","2013-08-21T13:29:05.000+0000",False,0.0037861353873454946,0.0,1.9709428835085193e-20,0.10478986155841752,"S"
"TISTUD-5281","Bug","2013-08-19T04:46:20.000+0000",False,0.002652176903966198,0.0,2.263716104246982e-22,0.0757038078950783,"S"
"TISTUD-5235","Bug","2013-08-09T02:57:01.000+0000",False,0.002423487685178953,0.0,9.528902311655513e-17,0.0696157741568822,"S"
"TISTUD-5223","Story","2013-08-08T17:11:46.000+0000",False,0.012241890349055868,0.0,1.5846978845102404e-14,0.27626606154093963,"S"
"TISTUD-5200","Improvement","2013-08-05T15:03:34.000+0000",False,0.001934800578148282,0.0,1.5565571764661032e-17,0.056343270627914485,"S"
"TISTUD-5169","Bug","2013-07-27T00:42:21.000+0000",False,0.002552047252373532,0.0,8.325312261565493e-19,0.07304770385409648,"S"
"TISTUD-5109","Bug","2013-07-15T23:24:54.000+0000",False,0.0101220588027892,0.0,1.0,0.2395132642509764,"S"
"TISTUD-5089","Bug","2013-07-09T21:14:05.000+0000",False,0.005599746721292214,0.0,4.674602189212523e-18,0.14780724206545012,"S"
"TISTUD-5079","Story","2013-07-03T18:39:38.000+0000",False,0.015292363513996229,0.0,2.402872524736703e-08,0.3235562090734835,"S"
"TISTUD-5078","Improvement","2013-07-03T14:18:26.000+0000",False,0.0007522096685365396,0.0,1.6674254212710927e-19,0.022660112158347595,"S"
"TISTUD-5077","Improvement","2013-07-03T14:18:17.000+0000",False,0.0007085082790295415,0.0,1.6674254212710927e-19,0.021370840749602767,"S"
"TISTUD-5068","Improvement","2013-07-03T14:12:28.000+0000",False,0.0006995851930359343,0.0,5.057857111188762e-19,0.021107188896316107,"S"
"TISTUD-5067","Improvement","2013-07-03T14:01:21.000+0000",False,0.0007426860356049424,0.0,5.057857111188762e-19,0.022379427427228007,"S"
"TISTUD-5064","Bug","2013-07-02T21:34:20.000+0000",False,0.003240402122125506,0.0,0.9999999999986358,0.09101556032018776,"S"
"TISTUD-5052","Bug","2013-07-01T18:47:29.000+0000",False,0.009920537065120125,0.0,4.124574128121002e-18,0.2358328140512758,"S"
"TISTUD-5046","Story","2013-06-28T20:52:37.000+0000",False,0.001424069892832098,0.0,5.735279441017761e-21,0.042075771293547,"S"
"TISTUD-5045","Improvement","2013-06-28T20:18:01.000+0000",False,0.001974943441932542,0.0,9.835461073725927e-16,0.05744729432730519,"S"
"TISTUD-5040","Bug","2013-06-27T20:57:59.000+0000",False,0.0012950174801628878,0.0,8.603704405316082e-20,0.03840445217010123,"S"
"TISTUD-5039","Improvement","2013-06-27T20:38:29.000+0000",False,0.005548325631989118,0.0,1.0198320701542884e-12,0.1466425371470035,"S"
"TISTUD-5007","Improvement","2013-06-19T22:00:59.000+0000",False,0.005738600280375425,0.0,6.430177379979065e-13,0.15093709286177673,"S"
"TISTUD-4977","Story","2013-06-17T16:02:34.000+0000",False,0.002218135891231677,0.0,1.414532185726267e-20,0.06408269078041882,"S"
"TISTUD-4974","Bug","2013-06-15T22:00:30.000+0000",False,0.0032866529958694504,0.0,5.705655189777865e-20,0.09219875764636881,"S"
"TISTUD-4932","Bug","2013-06-13T08:15:31.000+0000",False,0.0020158642598239796,0.0,5.4135121453603664e-21,0.058570148995038984,"S"
"TISTUD-4930","Bug","2013-04-22T14:56:18.000+0000",False,0.00544785018145554,0.0,2.3469288644393828e-14,0.14435787184993487,"S"
"TISTUD-4831","Bug","2013-06-01T00:18:28.000+0000",False,0.0032039975110274644,0.0,1.776580844643014e-21,0.09008215767233547,"S"
"TISTUD-4783","Bug","2013-05-27T22:30:33.000+0000",False,0.002698006799722116,0.0,4.1393291837915557e-22,0.07691462706427976,"S"
"TISTUD-4675","Bug","2013-05-16T17:55:14.000+0000",False,0.024596434425941713,0.0,2.1514517533196983e-11,0.4371504081434317,"S"
"TISTUD-4518","Story","2013-05-04T01:23:30.000+0000",False,0.010821552277526469,0.0,7.579876943344333e-14,0.25202894644844953,"S"
"TISTUD-4364","Story","2013-04-22T22:18:48.000+0000",False,0.0026538484625286385,0.0,5.677202581938712e-22,0.07574802408370945,"S"
"TISTUD-4336","Bug","2013-04-19T20:19:19.000+0000",False,0.008971718375610392,0.0,9.525149288631736e-22,0.21803555012999865,"S"
"TISTUD-4215","Improvement","2013-04-10T20:06:42.000+0000",False,0.0014147181946950547,0.0,1.1983119173847994e-20,0.04181064216573596,"S"
"TISTUD-4191","Bug","2013-04-08T23:43:59.000+0000",False,0.004208408517037143,0.0,1.2177428281585112e-22,0.11517483960204213,"S"
"TISTUD-4087","Story","2013-04-03T01:58:34.000+0000",False,0.001100881302457471,0.0,8.701721428748643e-06,0.03283011087029172,"S"
"TISTUD-4073","Bug","2013-04-02T20:29:50.000+0000",False,0.0013325827979612799,0.0,2.6047838358281236e-16,0.039475923083377835,"S"
"TISTUD-3474","Story","2013-02-12T23:46:10.000+0000",False,0.008931778785606992,0.0,2.907797806755992e-21,0.21726895812289332,"S"
"TISTUD-3421","Story","2013-02-01T01:19:56.000+0000",False,0.00029747110317805686,0.0,3.0546700380213804e-23,0.009081604830657567,"S"
"TISTUD-2978","Improvement","2012-12-05T17:08:31.000+0000",False,0.007154589835144774,0.0,1.3354437415701627e-15,0.18163545661317967,"S"
"TISTUD-2905","Bug","2012-11-30T01:42:52.000+0000",False,0.002005260817176487,0.0,2.064123816349476e-21,0.05827944183076118,"S"
"TISTUD-2300","Bug","2012-09-18T18:14:28.000+0000",False,0.0011124584734959343,0.0,1.6575690818093061e-18,0.033164283127745005,"S"
"TISTUD-1594","Story","2012-05-01T11:39:47.000+0000",False,0.007462160512040585,0.0,3.281750174020707e-20,0.18802334453770764,"S"
"TISTUD-1108","Improvement","2012-01-27T11:15:21.000+0000",False,0.004549658563545184,0.0,1.086327330234556e-15,0.12339906068100163,"S"
"TISTUD-582","Bug","2011-08-10T15:31:26.000+0000",False,0.0035250554678047928,0.0,2.9857543871246467e-21,0.09825079160185089,"S"
