"issue_key","sp_change","type","t0","t1","t2","t3","t4","t5","t6","t7","t8","t9"
"DM-1514",False,"train",0.7600463032722473,0.0,0.0,0.0,0.0,0.0,0.0,0.0,0.205036923289299,0.0
"DM-15531",False,"train",0.0,0.0,0.17576421797275543,0.45297971367836,0.0,0.0,0.0,0.0,0.029363594949245453,0.32935574650764465
"DM-6857",False,"train",0.0,0.0,0.0,0.0,0.0,0.49714547395706177,0.0,0.2946803867816925,0.0,0.19130367040634155
"DM-16696",False,"train",0.0,0.30567851662635803,0.0,0.0,0.0,0.6622555255889893,0.0,0.0,0.0,0.0
"DM-7168",False,"train",0.0,0.0,0.4148842394351959,0.0,0.0,0.11934694647789001,0.45340970158576965,0.0,0.0,0.0
"DM-13272",True,"train",0.48312893509864807,0.0,0.0,0.0,0.0,0.0,0.0,0.48360148072242737,0.0,0.0
"DM-4165",False,"train",0.07747312635183334,0.0,0.0,0.0,0.0,0.3480466604232788,0.16337443888187408,0.11181776970624924,0.0,0.2848648726940155
"DM-203",True,"train",0.0,0.22135956585407257,0.0,0.0,0.0,0.0,0.5147770643234253,0.0,0.0,0.2334495484828949
"DM-12378",False,"train",0.0,0.09198600053787231,0.0,0.0,0.8931875824928284,0.0,0.0,0.0,0.0,0.0
"DM-16070",False,"train",0.0,0.030212147161364555,0.0,0.0,0.9523654580116272,0.0,0.0,0.0,0.0,0.0
"DM-18039",False,"train",0.0,0.0,0.0,0.0,0.0,0.0,0.0,0.0,0.0,0.9434164762496948
"DM-14690",False,"train",0.1910954713821411,0.0,0.0,0.17678752541542053,0.0,0.0,0.0,0.0,0.0,0.6263724565505981
"DM-4495",True,"train",0.02002018131315708,0.2132255882024765,0.02002042345702648,0.02002067305147648,0.020020553842186928,0.020021095871925354,0.020020171999931335,0.626605749130249,0.02002546191215515,0.020020103082060814
"DM-5781",False,"train",0.0,0.0,0.0,0.6487302184104919,0.12195248156785965,0.0,0.0,0.20015446841716766,0.0,0.0
"DM-9455",False,"train",0.011123806238174438,0.011124021373689175,0.011124101467430592,0.01112403068691492,0.011124440468847752,0.01112460345029831,0.011123953387141228,0.8998816609382629,0.0111235985532403,0.01112581416964531
"DM-3811",True,"train",0.0,0.0,0.0,0.0,0.0,0.0,0.0,0.0,0.0,0.9524808526039124
"DM-13333",False,"train",0.058391422033309937,0.0,0.0,0.6606300473213196,0.0,0.19580872356891632,0.0,0.0,0.0,0.0757327675819397
"DM-13782",False,"train",0.0,0.0,0.0,0.0,0.0,0.0712868869304657,0.060425080358982086,0.045628879219293594,0.4767501950263977,0.3443630337715149
"DM-6255",True,"train",0.06816782802343369,0.0,0.0,0.0,0.5842727422714233,0.0,0.0,0.31296369433403015,0.0,0.0
"DM-11538",False,"train",0.0,0.8575250506401062,0.0,0.0,0.0,0.09547965973615646,0.0,0.0,0.0,0.0
"DM-12972",True,"train",0.0,0.0,0.0,0.0,0.46652257442474365,0.0,0.0,0.21238897740840912,0.0,0.28427866101264954
"DM-14162",True,"train",0.1644737273454666,0.10976910591125488,0.0,0.0,0.0,0.0,0.16634930670261383,0.0,0.48486343026161194,0.06573766469955444
"DM-9852",False,"train",0.0,0.0,0.0,0.9167910814285278,0.0,0.0,0.0,0.06794919073581696,0.0,0.0
"DM-508",False,"train",0.013239392079412937,0.01324022002518177,0.013239786028862,0.013240442611277103,0.013239970430731773,0.013240751810371876,0.013244304805994034,0.8808314800262451,0.013240700587630272,0.013242938555777073
"DM-17950",False,"train",0.0,0.13840414583683014,0.0,0.07246222347021103,0.10383350402116776,0.0,0.4138360023498535,0.0,0.0,0.2559112310409546
"DM-7306",False,"train",0.025006962940096855,0.02501406893134117,0.02500736713409424,0.025006037205457687,0.4023074805736542,0.025010505691170692,0.025007518008351326,0.025007257238030434,0.3976249694824219,0.02500784397125244
"DM-6178",False,"train",0.0,0.0,0.0,0.0,0.0,0.4946504831314087,0.4824328124523163,0.0,0.0,0.0
"DM-7676",False,"train",0.0,0.20375359058380127,0.0,0.0,0.0,0.22771310806274414,0.5463662147521973,0.0,0.0,0.0
"DM-12085",False,"train",0.0,0.32629528641700745,0.0,0.20148202776908875,0.0,0.0,0.0,0.3148879408836365,0.0,0.11729522794485092
"DM-18161",True,"train",0.9356796741485596,0.0,0.0,0.0,0.0,0.0,0.0,0.0,0.0,0.0
"DM-13538",False,"train",0.0,0.5213854908943176,0.0,0.0,0.0,0.0,0.29132944345474243,0.17021246254444122,0.0,0.0
"DM-14161",False,"train",0.0,0.0,0.0,0.9355085492134094,0.0,0.0,0.0,0.0,0.0,0.0
"DM-6821",False,"train",0.014633485116064548,0.01463412307202816,0.01463374588638544,0.014633075334131718,0.8682898283004761,0.014635324478149414,0.014633209444582462,0.014633974991738796,0.014639231376349926,0.014633968472480774
"DM-18122",True,"train",0.14684145152568817,0.0,0.0,0.7033789157867432,0.0,0.0,0.0,0.0,0.0,0.1345871537923813
"DM-8965",False,"train",0.0,0.4496630132198334,0.0,0.18480277061462402,0.13644252717494965,0.0,0.0,0.0,0.0,0.1916286051273346
"DM-5551",False,"train",0.020019536837935448,0.02002418413758278,0.02001945488154888,0.020023921504616737,0.020026393234729767,0.0200219564139843,0.02002212591469288,0.020023779943585396,0.8197917342185974,0.020026899874210358
"DM-6817",False,"train",0.17698636651039124,0.32565221190452576,0.0,0.0,0.0,0.0,0.0,0.46022355556488037,0.0,0.0
"DM-17060",False,"train",0.0,0.6912189722061157,0.0,0.0,0.26580047607421875,0.0,0.0,0.0,0.0,0.0
"DM-1673",False,"train",0.0,0.11985750496387482,0.0,0.2528814673423767,0.0,0.0,0.39354681968688965,0.2174323946237564,0.0,0.0
"DM-15770",False,"train",0.0,0.0,0.0,0.0,0.0,0.0,0.495066374540329,0.0,0.0,0.4670011103153229
"DM-5357",False,"train",0.0,0.0,0.0,0.0,0.0,0.9249330759048462,0.0,0.0,0.0,0.0
"DM-7442",False,"train",0.0,0.0,0.0,0.22023411095142365,0.0,0.31578528881073,0.4319193363189697,0.0,0.0,0.0
"DM-7161",False,"train",0.0,0.0,0.0,0.4639826714992523,0.0,0.10527274012565613,0.0,0.0,0.0,0.42436182498931885
"DM-16338",False,"train",0.0,0.0,0.9549508094787598,0.0,0.0,0.0,0.0,0.0,0.0,0.0
"DM-6498",False,"train",0.0,0.8628425598144531,0.0,0.0,0.0,0.0,0.0,0.0,0.10770907998085022,0.0
"DM-5132",False,"train",0.0,0.036985721439123154,0.07567021250724792,0.0,0.0,0.09807268530130386,0.0,0.0,0.7743102312088013,0.011202313005924225
"DM-15651",True,"train",0.0,0.0,0.0,0.07252629101276398,0.0,0.0,0.6272001266479492,0.2595491111278534,0.0,0.0
"DM-16873",True,"train",0.016239775344729424,0.016240932047367096,0.01624021679162979,0.01624136231839657,0.8538354635238647,0.01624036766588688,0.01623990572988987,0.016240356490015984,0.016240699216723442,0.016240976750850677
"DM-7736",False,"train",0.0,0.8518962264060974,0.09102581441402435,0.03364620357751846,0.0,0.0,0.0,0.0,0.0,0.0
"DM-4502",False,"train",0.22134685516357422,0.02000381425023079,0.020004386082291603,0.020004192367196083,0.020004572346806526,0.020003752782940865,0.02000456675887108,0.6186179518699646,0.020003750920295715,0.020006192848086357
"DM-12110",False,"train",0.0,0.31072691082954407,0.0,0.0,0.0,0.0,0.0,0.630500853061676,0.0,0.0
"DM-9940",False,"train",0.0,0.0,0.0,0.0,0.0,0.2757495045661926,0.16466489434242249,0.5304742455482483,0.0,0.0
"DM-3897",True,"train",0.0,0.0,0.0,0.0,0.15539288520812988,0.8125892877578735,0.0,0.0,0.0,0.0
"DM-10562",False,"train",0.0,0.0,0.0,0.6859449744224548,0.0,0.0,0.25223714113235474,0.0,0.0,0.0
"DM-4894",False,"train",0.0,0.0,0.0,0.0,0.0,0.0,0.0,0.0,0.5179010629653931,0.4591677784919739
"DM-15132",False,"train",0.2979561984539032,0.32325658202171326,0.0,0.03885466977953911,0.0,0.0,0.2715880274772644,0.056849412620067596,0.0,0.0
"DM-12407",False,"train",0.01250626239925623,0.012505202554166317,0.012506062164902687,0.23959171772003174,0.01250748336315155,0.012506123632192612,0.012505130842328072,0.012505457736551762,0.012504840269684792,0.6603617668151855
"DM-6236",False,"train",0.28722038865089417,0.011113699525594711,0.01111376192420721,0.011114089749753475,0.6238692998886108,0.011113987304270267,0.011113708838820457,0.011113706976175308,0.01111355796456337,0.011113785207271576
"DM-9992",False,"train",0.0,0.3101853132247925,0.0,0.0,0.0,0.0,0.0,0.6373265981674194,0.0,0.0
"DM-2281",False,"train",0.0,0.0,0.0,0.4455299973487854,0.0,0.0,0.0,0.0,0.0,0.5010932683944702
"DM-11814",False,"train",0.0,0.0,0.0,0.22721749544143677,0.0,0.0,0.7553802132606506,0.0,0.0,0.0
"DM-9316",True,"train",0.0,0.6016326546669006,0.0,0.0,0.0,0.0,0.0,0.0,0.363817036151886,0.0
"DM-8361",False,"train",0.5831473469734192,0.0,0.0158199705183506,0.09671036899089813,0.0,0.0,0.0,0.14065177738666534,0.15857942402362823,0.0
"DM-16603",False,"train",0.5387025475502014,0.41438964009284973,0.0,0.0,0.0,0.0,0.0,0.0,0.0,0.0
"DM-10374",False,"train",0.0,0.32434728741645813,0.0,0.46104684472084045,0.0,0.0,0.0,0.0,0.17962078750133514,0.0
"DM-10236",False,"train",0.0,0.0,0.0,0.9379784464836121,0.0,0.0,0.0,0.047465573996305466,0.0,0.0
"DM-8563",False,"train",0.0,0.0,0.0,0.0,0.64305579662323,0.26233401894569397,0.06199721619486809,0.0,0.0,0.0
"DM-4751",False,"train",0.0,0.0,0.0,0.9356661438941956,0.0,0.0,0.0,0.0,0.0,0.0
"DM-4455",False,"train",0.0,0.0,0.0,0.0,0.0,0.0,0.0,0.0,0.0,0.9436152577400208
"DM-9110",False,"train",0.0,0.0,0.0,0.21177063882350922,0.0,0.0,0.0,0.6412066221237183,0.0,0.12113010138273239
"DM-6641",False,"train",0.0,0.0,0.0,0.12378235161304474,0.0,0.24467480182647705,0.0,0.0,0.14959926903247833,0.4652816951274872
"DM-13313",False,"train",0.3437597453594208,0.011133111082017422,0.01113217230886221,0.011130657978355885,0.5671845078468323,0.011133476160466671,0.011132737621665001,0.011131440289318562,0.011130345985293388,0.011131836101412773
"DM-17491",False,"train",0.0,0.0,0.0,0.0,0.0,0.0,0.0,0.9246283769607544,0.0,0.0
"DM-1329",False,"train",0.0,0.6071373224258423,0.0,0.0,0.0,0.15028759837150574,0.0,0.0,0.20756201446056366,0.0
"DM-11390",False,"train",0.0,0.41191908717155457,0.0,0.0,0.5411250591278076,0.0,0.0,0.0,0.0,0.0
"DM-10842",False,"train",0.6823616623878479,0.0,0.0,0.0,0.2731480896472931,0.0,0.0,0.0,0.0,0.0
"DM-14891",False,"train",0.0,0.0,0.0,0.44459378719329834,0.0,0.530500590801239,0.0,0.0,0.0,0.0
"DM-1619",False,"train",0.0,0.0,0.2864842116832733,0.0,0.0,0.0,0.0,0.0,0.0,0.6421153545379639
"DM-16835",False,"train",0.0,0.0469258688390255,0.04614170640707016,0.0,0.31679755449295044,0.08706487715244293,0.0,0.49392950534820557,0.0,0.0
"DM-6147",False,"train",0.0,0.0,0.6883822679519653,0.0,0.0,0.06316747516393661,0.0,0.0,0.08318059146404266,0.14969851076602936
"DM-16413",False,"train",0.0,0.0,0.0,0.0,0.0,0.9356467723846436,0.0,0.0,0.0,0.0
"DM-14170",False,"train",0.0,0.0,0.0,0.0,0.0,0.0,0.0,0.9678171873092651,0.0,0.0
"DM-15052",False,"train",0.01596035249531269,0.015958890318870544,0.8563570976257324,0.015958964824676514,0.015958083793520927,0.01595880463719368,0.015966759994626045,0.015959426760673523,0.01595873013138771,0.01596287079155445
"DM-14152",False,"train",0.0,0.4113364815711975,0.0,0.061413347721099854,0.0,0.11285743117332458,0.049884095788002014,0.0,0.2146267294883728,0.14233693480491638
"DM-4302",False,"train",0.0,0.0,0.43222126364707947,0.0,0.0,0.0,0.0,0.0,0.08304962515830994,0.4382804036140442
"DM-14753",True,"train",0.0,0.0,0.0,0.0,0.0,0.0,0.07656820863485336,0.2947256565093994,0.6162689924240112,0.0
"DM-15233",False,"train",0.21203462779521942,0.0,0.0,0.0,0.0,0.0,0.5798631310462952,0.0,0.18333333730697632,0.0
"DM-6298",True,"train",0.06479185074567795,0.0,0.0,0.0,0.0,0.0,0.909396231174469,0.0,0.0,0.0
"DM-16536",False,"train",0.0,0.0,0.6671509146690369,0.0,0.0,0.0,0.0,0.2946416735649109,0.0,0.0
"DM-1596",False,"train",0.0,0.0,0.0,0.0,0.0,0.08299151062965393,0.0,0.0,0.04564972594380379,0.8480784893035889
"DM-14378",False,"train",0.40665721893310547,0.0,0.0,0.0,0.0,0.0,0.5534033179283142,0.0,0.0,0.0
"DM-10847",False,"train",0.0,0.0,0.0,0.9549362063407898,0.0,0.0,0.0,0.0,0.0,0.0
"DM-13754",True,"train",0.0,0.0,0.0,0.0,0.0,0.9571071267127991,0.0,0.0,0.0,0.0
"DM-10615",True,"train",0.0,0.0,0.0,0.0,0.257673978805542,0.0,0.1287562996149063,0.0,0.0,0.5983726978302002
"DM-18172",False,"train",0.0,0.3859281837940216,0.0,0.0,0.0,0.0,0.5759538412094116,0.0,0.0,0.0
"DM-10274",False,"train",0.08064603805541992,0.0,0.0,0.0,0.0,0.0,0.0,0.7948693633079529,0.0,0.11150410771369934
"DM-1589",True,"train",0.0,0.0,0.0,0.0,0.4674328565597534,0.47100648283958435,0.0,0.0,0.0,0.0
"DM-11316",False,"train",0.5996801257133484,0.016758868470788002,0.016761761158704758,0.016759466379880905,0.26624414324760437,0.016758490353822708,0.01675841584801674,0.01676056906580925,0.016757875680923462,0.016760261729359627
"DM-9429",False,"train",0.0,0.0,0.0,0.40108662843704224,0.0,0.0,0.5325646996498108,0.0,0.0,0.0
"DM-17639",False,"train",0.0,0.0,0.0,0.0,0.9257990717887878,0.0,0.0,0.0,0.0,0.0
"DM-13869",False,"train",0.16921108961105347,0.0,0.0,0.7647829055786133,0.0,0.0,0.0,0.0,0.0,0.0
"DM-70",False,"train",0.060139238834381104,0.7448384761810303,0.0,0.0,0.0,0.0,0.0,0.0,0.0,0.16331852972507477
"DM-9193",False,"train",0.0,0.0,0.0,0.0,0.0,0.0,0.0,0.9653488397598267,0.0,0.0
"DM-2153",True,"train",0.03285376727581024,0.7042992115020752,0.032856252044439316,0.032853659242391586,0.03285437449812889,0.03285382315516472,0.032862428575754166,0.03285492956638336,0.03285537287592888,0.032856181263923645
"DM-13232",False,"train",0.0,0.0,0.06400585919618607,0.0,0.0,0.7169885039329529,0.0,0.0,0.20384152233600616,0.0
"DM-8555",False,"train",0.0,0.0,0.0,0.0,0.0,0.0,0.0,0.7183098793029785,0.0,0.24894192814826965
"DM-2452",False,"train",0.4713573753833771,0.034549959003925323,0.0,0.0,0.0,0.0,0.2344842553138733,0.08109892159700394,0.0,0.175296813249588
"DM-3213",True,"train",0.10043977200984955,0.1464795023202896,0.3340930640697479,0.0,0.2847200334072113,0.0,0.1125936210155487,0.0,0.0,0.0
"DM-5544",False,"train",0.020007338374853134,0.020007962360978127,0.020006589591503143,0.020012659952044487,0.02001265622675419,0.02000894770026207,0.4055078625679016,0.02001066878437996,0.4344119727611542,0.020013343542814255
"DM-14205",True,"train",0.025187527760863304,0.02518722042441368,0.02518688142299652,0.025190794840455055,0.27193862199783325,0.5265600085258484,0.025187363848090172,0.025187287479639053,0.025186926126480103,0.025187332183122635
"DM-13757",False,"train",0.0,0.0,0.0,0.0,0.0,0.0,0.0,0.2083093225955963,0.7750263810157776,0.0
"DM-16797",False,"train",0.0,0.0,0.0,0.8132038712501526,0.0,0.0,0.15475210547447205,0.0,0.0,0.0
"DM-7344",False,"train",0.0,0.0,0.0,0.0,0.0,0.0,0.8356786966323853,0.0,0.0,0.1071104183793068
"DM-3501",False,"train",0.014291566796600819,0.014291878789663315,0.014291360042989254,0.2637485861778259,0.014296450652182102,0.014296267181634903,0.01429382897913456,0.014295862056314945,0.014291423372924328,0.6219027638435364
"DM-5006",False,"train",0.0,0.1733059585094452,0.0,0.0,0.0,0.5445124506950378,0.26910698413848877,0.0,0.0,0.0
"DM-7411",False,"train",0.011114328168332577,0.011114458553493023,0.01111452467739582,0.011114600114524364,0.8999695777893066,0.011114326305687428,0.01111436914652586,0.011114675551652908,0.01111479103565216,0.01111435517668724
"DM-13950",False,"train",0.0,0.0,0.1824907660484314,0.0,0.0,0.19030922651290894,0.0,0.25720444321632385,0.32402369379997253,0.0
"DM-8386",False,"train",0.0,0.0,0.0,0.0,0.2445899099111557,0.12066411226987839,0.0,0.5808539986610413,0.0,0.0
"DM-15049",False,"train",0.7543938755989075,0.027286937460303307,0.02729036472737789,0.02728930488228798,0.027295377105474472,0.02728656679391861,0.027287352830171585,0.027292365208268166,0.027284685522317886,0.027293162420392036
"DM-5534",False,"train",0.024933192878961563,0.024933042004704475,0.024933164939284325,0.024939123541116714,0.024940114468336105,0.02493351139128208,0.02493300475180149,0.024934889748692513,0.7755833268165588,0.024936601519584656
"DM-8349",False,"train",0.0,0.0,0.0,0.40619727969169617,0.44455209374427795,0.0,0.0,0.0,0.0,0.13230068981647491
"DM-16613",False,"train",0.0,0.9526021480560303,0.0,0.0,0.0,0.0,0.0,0.0,0.0,0.0
"DM-9618",False,"train",0.03197552263736725,0.031974609941244125,0.031974561512470245,0.03197520598769188,0.7122244238853455,0.03197721764445305,0.03197474032640457,0.03197463974356651,0.03197444602847099,0.03197462484240532
"DM-5462",True,"train",0.0,0.0,0.0,0.0,0.0,0.0,0.32982081174850464,0.0,0.0,0.6528182029724121
"DM-6641",False,"train",0.0,0.0,0.0,0.12378235161304474,0.0,0.24467480182647705,0.0,0.0,0.14959926903247833,0.4652816951274872
"DM-4373",False,"train",0.0,0.0,0.0,0.030869508162140846,0.0,0.0,0.0,0.9618486762046814,0.0,0.0
"DM-6362",False,"train",0.03339366614818573,0.03339366614818573,0.699444591999054,0.03339366614818573,0.03339366614818573,0.03339366614818573,0.03340200334787369,0.033397603780031204,0.03339385241270065,0.03339366614818573
"DM-7538",False,"train",0.29953205585479736,0.0,0.0,0.0,0.0,0.09018677473068237,0.0,0.3418532609939575,0.2671986520290375,0.0
"DM-2299",True,"train",0.0,0.0,0.0,0.0,0.0,0.0,0.13061240315437317,0.0,0.0,0.8408554792404175
"DM-8107",True,"train",0.0,0.0,0.0,0.9377569556236267,0.0,0.0,0.0,0.0,0.0,0.0
"DM-10394",False,"train",0.0,0.0,0.9653522372245789,0.0,0.0,0.0,0.0,0.0,0.0,0.0
"DM-11740",False,"train",0.024493401870131493,0.024494362995028496,0.024494554847478867,0.024494796991348267,0.7795507907867432,0.024493252858519554,0.024493927136063576,0.024496374651789665,0.024494748562574387,0.02449381723999977
"DM-10752",False,"train",0.0,0.0,0.0,0.0,0.23137059807777405,0.0,0.0,0.7486765384674072,0.0,0.0
"DM-13805",True,"train",0.0,0.0,0.0,0.0,0.0,0.0,0.9653521180152893,0.0,0.0,0.0
"DM-5723",False,"train",0.0,0.0,0.0,0.9114777445793152,0.0,0.0,0.0,0.0,0.0,0.0
"DM-12879",False,"train",0.0,0.0,0.3215116858482361,0.0,0.0,0.5062872767448425,0.0,0.13883575797080994,0.0,0.0
"DM-95",False,"train",0.0,0.0,0.0,0.0,0.0,0.0,0.8465403914451599,0.0,0.0,0.13585476577281952
"DM-5203",False,"train",0.011092574335634708,0.011090701445937157,0.011090555228292942,0.36591944098472595,0.011091344989836216,0.011090945452451706,0.5453509092330933,0.011091990396380424,0.011090193875133991,0.011091388761997223
"DM-4127",True,"train",0.4322856366634369,0.3176916539669037,0.01996544376015663,0.11024259775876999,0.019969964399933815,0.019967064261436462,0.019967738538980484,0.019970083609223366,0.01997036673128605,0.019969508051872253
"DM-9933",True,"train",0.996563196182251,0.0,0.0,0.0,0.0,0.0,0.0,0.0,0.0,0.0
"DM-10963",False,"train",0.0,0.0,0.0,0.0,0.5019694566726685,0.0,0.19384698569774628,0.270803838968277,0.0,0.0
"DM-15046",False,"train",0.0,0.0,0.0,0.9181294441223145,0.0,0.0,0.0,0.0,0.0,0.0
"DM-7044",False,"train",0.3535791337490082,0.0,0.1931341290473938,0.0,0.0,0.0,0.0,0.43078628182411194,0.0,0.0
"DM-6824",False,"train",0.0,0.07387236505746841,0.0,0.0,0.0,0.0,0.7763570547103882,0.0,0.0,0.11361023783683777
"DM-6030",True,"train",0.0,0.0,0.0,0.4816220700740814,0.0,0.0,0.0,0.06678318232297897,0.31412214040756226,0.13365653157234192
"DM-5991",False,"train",0.0,0.0,0.3788769841194153,0.0,0.0,0.0,0.0,0.5768571496009827,0.0,0.0
"DM-7510",False,"train",0.01410748902708292,0.014105251990258694,0.014103799127042294,0.014105144888162613,0.01410442590713501,0.014104130677878857,0.014111557975411415,0.873047411441803,0.014104699715971947,0.0141060845926404
"DM-4926",False,"train",0.0,0.13981404900550842,0.07075916975736618,0.41480135917663574,0.0,0.0,0.0,0.0,0.0,0.3534495532512665
"DM-11397",False,"train",0.0,0.6593971252441406,0.0,0.0,0.0,0.0,0.069026418030262,0.2616986930370331,0.0,0.0
"DM-14755",False,"train",0.0,0.07842732965946198,0.0,0.0,0.22022394835948944,0.1931094378232956,0.09974709153175354,0.0,0.0,0.40033701062202454
"DM-4218",False,"train",0.0,0.0,0.047938406467437744,0.0,0.0,0.6921760439872742,0.0,0.0,0.2349027693271637,0.0
"DM-7894",False,"train",0.0,0.15306974947452545,0.0,0.4930216670036316,0.0,0.0,0.0,0.0,0.0,0.3333829641342163
"DM-10392",False,"train",0.0,0.16709168255329132,0.0,0.0,0.0,0.0,0.0,0.6831148862838745,0.0,0.11113358289003372
"DM-4408",False,"train",0.5110164880752563,0.0,0.0,0.03197082504630089,0.040817081928253174,0.09630664438009262,0.0,0.04779307544231415,0.20203618705272675,0.06750833988189697
"DM-16562",False,"train",0.025003518909215927,0.025006981566548347,0.025003820657730103,0.025005510076880455,0.025005092844367027,0.02500738389790058,0.025004912167787552,0.7749541401863098,0.025003695860505104,0.025004921481013298
"DM-10875",True,"train",0.019781270995736122,0.0197816863656044,0.019781310111284256,0.019781889393925667,0.019781412556767464,0.01978149078786373,0.019781336188316345,0.8219656348228455,0.01978127285838127,0.019782641902565956
"DM-1349",True,"train",0.0,0.0,0.0,0.0,0.6218742728233337,0.3279121518135071,0.0,0.0,0.0,0.0
"DM-978",False,"train",0.0,0.9624772071838379,0.0,0.0,0.0,0.0,0.0,0.0,0.0,0.0
"DM-15809",False,"train",0.5860686898231506,0.14694437384605408,0.0,0.0,0.0,0.0,0.0,0.0,0.0,0.23904584348201752
"DM-993",False,"train",0.0,0.0,0.0,0.0,0.0,0.30433475971221924,0.680813193321228,0.0,0.0,0.0
"DM-7260",False,"train",0.0,0.0,0.0,0.0,0.0,0.0,0.285984605550766,0.0,0.6670435667037964,0.0
"DM-14849",False,"train",0.0,0.0,0.0,0.0,0.35584062337875366,0.0,0.48979291319847107,0.13024352490901947,0.0,0.0
"DM-2662",False,"train",0.0,0.0,0.0,0.0,0.0,0.0,0.0,0.8514989018440247,0.0,0.13597701489925385
"DM-5162",False,"train",0.0,0.0,0.047581762075424194,0.0,0.42901411652565,0.0,0.0,0.0,0.0,0.5041929483413696
"DM-1338",True,"train",0.0,0.135169118642807,0.0,0.13752710819244385,0.0,0.22459746897220612,0.24079753458499908,0.10148616880178452,0.0,0.1580769121646881
"DM-12981",True,"train",0.0,0.0,0.0,0.9571107029914856,0.0,0.0,0.0,0.0,0.0,0.0
"DM-2494",False,"train",0.0,0.3111207187175751,0.0,0.0,0.0,0.0,0.0,0.0,0.0,0.6276417374610901
"DM-3540",False,"train",0.0,0.3534977436065674,0.21518956124782562,0.0,0.0,0.0,0.15534241497516632,0.0,0.0,0.2686651051044464
"DM-9165",False,"train",0.0,0.04765276983380318,0.0,0.5263077020645142,0.0,0.0,0.26283320784568787,0.1434468924999237,0.0,0.0
"DM-1424",False,"train",0.0,0.0,0.0,0.0,0.0,0.0,0.0,0.0,0.7681612372398376,0.2154911607503891
"DM-10302",False,"train",0.0,0.0,0.0,0.0,0.0,0.0,0.0,0.4993041157722473,0.0,0.4875187575817108
"DM-12420",True,"train",0.0,0.0,0.3052203953266144,0.0,0.0,0.0,0.0,0.0,0.0,0.6503722667694092
"DM-7785",False,"train",0.0,0.0,0.0,0.0,0.3977694809436798,0.0,0.0,0.0,0.1321338415145874,0.43987929821014404
"DM-976",False,"train",0.0,0.0,0.0,0.0,0.929084837436676,0.0,0.0,0.0,0.0,0.0
"DM-3496",False,"train",0.0,0.0,0.0,0.0,0.0,0.0,0.9591160416603088,0.0,0.0,0.0
"DM-8750",True,"train",0.0,0.0,0.0,0.0,0.0,0.1099323034286499,0.0,0.2528202533721924,0.11200544983148575,0.5129950642585754
"DM-337",False,"train",0.14532703161239624,0.5143938064575195,0.016573578119277954,0.016570063307881355,0.016569731757044792,0.01657363399863243,0.016573159024119377,0.2242748886346817,0.01657295972108841,0.016571136191487312
"DM-15080",False,"train",0.0,0.09090026468038559,0.0,0.0,0.0,0.0,0.8738611936569214,0.0,0.0,0.0
"DM-25",False,"train",0.0,0.0,0.0,0.0,0.6659590601921082,0.0,0.2766974866390228,0.0,0.0,0.0
"DM-2777",False,"train",0.0,0.0,0.036614663898944855,0.0,0.0,0.22778113186359406,0.0,0.0,0.11145597696304321,0.6015713810920715
"DM-8386",False,"train",0.0,0.0,0.0,0.0,0.2445899099111557,0.12066411226987839,0.0,0.5808539986610413,0.0,0.0
"DM-10462",False,"train",0.0,0.0,0.0,0.8089067339897156,0.0,0.0,0.0,0.0,0.0,0.16463865339756012
"DM-5683",False,"train",0.0,0.0,0.7146915793418884,0.0,0.0,0.0,0.0,0.0,0.25946956872940063,0.0
"DM-9864",False,"train",0.020013639703392982,0.020016245543956757,0.020013311877846718,0.020013298839330673,0.384012371301651,0.02001354470849037,0.020013850182294846,0.020014017820358276,0.4558764100074768,0.020013276487588882
"DM-7327",False,"train",0.012482174672186375,0.012483863160014153,0.01248271856456995,0.012483187019824982,0.012483133934438229,0.0124812675639987,0.3171458840370178,0.012481456622481346,0.5829944014549255,0.012481901794672012
"DM-18026",False,"train",0.0,0.1404445469379425,0.0,0.0,0.5306734442710876,0.25678950548171997,0.0,0.0,0.0,0.06066920608282089
"DM-11524",False,"train",0.0,0.0,0.0,0.0,0.0,0.0,0.0,0.4402283728122711,0.0,0.5423890352249146
"DM-6546",False,"train",0.0,0.0,0.0,0.0,0.0,0.6311022043228149,0.3356166481971741,0.0,0.0,0.0
"DM-8550",False,"train",0.9833247661590576,0.0,0.0,0.0,0.0,0.0,0.0,0.0,0.0,0.0
"DM-1609",False,"train",0.0,0.0,0.0,0.0,0.0,0.7316846251487732,0.0,0.2116566151380539,0.0,0.0
"DM-16475",False,"train",0.0,0.0,0.0,0.05846789479255676,0.0,0.0,0.0,0.0,0.0,0.919173002243042
"DM-15504",False,"train",0.033761702477931976,0.049168847501277924,0.0,0.6305927038192749,0.0,0.0,0.0,0.27320680022239685,0.0,0.0
"DM-976",False,"train",0.0,0.0,0.0,0.0,0.929084837436676,0.0,0.0,0.0,0.0,0.0
"DM-18021",True,"train",0.0,0.13946998119354248,0.0,0.0,0.4092227518558502,0.09530176967382431,0.0,0.0,0.0,0.3403968811035156
"DM-13889",False,"train",0.0,0.0,0.0,0.0,0.5320368409156799,0.12139443308115005,0.0,0.0,0.3148210942745209,0.0
"DM-2593",False,"train",0.0,0.07468711584806442,0.0,0.1532321274280548,0.0,0.0,0.0,0.4534117877483368,0.07314343750476837,0.2262856662273407
"DM-10344",False,"train",0.3116789162158966,0.0,0.0,0.3656173646450043,0.0,0.0,0.0,0.2957116365432739,0.0,0.0
"DM-13715",False,"train",0.0,0.5810620188713074,0.16850651800632477,0.0,0.0,0.0,0.21552489697933197,0.0,0.0,0.0
"DM-6254",False,"train",0.0,0.0,0.040902137756347656,0.0,0.18197186291217804,0.0,0.0,0.7346482276916504,0.0,0.024654513224959373
"DM-12208",False,"train",0.0,0.208212748169899,0.0,0.2845735251903534,0.0,0.0,0.0,0.09647317230701447,0.0,0.3734745383262634
"DM-12127",False,"train",0.020005332306027412,0.020005371421575546,0.23278650641441345,0.020007150247693062,0.6071694493293762,0.02000502683222294,0.020005622878670692,0.02000521868467331,0.020005229860544205,0.020005105063319206
"DM-6303",False,"train",0.0,0.0,0.0,0.0,0.3809274137020111,0.0,0.5460935235023499,0.0,0.0,0.0
"DM-6569",False,"train",0.0,0.42359495162963867,0.0,0.2844001352787018,0.0,0.0,0.0,0.0,0.272151380777359,0.0
"DM-4999",False,"train",0.0,0.0,0.0,0.44013863801956177,0.1797606199979782,0.0,0.34113356471061707,0.0,0.0,0.0
"DM-5274",False,"train",0.0,0.0,0.0,0.43531638383865356,0.0,0.0,0.0,0.0,0.4979223608970642,0.0
"DM-2258",False,"train",0.0,0.0,0.0,0.0,0.0,0.0,0.0,0.0,0.0,0.9727134108543396
"DM-9599",False,"train",0.0,0.05102227255702019,0.0,0.0,0.0,0.0,0.0,0.8448703289031982,0.0,0.09156835079193115
"DM-14467",False,"train",0.0,0.05663997679948807,0.0,0.2640793025493622,0.0,0.0,0.0,0.0,0.0,0.6714805960655212
"DM-11542",False,"train",0.0,0.0,0.0,0.8835981488227844,0.0,0.0,0.0,0.0,0.10369707643985748,0.0
"DM-13268",False,"train",0.0,0.0,0.12669813632965088,0.0,0.0,0.0,0.0,0.0,0.0,0.8541281223297119
"DM-15053",False,"train",0.0,0.0,0.0,0.0,0.04958600923418999,0.0,0.16254109144210815,0.16905182600021362,0.022342924028635025,0.5896090269088745
"DM-11116",False,"train",0.0,0.7201268672943115,0.0388052724301815,0.2255551815032959,0.0,0.0,0.0,0.0,0.0,0.0
"DM-4899",False,"train",0.0,0.17410103976726532,0.0,0.5878524780273438,0.19469676911830902,0.0,0.0,0.0,0.0,0.0
"DM-915",False,"train",0.016717232763767242,0.016714224591851234,0.01671321503818035,0.016713006421923637,0.8495687246322632,0.016714081168174744,0.016713133081793785,0.016713928431272507,0.01671302132308483,0.01671944186091423
"DM-463",False,"train",0.0,0.2788413465023041,0.0,0.0,0.0,0.19138246774673462,0.0,0.0,0.4933875799179077,0.0
"DM-369",False,"train",0.0,0.8989431858062744,0.0,0.0,0.0,0.0,0.08055675029754639,0.0,0.0,0.0
"DM-14533",False,"train",0.10080112516880035,0.0,0.0,0.0,0.0,0.0,0.8579791784286499,0.0,0.0,0.0
"DM-1733",False,"train",0.01973872259259224,0.01973867416381836,0.019738566130399704,0.01973901316523552,0.01974259689450264,0.019738832488656044,0.8223445415496826,0.019740521907806396,0.01973886974155903,0.019739605486392975
"DM-6296",True,"train",0.0746765211224556,0.0,0.0,0.0,0.0,0.0,0.8995121717453003,0.0,0.0,0.0
"DM-7300",False,"train",0.02502993308007717,0.02503023110330105,0.02502959780395031,0.025029052048921585,0.2981535494327545,0.30830541253089905,0.025038637220859528,0.02502969279885292,0.21832330524921417,0.025030603632330894
"DM-1927",True,"train",0.012411430478096008,0.48634073138237,0.012412125244736671,0.012413116171956062,0.012412335723638535,0.414356529712677,0.012414323166012764,0.01241264771670103,0.012412137351930141,0.012414593249559402
"DM-4438",False,"train",0.0,0.0,0.0,0.0,0.0,0.0,0.9306643605232239,0.0,0.0,0.0
"DM-17028",True,"train",0.014326313510537148,0.014324689283967018,0.01432889699935913,0.2107301652431488,0.15424512326717377,0.19024327397346497,0.014322099275887012,0.014322865754365921,0.014322427101433277,0.3588341474533081
"DM-10822",False,"train",0.0,0.0,0.0,0.0,0.10486404597759247,0.0,0.0,0.0,0.0,0.8455586433410645
"DM-7406",False,"train",0.0,0.4046649932861328,0.0,0.3672114312648773,0.0,0.0,0.21105080842971802,0.0,0.0,0.0
"DM-13507",False,"train",0.32290905714035034,0.0,0.0,0.03803449124097824,0.0,0.0,0.3255484104156494,0.0,0.0,0.30619946122169495
"DM-16811",False,"train",0.6073589324951172,0.0,0.0,0.24942931532859802,0.0,0.0,0.0,0.03791719675064087,0.08445423096418381,0.0
"DM-6459",False,"train",0.0,0.24101608991622925,0.0,0.0,0.3631877601146698,0.0,0.0,0.33667615056037903,0.0,0.0
"DM-17913",False,"train",0.0,0.0,0.0,0.0,0.0,0.0,0.16337844729423523,0.0,0.0,0.8130789399147034
"DM-10528",False,"train",0.011031010188162327,0.011033231392502785,0.011031725443899632,0.01103152334690094,0.01103152148425579,0.900714099407196,0.011032145470380783,0.011031679809093475,0.011031027883291245,0.011032006703317165
"DM-4694",False,"train",0.019939372316002846,0.019940152764320374,0.019942432641983032,0.019948000088334084,0.01994882896542549,0.25553879141807556,0.019942309707403183,0.5849180221557617,0.019939739257097244,0.019942348822951317
"DM-3549",False,"train",0.0,0.0,0.6986384391784668,0.0,0.29008030891418457,0.0,0.0,0.0,0.0,0.0
"DM-6304",False,"train",0.0,0.5608617067337036,0.0,0.0,0.0,0.0,0.37786319851875305,0.0,0.0,0.0
"DM-10004",False,"train",0.0,0.0,0.0,0.18548651039600372,0.7770221829414368,0.0,0.0,0.0,0.0,0.0
"DM-4489",True,"train",0.019243815913796425,0.019222885370254517,0.019222795963287354,0.22527214884757996,0.01922278292477131,0.019222743809223175,0.019222799688577652,0.6209247708320618,0.019222542643547058,0.019222723320126534
"DM-17252",False,"train",0.0,0.0,0.0,0.35520002245903015,0.18326522409915924,0.0,0.42322593927383423,0.0,0.0,0.0
"DM-14121",False,"train",0.3301871418952942,0.0,0.0,0.4909732937812805,0.0,0.0,0.0,0.0,0.0,0.15996506810188293
"DM-599",False,"train",0.0,0.0,0.0,0.0,0.0,0.15204288065433502,0.0,0.0,0.0,0.8059250116348267
"DM-10111",False,"train",0.1364259123802185,0.0,0.25767064094543457,0.0,0.0,0.0,0.0,0.0,0.0,0.5859299898147583
"DM-5334",False,"train",0.0,0.0,0.9699898958206177,0.0,0.0,0.0,0.0,0.0,0.0,0.0
"DM-17393",True,"train",0.0,0.0,0.0,0.28136926889419556,0.29056698083877563,0.0,0.16484826803207397,0.0,0.24974456429481506,0.0
"DM-13970",False,"train",0.0,0.0,0.0,0.0,0.0,0.0,0.21666571497917175,0.0,0.0,0.75907963514328
"DM-10304",True,"train",0.0,0.1351855844259262,0.0,0.1985311359167099,0.5324063301086426,0.0,0.0,0.0,0.10997169464826584,0.0
"DM-1059",False,"train",0.0,0.5175306797027588,0.0,0.44070714712142944,0.0,0.0,0.0,0.0,0.0,0.0
"DM-5414",False,"train",0.0,0.0,0.0,0.0,0.9689461588859558,0.0,0.0,0.0,0.0,0.0
"DM-7833",False,"train",0.0,0.0,0.0,0.9699844121932983,0.0,0.0,0.0,0.0,0.0,0.0
"DM-4568",False,"train",0.0,0.18224644660949707,0.5747466087341309,0.0,0.0,0.0,0.0,0.2047329545021057,0.0,0.0
"DM-3366",False,"train",0.0,0.0,0.0,0.0,0.0,0.0,0.0,0.0,0.0,0.9181164503097534
"DM-2961",True,"train",0.01652822457253933,0.01652810536324978,0.016528362408280373,0.016527922824025154,0.8512281775474548,0.016530904918909073,0.016530917957425117,0.016529135406017303,0.01653881184756756,0.016529468819499016
"DM-16376",False,"train",0.02469073422253132,0.024681169539690018,0.024680927395820618,0.7778617739677429,0.02467925474047661,0.02468111552298069,0.024679146707057953,0.024686815217137337,0.024679724127054214,0.024679318070411682
"DM-9447",False,"train",0.16899387538433075,0.0,0.0,0.0,0.36772167682647705,0.0,0.28597530722618103,0.0,0.15007153153419495,0.0
"DM-12029",False,"train",0.0,0.24208728969097137,0.0,0.2708956301212311,0.0,0.0,0.0,0.0,0.23399579524993896,0.24455249309539795
"DM-9886",False,"train",0.0,0.7542022466659546,0.0,0.0,0.20930266380310059,0.0,0.0,0.0,0.0,0.0
"DM-7532",False,"train",0.033018745481967926,0.06969191879034042,0.0,0.0,0.1072859913110733,0.21151261031627655,0.0,0.0,0.15319471061229706,0.4214547276496887
"DM-10972",False,"train",0.0,0.0,0.0,0.8700509071350098,0.0,0.0,0.0,0.0,0.08543367683887482,0.0
"DM-15891",False,"train",0.1833053082227707,0.0,0.6641217470169067,0.0,0.0,0.0,0.0,0.0,0.0,0.14143411815166473
"DM-15008",True,"train",0.0,0.9168078899383545,0.0,0.0,0.0,0.0,0.0,0.0,0.06884275376796722,0.0
"DM-6166",False,"train",0.0,0.9473446607589722,0.0,0.0,0.0,0.0,0.0,0.0,0.0,0.0
"DM-10839",False,"train",0.0,0.0,0.0,0.0,0.9266153573989868,0.0,0.0,0.0,0.0,0.0
"DM-14840",False,"train",0.5685158371925354,0.0,0.0,0.0,0.0,0.0,0.0,0.0,0.0,0.4152425527572632
"DM-10976",False,"train",0.0,0.0,0.0,0.0,0.23097126185894012,0.0,0.2357741743326187,0.0,0.5082203149795532,0.0
"DM-13302",False,"train",0.0,0.0,0.03879871219396591,0.0,0.0,0.13650475442409515,0.19120033085346222,0.3973979651927948,0.0,0.22555677592754364
"DM-8451",True,"train",0.02003619447350502,0.8196672797203064,0.020035628229379654,0.0200357586145401,0.020037351176142693,0.02003536745905876,0.020045973360538483,0.020035283640027046,0.02003544010221958,0.02003573253750801
"DM-4125",False,"train",0.0,0.0,0.0,0.0,0.0,0.0,0.0,0.0,0.9954907894134521,0.0
"DM-14490",False,"train",0.14080728590488434,0.4428056478500366,0.0,0.0,0.0,0.0,0.0,0.37519174814224243,0.0,0.0
"DM-7780",False,"train",0.013168110512197018,0.8814861178398132,0.013166696764528751,0.013172728940844536,0.013167202472686768,0.013167736120522022,0.013167871162295341,0.013167559169232845,0.013167360797524452,0.013168638572096825
"DM-17370",False,"train",0.0,0.0,0.0,0.1089506670832634,0.0,0.0,0.35372069478034973,0.0,0.0,0.5004681348800659
"DM-17343",True,"train",0.0,0.0,0.0,0.0,0.0,0.0,0.7197210788726807,0.0,0.0,0.2184883952140808
"DM-18283",True,"train",0.0,0.0,0.0,0.4545479416847229,0.0,0.0,0.3606657385826111,0.06292544305324554,0.0,0.11273808032274246
"DM-13274",False,"train",0.0,0.0,0.0,0.0,0.5022042393684387,0.0,0.0,0.0,0.496551513671875,0.0
"DM-14002",False,"train",0.0,0.0,0.0,0.9821114540100098,0.0,0.0,0.0,0.0,0.0,0.0
"DM-5863",False,"train",0.0,0.361198365688324,0.0,0.0,0.43551889061927795,0.17472617328166962,0.0,0.0,0.0,0.0
"DM-8359",False,"train",0.011115011759102345,0.011116601526737213,0.011116635985672474,0.011114535853266716,0.01111522875726223,0.8999510407447815,0.011116823181509972,0.011118152178823948,0.011120674200356007,0.01111534982919693
"DM-9711",False,"train",0.0,0.42478999495506287,0.0,0.0,0.0,0.0,0.5312564373016357,0.0,0.0,0.0
"DM-11008",False,"train",0.02302592806518078,0.0,0.0,0.0,0.0,0.04324784129858017,0.0,0.0,0.9315338134765625,0.0
"DM-17322",False,"train",0.0,0.0,0.0,0.0,0.0,0.0,0.0,0.0,0.0,0.9246789216995239
"DM-13371",False,"train",0.0,0.6514819264411926,0.0,0.0,0.2817647159099579,0.0,0.0,0.0,0.0,0.0
"DM-4881",False,"train",0.0,0.13183769583702087,0.0,0.0,0.0,0.0,0.0,0.1524280160665512,0.0,0.6959285140037537
"DM-17811",False,"train",0.0,0.6631371378898621,0.0,0.0,0.0,0.0,0.0,0.0,0.0,0.2954768240451813
"DM-8149",False,"train",0.012686310335993767,0.01268763281404972,0.012686220929026604,0.012686212547123432,0.012687048874795437,0.012686742469668388,0.012688196264207363,0.12706726789474487,0.012685952708125114,0.7714384198188782
"DM-11550",True,"train",0.0,0.0,0.0,0.0,0.0,0.0,0.3975982367992401,0.0,0.5583941340446472,0.0
"DM-7781",False,"train",0.0,0.7513186931610107,0.0,0.0,0.0,0.0,0.0,0.2107272744178772,0.0,0.0
"DM-12008",True,"train",0.0,0.5988892912864685,0.0,0.2564188539981842,0.0,0.11134723573923111,0.0,0.0,0.0,0.0
"DM-12692",False,"train",0.42606571316719055,0.526324987411499,0.0,0.0,0.0,0.0,0.0,0.0,0.0,0.0
"DM-1822",False,"train",0.36038738489151,0.0,0.36510151624679565,0.03539474681019783,0.04624708741903305,0.18449732661247253,0.0,0.0,0.0,0.0
"DM-11723",False,"train",0.011115839704871178,0.011115887202322483,0.01111679244786501,0.6058067083358765,0.011120001785457134,0.011115852743387222,0.011116044595837593,0.30526041984558105,0.011116101406514645,0.011116353794932365
"DM-4235",False,"train",0.0,0.0,0.0,0.0,0.985475480556488,0.0,0.0,0.0,0.0,0.0
"DM-1354",False,"train",0.0,0.3862588405609131,0.0,0.0,0.0,0.0,0.0,0.0,0.16250938177108765,0.4332889914512634
"DM-2663",False,"train",0.0,0.6538558006286621,0.0,0.0,0.0,0.0,0.0,0.0,0.0,0.3219056725502014
"DM-6379",False,"train",0.012503167614340782,0.012504320591688156,0.01250428706407547,0.012505126185715199,0.012503148056566715,0.012507501058280468,0.012504002079367638,0.01250491663813591,0.17083367705345154,0.7291298508644104
"DM-16386",False,"train",0.8482103943824768,0.0,0.0703253224492073,0.0,0.0,0.0,0.0,0.010959613136947155,0.0666985884308815,0.0
"DM-10429",False,"train",0.20215167105197906,0.0,0.0,0.0,0.0,0.0,0.0,0.7796473503112793,0.0,0.0
"DM-17560",False,"train",0.023121390491724014,0.0,0.0,0.0,0.0,0.06002923101186752,0.09791264683008194,0.0,0.0,0.800654947757721
"DM-11475",False,"train",0.0,0.6901565790176392,0.0,0.0,0.0,0.0,0.269747257232666,0.0,0.0,0.0
"DM-13163",False,"train",0.0,0.0,0.0,0.0,0.9718539714813232,0.0,0.0,0.0,0.0,0.0
"DM-12159",False,"train",0.012573744170367718,0.01257350668311119,0.3027368187904358,0.012574193067848682,0.012575638480484486,0.01257344987243414,0.012577774003148079,0.01257616002112627,0.012573441490530968,0.5966652631759644
"DM-6252",False,"train",0.0,0.13916094601154327,0.0,0.5007025599479675,0.0,0.19562271237373352,0.0,0.0,0.0,0.1444726288318634
"DM-13973",False,"train",0.0,0.0,0.0,0.0,0.847346305847168,0.0,0.0,0.10471530258655548,0.0,0.0
"DM-7325",False,"train",0.010049114935100079,0.010049269534647465,0.010048862546682358,0.010048946365714073,0.01004937756806612,0.010049152188003063,0.9095538258552551,0.010050022974610329,0.010052385739982128,0.010049015283584595
"DM-13520",False,"train",0.0,0.0,0.0,0.0,0.0,0.7656606435775757,0.0,0.1979609727859497,0.0,0.0
"DM-5334",False,"train",0.0,0.0,0.9699898958206177,0.0,0.0,0.0,0.0,0.0,0.0,0.0
"DM-19166",False,"train",0.0,0.3373706042766571,0.0,0.0,0.0,0.0,0.36915186047554016,0.18544578552246094,0.0,0.08731137216091156
"DM-4368",False,"train",0.18871267139911652,0.0,0.0,0.0,0.0,0.0,0.0,0.732921838760376,0.0,0.0
"DM-4470",False,"train",0.01991945691406727,0.4596089720726013,0.01991714909672737,0.019921042025089264,0.019918639212846756,0.0199209563434124,0.019917882978916168,0.3810364603996277,0.019921204075217247,0.019918208941817284
"DM-12652",True,"train",0.0,0.0,0.0,0.0,0.0,0.3279704749584198,0.0,0.0,0.0,0.6319931745529175
"DM-12619",False,"train",0.0,0.0,0.0,0.9699869155883789,0.0,0.0,0.0,0.0,0.0,0.0
"DM-2551",False,"train",0.0,0.0,0.0,0.0,0.0,0.5469573736190796,0.0,0.0,0.42342445254325867,0.0
"DM-14757",False,"train",0.0,0.0,0.1776765137910843,0.0,0.08772528171539307,0.192989781498909,0.19847360253334045,0.07863016426563263,0.0,0.25276634097099304
"DM-10558",False,"train",0.0,0.0,0.0,0.0,0.0954885259270668,0.2421252727508545,0.0,0.555014967918396,0.0,0.09113015234470367
"DM-2804",False,"train",0.0,0.0,0.0,0.0,0.0,0.0,0.7368206977844238,0.0,0.2210528701543808,0.0
"DM-13045",True,"train",0.0,0.0,0.0,0.9666178226470947,0.0,0.0,0.0,0.0,0.0,0.0
"DM-9506",False,"train",0.0,0.05103275924921036,0.025836041197180748,0.0,0.0,0.0,0.0623084120452404,0.45820796489715576,0.0,0.39727357029914856
"DM-5694",False,"train",0.0,0.0,0.0,0.0,0.0,0.0,0.0,0.9470387101173401,0.0,0.0
"DM-14372",False,"train",0.0,0.0,0.2773855924606323,0.0,0.0,0.675540030002594,0.0,0.0,0.0,0.0
"DM-8112",False,"train",0.0,0.36605554819107056,0.0,0.0,0.0,0.0,0.0,0.0,0.2595582604408264,0.350100040435791
"DM-148",False,"train",0.0,0.0,0.0,0.0,0.0,0.0,0.78521329164505,0.0,0.18394610285758972,0.0
"DM-4997",False,"train",0.030984099954366684,0.0,0.0,0.9423156976699829,0.0,0.0,0.0,0.0,0.0,0.0
"DM-8074",False,"train",0.0,0.0,0.0,0.0,0.0,0.0,0.9399057030677795,0.0,0.0,0.0
"DM-11976",False,"train",0.0,0.0,0.09080355614423752,0.0,0.0,0.0,0.0,0.0,0.49396812915802,0.387265682220459
"DM-5552",False,"train",0.0,0.20219284296035767,0.0,0.3307768702507019,0.0,0.436807781457901,0.0,0.0,0.0,0.0
"DM-336",True,"train",0.5019808411598206,0.0,0.0,0.0,0.0,0.30891212821006775,0.1563422977924347,0.0,0.0,0.0
"DM-9873",False,"train",0.4241591989994049,0.08031722903251648,0.0,0.0,0.0,0.210793137550354,0.0,0.0,0.0,0.27759239077568054
"DM-11784",False,"train",0.2211424857378006,0.0,0.0,0.0,0.0,0.7490963935852051,0.0,0.0,0.0,0.0
"DM-10974",False,"train",0.0,0.0,0.0,0.0,0.0,0.0,0.0,0.0,0.0,0.9504231214523315
"DM-17611",False,"train",0.0,0.0,0.0,0.0,0.0,0.0,0.42844274640083313,0.0,0.0,0.5458737015724182
"DM-2978",False,"train",0.0,0.0,0.0,0.3246738910675049,0.0,0.0,0.0,0.14418552815914154,0.0,0.5117368698120117
"DM-1580",False,"train",0.0,0.15740488469600677,0.0,0.0,0.0,0.0,0.0,0.0,0.07627275586128235,0.7446713447570801
"DM-11547",False,"train",0.0,0.9437351822853088,0.0,0.0,0.0,0.0,0.0,0.0,0.0,0.0
"DM-15370",False,"train",0.0,0.0,0.0,0.0,0.0,0.0,0.9590412974357605,0.0,0.0,0.0
"DM-17022",True,"train",0.0,0.0,0.0,0.0,0.0,0.9359060525894165,0.0,0.0,0.0,0.0
"DM-17545",False,"train",0.0,0.0,0.16782289743423462,0.4518835246562958,0.31055116653442383,0.0,0.0,0.0,0.0,0.0
"DM-4789",False,"train",0.8462992906570435,0.0,0.0,0.0,0.0,0.0,0.0,0.11727046221494675,0.0,0.0
"DM-13737",True,"train",0.0,0.0,0.10842657834291458,0.6932079792022705,0.0,0.0,0.0,0.16494949162006378,0.0,0.0
"DM-13632",False,"train",0.0,0.7859280705451965,0.0,0.0,0.055906932801008224,0.0,0.0,0.0,0.14062561094760895,0.0
"DM-8528",False,"train",0.0,0.5702996850013733,0.0,0.0,0.0,0.0,0.0,0.166215717792511,0.20985911786556244,0.0
"DM-9258",False,"train",0.0,0.0,0.0,0.0,0.0,0.0,0.9197452664375305,0.0,0.058305010199546814,0.0
"DM-18031",False,"train",0.0,0.30270007252693176,0.0,0.07576585561037064,0.0,0.6132879853248596,0.0,0.0,0.0,0.0
"DM-16843",False,"train",0.0,0.7237491011619568,0.0,0.22900035977363586,0.0,0.0,0.0,0.0,0.0,0.0
"DM-3402",False,"train",0.0,0.43892478942871094,0.0,0.0,0.0,0.0,0.0,0.0,0.0,0.5161203742027283
"DM-14544",False,"train",0.0,0.0,0.0,0.815569281578064,0.11164680123329163,0.0,0.0,0.0,0.0,0.0
"DM-17666",False,"train",0.3588623106479645,0.0,0.0,0.0,0.574425995349884,0.0,0.0,0.0,0.0,0.0
"DM-13998",False,"train",0.01423487439751625,0.8718811273574829,0.01423482596874237,0.01423599198460579,0.014234808273613453,0.014235825277864933,0.01423633098602295,0.014235378243029118,0.014235490001738071,0.014235328882932663
"DM-11785",True,"train",0.7942360639572144,0.0,0.0,0.0,0.0,0.0,0.0,0.15240277349948883,0.0,0.0
"DM-1579",False,"train",0.0,0.3184944689273834,0.0,0.0,0.0,0.0,0.6540329456329346,0.0,0.0,0.0
"DM-17720",True,"train",0.09189091622829437,0.0,0.0,0.0,0.0,0.0,0.6204800009727478,0.0,0.0,0.26880645751953125
"DM-13087",False,"train",0.01101158931851387,0.011016194708645344,0.011013681069016457,0.3628867566585541,0.5490010976791382,0.011016178876161575,0.01101616956293583,0.011012199334800243,0.01101275347173214,0.011013318784534931
"DM-4694",False,"train",0.019939372316002846,0.019940152764320374,0.019942432641983032,0.019948000088334084,0.01994882896542549,0.25553879141807556,0.019942309707403183,0.5849180221557617,0.019939739257097244,0.019942348822951317
"DM-10883",False,"train",0.012608122080564499,0.012608509510755539,0.012609194032847881,0.012622375972568989,0.012612118385732174,0.012608525343239307,0.14232465624809265,0.7567888498306274,0.01260814256966114,0.01260950043797493
"DM-5197",True,"train",0.0,0.5806248784065247,0.0,0.0,0.19789880514144897,0.20595772564411163,0.0,0.0,0.0,0.0
"DM-9348",True,"train",0.4187265932559967,0.0,0.0,0.5584062337875366,0.0,0.0,0.0,0.0,0.0,0.0
"DM-9089",False,"train",0.0,0.09293051064014435,0.0,0.0,0.0,0.061918050050735474,0.3030838668346405,0.0,0.0,0.5258435606956482
"DM-5880",False,"train",0.06069425866007805,0.0,0.0,0.0,0.0,0.0,0.0,0.0,0.07492851465940475,0.8292832374572754
"DM-17303",False,"train",0.05537034943699837,0.9276992082595825,0.0,0.0,0.0,0.0,0.0,0.0,0.0,0.0
"DM-9491",False,"train",0.0,0.3247181475162506,0.0,0.6644647717475891,0.0,0.0,0.0,0.0,0.0,0.0
"DM-10947",False,"train",0.16336198151111603,0.6457749009132385,0.172822505235672,0.0,0.0,0.0,0.0,0.0,0.0,0.0
"DM-9596",False,"train",0.0,0.0,0.0,0.0,0.0,0.9833231568336487,0.0,0.0,0.0,0.0
"DM-12270",False,"train",0.0,0.21203456819057465,0.0,0.3048911988735199,0.0,0.2535111606121063,0.2113887220621109,0.0,0.0,0.0
"DM-6816",False,"train",0.2610119879245758,0.0,0.0,0.0,0.0,0.0,0.0,0.0,0.6968995928764343,0.0
"DM-4323",False,"train",0.0,0.8248506188392639,0.0,0.0,0.0,0.0,0.0,0.12850557267665863,0.0,0.0
"DM-8356",False,"train",0.010002152994275093,0.010003591887652874,0.010002673603594303,0.010003142058849335,0.010002135299146175,0.5856464505195618,0.33432990312576294,0.010003681294620037,0.010003749281167984,0.010002476163208485
"DM-3472",True,"train",0.0,0.0,0.0,0.0,0.0,0.0,0.7012200355529785,0.0,0.23729923367500305,0.0
"DM-2390",False,"train",0.0,0.6048361659049988,0.0,0.0,0.0,0.0,0.0,0.0,0.3550955653190613,0.0
"DM-13164",True,"train",0.0,0.0,0.0,0.0,0.6856105923652649,0.0,0.0,0.0,0.0,0.26043984293937683
"DM-9282",True,"train",0.0,0.49803709983825684,0.0,0.0,0.0,0.48453208804130554,0.0,0.0,0.0,0.0
"DM-11479",True,"train",0.0,0.0,0.0,0.0,0.0,0.45723968744277954,0.5141331553459167,0.0,0.0,0.0
"DM-17552",False,"train",0.0,0.07397843152284622,0.0,0.0,0.0,0.0,0.32080817222595215,0.42242875695228577,0.0,0.16309194266796112
"DM-1627",True,"train",0.024992655962705612,0.024996770545840263,0.024995120242238045,0.024995818734169006,0.02499486692249775,0.45098045468330383,0.02499500662088394,0.025002799928188324,0.025001846253871918,0.3490445911884308
"DM-1299",False,"train",0.0,0.44801220297813416,0.0,0.0,0.0,0.0,0.0,0.5069049000740051,0.0,0.0
"DM-1083",False,"train",0.0,0.0,0.05928749963641167,0.0,0.0,0.1807621568441391,0.0,0.0,0.736724317073822,0.0
"DM-13671",False,"train",0.0,0.0,0.0,0.0,0.0,0.0,0.0,0.0,0.0,0.9768919944763184
"DM-5689",False,"train",0.0,0.0,0.1841885894536972,0.0,0.0,0.0,0.0,0.7768237590789795,0.0,0.0
"DM-7949",False,"train",0.0,0.0,0.027931930497288704,0.0,0.277467280626297,0.0,0.1110740453004837,0.0,0.0,0.5741556882858276
"DM-1464",False,"train",0.0,0.0,0.42896443605422974,0.16511361300945282,0.34220704436302185,0.0,0.0,0.0,0.0,0.0
"DM-2754",True,"train",0.0,0.11498672515153885,0.0,0.0,0.0,0.0,0.0,0.8471329212188721,0.0,0.0
"DM-9618",False,"train",0.03197552263736725,0.031974609941244125,0.031974561512470245,0.03197520598769188,0.7122244238853455,0.03197721764445305,0.03197474032640457,0.03197463974356651,0.03197444602847099,0.03197462484240532
"DM-1151",False,"train",0.0,0.08078377693891525,0.0,0.0,0.0,0.2743265926837921,0.0,0.0,0.21559591591358185,0.40783971548080444
"DM-7936",False,"train",0.5298832058906555,0.0,0.0,0.0,0.41675278544425964,0.0,0.0,0.0,0.0,0.0
"DM-3174",False,"train",0.0,0.35326021909713745,0.0,0.0,0.0,0.09135206043720245,0.0,0.0,0.0,0.5441519618034363
"DM-304",False,"train",0.0,0.07783161848783493,0.0,0.0,0.0,0.4291892349720001,0.14139965176582336,0.0,0.0,0.3260137438774109
"DM-10332",True,"train",0.0,0.205004021525383,0.0,0.0,0.0,0.0,0.0,0.0,0.0749211311340332,0.7080127596855164
"DM-1296",False,"train",0.0,0.4795948565006256,0.0,0.38960522413253784,0.0,0.0,0.0,0.0,0.10164076089859009,0.0
"DM-4824",False,"train",0.16951242089271545,0.5678443908691406,0.0,0.0,0.0,0.19347095489501953,0.0,0.0,0.0,0.0
"DM-1919",False,"train",0.0,0.3606151342391968,0.0,0.0,0.0,0.5950185656547546,0.0,0.0,0.0,0.0
"DM-1407",False,"train",0.0,0.9525941610336304,0.0,0.0,0.0,0.0,0.0,0.0,0.0,0.0
"DM-3192",False,"train",0.0,0.0,0.0,0.0,0.7438079118728638,0.0,0.2356616109609604,0.0,0.0,0.0
"DM-9595",False,"train",0.0,0.0,0.08696850389242172,0.0,0.0,0.0,0.5323532819747925,0.33954089879989624,0.0,0.0
"DM-4582",False,"train",0.0,0.0,0.0,0.506397545337677,0.0,0.0,0.21933409571647644,0.0,0.23745661973953247,0.0
"DM-15725",False,"train",0.0,0.0,0.0,0.9762870073318481,0.0,0.0,0.0,0.0,0.0,0.0
"DM-5131",False,"train",0.1989610344171524,0.014293897897005081,0.014293540269136429,0.3541150689125061,0.3468641936779022,0.014293891377747059,0.014294019900262356,0.014293751679360867,0.014295519329607487,0.014295077882707119
"DM-15713",False,"train",0.0,0.0,0.0,0.0,0.24057303369045258,0.38982051610946655,0.0,0.3419467806816101,0.0,0.0
"DM-1614",False,"train",0.0,0.25501182675361633,0.38496291637420654,0.0,0.14760179817676544,0.0,0.0,0.18059319257736206,0.0,0.0
"DM-6051",True,"train",0.0,0.09777064621448517,0.0,0.12080220878124237,0.0,0.7672109603881836,0.0,0.0,0.0,0.0
"DM-10562",False,"train",0.0,0.0,0.0,0.6859449744224548,0.0,0.0,0.25223714113235474,0.0,0.0,0.0
"DM-8169",False,"train",0.0,0.0,0.0,0.0,0.7357774972915649,0.0,0.0,0.0,0.19913043081760406,0.0
"DM-4498",True,"train",0.012502697296440601,0.012501789256930351,0.012505535036325455,0.012503433972597122,0.012502221390604973,0.012501813471317291,0.012502175755798817,0.8874766230583191,0.012501941062510014,0.012501759454607964
"DM-6290",False,"train",0.0,0.0,0.3079735040664673,0.0,0.13532663881778717,0.0,0.0,0.0,0.0,0.519441545009613
"DM-14049",False,"train",0.0,0.0,0.0,0.0,0.3703705370426178,0.0,0.0,0.0,0.37516748905181885,0.21294108033180237
"DM-6546",False,"train",0.0,0.0,0.0,0.0,0.0,0.6311022043228149,0.3356166481971741,0.0,0.0,0.0
"DM-12697",False,"train",0.0,0.0,0.2054424285888672,0.19595468044281006,0.2824400067329407,0.29619818925857544,0.0,0.0,0.0,0.0
"DM-915",False,"train",0.016717232763767242,0.016714224591851234,0.01671321503818035,0.016713006421923637,0.8495687246322632,0.016714081168174744,0.016713133081793785,0.016713928431272507,0.01671302132308483,0.01671944186091423
"DM-18570",False,"train",0.0,0.0,0.0,0.0,0.17349371314048767,0.0,0.780580997467041,0.0,0.0,0.0
"DM-14517",False,"train",0.0,0.0,0.0,0.9742708802223206,0.0,0.0,0.0,0.0,0.0,0.0
"DM-2910",False,"train",0.0,0.7936559915542603,0.0,0.0,0.0,0.0,0.0,0.0,0.1682085394859314,0.0
"DM-8645",False,"train",0.0,0.0,0.1470153033733368,0.17818956077098846,0.0,0.1616428792476654,0.5009190440177917,0.0,0.0,0.0
"DM-5503",False,"train",0.0,0.0,0.0,0.0,0.0,0.2767432928085327,0.0,0.3753441870212555,0.18345341086387634,0.15518727898597717
"DM-13913",False,"train",0.0,0.0,0.0,0.0,0.0,0.0,0.9548882842063904,0.0,0.0,0.0
"DM-5414",False,"train",0.0,0.0,0.0,0.0,0.9689461588859558,0.0,0.0,0.0,0.0,0.0
"DM-12527",False,"train",0.0,0.05856430158019066,0.0,0.0,0.0,0.11702845245599747,0.0,0.0,0.8115766048431396,0.0
"DM-516",False,"train",0.0,0.0,0.0,0.0,0.0,0.0,0.0,0.0,0.0,0.9951269030570984
"DM-17186",False,"train",0.0,0.9524742364883423,0.0,0.0,0.0,0.0,0.0,0.0,0.0,0.0
"DM-17658",False,"train",0.0,0.0,0.0,0.0,0.0,0.0,0.9399763345718384,0.0,0.0,0.0
"DM-7945",False,"train",0.0,0.0,0.0,0.08487225323915482,0.0,0.11211720108985901,0.0,0.5485038757324219,0.14238888025283813,0.10588417947292328
"DM-8096",True,"train",0.6527748703956604,0.0,0.0,0.0,0.0,0.0,0.06444676220417023,0.0,0.0,0.26327791810035706
"DM-11551",False,"train",0.0,0.0,0.07078171521425247,0.5122622847557068,0.0,0.0,0.0,0.0,0.0,0.3780272603034973
"DM-2280",False,"train",0.0,0.2219422310590744,0.0,0.16393111646175385,0.0,0.0,0.0,0.419270396232605,0.0,0.18435163795948029
"DM-4491",False,"train",0.01739511638879776,0.2036256194114685,0.01739509217441082,0.0173955000936985,0.01739508844912052,0.01739507168531418,0.017395108938217163,0.6572133898735046,0.01739492081105709,0.017395054921507835
"DM-15663",True,"train",0.0,0.2579731047153473,0.27661463618278503,0.0,0.18586093187332153,0.0,0.0,0.26285219192504883,0.0,0.0
"DM-6392",False,"train",0.0,0.0,0.0,0.0,0.4500941038131714,0.0,0.4700106084346771,0.0,0.0,0.0
"DM-754",True,"train",0.0,0.6335729956626892,0.0,0.0,0.0,0.0,0.3122570216655731,0.0,0.0,0.0
"DM-9979",True,"train",0.05356276407837868,0.0,0.0,0.0,0.0579284131526947,0.0,0.29729127883911133,0.0,0.0,0.5888091325759888
"DM-12658",False,"train",0.0,0.0,0.0,0.0,0.0,0.9797865152359009,0.0,0.0,0.0,0.0
"DM-5489",True,"train",0.6926708817481995,0.01233845017850399,0.012338085100054741,0.20862264931201935,0.012338582426309586,0.0123381856828928,0.012337916530668736,0.012338243424892426,0.012338140979409218,0.01233885157853365
"DM-7347",False,"train",0.0,0.0,0.0,0.0,0.0,0.0,0.6110790371894836,0.0,0.0,0.33174771070480347
"DM-3895",False,"train",0.0,0.0,0.0,0.0,0.0,0.7119467258453369,0.0,0.2546975314617157,0.0,0.0
"DM-1677",False,"train",0.13710130751132965,0.10633475333452225,0.09576345980167389,0.0,0.0,0.06320510804653168,0.0,0.0,0.0,0.5876651406288147
"DM-3456",False,"train",0.0,0.0,0.0,0.0,0.0,0.0,0.0,0.0,0.22655531764030457,0.740156888961792
"DM-14739",False,"train",0.0,0.0,0.0,0.9768131375312805,0.0,0.0,0.0,0.0,0.0,0.0
"DM-6933",True,"train",0.0,0.0,0.0,0.0,0.0,0.9254204630851746,0.0,0.0,0.0,0.0
"DM-3563",True,"train",0.0,0.0,0.0,0.0,0.19219455122947693,0.0,0.7849136590957642,0.0,0.0,0.0
"DM-15920",False,"train",0.0,0.0,0.0,0.7184746265411377,0.0,0.2346171885728836,0.0,0.0,0.0,0.0
"DM-2429",False,"train",0.0,0.0,0.0,0.0,0.0,0.9548051953315735,0.0,0.0,0.0,0.0
"DM-13492",False,"train",0.0,0.0,0.0,0.0,0.3022528290748596,0.0,0.0,0.0,0.0,0.6777753829956055
"DM-12113",False,"train",0.0,0.26034438610076904,0.08793438971042633,0.36759838461875916,0.0,0.0,0.0,0.2487633377313614,0.0,0.0
"DM-4153",False,"train",0.0,0.1585739701986313,0.0,0.0,0.0,0.0,0.0,0.44442880153656006,0.041042014956474304,0.3485511541366577
"DM-646",False,"train",0.0,0.0,0.0,0.0,0.0,0.0,0.9549338817596436,0.0,0.0,0.0
"DM-296",False,"train",0.0,0.2806868255138397,0.0,0.0,0.0,0.7061681747436523,0.0,0.0,0.0,0.0
"DM-6343",False,"train",0.0,0.7434895634651184,0.0,0.0,0.23362796008586884,0.0,0.0,0.0,0.0,0.0
"DM-7436",False,"train",0.0,0.9437329173088074,0.0,0.0,0.0,0.0,0.0,0.0,0.0,0.0
"DM-8514",False,"train",0.01246560923755169,0.012465985491871834,0.012465683743357658,0.012467849999666214,0.012464694678783417,0.012466417625546455,0.329863041639328,0.01246569026261568,0.01246707048267126,0.5704079270362854
"DM-13082",False,"train",0.0,0.0,0.9469977617263794,0.0,0.0,0.0,0.0,0.0,0.0,0.0
"DM-13526",False,"train",0.0,0.0,0.0,0.22475603222846985,0.0,0.0,0.0,0.0,0.0,0.7622317671775818
"DM-5298",False,"train",0.0,0.0,0.0,0.0,0.3901008665561676,0.0,0.0,0.0,0.0,0.5529679656028748
"DM-7902",False,"train",0.0,0.0,0.0,0.0,0.7856494784355164,0.0,0.0,0.0,0.17988404631614685,0.0
"DM-8812",False,"train",0.0,0.0,0.0,0.0,0.17503854632377625,0.0,0.7674630284309387,0.0,0.0,0.0
"DM-17985",False,"train",0.0,0.3660318851470947,0.0,0.0,0.0,0.0,0.5864792466163635,0.0,0.0,0.0
"DM-11932",False,"train",0.0,0.0,0.0,0.2947554290294647,0.0,0.0,0.6256928443908691,0.0,0.0,0.0
"DM-12264",False,"train",0.012444574385881424,0.012445854023098946,0.012444928288459778,0.012445006519556046,0.01244510430842638,0.012446189299225807,0.012445350177586079,0.012445589527487755,0.012444352731108665,0.8879930377006531
"DM-7268",False,"train",0.0,0.16763317584991455,0.0,0.0,0.0,0.0,0.22442619502544403,0.4513959586620331,0.131544828414917,0.0
"DM-202",True,"train",0.0,0.294999361038208,0.0,0.0,0.0,0.28623640537261963,0.31840628385543823,0.0,0.0,0.0822170078754425
"DM-12007",True,"train",0.04901469871401787,0.5329834818840027,0.0,0.0,0.0,0.0976727083325386,0.0,0.3021770119667053,0.0,0.0
"DM-14679",False,"train",0.016316719353199005,0.01632116362452507,0.01631498895585537,0.016315216198563576,0.016316432505846024,0.016315516084432602,0.016317185014486313,0.6489523649215698,0.01631540060043335,0.22051507234573364
"DM-5884",False,"train",0.0,0.0,0.0,0.0,0.0,0.0,0.0,0.0,0.0,0.9558461308479309
"DM-3223",False,"train",0.0,0.4314251244068146,0.0,0.0,0.0,0.5154865980148315,0.0,0.0,0.0,0.0
"DM-12740",False,"train",0.6643479466438293,0.0,0.0,0.0,0.0,0.0,0.0,0.29119518399238586,0.0,0.0
"DM-1609",False,"train",0.0,0.0,0.0,0.0,0.0,0.7316846251487732,0.0,0.2116566151380539,0.0,0.0
"DM-3141",False,"train",0.0,0.0,0.0,0.0,0.0,0.0,0.0,0.8028397560119629,0.19624492526054382,0.0
"DM-12675",False,"train",0.0,0.981615424156189,0.0,0.0,0.0,0.0,0.0,0.0,0.0,0.0
"DM-9942",False,"train",0.0,0.0,0.022238990291953087,0.0,0.0,0.0,0.7494134306907654,0.0,0.0,0.20498180389404297
"DM-2341",False,"train",0.0,0.0,0.0,0.0,0.0,0.0,0.0,0.0,0.0,0.9499410390853882
"DM-3811",True,"train",0.0,0.0,0.0,0.0,0.0,0.0,0.0,0.0,0.0,0.9524808526039124
"DM-11476",False,"train",0.0,0.4451710879802704,0.0,0.0,0.0,0.0,0.1813291609287262,0.0,0.0,0.3456609547138214
"DM-9962",False,"train",0.0,0.0,0.0,0.09462082386016846,0.0,0.0,0.0,0.0,0.0,0.8915977478027344
"DM-7466",True,"train",0.014693805016577244,0.014697105623781681,0.014693735167384148,0.557688295841217,0.13517503440380096,0.014694110490381718,0.20427100360393524,0.014696357771754265,0.014696409925818443,0.014694111421704292
"DM-706",False,"train",0.0,0.8672109246253967,0.0,0.0,0.0,0.0,0.11499515920877457,0.0,0.0,0.0
"DM-13450",False,"train",0.0,0.0,0.0,0.4888276755809784,0.0,0.0,0.20296147465705872,0.0,0.0,0.276405930519104
"DM-840",False,"train",0.0,0.0,0.0,0.9816147089004517,0.0,0.0,0.0,0.0,0.0,0.0
"DM-14749",False,"train",0.012614570558071136,0.31432753801345825,0.012615099549293518,0.012616979889571667,0.012619583867490292,0.012619050219655037,0.01261789258569479,0.012616456486284733,0.012614733539521694,0.5847380757331848
"DM-7129",False,"train",0.0,0.0,0.0914008617401123,0.0,0.19788970053195953,0.0,0.0,0.0,0.5260468125343323,0.16241121292114258
"DM-4582",False,"train",0.0,0.0,0.0,0.506397545337677,0.0,0.0,0.21933409571647644,0.0,0.23745661973953247,0.0
"DM-4938",False,"train",0.08439316600561142,0.0,0.0,0.0,0.0,0.0,0.0,0.769469678401947,0.14100845158100128,0.0
"DM-12389",True,"train",0.0,0.0,0.0,0.0,0.8434245586395264,0.0,0.0,0.0,0.0,0.12896254658699036
"DM-16177",False,"train",0.0,0.9595763087272644,0.0,0.0,0.0,0.0,0.0,0.0,0.0,0.0
"DM-11395",False,"train",0.0,0.9639765024185181,0.0,0.0,0.0,0.0,0.0,0.0,0.0,0.0
"DM-8175",False,"train",0.0,0.0,0.0,0.6160491704940796,0.19058164954185486,0.0,0.0,0.17285354435443878,0.0,0.0
"DM-199",False,"train",0.577741265296936,0.0,0.0,0.0,0.0,0.0,0.0,0.3798682987689972,0.0,0.0
"DM-14778",False,"train",0.0,0.31510788202285767,0.0,0.5510120987892151,0.0,0.0,0.0,0.0,0.0,0.12364105135202408
"DM-6620",False,"train",0.05112789571285248,0.0,0.0,0.0,0.0,0.0,0.0,0.0,0.5860947966575623,0.3485536575317383
"DM-10488",False,"train",0.0,0.0,0.0,0.0,0.0,0.0,0.9439815282821655,0.0,0.0,0.0
"DM-3670",False,"train",0.0,0.9689701795578003,0.0,0.0,0.0,0.0,0.0,0.0,0.0,0.0
"DM-2420",False,"train",0.0,0.16815215349197388,0.0,0.0,0.0,0.0,0.0,0.8128241300582886,0.0,0.0
"DM-12031",False,"train",0.0,0.0,0.0,0.0,0.2823869585990906,0.0,0.0,0.6216838955879211,0.0,0.06536272913217545
"DM-10996",False,"train",0.0,0.0,0.0,0.732588529586792,0.0,0.23767991364002228,0.0,0.0,0.0,0.0
"DM-6474",False,"train",0.0,0.0,0.0,0.0,0.0,0.12940914928913116,0.0,0.0,0.0,0.8205289840698242
"DM-13680",False,"train",0.06346452236175537,0.30030107498168945,0.0,0.0,0.0,0.0,0.10649147629737854,0.49654170870780945,0.0,0.0
"DM-12981",True,"train",0.0,0.0,0.0,0.9571107029914856,0.0,0.0,0.0,0.0,0.0,0.0
"DM-9992",False,"train",0.0,0.3101853132247925,0.0,0.0,0.0,0.0,0.0,0.6373265981674194,0.0,0.0
"DM-11752",False,"train",0.0,0.0,0.0,0.5968012809753418,0.16821491718292236,0.0,0.21654273569583893,0.0,0.0,0.0
"DM-6258",False,"train",0.0,0.0,0.0,0.0,0.6167187094688416,0.0,0.08802130073308945,0.0,0.0,0.276969850063324
"DM-17189",False,"train",0.0,0.0,0.12964199483394623,0.1509840190410614,0.6591963171958923,0.0,0.03821299970149994,0.0,0.0,0.0
"DM-12403",False,"train",0.07587157189846039,0.0,0.0,0.7585444450378418,0.06569837033748627,0.0,0.0,0.0,0.06673894822597504,0.0
"DM-354",False,"train",0.0,0.7043145298957825,0.0,0.08167169243097305,0.0,0.17897257208824158,0.0,0.0,0.0,0.0
"DM-11310",False,"train",0.0735301673412323,0.0,0.0,0.0,0.0,0.0,0.0,0.0,0.0,0.8880376815795898
"DM-17265",False,"train",0.0,0.0,0.0,0.6499022841453552,0.0,0.10278915613889694,0.2333124428987503,0.0,0.0,0.0
"DM-7784",False,"train",0.0,0.0,0.0,0.5836525559425354,0.4027428925037384,0.0,0.0,0.0,0.0,0.0
"DM-13570",False,"train",0.0,0.16586805880069733,0.0,0.0,0.0,0.0,0.7985361814498901,0.0,0.0,0.0
"DM-4794",False,"train",0.0,0.0,0.060441650450229645,0.23550331592559814,0.0,0.0,0.0,0.47499948740005493,0.0,0.20300373435020447
"DM-5931",False,"train",0.0,0.0,0.0,0.14149239659309387,0.14132700860500336,0.6945813894271851,0.0,0.0,0.0,0.0
"DM-4156",False,"train",0.0,0.0,0.0,0.0,0.15178024768829346,0.0,0.0,0.8388798236846924,0.0,0.0
"DM-449",False,"train",0.0,0.9224681854248047,0.0,0.0,0.0,0.0,0.0,0.0,0.0,0.0
"DM-870",False,"train",0.024989567697048187,0.024991385638713837,0.02499353140592575,0.024990994483232498,0.024996282532811165,0.4182644188404083,0.024990132078528404,0.024992911145091057,0.3817976117134094,0.024993183091282845
"DM-11429",False,"train",0.5239050984382629,0.0,0.0,0.0,0.0,0.0,0.22021180391311646,0.03981407731771469,0.19825789332389832,0.0
"DM-369",False,"train",0.0,0.8989431858062744,0.0,0.0,0.0,0.0,0.08055675029754639,0.0,0.0,0.0
"DM-10796",False,"train",0.0,0.0,0.0,0.0,0.9356830716133118,0.0,0.0,0.0,0.0,0.0
"DM-2492",False,"train",0.0,0.46127378940582275,0.0,0.0,0.0,0.0,0.0,0.0,0.0,0.5079692602157593
"DM-17347",False,"train",0.014171615242958069,0.4978151023387909,0.38878539204597473,0.01417339127510786,0.01417362317442894,0.014175266958773136,0.01417832262814045,0.014175464399158955,0.014172117225825787,0.014179757796227932
"DM-7168",False,"train",0.0,0.0,0.4148842394351959,0.0,0.0,0.11934694647789001,0.45340970158576965,0.0,0.0,0.0
"DM-3566",True,"train",0.03342209756374359,0.03342210128903389,0.3675190806388855,0.03342209756374359,0.03342210128903389,0.03342212364077568,0.03342209756374359,0.03342209756374359,0.365104079246521,0.03342209756374359
"DM-1282",False,"train",0.0,0.0,0.0,0.0,0.0,0.0,0.0,0.0,0.0,0.9399402737617493
"DM-12705",False,"train",0.0,0.7396382093429565,0.0,0.0,0.0,0.0,0.0,0.23865574598312378,0.0,0.0
"DM-12692",False,"train",0.42606571316719055,0.526324987411499,0.0,0.0,0.0,0.0,0.0,0.0,0.0,0.0
"DM-8358",False,"train",0.01000159326940775,0.010003531351685524,0.010002249851822853,0.010002230294048786,0.01000211387872696,0.9099762439727783,0.010003224946558475,0.010004619136452675,0.010001756250858307,0.010002474300563335
"DM-11691",False,"train",0.0,0.039744697511196136,0.0,0.0,0.0,0.0,0.0,0.018725721165537834,0.9305601119995117,0.0
"DM-7268",False,"train",0.0,0.16763317584991455,0.0,0.0,0.0,0.0,0.22442619502544403,0.4513959586620331,0.131544828414917,0.0
"DM-6969",False,"train",0.0164655689150095,0.8518012762069702,0.016466287896037102,0.016470422968268394,0.016465570777654648,0.016465555876493454,0.01646834798157215,0.016465941444039345,0.016464997082948685,0.01646598055958748
"DM-4697",True,"train",0.35619112849235535,0.016674939543008804,0.016671326011419296,0.2143792361021042,0.016671977937221527,0.016672540456056595,0.016673991456627846,0.312719464302063,0.016671424731612206,0.016673972830176353
"DM-12315",False,"train",0.0,0.0,0.0,0.4459629952907562,0.2359580099582672,0.0,0.0,0.0,0.0,0.2921642065048218
"DM-10842",False,"train",0.6823616623878479,0.0,0.0,0.0,0.2731480896472931,0.0,0.0,0.0,0.0,0.0
"DM-15084",False,"train",0.0,0.0,0.0,0.0,0.0,0.30503642559051514,0.0,0.0,0.0,0.6564218997955322
"DM-13010",False,"train",0.31802085041999817,0.0,0.0,0.0,0.0,0.18471084535121918,0.05197371914982796,0.0,0.0,0.4286595284938812
"DM-611",False,"train",0.0,0.0,0.0,0.0,0.0,0.09393328428268433,0.8029235005378723,0.09271889925003052,0.0,0.0
"DM-7462",False,"train",0.7421272993087769,0.0,0.0,0.24720075726509094,0.0,0.0,0.0,0.0,0.0,0.0
"DM-7253",False,"train",0.0,0.0,0.0,0.0,0.0,0.0,0.277696430683136,0.0,0.6751765608787537,0.0
"DM-2643",False,"train",0.0,0.0,0.2599444091320038,0.0,0.4515329897403717,0.0,0.2351749688386917,0.0,0.0,0.0
"DM-17212",False,"train",0.0,0.0,0.0,0.9780405759811401,0.0,0.0,0.0,0.0,0.0,0.0
"DM-12432",False,"train",0.0,0.4034859836101532,0.0,0.0,0.09396515041589737,0.0,0.0,0.4790664613246918,0.0,0.0
"DM-11255",False,"train",0.0,0.0,0.21553626656532288,0.0,0.0,0.25347936153411865,0.0,0.0,0.0,0.5091660022735596
"DM-12380",False,"train",0.0,0.0,0.0,0.6483932733535767,0.0,0.0,0.0,0.33267220854759216,0.0,0.0
"DM-18509",False,"train",0.011052973568439484,0.511252224445343,0.01105465181171894,0.4003119170665741,0.011057795956730843,0.011054396629333496,0.011053883470594883,0.011054362170398235,0.011053767055273056,0.01105403807014227
"DM-11454",True,"train",0.0,0.14681220054626465,0.25085148215293884,0.0,0.0,0.29402944445610046,0.0644548088312149,0.23580314218997955,0.0,0.0
"DM-8296",False,"train",0.0,0.3279567062854767,0.0,0.0,0.16347119212150574,0.0,0.0,0.0,0.0,0.48526743054389954
"DM-9199",False,"train",0.02504071034491062,0.7746335864067078,0.02504071034491062,0.02504071034491062,0.02504071034491062,0.02504071034491062,0.025040745735168457,0.02504071034491062,0.02504071034491062,0.02504071034491062
"DM-10292",False,"train",0.0,0.0,0.0,0.0,0.0,0.0,0.9727116227149963,0.0,0.0,0.0
"DM-9947",True,"train",0.0,0.0,0.0,0.9790543913841248,0.0,0.0,0.0,0.0,0.0,0.0
"DM-18313",False,"train",0.025255737826228142,0.02525540255010128,0.025256574153900146,0.772695779800415,0.025256279855966568,0.025255344808101654,0.025255678221583366,0.02525775134563446,0.025255177170038223,0.025256233289837837
"DM-4210",False,"train",0.0,0.0,0.36526602506637573,0.0,0.0,0.0,0.0,0.11841972917318344,0.0,0.4950118660926819
"DM-1601",False,"train",0.0,0.3654175102710724,0.0,0.034403637051582336,0.0,0.0,0.5150554180145264,0.034701619297266006,0.0,0.04282838851213455
"DM-15320",False,"train",0.01982826367020607,0.019831135869026184,0.0198295209556818,0.019829334691166878,0.019829340279102325,0.01983085460960865,0.4891149699687958,0.35224610567092896,0.019828397780656815,0.019832082092761993
"DM-14770",False,"train",0.0,0.0,0.0,0.0,0.0,0.0,0.0,0.0,0.08377356082201004,0.8696421384811401
"DM-3106",False,"train",0.01119589526206255,0.7879313230514526,0.011194941587746143,0.011195499449968338,0.011195588856935501,0.011197169311344624,0.011199204251170158,0.1224980503320694,0.011195603758096695,0.011196759529411793
"DM-4788",False,"train",0.5160583853721619,0.20470258593559265,0.0,0.0,0.0,0.0,0.0,0.09695453941822052,0.15218378603458405,0.0
"DM-17341",False,"train",0.0,0.0,0.0,0.0,0.0,0.0,0.9437025189399719,0.0,0.0,0.0
"DM-15371",True,"train",0.0,0.0,0.0,0.8755539655685425,0.07102610170841217,0.0,0.0,0.0,0.0,0.0
"DM-1010",False,"train",0.0,0.0,0.0,0.0,0.0,0.0,0.9356679916381836,0.0,0.0,0.0
"DM-13653",False,"train",0.0,0.0,0.0,0.0,0.0,0.0,0.0,0.985704779624939,0.0,0.0
"DM-15588",True,"train",0.0,0.0,0.0,0.0,0.0,0.0,0.9539759159088135,0.0,0.0,0.0
"DM-8232",False,"train",0.0,0.0,0.0,0.38706472516059875,0.0,0.0,0.0,0.0,0.0,0.5659183859825134
"DM-14671",False,"train",0.0,0.0,0.0,0.23024441301822662,0.0,0.04995590075850487,0.0,0.08515358716249466,0.0,0.6238822937011719
"DM-6378",False,"train",0.0,0.0,0.0,0.2753946781158447,0.0,0.0,0.0,0.0,0.438956081867218,0.2551760971546173
"DM-5588",False,"train",0.0,0.0,0.07900387048721313,0.0,0.07440978288650513,0.3884710967540741,0.0,0.14607156813144684,0.0,0.3008987009525299
"DM-13478",False,"train",0.0,0.09356150776147842,0.0,0.0,0.0,0.20551645755767822,0.07207703590393066,0.0,0.08385418355464935,0.5353211760520935
"DM-9498",False,"train",0.0,0.23662133514881134,0.0,0.0,0.0,0.7443175911903381,0.0,0.0,0.0,0.0
"DM-17929",False,"train",0.0,0.3153447210788727,0.0,0.0,0.0,0.0,0.0,0.19255778193473816,0.0,0.46125349402427673
"DM-8953",False,"train",0.0,0.0,0.06463511288166046,0.2409549504518509,0.41045206785202026,0.013781370595097542,0.0,0.2666647434234619,0.0,0.0
"DM-5310",True,"train",0.0,0.0,0.33369946479797363,0.0,0.0,0.0,0.0,0.0,0.0,0.6131165623664856
"DM-15053",False,"train",0.0,0.0,0.0,0.0,0.04958600923418999,0.0,0.16254109144210815,0.16905182600021362,0.022342924028635025,0.5896090269088745
"DM-13491",False,"train",0.0,0.0,0.0,0.5988751649856567,0.0,0.0,0.37550458312034607,0.0,0.0,0.0
"DM-16018",False,"train",0.0,0.09207402914762497,0.38997358083724976,0.2602212727069855,0.0,0.0,0.16395767033100128,0.0,0.0,0.07535944133996964
"DM-8964",False,"train",0.0,0.0,0.0,0.0,0.0,0.0,0.0,0.432506799697876,0.0,0.5146995782852173
"DM-6302",True,"train",0.0,0.9525755643844604,0.0,0.0,0.0,0.0,0.0,0.0,0.0,0.0
"DM-6628",True,"train",0.0,0.0,0.14128869771957397,0.4460819661617279,0.0,0.0,0.0,0.0,0.0,0.3490079343318939
"DM-2871",False,"train",0.010002035647630692,0.010003112256526947,0.010002387687563896,0.010003143921494484,0.9099754691123962,0.01000308245420456,0.010003483854234219,0.010002321563661098,0.01000253390520811,0.010002410970628262
"DM-15369",False,"train",0.0,0.0,0.0,0.0,0.025280537083745003,0.07262663543224335,0.3381611108779907,0.0,0.0,0.5544061064720154
"DM-6641",False,"train",0.0,0.0,0.0,0.12378235161304474,0.0,0.24467480182647705,0.0,0.0,0.14959926903247833,0.4652816951274872
"DM-9012",False,"train",0.0,0.2772238552570343,0.0,0.0,0.0,0.0,0.0,0.6725208759307861,0.0,0.0
"DM-1316",True,"train",0.0,0.3633943200111389,0.0,0.0,0.0,0.0,0.0,0.0,0.6184040904045105,0.0
"DM-10610",False,"train",0.42662563920021057,0.0,0.0,0.0,0.06749074906110764,0.0,0.3481961786746979,0.0,0.0,0.146830752491951
"DM-2890",False,"train",0.0,0.3874918520450592,0.0,0.27265265583992004,0.0,0.0,0.0,0.0,0.16055628657341003,0.15200643241405487
"DM-7301",False,"train",0.025037284940481186,0.025038747116923332,0.02504294365644455,0.025036972016096115,0.28264081478118896,0.025037355720996857,0.02504441887140274,0.02503720112144947,0.5170468688011169,0.025037359446287155
"DM-18117",False,"train",0.0,0.0,0.0,0.11958273500204086,0.6057851910591125,0.0,0.0,0.0,0.027013733983039856,0.23652777075767517
"DM-15800",False,"train",0.23782165348529816,0.0,0.0,0.44443121552467346,0.0,0.0,0.28859663009643555,0.0,0.0,0.0
"DM-9080",False,"train",0.01355826947838068,0.01355716958642006,0.01355704478919506,0.30781200528144836,0.013557839207351208,0.27287593483924866,0.3244051933288574,0.013558998703956604,0.013559019193053246,0.013558484613895416
"DM-2257",False,"train",0.0,0.0,0.0,0.0,0.0,0.0,0.9436633586883545,0.0,0.0,0.0
"DM-11147",False,"train",0.0,0.15339383482933044,0.0,0.0,0.0,0.0,0.2728997468948364,0.5457669496536255,0.0,0.0
"DM-13087",False,"train",0.01101158931851387,0.011016194708645344,0.011013681069016457,0.3628867566585541,0.5490010976791382,0.011016178876161575,0.01101616956293583,0.011012199334800243,0.01101275347173214,0.011013318784534931
"DM-8232",False,"train",0.0,0.0,0.0,0.38706472516059875,0.0,0.0,0.0,0.0,0.0,0.5659183859825134
"DM-10394",False,"train",0.0,0.0,0.9653522372245789,0.0,0.0,0.0,0.0,0.0,0.0,0.0
"DM-2581",False,"train",0.11314055323600769,0.0,0.0,0.0,0.0,0.4087173044681549,0.44633299112319946,0.0,0.0,0.0
"DM-5908",False,"train",0.0,0.0,0.0,0.0,0.0,0.0,0.0,0.0,0.0,0.9625266790390015
"DM-10872",False,"train",0.016669470816850662,0.01667005941271782,0.016669416800141335,0.016670087352395058,0.016669850796461105,0.0166701078414917,0.01666998863220215,0.849969744682312,0.016669631004333496,0.016671668738126755
"DM-3666",False,"train",0.03202514722943306,0.03202420845627785,0.03202565386891365,0.03203142434358597,0.032036565244197845,0.03202449157834053,0.03202635794878006,0.03202774003148079,0.032022684812545776,0.7117556929588318
"DM-17327",False,"train",0.0,0.0,0.620603084564209,0.0,0.0,0.0,0.3525959849357605,0.0,0.0,0.0
"DM-10888",False,"train",0.016611093655228615,0.016611624509096146,0.016611121594905853,0.016610918566584587,0.016613120213150978,0.01661244034767151,0.01661008596420288,0.016611985862255096,0.016618384048342705,0.8504891991615295
"DM-13989",False,"train",0.0,0.0,0.0,0.9849857091903687,0.0,0.0,0.0,0.0,0.0,0.0
"DM-15158",False,"train",0.0,0.0,0.0,0.0,0.0,0.0,0.8259851336479187,0.14335088431835175,0.0,0.0
"DM-681",False,"train",0.9816193580627441,0.0,0.0,0.0,0.0,0.0,0.0,0.0,0.0,0.0
"DM-17676",False,"train",0.012508033774793148,0.012512984685599804,0.01250847615301609,0.01250845193862915,0.012509469874203205,0.88741534948349,0.012511095032095909,0.012508469633758068,0.012508044019341469,0.012509597465395927
"DM-7902",False,"train",0.0,0.0,0.0,0.0,0.7856494784355164,0.0,0.0,0.0,0.17988404631614685,0.0
"DM-4696",False,"train",0.1627659648656845,0.01710616610944271,0.017102984711527824,0.5043653249740601,0.017104797065258026,0.21313761174678802,0.01710459776222706,0.01710532419383526,0.01710321754217148,0.01710404083132744
"DM-441",False,"train",0.0,0.6017848253250122,0.036480773240327835,0.0,0.0,0.03698589652776718,0.08416780829429626,0.0,0.0,0.23518800735473633
"DM-1885",False,"train",0.0,0.0,0.0,0.0,0.3507261872291565,0.0,0.0,0.0,0.14047706127166748,0.44512641429901123
"DM-4411",False,"train",0.0,0.0,0.7654296159744263,0.0,0.0,0.1899646818637848,0.0,0.0,0.0,0.0
"DM-5726",False,"train",0.0,0.0,0.0,0.949963390827179,0.0,0.0,0.0,0.0,0.0,0.0
"DM-7651",False,"train",0.0,0.1567874699831009,0.0,0.0,0.0,0.4337068200111389,0.0,0.0,0.0,0.3929573595523834
"DM-11606",False,"train",0.014227569103240967,0.014227364212274551,0.014226620085537434,0.6531137228012085,0.014227748848497868,0.014226574450731277,0.2330670952796936,0.014227908104658127,0.014226683415472507,0.01422867737710476
"DM-14359",False,"train",0.0,0.0,0.9132735729217529,0.0,0.07783268392086029,0.0,0.0,0.0,0.0,0.0
"DM-14024",False,"train",0.0,0.2023332267999649,0.0,0.0,0.0,0.0,0.0,0.0,0.0,0.7311028838157654
"DM-8821",False,"train",0.0,0.33394837379455566,0.0,0.0,0.0,0.0,0.0,0.0,0.0,0.6045598387718201
"DM-17447",False,"train",0.0,0.0,0.0,0.9420034289360046,0.0,0.0,0.0,0.0,0.0,0.0
"DM-6447",False,"train",0.0,0.0,0.0,0.0,0.31780168414115906,0.0,0.0,0.2091882824897766,0.0,0.4453844726085663
"DM-7765",False,"train",0.537125289440155,0.0,0.0,0.0,0.40570130944252014,0.0,0.0,0.0,0.0,0.0
"DM-7325",False,"train",0.010049114935100079,0.010049269534647465,0.010048862546682358,0.010048946365714073,0.01004937756806612,0.010049152188003063,0.9095538258552551,0.010050022974610329,0.010052385739982128,0.010049015283584595
"DM-9623",False,"train",0.0,0.1494462490081787,0.0,0.20206524431705475,0.15494416654109955,0.0,0.0,0.41179439425468445,0.0735124871134758,0.0
"DM-290",False,"train",0.09997233748435974,0.0602816641330719,0.5349372625350952,0.0,0.0,0.0,0.0,0.0,0.0,0.29542866349220276
"DM-13952",False,"train",0.11179199814796448,0.0,0.0,0.6155728101730347,0.0,0.0,0.0,0.0,0.0,0.25798889994621277
"DM-11902",False,"train",0.0,0.1806195080280304,0.0,0.0,0.0,0.7993549108505249,0.0,0.0,0.0,0.0
"DM-18838",False,"train",0.012102538719773293,0.6760137677192688,0.012102524749934673,0.22715014219284058,0.01211166474968195,0.012103112414479256,0.012103262357413769,0.012103288434445858,0.012106182985007763,0.012103545479476452
"DM-13875",False,"train",0.0,0.24935035407543182,0.0,0.0,0.7007946968078613,0.0,0.0,0.0,0.0,0.0
"DM-18596",False,"train",0.07856090366840363,0.0,0.0,0.0,0.0,0.0,0.0,0.14829625189304352,0.3402513563632965,0.40989166498184204
"DM-6296",True,"train",0.0746765211224556,0.0,0.0,0.0,0.0,0.0,0.8995121717453003,0.0,0.0,0.0
"DM-8166",False,"train",0.014440715312957764,0.6678751111030579,0.014440576545894146,0.014442059211432934,0.01444362010806799,0.01444113627076149,0.014446347020566463,0.014440257102251053,0.21658910810947418,0.014441099017858505
"DM-7107",False,"train",0.0,0.0,0.0,0.0,0.0,0.0,0.5384780764579773,0.4232187271118164,0.0,0.0
"DM-4788",False,"train",0.5160583853721619,0.20470258593559265,0.0,0.0,0.0,0.0,0.0,0.09695453941822052,0.15218378603458405,0.0
"DM-998",True,"train",0.0,0.0,0.0,0.0,0.0,0.0,0.32906144857406616,0.08845867961645126,0.0,0.5583420991897583
"DM-4839",False,"train",0.0,0.13377737998962402,0.0,0.0,0.0,0.0,0.0,0.8313616514205933,0.0,0.0
"DM-12592",True,"train",0.0,0.0,0.0,0.0,0.9264475703239441,0.0,0.0,0.0,0.0,0.0
"DM-5936",False,"train",0.0,0.5036605000495911,0.0,0.0,0.0,0.36536434292793274,0.0,0.11255334317684174,0.0,0.0
"DM-14291",False,"train",0.06973813474178314,0.015117542818188667,0.0,0.0759403184056282,0.0,0.0,0.5146285891532898,0.0,0.0,0.3212440311908722
"DM-11892",False,"train",0.02000991255044937,0.02001124992966652,0.020009998232126236,0.020026320591568947,0.020022235810756683,0.020009642466902733,0.020014049485325813,0.42008304595947266,0.020018387585878372,0.4197951555252075
"DM-18117",False,"train",0.0,0.0,0.0,0.11958273500204086,0.6057851910591125,0.0,0.0,0.0,0.027013733983039856,0.23652777075767517
"DM-12419",False,"train",0.0,0.0,0.6760192513465881,0.0,0.0,0.0,0.0,0.24123193323612213,0.0,0.05350806564092636
"DM-3387",False,"train",0.0,0.0,0.0,0.0,0.0,0.0,0.0,0.78407883644104,0.0,0.1860431432723999
"DM-8227",False,"train",0.0,0.012264104560017586,0.0,0.0,0.1283295452594757,0.0,0.0,0.1443050652742386,0.25783368945121765,0.4421709179878235
"DM-9887",False,"train",0.32283684611320496,0.0,0.0,0.0,0.0,0.0,0.6101473569869995,0.0,0.0,0.0
"DM-14390",False,"train",0.014253037981688976,0.014252725057303905,0.19939960539340973,0.014256488531827927,0.4462912082672119,0.014252119697630405,0.014251970686018467,0.014254007488489151,0.2545345425605774,0.014254269190132618
"DM-8439",False,"train",0.0,0.0,0.700413167476654,0.0,0.0,0.0,0.26146337389945984,0.0,0.0,0.0
"DM-14347",False,"train",0.01627964712679386,0.016285287216305733,0.4310687482357025,0.016279354691505432,0.016279209405183792,0.016279369592666626,0.4386882483959198,0.01627972163259983,0.016279462724924088,0.016280952841043472
"DM-11390",False,"train",0.0,0.41191908717155457,0.0,0.0,0.5411250591278076,0.0,0.0,0.0,0.0,0.0
"DM-15355",False,"train",0.0,0.0,0.0,0.0,0.0,0.0,0.0,0.0,0.9895254373550415,0.0
"DM-13323",True,"train",0.0,0.06692096590995789,0.0,0.9180230498313904,0.0,0.0,0.0,0.0,0.0,0.0
"DM-3662",False,"train",0.365230530500412,0.014291369356215,0.014291886240243912,0.014291245490312576,0.0954761654138565,0.014291180297732353,0.43925076723098755,0.0142914904281497,0.014294021762907505,0.01429134514182806
"DM-14874",True,"train",0.22273674607276917,0.0,0.05538436770439148,0.0,0.0,0.7000905275344849,0.0,0.0,0.0,0.0
"DM-11948",False,"train",0.0,0.0,0.0,0.0,0.9608452320098877,0.0,0.0,0.0,0.0,0.0
"DM-4920",False,"train",0.0,0.0,0.0,0.754619836807251,0.0,0.0,0.0,0.0,0.0,0.21915552020072937
"DM-13835",False,"train",0.08380665630102158,0.0,0.0,0.0,0.0,0.0,0.1292290985584259,0.0,0.0,0.7637397050857544
"DM-13737",True,"train",0.0,0.0,0.10842657834291458,0.6932079792022705,0.0,0.0,0.0,0.16494949162006378,0.0,0.0
"DM-8550",False,"train",0.9833247661590576,0.0,0.0,0.0,0.0,0.0,0.0,0.0,0.0,0.0
"DM-16041",False,"train",0.5405024886131287,0.0,0.0,0.10493146628141403,0.0,0.02589106373488903,0.0,0.0,0.12534542381763458,0.1936940997838974
"DM-9358",True,"train",0.0,0.0,0.0,0.0,0.0,0.9852397441864014,0.0,0.0,0.0,0.0
"DM-7455",False,"train",0.0,0.0,0.0,0.0,0.0,0.0,0.0,0.0,0.0,0.9525974988937378
"DM-6630",True,"train",0.18264104425907135,0.0,0.0,0.0,0.0,0.0,0.0,0.0,0.0,0.7702798843383789
"DM-17985",False,"train",0.0,0.3660318851470947,0.0,0.0,0.0,0.0,0.5864792466163635,0.0,0.0,0.0
"DM-12521",False,"train",0.02682732418179512,0.026824967935681343,0.7585599422454834,0.02682482637465,0.026828013360500336,0.026825595647096634,0.026828564703464508,0.02682482637465,0.026828045025467873,0.026827871799468994
"DM-12110",False,"train",0.0,0.31072691082954407,0.0,0.0,0.0,0.0,0.0,0.630500853061676,0.0,0.0
"DM-9045",False,"train",0.0,0.4666735529899597,0.0,0.0,0.0,0.39900487661361694,0.1242009773850441,0.0,0.0,0.0
"DM-16025",False,"train",0.0,0.0,0.0,0.0,0.0246333759278059,0.010300141759216785,0.0,0.0,0.7731456756591797,0.18510055541992188
"DM-4482",True,"train",0.016668353229761124,0.016669420525431633,0.01666872203350067,0.016668448224663734,0.016668226569890976,0.01666836626827717,0.016668405383825302,0.8499826192855835,0.016668157652020454,0.016669264063239098
"DM-4759",True,"train",0.0,0.0,0.0,0.3637163043022156,0.3216228783130646,0.13887648284435272,0.0,0.0,0.0,0.1474159210920334
"DM-8004",False,"train",0.0,0.0,0.0,0.0,0.0,0.0,0.0,0.0,0.9967225193977356,0.0
"DM-6457",False,"train",0.15006989240646362,0.0,0.0,0.0,0.7927491068840027,0.0,0.0,0.0,0.0,0.0
"DM-10525",False,"train",0.0,0.0,0.0,0.0,0.0,0.8830748796463013,0.048423539847135544,0.0,0.059178415685892105,0.0
"DM-13268",False,"train",0.0,0.0,0.12669813632965088,0.0,0.0,0.0,0.0,0.0,0.0,0.8541281223297119
"DM-7677",False,"train",0.0347689725458622,0.1577647626399994,0.0,0.0,0.0,0.0,0.0,0.48718592524528503,0.13147945702075958,0.18166711926460266
"DM-5275",False,"train",0.0,0.5225749015808105,0.0,0.0,0.0,0.43770694732666016,0.0,0.0,0.0,0.0
"DM-7810",False,"train",0.014208408072590828,0.014208476059138775,0.014208462089300156,0.87211674451828,0.014214119873940945,0.014208577573299408,0.014208527281880379,0.014208798296749592,0.014208950102329254,0.014208987355232239
"DM-13520",False,"train",0.0,0.0,0.0,0.0,0.0,0.7656606435775757,0.0,0.1979609727859497,0.0,0.0
"DM-12517",False,"train",0.0,0.0,0.0,0.3103926181793213,0.030693605542182922,0.0,0.0,0.0,0.0,0.6419674158096313
"DM-1744",False,"train",0.0,0.0,0.0,0.0,0.0,0.0,0.2957891821861267,0.0,0.7011366486549377,0.0
"DM-10305",False,"train",0.03108953684568405,0.4020814895629883,0.24398575723171234,0.03253549337387085,0.0,0.11851024627685547,0.0,0.0,0.0,0.16045737266540527
"DM-9596",False,"train",0.0,0.0,0.0,0.0,0.0,0.9833231568336487,0.0,0.0,0.0,0.0
"DM-2173",False,"train",0.0,0.0,0.11199235916137695,0.0,0.0,0.0,0.5313350558280945,0.0,0.31997284293174744,0.0
"DM-1901",False,"train",0.0,0.0,0.08521489799022675,0.0,0.0,0.0,0.0,0.8679736256599426,0.0,0.0
"DM-15787",False,"train",0.016539691016077995,0.01653989963233471,0.18328170478343964,0.01653994992375374,0.016539694741368294,0.016544871032238007,0.016539685428142548,0.5192094445228577,0.18172530829906464,0.016539692878723145
"DM-16161",False,"train",0.0,0.0,0.0,0.4633239507675171,0.0,0.0,0.46145519614219666,0.0,0.0,0.0
"DM-7137",False,"train",0.3769055902957916,0.0,0.0,0.0,0.0,0.0,0.6142909526824951,0.0,0.0,0.0
"DM-15210",False,"train",0.0,0.0,0.0,0.6413314938545227,0.18053632974624634,0.0,0.15300774574279785,0.0,0.0,0.0
"DM-5462",True,"train",0.0,0.0,0.0,0.0,0.0,0.0,0.32982081174850464,0.0,0.0,0.6528182029724121
"DM-17483",False,"train",0.012501193210482597,0.012501371093094349,0.8874865174293518,0.012501653283834457,0.012501662597060204,0.012501150369644165,0.012501147575676441,0.012502689845860004,0.012500959448516369,0.012501675635576248
"DM-2930",False,"train",0.0,0.0,0.0,0.583364725112915,0.0,0.11587271839380264,0.04666867107152939,0.0,0.0,0.24258075654506683
"DM-2938",False,"train",0.0,0.0,0.0,0.0,0.06810075044631958,0.5655339360237122,0.3394896984100342,0.0,0.0,0.0
"DM-9857",False,"train",0.04124319553375244,0.0,0.0,0.05146269127726555,0.0,0.0,0.3139258027076721,0.1892460733652115,0.0,0.3953690528869629
"DM-9",False,"train",0.0,0.05005662888288498,0.0,0.05487790331244469,0.4011753499507904,0.0,0.0,0.11742645502090454,0.0,0.3687322735786438
"DM-4677",False,"train",0.0,0.0,0.0,0.0,0.789928674697876,0.0,0.1833917796611786,0.0,0.0,0.0
"DM-13562",False,"train",0.0,0.9699612855911255,0.0,0.0,0.0,0.0,0.0,0.0,0.0,0.0
"DM-14466",True,"train",0.0,0.0,0.0,0.17510399222373962,0.0,0.23316550254821777,0.0,0.0,0.1892513930797577,0.3894205391407013
"DM-13083",False,"train",0.0,0.0,0.0,0.705501139163971,0.0,0.26243892312049866,0.0,0.0,0.0,0.0
"DM-17977",False,"train",0.0,0.0,0.0,0.0,0.0,0.0,0.45872318744659424,0.0,0.11386340111494064,0.4138181507587433
"DM-16224",False,"train",0.0,0.0,0.0,0.0,0.0,0.0,0.9146649837493896,0.0,0.0,0.07792071998119354
"DM-6941",False,"train",0.0,0.0,0.0,0.0,0.49799662828445435,0.24987486004829407,0.0,0.0,0.20540618896484375,0.0
"DM-622",True,"train",0.03306807577610016,0.0,0.0,0.0,0.0,0.0,0.9473268389701843,0.0,0.0,0.0
"DM-1395",False,"train",0.014253806322813034,0.014253961853682995,0.014252549037337303,0.014252319000661373,0.014260745607316494,0.19082370400428772,0.6951450705528259,0.014252450317144394,0.014252224005758762,0.014253196306526661
"DM-15920",False,"train",0.0,0.0,0.0,0.7184746265411377,0.0,0.2346171885728836,0.0,0.0,0.0,0.0
"DM-11000",False,"train",0.0,0.0,0.0,0.0,0.0,0.0,0.5152380466461182,0.11556529253721237,0.3498188257217407,0.0
"DM-6358",False,"train",0.011115018278360367,0.011114565655589104,0.011114760302007198,0.011115208268165588,0.8999646902084351,0.011117290705442429,0.011114582419395447,0.011114772409200668,0.011114388704299927,0.011114655993878841
"DM-1584",False,"train",0.0,0.0,0.0,0.030433662235736847,0.0,0.0,0.0,0.0,0.35558581352233887,0.5984039902687073
"DM-2314",False,"train",0.0,0.0,0.0,0.0,0.0,0.44094473123550415,0.0,0.3787318766117096,0.0,0.15582244098186493
"DM-13400",False,"train",0.0,0.0,0.0,0.3610577881336212,0.6008162498474121,0.0,0.0,0.0,0.0,0.0
"DM-6784",False,"train",0.0,0.0,0.0,0.0,0.0,0.1718558371067047,0.0,0.7936675548553467,0.0,0.0
"DM-14734",False,"train",0.0,0.0,0.0,0.0,0.0,0.0,0.0,0.09495435655117035,0.0,0.8883609771728516
"DM-11902",False,"train",0.0,0.1806195080280304,0.0,0.0,0.0,0.7993549108505249,0.0,0.0,0.0,0.0
"DM-12248",False,"train",0.14142465591430664,0.0,0.0,0.2583724856376648,0.0,0.0,0.0,0.043066635727882385,0.0,0.5510267019271851
"DM-3983",False,"train",0.28486698865890503,0.05989280343055725,0.0,0.0,0.09254296123981476,0.0,0.16617533564567566,0.0,0.0,0.38570600748062134
"DM-9542",True,"train",0.0,0.0,0.0,0.0,0.0,0.0,0.0,0.9634065628051758,0.0,0.0
"DM-6142",False,"train",0.0,0.0,0.0,0.0,0.0,0.0,0.18765093386173248,0.7587606906890869,0.0,0.0
"DM-9933",True,"train",0.996563196182251,0.0,0.0,0.0,0.0,0.0,0.0,0.0,0.0,0.0
"DM-2716",False,"train",0.5047164559364319,0.016693735495209694,0.01669399067759514,0.016696710139513016,0.016694076359272003,0.016693994402885437,0.01669478230178356,0.01669456996023655,0.016694124788045883,0.3617275059223175
"DM-11013",False,"train",0.0,0.0,0.0,0.07125931233167648,0.0,0.38287585973739624,0.0,0.40629568696022034,0.12760137021541595,0.0
"DM-16218",False,"train",0.20051543414592743,0.0,0.09023609757423401,0.3799980580806732,0.0,0.31529155373573303,0.0,0.0,0.0,0.0
"DM-17373",False,"train",0.0,0.0,0.3156626224517822,0.0,0.0,0.0,0.1107574850320816,0.0,0.0,0.5279585123062134
"DM-14074",False,"train",0.0,0.2445184588432312,0.0,0.7157953977584839,0.0,0.0,0.0,0.0,0.0,0.0
"DM-1710",False,"train",0.11179933696985245,0.0,0.0,0.0,0.0,0.02818424627184868,0.0,0.0,0.8500990867614746,0.0
"DM-8685",True,"train",0.0,0.0,0.0,0.17348329722881317,0.0,0.0,0.0,0.0,0.0,0.7871119379997253
"DM-17212",False,"train",0.0,0.0,0.0,0.9780405759811401,0.0,0.0,0.0,0.0,0.0,0.0
"DM-1071",False,"train",0.0,0.7986078858375549,0.0,0.0,0.0,0.0,0.0,0.0,0.0,0.1522686928510666
"DM-19188",False,"train",0.0,0.25057533383369446,0.0,0.11225591599941254,0.0,0.4448453485965729,0.0,0.0,0.04492295905947685,0.1400536149740219
"DM-11283",False,"train",0.0,0.0,0.0,0.0,0.0,0.0,0.0,0.9639130234718323,0.0,0.0
"DM-9201",False,"train",0.016479510813951492,0.016480032354593277,0.01647953875362873,0.016479337587952614,0.01648150011897087,0.016480831429362297,0.01647852174937725,0.01648038625717163,0.016486704349517822,0.8516736030578613
"DM-15046",False,"train",0.0,0.0,0.0,0.9181294441223145,0.0,0.0,0.0,0.0,0.0,0.0
"DM-13812",False,"train",0.0,0.0,0.12183170020580292,0.2638308107852936,0.0,0.09380181133747101,0.0,0.0,0.0,0.49560025334358215
"DM-1526",False,"train",0.0,0.9501555562019348,0.0,0.0,0.0,0.0,0.0,0.0,0.0,0.0
"DM-16407",False,"train",0.233189657330513,0.0,0.0,0.0,0.0,0.24523867666721344,0.0,0.0,0.0,0.508439838886261
"DM-8980",False,"train",0.0,0.0,0.2491464614868164,0.0,0.0,0.15561671555042267,0.0,0.0,0.2993542551994324,0.27369093894958496
"DM-11931",False,"train",0.0,0.46220266819000244,0.07124533504247665,0.0,0.054778456687927246,0.0,0.060383960604667664,0.0,0.34141868352890015,0.0
"DM-17965",False,"train",0.0,0.0,0.302659809589386,0.525510311126709,0.0,0.0,0.0,0.0,0.1426774114370346,0.0
"DM-8866",False,"train",0.0,0.0,0.0,0.0,0.0,0.0,0.9249778389930725,0.0,0.0,0.0
"DM-14636",True,"train",0.0,0.31183508038520813,0.18402521312236786,0.0,0.0,0.11645033210515976,0.3797714114189148,0.0,0.0,0.0
"DM-5318",False,"train",0.0,0.39385858178138733,0.0,0.0,0.0,0.0,0.0,0.0,0.0,0.5691044926643372
"DM-16532",False,"train",0.0,0.10138677060604095,0.0,0.0,0.17078031599521637,0.2737360894680023,0.08889175206422806,0.0,0.0,0.3625830113887787
"DM-984",False,"train",0.0,0.0,0.0,0.0,0.0,0.36861780285835266,0.0,0.0,0.0,0.6055662035942078
"DM-9358",True,"train",0.0,0.0,0.0,0.0,0.0,0.9852397441864014,0.0,0.0,0.0,0.0
"DM-13162",False,"train",0.0,0.49960318207740784,0.0,0.4744551181793213,0.0,0.0,0.0,0.0,0.0,0.0
"DM-1364",False,"train",0.0,0.0,0.9487252831459045,0.0,0.0,0.0,0.0,0.0,0.0,0.0
"DM-5249",False,"train",0.01252745185047388,0.01252742949873209,0.012526733800768852,0.8872531652450562,0.012527238577604294,0.012527020648121834,0.012527716346085072,0.012528122402727604,0.012527314946055412,0.012527844868600368
"DM-6287",False,"train",0.0,0.2789222300052643,0.0,0.0,0.0,0.0,0.0,0.1651555895805359,0.0,0.5370423197746277
"DM-14333",True,"train",0.016563037410378456,0.4787050485610962,0.016564756631851196,0.01656429097056389,0.016566427424550056,0.016564026474952698,0.016565820202231407,0.016566671431064606,0.01656355895102024,0.38877636194229126
"DM-16510",False,"train",0.0,0.4405135214328766,0.0,0.0,0.0,0.0,0.0,0.5309906005859375,0.0,0.0
"DM-8363",False,"train",0.0,0.7059416174888611,0.0,0.0,0.0,0.0,0.27922603487968445,0.0,0.0,0.0
"DM-17483",False,"train",0.012501193210482597,0.012501371093094349,0.8874865174293518,0.012501653283834457,0.012501662597060204,0.012501150369644165,0.012501147575676441,0.012502689845860004,0.012500959448516369,0.012501675635576248
"DM-789",False,"train",0.016713939607143402,0.01671370305120945,0.016713319346308708,0.016711726784706116,0.016711732372641563,0.7140586972236633,0.016716880723834038,0.01671331562101841,0.01671227253973484,0.15223443508148193
"DM-1126",True,"train",0.06864045560359955,0.30306294560432434,0.08420786261558533,0.0,0.0,0.0,0.0,0.2617901861667633,0.0,0.27487698197364807
"DM-13378",False,"train",0.7078027725219727,0.014289801008999348,0.01429081428796053,0.177869513630867,0.014293194748461246,0.01429049577564001,0.01429133303463459,0.014290769584476948,0.014290440827608109,0.014290894381701946
"DM-4753",False,"train",0.12847934663295746,0.7387635111808777,0.0,0.0,0.0,0.0,0.0,0.0,0.10582625865936279,0.0
"DM-16374",False,"train",0.0,0.33212175965309143,0.0,0.0,0.0,0.0,0.6403133869171143,0.0,0.0,0.0
"DM-11116",False,"train",0.0,0.7201268672943115,0.0388052724301815,0.2255551815032959,0.0,0.0,0.0,0.0,0.0,0.0
"DM-9927",False,"train",0.0,0.0,0.0,0.0,0.0,0.0,0.972629189491272,0.0,0.0,0.0
"DM-7224",False,"train",0.0,0.0,0.0,0.0,0.0,0.0,0.0,0.4089054465293884,0.20493252575397491,0.355780690908432
"DM-11237",False,"train",0.0,0.9317805171012878,0.0,0.0,0.0,0.0609145388007164,0.0,0.0,0.0,0.0
"DM-17511",False,"train",0.0,0.0,0.0,0.9876588582992554,0.0,0.0,0.0,0.0,0.0,0.0
"DM-1070",False,"train",0.0,0.0,0.18228092789649963,0.0,0.0,0.0,0.0,0.0,0.0,0.7869564294815063
"DM-15635",True,"train",0.0,0.0,0.0,0.9819727540016174,0.0,0.0,0.0,0.0,0.0,0.0
"DM-13671",False,"train",0.0,0.0,0.0,0.0,0.0,0.0,0.0,0.0,0.0,0.9768919944763184
"DM-8675",False,"train",0.0,0.3809172511100769,0.0,0.0,0.32779690623283386,0.0,0.24437512457370758,0.0,0.0,0.0
"DM-3940",False,"train",0.0,0.5241124629974365,0.0,0.0,0.0,0.04303165152668953,0.046438995748758316,0.0,0.0,0.37574121356010437
"DM-9423",False,"train",0.0,0.0,0.0,0.6045224666595459,0.0,0.0,0.0,0.0,0.0,0.35158032178878784
"DM-13766",False,"train",0.0,0.0,0.10826586186885834,0.0,0.25187572836875916,0.0,0.0,0.6049376130104065,0.0,0.0
"DM-6500",False,"train",0.0,0.738361656665802,0.0,0.0,0.0,0.0,0.19525375962257385,0.0,0.0,0.0
"DM-4127",True,"train",0.4322856366634369,0.3176916539669037,0.01996544376015663,0.11024259775876999,0.019969964399933815,0.019967064261436462,0.019967738538980484,0.019970083609223366,0.01997036673128605,0.019969508051872253
"DM-13306",False,"train",0.0,0.0,0.0,0.0,0.0,0.0,0.28946685791015625,0.0,0.0,0.6684321761131287
"DM-5084",False,"train",0.0,0.2578679025173187,0.0,0.0,0.0,0.19880710542201996,0.0,0.5301458835601807,0.0,0.0
"DM-8496",False,"train",0.0,0.0,0.0,0.0,0.9399177432060242,0.0,0.0,0.0,0.0,0.0
"DM-7950",True,"train",0.0,0.0,0.0,0.20463857054710388,0.0,0.041953179985284805,0.0,0.2013559639453888,0.015247756615281105,0.5344617366790771
"DM-17601",True,"train",0.0,0.30953729152679443,0.0,0.0,0.0,0.0,0.34372031688690186,0.3346408009529114,0.0,0.0
"DM-5249",False,"train",0.01252745185047388,0.01252742949873209,0.012526733800768852,0.8872531652450562,0.012527238577604294,0.012527020648121834,0.012527716346085072,0.012528122402727604,0.012527314946055412,0.012527844868600368
"DM-8706",False,"train",0.0,0.19418004155158997,0.0,0.5416037440299988,0.0,0.20480771362781525,0.036231640726327896,0.0,0.0,0.0
"DM-18509",False,"train",0.011052973568439484,0.511252224445343,0.01105465181171894,0.4003119170665741,0.011057795956730843,0.011054396629333496,0.011053883470594883,0.011054362170398235,0.011053767055273056,0.01105403807014227
"DM-7048",False,"train",0.0,0.0,0.0,0.4109949469566345,0.18781469762325287,0.0,0.0,0.0,0.2555798590183258,0.1261049211025238
"DM-3970",False,"train",0.15320876240730286,0.0,0.0,0.41714242100715637,0.0,0.3981326222419739,0.0,0.0,0.0,0.0
"DM-10688",False,"train",0.0,0.4698379635810852,0.0,0.0,0.0,0.0,0.4770784080028534,0.0,0.0,0.0
"DM-9867",False,"train",0.0,0.8228199481964111,0.0,0.0,0.0,0.0,0.14948008954524994,0.0,0.0,0.0
"DM-11863",True,"train",0.0,0.0,0.24558526277542114,0.10272037982940674,0.0,0.0,0.0,0.0,0.17890985310077667,0.4605403542518616
"DM-14840",False,"train",0.5685158371925354,0.0,0.0,0.0,0.0,0.0,0.0,0.0,0.0,0.4152425527572632
"DM-10138",True,"train",0.0,0.46211883425712585,0.0,0.0,0.0,0.0,0.0,0.49404528737068176,0.0,0.0
"DM-3803",False,"train",0.3035004138946533,0.0,0.020401012152433395,0.0,0.0,0.02814287506043911,0.021296609193086624,0.0,0.6261213421821594,0.0
"DM-17144",True,"train",0.024854009971022606,0.024855466559529305,0.4086514711380005,0.3924729824066162,0.024854086339473724,0.024857867509126663,0.02487858198583126,0.024860069155693054,0.024854393675923347,0.02486109733581543
"DM-768",False,"train",0.0,0.5512874722480774,0.0,0.0,0.0,0.0,0.4123370349407196,0.0,0.0,0.0
"DM-17373",False,"train",0.0,0.0,0.3156626224517822,0.0,0.0,0.0,0.1107574850320816,0.0,0.0,0.5279585123062134
"DM-1350",True,"train",0.0,0.6839911341667175,0.0,0.0,0.0,0.0,0.2760935127735138,0.0,0.0,0.0
"DM-1314",False,"train",0.0,0.0,0.0,0.0,0.0,0.0,0.9606817960739136,0.0,0.020699776709079742,0.0
"DM-10482",False,"train",0.9653619527816772,0.0,0.0,0.0,0.0,0.0,0.0,0.0,0.0,0.0
"DM-12761",False,"train",0.0,0.08067476004362106,0.03512997180223465,0.0,0.0,0.23259949684143066,0.0,0.0,0.0,0.6331918239593506
"DM-8084",False,"train",0.0,0.0,0.0,0.0,0.0,0.0,0.0,0.0,0.9969003200531006,0.0
"DM-5770",False,"train",0.5648419260978699,0.0,0.0,0.18018437922000885,0.0,0.0,0.0,0.0,0.0,0.23224881291389465
"DM-12117",False,"train",0.0,0.021626485511660576,0.03313739597797394,0.0,0.0,0.0,0.0,0.05549104884266853,0.8781647086143494,0.0
"DM-10004",False,"train",0.0,0.0,0.0,0.18548651039600372,0.7770221829414368,0.0,0.0,0.0,0.0,0.0
"DM-17782",False,"train",0.01212836429476738,0.012130267918109894,0.01212851982563734,0.012129610404372215,0.012129082344472408,0.8908324837684631,0.012129687704145908,0.01213068701326847,0.012132269330322742,0.012129057198762894
"DM-16534",False,"train",0.0,0.18820039927959442,0.0,0.14827999472618103,0.09316063672304153,0.18085917830467224,0.03735644742846489,0.0,0.0,0.3441770374774933
"DM-7396",False,"train",0.0,0.0,0.35003477334976196,0.0,0.0,0.0,0.1936921775341034,0.4213562309741974,0.0,0.0
"DM-11026",True,"train",0.0,0.47224485874176025,0.0,0.0,0.0,0.0,0.10604454576969147,0.0,0.39695361256599426,0.0
"DM-4145",True,"train",0.0,0.0,0.0,0.0,0.0,0.4044370949268341,0.14109006524085999,0.2985944151878357,0.0,0.14333458244800568
"DM-15920",False,"train",0.0,0.0,0.0,0.7184746265411377,0.0,0.2346171885728836,0.0,0.0,0.0,0.0
"DM-14393",False,"train",0.0,0.0,0.20173628628253937,0.0,0.0,0.0,0.0,0.0,0.0,0.7939659357070923
"DM-9848",False,"train",0.0,0.0,0.0,0.0,0.0,0.0,0.03953451290726662,0.0,0.952423095703125,0.0
"DM-75",False,"train",0.0,0.3311232626438141,0.0,0.0,0.0,0.0,0.15839950740337372,0.0,0.178349107503891,0.3272777199745178
"DM-12089",False,"train",0.0,0.0,0.0,0.12222670763731003,0.0,0.0,0.7765632271766663,0.0,0.0,0.09186875820159912
"DM-16051",False,"train",0.0,0.0,0.0,0.25938865542411804,0.4187295734882355,0.0,0.0,0.0,0.0,0.2993554472923279
"DM-8593",True,"train",0.0,0.0,0.0,0.0,0.8423431515693665,0.0,0.0,0.10420996695756912,0.0,0.0
"DM-1571",False,"train",0.0,0.0,0.0,0.0,0.0,0.8383245468139648,0.0,0.12825819849967957,0.0,0.0
"DM-980",False,"train",0.0,0.0,0.0,0.0,0.49083229899406433,0.4365355372428894,0.0,0.0,0.0,0.0
"DM-16666",False,"train",0.0,0.0,0.0,0.9185811281204224,0.0,0.0,0.0,0.0,0.0,0.0
"DM-6614",False,"train",0.0,0.0,0.0,0.0,0.0,0.0,0.0,0.0,0.9498991966247559,0.0
"DM-7453",False,"train",0.0,0.0,0.0,0.0,0.0,0.0,0.0,0.6569048762321472,0.0,0.298677533864975
"DM-4578",False,"train",0.0,0.0,0.6433653831481934,0.0,0.0,0.33510321378707886,0.0,0.0,0.0,0.0
"DM-6293",False,"train",0.740735650062561,0.0,0.0,0.0,0.0,0.24937301874160767,0.0,0.0,0.0,0.0
"DM-8389",False,"train",0.0,0.21622836589813232,0.0,0.0,0.0,0.7529000639915466,0.0,0.0,0.0,0.0
"DM-9169",False,"train",0.0,0.0,0.0,0.9248676896095276,0.0,0.0,0.0,0.0,0.0,0.0
"DM-5348",True,"train",0.0,0.0,0.0,0.0,0.19877663254737854,0.0,0.0,0.0,0.0,0.791377067565918
"DM-1376",False,"train",0.0,0.621943473815918,0.0,0.0,0.0,0.0,0.0,0.06974371522665024,0.0,0.2962656617164612
"DM-9669",False,"train",0.0,0.0,0.0,0.96783846616745,0.0,0.0,0.0,0.0,0.0,0.0
"DM-11948",False,"train",0.0,0.0,0.0,0.0,0.9608452320098877,0.0,0.0,0.0,0.0,0.0
"DM-11517",False,"train",0.0,0.0,0.0,0.0,0.4576219916343689,0.21849121153354645,0.0,0.07027894258499146,0.22510483860969543,0.0
"DM-9784",True,"train",0.0,0.0,0.0,0.0,0.0,0.0,0.9780285954475403,0.0,0.0,0.0
"DM-6487",True,"train",0.2517838180065155,0.0,0.060877349227666855,0.47005507349967957,0.0,0.0,0.0,0.2092989981174469,0.0,0.0
"DM-7301",False,"train",0.025037284940481186,0.025038747116923332,0.02504294365644455,0.025036972016096115,0.28264081478118896,0.025037355720996857,0.02504441887140274,0.02503720112144947,0.5170468688011169,0.025037359446287155
"DM-13410",True,"train",0.07862532883882523,0.0,0.0,0.5325492024421692,0.1944749802350998,0.0,0.0,0.0,0.16555622220039368,0.0
"DM-11814",False,"train",0.0,0.0,0.0,0.22721749544143677,0.0,0.0,0.7553802132606506,0.0,0.0,0.0
"DM-9170",True,"train",0.0,0.0,0.0,0.0,0.9437136054039001,0.0,0.0,0.0,0.0,0.0
"DM-12698",False,"train",0.8134902715682983,0.1514151692390442,0.0,0.0,0.0,0.0,0.0,0.0,0.0,0.0
"DM-11475",False,"train",0.0,0.6901565790176392,0.0,0.0,0.0,0.0,0.269747257232666,0.0,0.0,0.0
"DM-13506",False,"train",0.0,0.8724843263626099,0.0,0.0,0.0,0.0,0.0,0.0,0.0,0.06091178208589554
"DM-14110",False,"train",0.011120120994746685,0.011120337061583996,0.011119971983134747,0.8999185562133789,0.011119979433715343,0.011120175942778587,0.01112012192606926,0.011119969189167023,0.011120054870843887,0.011120719835162163
"DM-2804",False,"train",0.0,0.0,0.0,0.0,0.0,0.0,0.7368206977844238,0.0,0.2210528701543808,0.0
"DM-435",False,"train",0.0,0.0,0.0,0.0,0.2152826488018036,0.14340461790561676,0.034630026668310165,0.2408362776041031,0.0,0.3591070771217346
"DM-9447",False,"train",0.16899387538433075,0.0,0.0,0.0,0.36772167682647705,0.0,0.28597530722618103,0.0,0.15007153153419495,0.0
"DM-10530",False,"train",0.7620957493782043,0.19105574488639832,0.0,0.0,0.0,0.0,0.0,0.0,0.0,0.0
"DM-10813",False,"train",0.0,0.0,0.0,0.0,0.36611059308052063,0.08195898681879044,0.0,0.0,0.0,0.5235642790794373
"DM-14780",False,"train",0.0,0.1781274974346161,0.060308899730443954,0.49396172165870667,0.0,0.0,0.0,0.1483776569366455,0.0,0.09502828121185303
"DM-10005",True,"train",0.0,0.0,0.0,0.0,0.9639822244644165,0.0,0.0,0.0,0.0,0.0
"DM-13609",False,"train",0.0,0.0,0.13873893022537231,0.0,0.0,0.29929643869400024,0.0,0.0,0.0,0.5441113114356995
"DM-52",False,"train",0.0,0.0,0.0,0.0,0.261605441570282,0.0,0.5158453583717346,0.1641918420791626,0.0,0.0
"DM-8565",True,"train",0.0,0.0,0.0,0.0,0.9836142063140869,0.0,0.0,0.0,0.0,0.0
"DM-14704",False,"train",0.07570087164640427,0.0,0.0,0.0,0.0,0.0,0.4442371428012848,0.0,0.060050077736377716,0.3927061855792999
"DM-15106",False,"train",0.0,0.0,0.0,0.6776771545410156,0.0,0.0,0.0,0.2841532826423645,0.0,0.0
"DM-10188",False,"train",0.0570320263504982,0.4907670021057129,0.0,0.2847662568092346,0.0,0.0,0.0,0.1544763296842575,0.0,0.0
"DM-16363",False,"train",0.0,0.0,0.0,0.0,0.0,0.0,0.0,0.0,0.9952007532119751,0.0
"DM-10600",False,"train",0.4774472415447235,0.019566578790545464,0.01957029663026333,0.019568948075175285,0.3659974932670593,0.019568536430597305,0.01956941746175289,0.019572149962186813,0.019571611657738686,0.01956770196557045
"DM-12156",False,"train",0.0,0.0,0.0,0.0,0.0,0.0,0.0,0.9307462573051453,0.0,0.0
"DM-4572",True,"train",0.0,0.503462553024292,0.0,0.46569207310676575,0.0,0.0,0.0,0.0,0.0,0.0
"DM-2497",False,"train",0.0,0.23412872850894928,0.3109712600708008,0.0,0.0,0.0,0.13498109579086304,0.056083034723997116,0.0,0.2486933320760727
"DM-4235",False,"train",0.0,0.0,0.0,0.0,0.985475480556488,0.0,0.0,0.0,0.0,0.0
"DM-17202",False,"train",0.0,0.5142607092857361,0.0,0.0,0.0,0.0,0.4635271728038788,0.0,0.0,0.0
"DM-5920",False,"train",0.0,0.0,0.0,0.22122502326965332,0.0,0.0,0.0,0.7587855458259583,0.0,0.0
"DM-2624",True,"train",0.0,0.0,0.0,0.0,0.38653284311294556,0.0,0.0,0.0,0.0,0.5335991978645325
"DM-8016",False,"train",0.0,0.0,0.0,0.4414680600166321,0.0,0.0,0.0,0.5221096277236938,0.0,0.0
"DM-13799",False,"train",0.0,0.0,0.0,0.0,0.0,0.0,0.6231725811958313,0.0,0.018200205639004707,0.3218121826648712
"DM-8706",False,"train",0.0,0.19418004155158997,0.0,0.5416037440299988,0.0,0.20480771362781525,0.036231640726327896,0.0,0.0,0.0
"DM-1802",False,"train",0.2123294621706009,0.5974035859107971,0.0,0.0,0.0,0.14333443343639374,0.0,0.0,0.0,0.0
"DM-11893",False,"train",0.0142949428409338,0.014295834116637707,0.014294958673417568,0.014296256937086582,0.014294981025159359,0.014295575208961964,0.37784695625305176,0.5077897310256958,0.014295097440481186,0.014295718632638454
"DM-3368",True,"train",0.0,0.9785387516021729,0.0,0.0,0.0,0.0,0.0,0.0,0.0,0.0
"DM-4523",True,"train",0.01250461582094431,0.012508224695920944,0.012503848411142826,0.012503169476985931,0.01250325608998537,0.012503773905336857,0.8874596357345581,0.012503252364695072,0.012503394857048988,0.012506810948252678
"DM-1815",False,"train",0.0,0.0,0.0,0.0,0.0,0.8656320571899414,0.0,0.09004737436771393,0.0,0.0
"DM-11475",False,"train",0.0,0.6901565790176392,0.0,0.0,0.0,0.0,0.269747257232666,0.0,0.0,0.0
"DM-16314",False,"train",0.012518892996013165,0.01251972932368517,0.8873191475868225,0.012521405704319477,0.012517862021923065,0.012519310228526592,0.012524057179689407,0.012519088573753834,0.012518409639596939,0.012522085569798946
"DM-5189",False,"train",0.020006529986858368,0.02000567689538002,0.02000613324344158,0.3215210437774658,0.518429160118103,0.020005106925964355,0.020006069913506508,0.020009499043226242,0.02000501938164234,0.020005755126476288
"DM-6819",True,"train",0.0,0.0,0.0,0.0,0.49923211336135864,0.19390282034873962,0.0,0.0,0.2843373417854309,0.0
"DM-1293",False,"train",0.012478984892368317,0.5362730026245117,0.01247965544462204,0.012479802593588829,0.36388611793518066,0.012479904107749462,0.012480762787163258,0.012480075471103191,0.012479466386139393,0.012482262216508389
"DM-7223",False,"train",0.0,0.0,0.0,0.0,0.0,0.0,0.0,0.7249513268470764,0.2306477129459381,0.0
"DM-14674",False,"train",0.2000284641981125,0.1318414956331253,0.0,0.0,0.0,0.0,0.23570768535137177,0.40554916858673096,0.0,0.0
"DM-5588",False,"train",0.0,0.0,0.07900387048721313,0.0,0.07440978288650513,0.3884710967540741,0.0,0.14607156813144684,0.0,0.3008987009525299
"DM-7325",False,"train",0.010049114935100079,0.010049269534647465,0.010048862546682358,0.010048946365714073,0.01004937756806612,0.010049152188003063,0.9095538258552551,0.010050022974610329,0.010052385739982128,0.010049015283584595
"DM-13342",False,"train",0.0,0.0,0.0,0.0,0.6607080698013306,0.0,0.16749237477779388,0.1191193088889122,0.0,0.0
"DM-11090",False,"train",0.14034757018089294,0.0,0.0,0.4602090120315552,0.0,0.26805537939071655,0.0,0.06678931415081024,0.05950384587049484,0.0
"DM-17277",False,"train",0.0,0.0,0.0,0.0,0.0,0.0,0.6452487707138062,0.0,0.0,0.2882178723812103
"DM-2455",False,"train",0.07147641479969025,0.4932282269001007,0.0,0.0,0.0,0.38195499777793884,0.0,0.0,0.0408204086124897,0.0
"DM-6529",False,"train",0.3655847907066345,0.0,0.0,0.02417752891778946,0.0,0.20177696645259857,0.0,0.37934622168540955,0.027837634086608887,0.0
"DM-15635",True,"train",0.0,0.0,0.0,0.9819727540016174,0.0,0.0,0.0,0.0,0.0,0.0
"DM-4152",False,"train",0.0,0.0,0.0,0.0,0.0,0.0,0.0,0.0,0.0,0.9762798547744751
"DM-8166",False,"train",0.014440715312957764,0.6678751111030579,0.014440576545894146,0.014442059211432934,0.01444362010806799,0.01444113627076149,0.014446347020566463,0.014440257102251053,0.21658910810947418,0.014441099017858505
"DM-6561",False,"train",0.0,0.0,0.0,0.0,0.0,0.925146758556366,0.0,0.0,0.0,0.0
"DM-9416",False,"train",0.0,0.10076873749494553,0.0,0.0,0.0,0.4298933446407318,0.0,0.28017210960388184,0.0,0.17457816004753113
"DM-11319",False,"train",0.2615710198879242,0.0,0.0,0.0,0.516450822353363,0.0,0.0,0.0,0.19415156543254852,0.0
"DM-13632",False,"train",0.0,0.7859280705451965,0.0,0.0,0.055906932801008224,0.0,0.0,0.0,0.14062561094760895,0.0
"DM-7090",True,"train",0.5806803107261658,0.0,0.0,0.3942301273345947,0.0,0.0,0.0,0.0,0.0,0.0
"DM-3959",False,"train",0.014247170649468899,0.014243194833397865,0.01424388773739338,0.0142445620149374,0.014244387857615948,0.014245628379285336,0.014243888668715954,0.014247030951082706,0.01424484234303236,0.8717954158782959
"DM-8547",False,"train",0.3649241328239441,0.0,0.0,0.0,0.0,0.5957500338554382,0.0,0.0,0.0,0.0
"DM-2956",False,"train",0.020019395276904106,0.020020755007863045,0.02001732401549816,0.020017018541693687,0.020015183836221695,0.020021576434373856,0.02002338320016861,0.8198269009590149,0.02002033405005932,0.020018093287944794
"DM-15537",False,"train",0.26978179812431335,0.5694520473480225,0.11981689929962158,0.0,0.0,0.0,0.0,0.0,0.0,0.0
"DM-11036",False,"train",0.0,0.0,0.0,0.0,0.0,0.0,0.0,0.9774594902992249,0.0,0.0
"DM-10396",False,"train",0.0,0.0,0.0,0.0,0.0,0.10659607499837875,0.0,0.8490040898323059,0.0,0.0
"DM-12853",False,"train",0.0,0.0,0.0,0.0,0.3224010765552521,0.5796229839324951,0.0,0.0,0.0,0.09407979995012283
"DM-14009",False,"train",0.0,0.0,0.0,0.5150701999664307,0.3228554129600525,0.0,0.0,0.0,0.0,0.13002775609493256
"DM-2841",False,"train",0.0,0.0,0.0,0.0,0.3880952000617981,0.0,0.5621106624603271,0.0,0.0,0.0
"DM-17349",False,"train",0.0,0.0,0.0,0.0,0.0,0.0,0.0,0.0,0.05995011702179909,0.9080181121826172
"DM-5446",False,"train",0.0,0.0,0.0,0.0,0.0,0.640253484249115,0.0,0.0,0.0,0.3128417134284973
"DM-5357",False,"train",0.0,0.0,0.0,0.0,0.0,0.9249330759048462,0.0,0.0,0.0,0.0
"DM-6285",False,"train",0.0,0.0,0.0,0.0,0.0,0.0,0.0,0.9399072527885437,0.0,0.0
"DM-768",False,"train",0.0,0.5512874722480774,0.0,0.0,0.0,0.0,0.4123370349407196,0.0,0.0,0.0
"DM-12029",False,"train",0.0,0.24208728969097137,0.0,0.2708956301212311,0.0,0.0,0.0,0.0,0.23399579524993896,0.24455249309539795
"DM-8106",False,"train",0.08481691777706146,0.6021643877029419,0.0,0.0,0.0,0.0,0.0,0.29736146330833435,0.0,0.0
"DM-6519",False,"train",0.0,0.0,0.0,0.9146418571472168,0.0,0.0,0.0,0.0,0.0,0.0
"DM-9947",True,"train",0.0,0.0,0.0,0.9790543913841248,0.0,0.0,0.0,0.0,0.0,0.0
"DM-8056",False,"train",0.0,0.0,0.0,0.0,0.0,0.0,0.0,0.0,0.0,0.9323787093162537
"DM-4235",False,"train",0.0,0.0,0.0,0.0,0.985475480556488,0.0,0.0,0.0,0.0,0.0
"DM-10371",False,"train",0.0143112288787961,0.01431161817163229,0.014312071725726128,0.8711903095245361,0.014315095730125904,0.014311607927083969,0.01431137416511774,0.014314121566712856,0.014311293140053749,0.01431130152195692
"DM-15189",True,"train",0.10539456456899643,0.0,0.0,0.0,0.3964110016822815,0.0,0.0,0.3633672595024109,0.0,0.12054727226495743
"DM-12692",False,"train",0.42606571316719055,0.526324987411499,0.0,0.0,0.0,0.0,0.0,0.0,0.0,0.0
"DM-17252",False,"train",0.0,0.0,0.0,0.35520002245903015,0.18326522409915924,0.0,0.42322593927383423,0.0,0.0,0.0
"DM-17325",False,"train",0.0,0.0,0.0,0.29372307658195496,0.0,0.0,0.0,0.34433552622795105,0.0,0.3302155137062073
"DM-12035",False,"train",0.0,0.0,0.0,0.46648818254470825,0.0,0.0,0.0,0.21303853392601013,0.2606057822704315,0.048432543873786926
"DM-604",False,"train",0.0,0.23604993522167206,0.0,0.0,0.0,0.0,0.7511627078056335,0.0,0.0,0.0
"DM-7936",False,"train",0.5298832058906555,0.0,0.0,0.0,0.41675278544425964,0.0,0.0,0.0,0.0,0.0
"DM-15534",True,"train",0.0,0.5590647459030151,0.0,0.0,0.0,0.0,0.40595099329948425,0.0,0.0,0.0
"DM-8224",False,"train",0.0,0.0,0.12278895080089569,0.26171964406967163,0.0,0.027722349390387535,0.0,0.0,0.0,0.5777861475944519
"DM-5274",False,"train",0.0,0.0,0.0,0.43531638383865356,0.0,0.0,0.0,0.0,0.4979223608970642,0.0
"DM-3891",True,"train",0.0,0.0,0.13413795828819275,0.0,0.0,0.0,0.0,0.5159914493560791,0.3129575550556183,0.0
"DM-18573",True,"train",0.0,0.0,0.0,0.9513594508171082,0.0,0.0,0.0,0.0,0.0,0.0
"DM-13748",True,"train",0.0,0.0,0.0,0.0,0.0,0.0,0.9357964396476746,0.0,0.0,0.0
"DM-15392",False,"train",0.0,0.4774883985519409,0.0,0.0,0.0,0.0,0.0,0.12129465490579605,0.21449267864227295,0.17228977382183075
"DM-17859",False,"train",0.0,0.7227079272270203,0.0,0.18410298228263855,0.0,0.05104023218154907,0.03481093421578407,0.0,0.0,0.0
"DM-1125",False,"train",0.0,0.0,0.0,0.0,0.0,0.9750515222549438,0.0,0.0,0.0,0.0
"DM-3372",True,"train",0.0,0.0,0.0,0.0,0.17025341093540192,0.0,0.0,0.0,0.0,0.8097142577171326
"DM-17669",True,"train",0.0,0.0,0.7209690809249878,0.0,0.0,0.0,0.11755102127790451,0.1475745439529419,0.0,0.0
"DM-15450",False,"train",0.0,0.0,0.0,0.0,0.06523749977350235,0.23818230628967285,0.0,0.0,0.6834997534751892,0.0
"DM-2425",False,"train",0.0,0.0,0.6470798850059509,0.0,0.0,0.3347006142139435,0.0,0.0,0.0,0.0
"DM-7447",False,"train",0.0,0.6380309462547302,0.0,0.0,0.0,0.0,0.0,0.3299929201602936,0.0,0.0
"DM-7332",False,"train",0.0,0.0,0.09395407885313034,0.0,0.0,0.0,0.8526872396469116,0.0,0.0,0.0
"DM-14534",False,"train",0.0,0.17598901689052582,0.25684791803359985,0.0,0.0,0.0,0.0,0.14070190489292145,0.21393844485282898,0.19973982870578766
"DM-11433",False,"train",0.0,0.520258367061615,0.0,0.0,0.0,0.0,0.0,0.0,0.11048035323619843,0.3505017161369324
"DM-17642",False,"train",0.0,0.4678996503353119,0.0,0.07109618186950684,0.0,0.0,0.0,0.0,0.0,0.42755797505378723
"DM-8308",True,"train",0.0,0.0,0.0,0.9742734432220459,0.0,0.0,0.0,0.0,0.0,0.0
"DM-18779",True,"train",0.07201558351516724,0.0,0.0,0.22150355577468872,0.0,0.0,0.0,0.6870378851890564,0.0,0.0
"DM-4302",False,"train",0.0,0.0,0.43222126364707947,0.0,0.0,0.0,0.0,0.0,0.08304962515830994,0.4382804036140442
"DM-16839",False,"train",0.0,0.6909536719322205,0.0,0.0,0.0,0.0,0.0,0.0,0.28561607003211975,0.0
"DM-11026",True,"train",0.0,0.47224485874176025,0.0,0.0,0.0,0.0,0.10604454576969147,0.0,0.39695361256599426,0.0
"DM-9381",False,"train",0.0,0.0,0.0,0.0,0.0,0.08846119791269302,0.8864717483520508,0.0,0.0,0.0
"DM-2981",False,"train",0.0,0.0,0.0,0.0,0.013483354821801186,0.0,0.0,0.9664600491523743,0.0,0.0
"DM-17349",False,"train",0.0,0.0,0.0,0.0,0.0,0.0,0.0,0.0,0.05995011702179909,0.9080181121826172
"DM-3980",False,"train",0.0,0.24432682991027832,0.0,0.6980334520339966,0.0,0.0,0.0,0.0,0.0,0.0
"DM-2976",False,"train",0.4363776743412018,0.4489264488220215,0.014335972256958485,0.014338107779622078,0.014336884021759033,0.014336944557726383,0.01433629635721445,0.01433692965656519,0.014336339198052883,0.014338399283587933
"DM-984",False,"train",0.0,0.0,0.0,0.0,0.0,0.36861780285835266,0.0,0.0,0.0,0.6055662035942078
"DM-9968",False,"train",0.0,0.977445125579834,0.0,0.0,0.0,0.0,0.0,0.0,0.0,0.0
"DM-15049",False,"train",0.7543938755989075,0.027286937460303307,0.02729036472737789,0.02728930488228798,0.027295377105474472,0.02728656679391861,0.027287352830171585,0.027292365208268166,0.027284685522317886,0.027293162420392036
"DM-4581",False,"train",0.0,0.0,0.0,0.44562965631484985,0.0,0.0,0.0,0.0,0.5071501731872559,0.0
"DM-11183",False,"train",0.01107985619455576,0.5776723027229309,0.011080118827521801,0.01108025573194027,0.01108044758439064,0.13822650909423828,0.011081045493483543,0.011079913936555386,0.206539586186409,0.011079895310103893
"DM-9498",False,"train",0.0,0.23662133514881134,0.0,0.0,0.0,0.7443175911903381,0.0,0.0,0.0,0.0
"DM-11866",True,"train",0.0,0.0,0.0,0.0,0.0,0.9412801265716553,0.0,0.04628815874457359,0.0,0.0
"DM-6651",False,"train",0.0,0.7939664125442505,0.0,0.0,0.0,0.0,0.189020037651062,0.0,0.0,0.0
"DM-5791",False,"train",0.44287991523742676,0.1047634482383728,0.0,0.0,0.0,0.0,0.0,0.0,0.0,0.4135524034500122
"DM-15011",False,"train",0.0,0.0,0.0,0.10836488753557205,0.07202217727899551,0.2062714397907257,0.0,0.0,0.0,0.5976046919822693
"DM-14334",True,"train",0.8197649121284485,0.020025121048092842,0.020024064928293228,0.020026370882987976,0.02002696879208088,0.020024359226226807,0.02003486268222332,0.0200244951993227,0.020024562254548073,0.02002430520951748
"DM-10510",False,"train",0.4416162669658661,0.0,0.0,0.0,0.0,0.22537389397621155,0.2961375117301941,0.0,0.0,0.0
"DM-4807",False,"train",0.40472474694252014,0.0,0.0,0.3733486533164978,0.0,0.0,0.0,0.0,0.0,0.18877390027046204
"DM-8959",False,"train",0.0,0.0,0.0,0.10862547159194946,0.0,0.0,0.05189709737896919,0.0,0.0,0.8234221935272217
"DM-7385",False,"train",0.0,0.0,0.0,0.0,0.0,0.11196346580982208,0.49635612964630127,0.0,0.0,0.3630993068218231
"DM-2593",False,"train",0.0,0.07468711584806442,0.0,0.1532321274280548,0.0,0.0,0.0,0.4534117877483368,0.07314343750476837,0.2262856662273407
"DM-4825",False,"train",0.0,0.0,0.0,0.885006844997406,0.0,0.0,0.0,0.0,0.08647315949201584,0.0
"DM-10364",False,"train",0.013203800655901432,0.013203720562160015,0.013202733360230923,0.8811716437339783,0.013201817870140076,0.013203199952840805,0.013202354311943054,0.013203661888837814,0.01320366095751524,0.013203399255871773
"DM-7416",False,"train",0.011154833249747753,0.13046759366989136,0.01115292776376009,0.011154202744364738,0.011154156178236008,0.011153147555887699,0.011154149658977985,0.011156590655446053,0.7802992463111877,0.011153185740113258
"DM-15173",False,"train",0.0,0.39025452733039856,0.0,0.0,0.13062629103660583,0.0,0.45965880155563354,0.0,0.0,0.0
"DM-17305",True,"train",0.44300398230552673,0.0,0.0,0.06103053316473961,0.0,0.0,0.0,0.0,0.0,0.47750890254974365
"DM-148",False,"train",0.0,0.0,0.0,0.0,0.0,0.0,0.78521329164505,0.0,0.18394610285758972,0.0
"DM-9131",True,"train",0.58347487449646,0.0,0.0,0.0,0.17940832674503326,0.0,0.19658911228179932,0.0,0.0,0.0
"DM-8695",False,"train",0.19418972730636597,0.0,0.0,0.759612500667572,0.0,0.0,0.0,0.0,0.0,0.0
"DM-12568",True,"train",0.0,0.26543039083480835,0.0,0.0,0.39126056432724,0.0,0.0,0.2741226851940155,0.0,0.0
"DM-12764",False,"train",0.17977789044380188,0.19818824529647827,0.0,0.0,0.0,0.0,0.0,0.6080366373062134,0.0,0.0
"DM-4753",False,"train",0.12847934663295746,0.7387635111808777,0.0,0.0,0.0,0.0,0.0,0.0,0.10582625865936279,0.0
"DM-18521",False,"train",0.0,0.6668033003807068,0.0,0.0,0.0,0.0,0.0,0.0,0.2674585282802582,0.0
"DM-12126",False,"train",0.020004432648420334,0.02000449225306511,0.4702085256576538,0.020007479935884476,0.3697534203529358,0.02000397816300392,0.020004894584417343,0.020004307851195335,0.020004315301775932,0.02000412903726101
"DM-12008",True,"train",0.0,0.5988892912864685,0.0,0.2564188539981842,0.0,0.11134723573923111,0.0,0.0,0.0,0.0
"DM-6253",False,"train",0.0,0.0,0.4856854975223541,0.4473203122615814,0.0,0.0,0.0,0.0,0.0,0.0
"DM-8695",False,"train",0.19418972730636597,0.0,0.0,0.759612500667572,0.0,0.0,0.0,0.0,0.0,0.0
"DM-5822",False,"train",0.0,0.0,0.027034996077418327,0.028853576630353928,0.031004898250102997,0.0,0.07991880178451538,0.0975155234336853,0.7293258905410767,0.0
"DM-9596",False,"train",0.0,0.0,0.0,0.0,0.0,0.9833231568336487,0.0,0.0,0.0,0.0
"DM-2580",False,"train",0.0,0.0,0.0,0.0,0.0,0.0,0.5483946800231934,0.0,0.0,0.4280939996242523
"DM-7719",False,"train",0.0,0.0,0.0,0.0,0.0,0.0,0.0,0.0,0.0,0.9100424647331238
"DM-8214",False,"train",0.0,0.0,0.0,0.2452363222837448,0.0,0.0,0.0,0.0,0.0,0.714799165725708
"DM-13042",False,"train",0.0,0.19687817990779877,0.0,0.0,0.33530133962631226,0.0,0.0,0.44989144802093506,0.0,0.0
"DM-1052",False,"train",0.014287738129496574,0.3299817740917206,0.014288729056715965,0.014287860132753849,0.29115837812423706,0.27883970737457275,0.01428979728370905,0.014288684353232384,0.01428833045065403,0.014289014972746372
"DM-1603",False,"train",0.0,0.0,0.0,0.0,0.0,0.0,0.4351893961429596,0.5470237135887146,0.0,0.0
"DM-11893",False,"train",0.0142949428409338,0.014295834116637707,0.014294958673417568,0.014296256937086582,0.014294981025159359,0.014295575208961964,0.37784695625305176,0.5077897310256958,0.014295097440481186,0.014295718632638454
"DM-1998",False,"train",0.0,0.0,0.0,0.09107664227485657,0.0,0.09318673610687256,0.0,0.0,0.0,0.7746440768241882
"DM-4999",False,"train",0.0,0.0,0.0,0.44013863801956177,0.1797606199979782,0.0,0.34113356471061707,0.0,0.0,0.0
"DM-16173",False,"train",0.0,0.0,0.0,0.0,0.21206770837306976,0.0,0.0,0.7662728428840637,0.0,0.0
"DM-5133",False,"train",0.0,0.9807654619216919,0.0,0.0,0.0,0.0,0.0,0.0,0.0,0.0
"DM-8363",False,"train",0.0,0.7059416174888611,0.0,0.0,0.0,0.0,0.27922603487968445,0.0,0.0,0.0
"DM-2638",False,"train",0.011121665127575397,0.011127902194857597,0.011121180839836597,0.011123321950435638,0.011120888404548168,0.011122073978185654,0.01112438179552555,0.011123898439109325,0.01112131867557764,0.8998933434486389
"DM-14681",True,"train",0.0,0.3040832579135895,0.0,0.0,0.0,0.1770968735218048,0.0,0.14379756152629852,0.0,0.3648126721382141
"DM-13458",True,"train",0.016673248261213303,0.26596933603286743,0.016678711399435997,0.01667296327650547,0.016673222184181213,0.016674164682626724,0.36319807171821594,0.25411084294319153,0.016675258055329323,0.01667414978146553
"DM-5361",False,"train",0.0,0.0,0.0,0.9094001054763794,0.0,0.057302989065647125,0.0,0.0,0.0,0.0
"DM-3949",False,"train",0.0,0.0,0.0,0.0,0.0,0.0,0.9609498977661133,0.0,0.0,0.0
"DM-9173",False,"train",0.3638395369052887,0.011140226386487484,0.01114523783326149,0.011148735880851746,0.011141025461256504,0.011141868308186531,0.011141430586576462,0.011140696704387665,0.011141514405608177,0.5470197796821594
"DM-15090",False,"train",0.0,0.4626140296459198,0.0,0.0,0.0,0.33656448125839233,0.0,0.0,0.18022547662258148,0.0
"DM-12440",False,"train",0.0,0.0,0.0,0.0,0.0,0.0,0.0,0.9499694108963013,0.0,0.0
"DM-13872",False,"train",0.5405013561248779,0.0,0.0,0.43023407459259033,0.0,0.0,0.0,0.0,0.0,0.0
"DM-12008",True,"train",0.0,0.5988892912864685,0.0,0.2564188539981842,0.0,0.11134723573923111,0.0,0.0,0.0,0.0
"DM-16782",True,"train",0.2514186203479767,0.0,0.0,0.5845973491668701,0.0,0.0,0.0,0.0,0.0,0.1326306313276291
"DM-8357",False,"train",0.010002680122852325,0.010004702024161816,0.010004164651036263,0.01000305451452732,0.010003196075558662,0.9099648594856262,0.010004354640841484,0.01000494509935379,0.01000448502600193,0.010003622621297836
"DM-980",False,"train",0.0,0.0,0.0,0.0,0.49083229899406433,0.4365355372428894,0.0,0.0,0.0,0.0
"DM-13972",False,"train",0.0,0.0,0.0,0.17234587669372559,0.0,0.0,0.0,0.4976804256439209,0.0,0.3191816806793213
"DM-16613",False,"train",0.0,0.9526021480560303,0.0,0.0,0.0,0.0,0.0,0.0,0.0,0.0
"DM-2871",False,"train",0.010002035647630692,0.010003112256526947,0.010002387687563896,0.010003143921494484,0.9099754691123962,0.01000308245420456,0.010003483854234219,0.010002321563661098,0.01000253390520811,0.010002410970628262
"DM-5694",False,"train",0.0,0.0,0.0,0.0,0.0,0.0,0.0,0.9470387101173401,0.0,0.0
"DM-14117",False,"train",0.0,0.7775284051895142,0.0,0.0,0.0,0.0,0.0,0.20576781034469604,0.0,0.0
"DM-6255",True,"train",0.06816782802343369,0.0,0.0,0.0,0.5842727422714233,0.0,0.0,0.31296369433403015,0.0,0.0
"DM-7300",False,"train",0.02502993308007717,0.02503023110330105,0.02502959780395031,0.025029052048921585,0.2981535494327545,0.30830541253089905,0.025038637220859528,0.02502969279885292,0.21832330524921417,0.025030603632330894
"DM-8357",False,"train",0.010002680122852325,0.010004702024161816,0.010004164651036263,0.01000305451452732,0.010003196075558662,0.9099648594856262,0.010004354640841484,0.01000494509935379,0.01000448502600193,0.010003622621297836
"DM-8565",True,"train",0.0,0.0,0.0,0.0,0.9836142063140869,0.0,0.0,0.0,0.0,0.0
"DM-10888",False,"train",0.016611093655228615,0.016611624509096146,0.016611121594905853,0.016610918566584587,0.016613120213150978,0.01661244034767151,0.01661008596420288,0.016611985862255096,0.016618384048342705,0.8504891991615295
"DM-1697",False,"train",0.019410189241170883,0.019408870488405228,0.01940874382853508,0.01941734366118908,0.019410932436585426,0.019409112632274628,0.019408470019698143,0.8253050446510315,0.019409120082855225,0.01941216178238392
"DM-13967",False,"train",0.010530585423111916,0.0,0.0,0.06317219883203506,0.09798626601696014,0.0,0.0,0.18034255504608154,0.052808769047260284,0.5879948735237122
"DM-8652",False,"train",0.0,0.09890805184841156,0.0,0.0,0.0,0.0,0.40601980686187744,0.0,0.0,0.45114895701408386
"DM-14553",False,"train",0.0,0.0,0.0,0.14694145321846008,0.0,0.0,0.0,0.8224381804466248,0.0,0.0
"DM-1812",False,"train",0.0,0.0,0.0,0.0,0.0,0.9589864611625671,0.0,0.0,0.0,0.0
"DM-17437",False,"train",0.0,0.0,0.0,0.0,0.0,0.0,0.9589974880218506,0.0,0.0,0.0
"DM-5808",False,"train",0.0,0.0,0.11670176684856415,0.0,0.5458196401596069,0.0,0.0,0.0,0.2702926993370056,0.0
"DM-441",False,"train",0.0,0.6017848253250122,0.036480773240327835,0.0,0.0,0.03698589652776718,0.08416780829429626,0.0,0.0,0.23518800735473633
"DM-13246",False,"train",0.0,0.0,0.0,0.32674288749694824,0.6415647268295288,0.0,0.0,0.0,0.0,0.0
"DM-8820",False,"train",0.0,0.0,0.9356632232666016,0.0,0.0,0.0,0.0,0.0,0.0,0.0
"DM-15500",False,"train",0.18651551008224487,0.0,0.0,0.0,0.0,0.0,0.0,0.0,0.0,0.7929037809371948
"DM-15245",False,"train",0.2880178987979889,0.23197413980960846,0.0,0.3437781035900116,0.0,0.0,0.0,0.0,0.1191641166806221,0.0
"DM-9516",False,"train",0.016682663932442665,0.016682185232639313,0.016681918874382973,0.016682323068380356,0.01668354496359825,0.016682052984833717,0.01668195053935051,0.8498504161834717,0.016690144315361977,0.016682801768183708
"DM-15036",False,"train",0.0,0.12714551389217377,0.0,0.0,0.199599489569664,0.0,0.0,0.3035567104816437,0.0,0.3464740216732025
"DM-6614",False,"train",0.0,0.0,0.0,0.0,0.0,0.0,0.0,0.0,0.9498991966247559,0.0
"DM-13833",False,"train",0.0722922831773758,0.0,0.0,0.0,0.4518279731273651,0.13212481141090393,0.0,0.0,0.13522255420684814,0.18223701417446136
"DM-13242",False,"train",0.0,0.0,0.0,0.0,0.0,0.9653869271278381,0.030770281329751015,0.0,0.0,0.0
"DM-9491",False,"train",0.0,0.3247181475162506,0.0,0.6644647717475891,0.0,0.0,0.0,0.0,0.0,0.0
"DM-981",False,"train",0.0,0.42517080903053284,0.0,0.0,0.0,0.0,0.5368006229400635,0.0,0.0,0.0
"DM-9528",False,"train",0.0,0.0,0.0,0.0,0.0,0.0,0.7017180919647217,0.0,0.0,0.2367144376039505
"DM-2729",False,"train",0.15648990869522095,0.4193706512451172,0.0,0.0,0.0,0.0,0.0,0.05246090143918991,0.0,0.3507757782936096
"DM-7170",False,"train",0.0,0.0,0.0,0.0,0.5928390622138977,0.0,0.0,0.0,0.17262418568134308,0.20150752365589142
"DM-8052",False,"train",0.0,0.0,0.0,0.42971739172935486,0.0,0.0,0.0,0.11115863919258118,0.0,0.43419918417930603
"DM-296",False,"train",0.0,0.2806868255138397,0.0,0.0,0.0,0.7061681747436523,0.0,0.0,0.0,0.0
"DM-2740",False,"train",0.0,0.0,0.0,0.0,0.0,0.0,0.0,0.0,0.0,0.9724363684654236
"DM-10537",False,"train",0.01982918381690979,0.0198356993496418,0.01982669159770012,0.019826747477054596,0.821542501449585,0.019828950986266136,0.019830452278256416,0.01982560195028782,0.019825726747512817,0.019828464835882187
"DM-9188",False,"train",0.0,0.0,0.0,0.0,0.0,0.16222529113292694,0.81422358751297,0.0,0.0,0.0
"DM-18671",False,"train",0.0,0.9605249166488647,0.0,0.0,0.0,0.0,0.0,0.0,0.0,0.0
"DM-365",False,"train",0.0,0.4281756281852722,0.0671800896525383,0.0,0.0,0.0,0.0,0.0,0.0,0.4813465476036072
"DM-10258",False,"train",0.016434472054243088,0.18600815534591675,0.016437912359833717,0.016436604782938957,0.6824974417686462,0.016438523307442665,0.016437044367194176,0.016435954719781876,0.01643526367843151,0.01643863506615162
"DM-6783",True,"train",0.0,0.2786043882369995,0.0,0.0,0.0,0.0,0.5189869999885559,0.0,0.1884271204471588,0.0
"DM-12156",False,"train",0.0,0.0,0.0,0.0,0.0,0.0,0.0,0.9307462573051453,0.0,0.0
"DM-10886",False,"train",0.016578756272792816,0.016579285264015198,0.016578784212470055,0.01657858118414879,0.016581030562520027,0.016580097377300262,0.01657775230705738,0.01657964661717415,0.016587987542152405,0.8507781028747559
"DM-783",False,"train",0.0,0.9402099847793579,0.0,0.0,0.0,0.0,0.0,0.0,0.0,0.0
"DM-15311",True,"train",0.0,0.0,0.869041383266449,0.04574804753065109,0.06658175587654114,0.0,0.0,0.0,0.0,0.0
"DM-2945",False,"train",0.0,0.0,0.0,0.0,0.0,0.0,0.13584862649440765,0.0,0.0,0.8332456350326538
"DM-7551",False,"train",0.0,0.0,0.0,0.0,0.41263172030448914,0.5083426833152771,0.0,0.0,0.0,0.0
"DM-1352",True,"train",0.7626985907554626,0.0,0.0,0.0,0.0,0.0,0.02682451717555523,0.0,0.0,0.2008737325668335
"DM-4367",False,"train",0.0,0.9808411002159119,0.0,0.0,0.0,0.0,0.0,0.0,0.0,0.0
"DM-9001",False,"train",0.0,0.0,0.0,0.23677848279476166,0.3075985014438629,0.0,0.12698733806610107,0.05481334775686264,0.0,0.2591624855995178
"DM-9511",False,"train",0.016634058207273483,0.016634589061141014,0.016634086146950722,0.016633881255984306,0.016636090353131294,0.016635408625006676,0.01663304679095745,0.016634950414299965,0.016641348600387573,0.8502825498580933
"DM-12675",False,"train",0.0,0.981615424156189,0.0,0.0,0.0,0.0,0.0,0.0,0.0,0.0
"DM-4939",False,"train",0.0,0.18845590949058533,0.0,0.19463783502578735,0.0,0.0,0.0,0.0,0.0,0.5637487769126892
"DM-13953",False,"train",0.18725207448005676,0.011046732775866985,0.011046540923416615,0.5421825051307678,0.011045640334486961,0.011047032661736012,0.01104732882231474,0.011047261767089367,0.1932383030653,0.011046605184674263
"DM-12019",True,"train",0.0,0.5459445714950562,0.0,0.0,0.0,0.0,0.0,0.4004613161087036,0.0,0.0
"DM-10295",False,"train",0.0,0.38306939601898193,0.0,0.0,0.0,0.0,0.0,0.0,0.0,0.5513097047805786
"DM-12652",True,"train",0.0,0.0,0.0,0.0,0.0,0.3279704749584198,0.0,0.0,0.0,0.6319931745529175
"DM-2027",True,"train",0.012531468644738197,0.012529649771749973,0.012528703548014164,0.7234898805618286,0.012532957829535007,0.012531858868896961,0.012530755251646042,0.17626139521598816,0.012532687745988369,0.012530635111033916
"DM-15232",False,"train",0.23236368596553802,0.0,0.0,0.0,0.0,0.0,0.0,0.0,0.0,0.7132236957550049
"DM-13905",False,"train",0.8994595408439636,0.07060647010803223,0.0,0.0,0.0,0.0,0.0,0.0,0.0,0.0
"DM-11517",False,"train",0.0,0.0,0.0,0.0,0.4576219916343689,0.21849121153354645,0.0,0.07027894258499146,0.22510483860969543,0.0
"DM-16256",False,"train",0.0,0.9306696057319641,0.0,0.0,0.0,0.0,0.0,0.0,0.0,0.0
"DM-13674",False,"train",0.0,0.0,0.0,0.0,0.0,0.0,0.0,0.9816089868545532,0.0,0.0
"DM-11574",True,"train",0.0,0.5090310573577881,0.0,0.0,0.0,0.28896135091781616,0.0,0.0990758165717125,0.0,0.09436595439910889
"DM-8284",False,"train",0.0,0.0,0.0,0.0,0.10596005618572235,0.0,0.0,0.0,0.0,0.8728593587875366
"DM-15534",True,"train",0.0,0.5590647459030151,0.0,0.0,0.0,0.0,0.40595099329948425,0.0,0.0,0.0
"DM-13144",False,"train",0.0,0.0,0.0,0.0,0.0,0.0,0.4427472651004791,0.32097452878952026,0.0,0.16653762757778168
"DM-15651",True,"train",0.0,0.0,0.0,0.07252629101276398,0.0,0.0,0.6272001266479492,0.2595491111278534,0.0,0.0
"DM-7765",False,"train",0.537125289440155,0.0,0.0,0.0,0.40570130944252014,0.0,0.0,0.0,0.0,0.0
"DM-18843",False,"train",0.016679612919688225,0.016674073413014412,0.016673780977725983,0.016673773527145386,0.016673538833856583,0.016674401238560677,0.40655431151390076,0.01667439192533493,0.4600476324558258,0.01667444035410881
"DM-14761",False,"train",0.0,0.0,0.0,0.0,0.4983345866203308,0.0,0.0,0.12340909242630005,0.0,0.3487822413444519
"DM-11162",False,"train",0.3345937132835388,0.0,0.0,0.0,0.0,0.0,0.0,0.31664299964904785,0.11235333234071732,0.22733023762702942
"DM-5314",False,"train",0.02013627253472805,0.02013741061091423,0.02013683132827282,0.8187696933746338,0.020136147737503052,0.02013636939227581,0.020137792453169823,0.020136758685112,0.020136352628469467,0.020136380568146706
"DM-17983",False,"train",0.09858298301696777,0.0,0.0,0.4398285448551178,0.0,0.0,0.0,0.4322870075702667,0.0,0.0
"DM-5923",False,"train",0.0,0.0,0.0,0.7499929666519165,0.0,0.0,0.0,0.220590278506279,0.0,0.0
"DM-5593",False,"train",0.0,0.2290288358926773,0.0,0.16911804676055908,0.0,0.0,0.0,0.0,0.0,0.5824013948440552
"DM-14152",False,"train",0.0,0.4113364815711975,0.0,0.061413347721099854,0.0,0.11285743117332458,0.049884095788002014,0.0,0.2146267294883728,0.14233693480491638
"DM-2385",False,"train",0.0,0.0,0.0,0.0,0.0,0.0,0.19029976427555084,0.7735229730606079,0.0,0.0
"DM-14734",False,"train",0.0,0.0,0.0,0.0,0.0,0.0,0.0,0.09495435655117035,0.0,0.8883609771728516
"DM-7343",False,"train",0.0,0.0,0.09481123089790344,0.0,0.0,0.0,0.8460521101951599,0.0,0.0,0.0
"DM-8648",False,"train",0.12534794211387634,0.15693803131580353,0.0,0.34848546981811523,0.0,0.0,0.08353181183338165,0.0,0.0,0.27935320138931274
"DM-14378",False,"train",0.40665721893310547,0.0,0.0,0.0,0.0,0.0,0.5534033179283142,0.0,0.0,0.0
"DM-5827",False,"train",0.0,0.0,0.0,0.0,0.2615002691745758,0.15721650421619415,0.0,0.5704800486564636,0.0,0.0
"DM-6249",False,"train",0.0,0.0,0.0,0.0,0.3616611361503601,0.0,0.0,0.5590869188308716,0.0,0.0
"DM-18511",False,"train",0.0,0.5615849494934082,0.04161855950951576,0.0,0.0,0.0,0.14487822353839874,0.18807630240917206,0.0,0.047340210527181625
"DM-11250",False,"train",0.0,0.0,0.0,0.5927324295043945,0.0,0.0,0.3872739374637604,0.0,0.0,0.0
"DM-7596",False,"train",0.023844275623559952,0.023844262585043907,0.023845810443162918,0.7853882908821106,0.023847976699471474,0.023847127333283424,0.02384445071220398,0.023846961557865143,0.02384381741285324,0.023847024887800217
"DM-10253",True,"train",0.0,0.0,0.0,0.0,0.0,0.0,0.5007384419441223,0.46963608264923096,0.0,0.0
"DM-417",False,"train",0.36079180240631104,0.0,0.0,0.0,0.0,0.04832444712519646,0.0,0.10319641977548599,0.0,0.4710550606250763
"DM-4642",False,"train",0.010045051574707031,0.010046632960438728,0.010047011077404022,0.010045429691672325,0.01004554983228445,0.010045616887509823,0.01004631444811821,0.9095858335494995,0.01004502922296524,0.010047548450529575
"DM-5130",False,"train",0.0,0.0,0.0,0.0,0.0,0.0,0.0,0.0,0.6203022003173828,0.35852426290512085
"DM-3258",False,"train",0.20780935883522034,0.0,0.0,0.0,0.0,0.0,0.0,0.5318750739097595,0.0,0.23176157474517822
"DM-15694",True,"train",0.0,0.9626294374465942,0.0,0.0,0.0,0.0,0.0,0.0,0.0,0.0
"DM-7107",False,"train",0.0,0.0,0.0,0.0,0.0,0.0,0.5384780764579773,0.4232187271118164,0.0,0.0
"DM-6640",True,"train",0.0,0.0,0.0,0.0,0.19324128329753876,0.30079206824302673,0.0,0.0,0.20787513256072998,0.2818922698497772
"DM-198",False,"train",0.40857648849487305,0.0,0.0,0.0,0.0,0.0,0.19791889190673828,0.0,0.0,0.36171755194664
"DM-18123",False,"train",0.0,0.0,0.0,0.9718396663665771,0.0,0.0,0.0,0.0,0.0,0.0
"DM-8043",False,"train",0.0673353374004364,0.0,0.0,0.1240953728556633,0.0,0.06803125888109207,0.0,0.0,0.0,0.7217887043952942
"DM-12377",False,"train",0.1134013831615448,0.0,0.0,0.21401526033878326,0.11379695683717728,0.0,0.5254785418510437,0.0,0.0,0.0
"DM-1979",True,"train",0.0,0.7134101986885071,0.0,0.0,0.0,0.2198805958032608,0.0,0.0,0.0,0.0
"DM-9282",True,"train",0.0,0.49803709983825684,0.0,0.0,0.0,0.48453208804130554,0.0,0.0,0.0,0.0
"DM-8543",False,"train",0.0,0.0,0.0,0.7108166217803955,0.0,0.0,0.09154931455850601,0.18512271344661713,0.0,0.0
"DM-11882",False,"train",0.0,0.04836271330714226,0.0,0.8756460547447205,0.045467544347047806,0.0,0.0,0.0,0.0,0.0
"DM-3243",False,"train",0.09402206540107727,0.0,0.0,0.0,0.0,0.7829663157463074,0.0,0.09795665740966797,0.0,0.0
"DM-18595",False,"train",0.0,0.14365455508232117,0.0,0.0,0.0,0.7372255325317383,0.0,0.09301681816577911,0.0,0.0
"DM-17331",False,"train",0.16020001471042633,0.4041875898838043,0.0,0.0,0.0,0.0,0.40519416332244873,0.0,0.0,0.0
"DM-5282",False,"train",0.0,0.39266520738601685,0.0,0.0,0.041342541575431824,0.0,0.0,0.31756162643432617,0.0,0.2400233894586563
"DM-5535",False,"train",0.024929022416472435,0.0249314047396183,0.024928906932473183,0.024936728179454803,0.024936849251389503,0.024933144450187683,0.024932509288191795,0.02493627928197384,0.7755929827690125,0.02494216151535511
"DM-12184",True,"train",0.0,0.0,0.0,0.0,0.0,0.0,0.0,0.0,0.05957445502281189,0.93711918592453
"DM-2258",False,"train",0.0,0.0,0.0,0.0,0.0,0.0,0.0,0.0,0.0,0.9727134108543396
"DM-8113",False,"train",0.0,0.8260720372200012,0.0,0.0,0.14722305536270142,0.0,0.0,0.0,0.0,0.0
"DM-612",False,"train",0.9624750018119812,0.0,0.0,0.0,0.0,0.0,0.0,0.0,0.0,0.0
"DM-17652",False,"train",0.0,0.0,0.0,0.2366485744714737,0.0,0.12849456071853638,0.46947115659713745,0.0,0.15289904177188873,0.0
"DM-12173",False,"train",0.08381292968988419,0.0,0.0386342853307724,0.0,0.1416151374578476,0.0,0.6790746450424194,0.0,0.041708867996931076,0.0
"DM-13322",False,"train",0.0,0.0,0.0,0.0,0.0,0.9548510909080505,0.0,0.0,0.0,0.0
"DM-7453",False,"train",0.0,0.0,0.0,0.0,0.0,0.0,0.0,0.6569048762321472,0.0,0.298677533864975
"DM-12440",False,"train",0.0,0.0,0.0,0.0,0.0,0.0,0.0,0.9499694108963013,0.0,0.0
"DM-9002",False,"train",0.0,0.0,0.0,0.0,0.08323028683662415,0.2503335773944855,0.0,0.20918074250221252,0.0,0.44673532247543335
"DM-13337",False,"train",0.7222701907157898,0.0,0.0,0.0,0.050236448645591736,0.1242094412446022,0.0,0.08697261661291122,0.0,0.0
"DM-17044",False,"train",0.0,0.0,0.0,0.2765975594520569,0.0,0.35013434290885925,0.0,0.3587152063846588,0.0,0.0
"DM-14223",False,"train",0.0,0.0,0.0,0.0,0.0,0.0,0.9399560689926147,0.0,0.0,0.0
"DM-2956",False,"train",0.020019395276904106,0.020020755007863045,0.02001732401549816,0.020017018541693687,0.020015183836221695,0.020021576434373856,0.02002338320016861,0.8198269009590149,0.02002033405005932,0.020018093287944794
"DM-14223",False,"train",0.0,0.0,0.0,0.0,0.0,0.0,0.9399560689926147,0.0,0.0,0.0
"DM-16376",False,"train",0.02469073422253132,0.024681169539690018,0.024680927395820618,0.7778617739677429,0.02467925474047661,0.02468111552298069,0.024679146707057953,0.024686815217137337,0.024679724127054214,0.024679318070411682
"DM-14738",False,"train",0.0,0.0,0.06610513478517532,0.8916762471199036,0.0,0.0,0.0,0.0,0.0,0.0
"DM-4504",True,"train",0.01250537671148777,0.012501349672675133,0.012501574121415615,0.5032655000686646,0.012501484714448452,0.012502256780862808,0.012501562014222145,0.39671772718429565,0.012501392513513565,0.01250180322676897
"DM-15913",False,"train",0.0,0.0,0.0,0.0,0.0,0.0,0.7485211491584778,0.0,0.0,0.22793127596378326
"DM-12598",False,"train",0.0,0.16922055184841156,0.0,0.0,0.0,0.0,0.0,0.7886434197425842,0.0,0.0
"DM-16743",False,"train",0.0,0.23515065014362335,0.0,0.0,0.7280703186988831,0.0,0.0,0.0,0.0,0.0
"DM-8097",False,"train",0.2407783716917038,0.0,0.0,0.44277772307395935,0.010557934641838074,0.06699895858764648,0.0,0.0,0.19300411641597748,0.04363607242703438
"DM-10046",False,"train",0.0,0.657854437828064,0.0,0.20261169970035553,0.0,0.11833757162094116,0.0,0.0,0.0,0.0
"DM-7363",False,"train",0.0,0.0,0.0,0.0,0.0,0.9625614285469055,0.0,0.0,0.0,0.0
"DM-2432",False,"train",0.0,0.0,0.0,0.0,0.09352850168943405,0.0,0.0,0.5480743646621704,0.0,0.34088394045829773
"DM-1533",True,"train",0.01425937283784151,0.014261934906244278,0.0142598245292902,0.014260356314480305,0.014260604046285152,0.014261537231504917,0.01426017563790083,0.01426184456795454,0.014268160797655582,0.8716462254524231
"DM-15208",False,"train",0.9399207234382629,0.0,0.0,0.0,0.0,0.0,0.0,0.0,0.0,0.0
"DM-12636",False,"train",0.0,0.42492103576660156,0.0,0.0,0.0,0.0,0.0,0.0,0.0,0.5369316339492798
"DM-7177",True,"train",0.0,0.4006452262401581,0.0,0.0,0.28293341398239136,0.0,0.0,0.0,0.0,0.27528074383735657
"DM-14763",False,"train",0.7838487029075623,0.0,0.0,0.0,0.0,0.0,0.13370060920715332,0.0,0.0,0.06704672425985336
"DM-9162",False,"train",0.0,0.0,0.0,0.8294543027877808,0.0,0.05868625268340111,0.0,0.0,0.0,0.07760296016931534
"DM-8661",False,"train",0.0,0.7594435214996338,0.0,0.0,0.0,0.0,0.16125869750976562,0.0,0.0,0.0
"DM-3091",False,"train",0.4202542006969452,0.0,0.0,0.0,0.0,0.0,0.47348475456237793,0.0,0.08682750165462494,0.0
"DM-16872",True,"train",0.03431349992752075,0.060383789241313934,0.0,0.27612316608428955,0.35791024565696716,0.0,0.0,0.0,0.13883991539478302,0.12845316529273987
"DM-2854",False,"train",0.0,0.0,0.0,0.0,0.4247855842113495,0.0,0.0,0.2850950360298157,0.0,0.2650904357433319
"DM-7504",False,"train",0.0,0.0,0.0,0.0,0.09907785058021545,0.0,0.30037781596183777,0.0,0.0,0.5791930556297302
"DM-11279",False,"train",0.34386229515075684,0.2463967353105545,0.0,0.0,0.36751630902290344,0.0,0.0,0.0,0.0,0.0
"DM-18418",True,"train",0.0,0.809599757194519,0.0,0.117429718375206,0.0,0.0,0.0,0.0,0.0,0.0
"DM-16160",False,"train",0.0,0.6792024970054626,0.0,0.3043997883796692,0.0,0.0,0.0,0.0,0.0,0.0
"DM-10576",False,"train",0.0,0.0,0.805436372756958,0.0,0.04741647094488144,0.12200630456209183,0.0,0.0,0.0,0.0
"DM-3400",False,"train",0.0,0.652673065662384,0.0,0.0,0.0,0.0,0.0,0.0,0.0,0.31878238916397095
"DM-8460",True,"train",0.02000594139099121,0.3105100691318512,0.020005524158477783,0.02001284249126911,0.020006781443953514,0.22234681248664856,0.3270933926105499,0.020006172358989716,0.020007004961371422,0.020005404949188232
"DM-9596",False,"train",0.0,0.0,0.0,0.0,0.0,0.9833231568336487,0.0,0.0,0.0,0.0
"DM-10257",True,"train",0.1469852179288864,0.4531984031200409,0.0,0.0,0.0,0.0,0.0,0.0,0.32850825786590576,0.05366095155477524
"DM-13771",False,"train",0.46674802899360657,0.0,0.0,0.5183939933776855,0.0,0.0,0.0,0.0,0.0,0.0
"DM-8869",False,"train",0.0,0.0,0.0,0.0,0.0,0.0,0.9249571561813354,0.0,0.0,0.0
"DM-6030",True,"train",0.0,0.0,0.0,0.4816220700740814,0.0,0.0,0.0,0.06678318232297897,0.31412214040756226,0.13365653157234192
"DM-4824",False,"train",0.16951242089271545,0.5678443908691406,0.0,0.0,0.0,0.19347095489501953,0.0,0.0,0.0,0.0
"DM-9970",False,"train",0.0,0.0,0.0,0.0,0.0,0.19225093722343445,0.28430241346359253,0.5113652348518372,0.0,0.0
"DM-3452",True,"train",0.012546801939606667,0.012547152116894722,0.012546774931252003,0.012547241523861885,0.012553318403661251,0.012547673657536507,0.012550225481390953,0.8870654702186584,0.012546679005026817,0.012548652477562428
"DM-436",False,"train",0.0,0.10550399124622345,0.0,0.0,0.0,0.5986256003379822,0.0,0.2834191918373108,0.0,0.0
"DM-14225",False,"train",0.10899274051189423,0.060040321201086044,0.0,0.1577000468969345,0.08759930729866028,0.0,0.0,0.0,0.0,0.5783230066299438
"DM-5835",False,"train",0.0,0.1293741911649704,0.0,0.0,0.0,0.0,0.0,0.8232982158660889,0.0,0.0
"DM-313",True,"train",0.0,0.0,0.0,0.0,0.0,0.0,0.0,0.6525406837463379,0.3073900640010834,0.0
"DM-7417",False,"train",0.011117200367152691,0.1371145397424698,0.011115382425487041,0.01111659500747919,0.011116604320704937,0.011115603148937225,0.011116594076156616,0.011119010858237743,0.773952841758728,0.011115643195807934
"DM-12592",True,"train",0.0,0.0,0.0,0.0,0.9264475703239441,0.0,0.0,0.0,0.0,0.0
"DM-1580",False,"train",0.0,0.15740488469600677,0.0,0.0,0.0,0.0,0.0,0.0,0.07627275586128235,0.7446713447570801
"DM-17766",False,"train",0.0,0.0,0.18476606905460358,0.0,0.0,0.0,0.1188342496752739,0.1416330188512802,0.48139113187789917,0.06074550002813339
"DM-15272",False,"train",0.0,0.0,0.20842775702476501,0.5384604930877686,0.22118961811065674,0.0,0.0,0.0,0.0,0.0
"DM-17496",False,"train",0.3158482015132904,0.0,0.0,0.22580933570861816,0.06893998384475708,0.0,0.2410813271999359,0.0,0.0,0.13991983234882355
"DM-14891",False,"train",0.0,0.0,0.0,0.44459378719329834,0.0,0.530500590801239,0.0,0.0,0.0,0.0
"DM-15040",False,"train",0.0,0.0,0.0,0.0,0.0,0.0,0.0,0.0,0.9977331161499023,0.0
"DM-2871",False,"train",0.010002035647630692,0.010003112256526947,0.010002387687563896,0.010003143921494484,0.9099754691123962,0.01000308245420456,0.010003483854234219,0.010002321563661098,0.01000253390520811,0.010002410970628262
"DM-6298",True,"train",0.06479185074567795,0.0,0.0,0.0,0.0,0.0,0.909396231174469,0.0,0.0,0.0
"DM-7417",False,"train",0.011117200367152691,0.1371145397424698,0.011115382425487041,0.01111659500747919,0.011116604320704937,0.011115603148937225,0.011116594076156616,0.011119010858237743,0.773952841758728,0.011115643195807934
"DM-5834",True,"train",0.0,0.0,0.0,0.2666265368461609,0.0,0.0,0.0,0.6972343921661377,0.0,0.0
"DM-15085",False,"train",0.24673841893672943,0.0,0.0,0.0,0.0,0.13869735598564148,0.6057072877883911,0.0,0.0,0.0
"DM-6501",False,"train",0.0,0.0,0.0,0.25789162516593933,0.0,0.0,0.0,0.0,0.41708317399024963,0.303598016500473
"DM-11735",False,"train",0.0,0.0,0.0,0.14266076683998108,0.0,0.0,0.7900305390357971,0.0,0.0,0.0
"DM-6522",False,"train",0.460438996553421,0.011954099871218204,0.011951668187975883,0.011954547837376595,0.44393864274024963,0.011953110806643963,0.011952891014516354,0.011954134330153465,0.01194977667182684,0.01195207517594099
"DM-10902",False,"train",0.0,0.0,0.0,0.21774105727672577,0.0,0.5261673331260681,0.07103781402111053,0.0,0.0,0.1626356542110443
"DM-15048",False,"train",0.0,0.0,0.0,0.2081175148487091,0.0,0.0,0.7257298231124878,0.0,0.0,0.0
"DM-4866",True,"train",0.0,0.0,0.0,0.0,0.0,0.49566900730133057,0.0,0.362559050321579,0.0,0.10850571095943451
"DM-18344",False,"train",0.0,0.0,0.0,0.09734755754470825,0.0,0.25957754254341125,0.0,0.0,0.0,0.6201992630958557
"DM-17658",False,"train",0.0,0.0,0.0,0.0,0.0,0.0,0.9399763345718384,0.0,0.0,0.0
"DM-16431",False,"train",0.07020436972379684,0.0,0.0,0.0,0.0,0.0,0.309909462928772,0.3146199882030487,0.28525570034980774,0.0
"DM-1658",False,"train",0.0,0.0,0.0,0.0,0.0,0.7680517435073853,0.12103129923343658,0.0,0.0,0.10207990556955338
"DM-17447",False,"train",0.0,0.0,0.0,0.9420034289360046,0.0,0.0,0.0,0.0,0.0,0.0
"DM-7744",False,"train",0.0,0.0,0.0,0.0,0.8050371408462524,0.0,0.0,0.0,0.0,0.17492492496967316
"DM-15916",False,"train",0.0,0.0,0.0,0.05729223042726517,0.0,0.0,0.0,0.08018823713064194,0.0,0.8479107618331909
"DM-10902",False,"train",0.0,0.0,0.0,0.21774105727672577,0.0,0.5261673331260681,0.07103781402111053,0.0,0.0,0.1626356542110443
"DM-3888",False,"train",0.0,0.0,0.0,0.0,0.0,0.875778079032898,0.0,0.08213989436626434,0.0,0.0
"DM-18501",False,"train",0.0,0.7464181780815125,0.0,0.22009265422821045,0.0,0.0,0.0,0.0,0.0,0.0
"DM-15177",True,"train",0.0,0.3694130480289459,0.0,0.09467409551143646,0.0,0.0,0.0,0.0826231986284256,0.0,0.4462272524833679
"DM-2322",True,"train",0.0,0.0,0.0,0.0,0.6011273264884949,0.0,0.0,0.0,0.3416823446750641,0.0
"DM-6821",False,"train",0.014633485116064548,0.01463412307202816,0.01463374588638544,0.014633075334131718,0.8682898283004761,0.014635324478149414,0.014633209444582462,0.014633974991738796,0.014639231376349926,0.014633968472480774
"DM-3707",False,"train",0.0,0.0,0.0,0.0,0.04025910794734955,0.33859795331954956,0.21603015065193176,0.10228271037340164,0.0,0.2900298833847046
"DM-4238",False,"train",0.0,0.42996829748153687,0.0,0.0,0.0,0.0,0.0,0.0,0.5165104866027832,0.0
"DM-5681",True,"train",0.0,0.23693405091762543,0.0,0.0,0.0,0.0,0.0,0.0,0.0,0.7381094098091125
"DM-7948",False,"train",0.0,0.9399582147598267,0.0,0.0,0.0,0.0,0.0,0.0,0.0,0.0
"DM-13470",True,"train",0.0,0.0,0.0,0.0,0.3142779469490051,0.0,0.0,0.0,0.0,0.672594428062439
"DM-7827",False,"train",0.0,0.3271884620189667,0.0,0.47767898440361023,0.0,0.0,0.0,0.0,0.1660819798707962,0.0
"DM-9131",True,"train",0.58347487449646,0.0,0.0,0.0,0.17940832674503326,0.0,0.19658911228179932,0.0,0.0,0.0
"DM-9945",False,"train",0.0,0.0,0.14688457548618317,0.0967937707901001,0.0,0.0,0.0,0.1751755177974701,0.0,0.5692715048789978
"DM-5936",False,"train",0.0,0.5036605000495911,0.0,0.0,0.0,0.36536434292793274,0.0,0.11255334317684174,0.0,0.0
"DM-3106",False,"train",0.01119589526206255,0.7879313230514526,0.011194941587746143,0.011195499449968338,0.011195588856935501,0.011197169311344624,0.011199204251170158,0.1224980503320694,0.011195603758096695,0.011196759529411793
"DM-17210",False,"train",0.0,0.27060097455978394,0.0,0.09684529155492783,0.0,0.0,0.0,0.0,0.0,0.6067467927932739
"DM-10532",False,"train",0.0,0.0,0.028002571314573288,0.0,0.0,0.0,0.0,0.06664007157087326,0.08772876113653183,0.8062063455581665
"DM-14636",True,"train",0.0,0.31183508038520813,0.18402521312236786,0.0,0.0,0.11645033210515976,0.3797714114189148,0.0,0.0,0.0
"DM-4934",True,"train",0.0,0.0,0.0,0.7714740633964539,0.15664242208003998,0.0,0.0,0.0,0.0,0.0
"DM-3106",False,"train",0.01119589526206255,0.7879313230514526,0.011194941587746143,0.011195499449968338,0.011195588856935501,0.011197169311344624,0.011199204251170158,0.1224980503320694,0.011195603758096695,0.011196759529411793
"DM-4578",False,"train",0.0,0.0,0.6433653831481934,0.0,0.0,0.33510321378707886,0.0,0.0,0.0,0.0
"DM-13669",False,"train",0.10752995312213898,0.0,0.0,0.29701095819473267,0.25654536485671997,0.0,0.0,0.3256165087223053,0.0,0.0
"DM-6237",False,"train",0.2871150076389313,0.011113700456917286,0.01111376378685236,0.01111409068107605,0.6239747405052185,0.011113989166915417,0.011113710701465607,0.011113707907497883,0.011113558895885944,0.011113787069916725
"DM-17211",False,"train",0.0,0.0,0.0,0.9819902777671814,0.0,0.0,0.0,0.0,0.0,0.0
"DM-9750",False,"train",0.0,0.0,0.0,0.18943220376968384,0.0,0.0,0.5770313739776611,0.20815584063529968,0.0,0.0
"DM-3181",False,"train",0.014033760875463486,0.014034662395715714,0.014033730141818523,0.014034008607268333,0.014035495929419994,0.014033881947398186,0.8736914992332458,0.014034794643521309,0.014033926650881767,0.014034249819815159
"DM-245",True,"train",0.0,0.692850649356842,0.0,0.0,0.0,0.13835544884204865,0.0,0.15171578526496887,0.0,0.0
"DM-15157",False,"train",0.0,0.5511449575424194,0.0,0.0,0.02372806705534458,0.0,0.0,0.0,0.0,0.4092278778553009
"DM-7363",False,"train",0.0,0.0,0.0,0.0,0.0,0.9625614285469055,0.0,0.0,0.0,0.0
"DM-13273",True,"train",0.0,0.0,0.0,0.0,0.0,0.0,0.8816350698471069,0.0,0.10486456751823425,0.0
"DM-1815",False,"train",0.0,0.0,0.0,0.0,0.0,0.8656320571899414,0.0,0.09004737436771393,0.0,0.0
"DM-12008",True,"train",0.0,0.5988892912864685,0.0,0.2564188539981842,0.0,0.11134723573923111,0.0,0.0,0.0,0.0
"DM-1312",True,"train",0.0,0.0,0.8220252990722656,0.0,0.0,0.0,0.0,0.0,0.12576206028461456,0.0
"DM-4582",False,"train",0.0,0.0,0.0,0.506397545337677,0.0,0.0,0.21933409571647644,0.0,0.23745661973953247,0.0
"DM-13724",False,"train",0.01984819583594799,0.5718531608581543,0.01984829641878605,0.01985025964677334,0.01985987462103367,0.2693438231945038,0.01984947919845581,0.019849028438329697,0.019847674295306206,0.019850168377161026
"DM-1598",False,"train",0.0,0.0,0.0,0.0,0.0,0.0,0.0,0.0,0.0,0.9592089653015137
"DM-8978",False,"train",0.36513063311576843,0.0,0.0,0.0,0.0,0.0,0.2578870952129364,0.0,0.36777010560035706,0.0
"DM-17349",False,"train",0.0,0.0,0.0,0.0,0.0,0.0,0.0,0.0,0.05995011702179909,0.9080181121826172
"DM-11395",False,"train",0.0,0.9639765024185181,0.0,0.0,0.0,0.0,0.0,0.0,0.0,0.0
"DM-6378",False,"train",0.0,0.0,0.0,0.2753946781158447,0.0,0.0,0.0,0.0,0.438956081867218,0.2551760971546173
"DM-8160",False,"train",0.0,0.0,0.1469697505235672,0.22058449685573578,0.0,0.23055103421211243,0.0,0.3769717514514923,0.0,0.0
"DM-10237",False,"train",0.0,0.29071956872940063,0.0,0.0,0.0,0.0,0.0,0.0,0.0,0.6561822891235352
"DM-8451",True,"train",0.02003619447350502,0.8196672797203064,0.020035628229379654,0.0200357586145401,0.020037351176142693,0.02003536745905876,0.020045973360538483,0.020035283640027046,0.02003544010221958,0.02003573253750801
"DM-2871",False,"train",0.010002035647630692,0.010003112256526947,0.010002387687563896,0.010003143921494484,0.9099754691123962,0.01000308245420456,0.010003483854234219,0.010002321563661098,0.01000253390520811,0.010002410970628262
"DM-17030",False,"train",0.0,0.10554233193397522,0.0,0.0,0.5770171880722046,0.10017473995685577,0.09445316344499588,0.0,0.0,0.11788302659988403
"DM-1330",False,"train",0.02000790275633335,0.02001911960542202,0.020008502528071404,0.02001434750854969,0.020009929314255714,0.402670681476593,0.020010745152831078,0.43724021315574646,0.020008547231554985,0.020009996369481087
"DM-15183",False,"train",0.0,0.0,0.0,0.0,0.5891421437263489,0.0,0.34441617131233215,0.0,0.0,0.0
"DM-1015",True,"train",0.0,0.9624199867248535,0.0,0.0,0.0,0.0,0.0,0.0,0.0,0.0
"DM-5250",False,"train",0.011119658127427101,0.011120229959487915,0.011121189221739769,0.2299344688653946,0.6811052560806274,0.011119204573333263,0.011119225062429905,0.011120217852294445,0.011118749156594276,0.011121769435703754
"DM-228",True,"train",0.0,0.21548596024513245,0.0,0.0,0.0,0.0,0.7424553036689758,0.0,0.0,0.0
"DM-7007",False,"train",0.0,0.0,0.0,0.0,0.11519347876310349,0.0,0.42111140489578247,0.4098718464374542,0.0,0.0
"DM-16224",False,"train",0.0,0.0,0.0,0.0,0.0,0.0,0.9146649837493896,0.0,0.0,0.07792071998119354
"DM-12852",False,"train",0.03321051225066185,0.701106071472168,0.03320379555225372,0.03320412337779999,0.033232077956199646,0.03320636600255966,0.033204637467861176,0.033215418457984924,0.033205702900886536,0.03321131691336632
"DM-5348",True,"train",0.0,0.0,0.0,0.0,0.19877663254737854,0.0,0.0,0.0,0.0,0.791377067565918
"DM-12689",False,"train",0.02490004524588585,0.024900158867239952,0.024903124198317528,0.7758808135986328,0.024915015324950218,0.02490021474659443,0.024900097399950027,0.024900004267692566,0.02490018680691719,0.024900341406464577
"DM-1314",False,"train",0.0,0.0,0.0,0.0,0.0,0.0,0.9606817960739136,0.0,0.020699776709079742,0.0
"DM-16407",False,"train",0.233189657330513,0.0,0.0,0.0,0.0,0.24523867666721344,0.0,0.0,0.0,0.508439838886261
"DM-13685",False,"train",0.0,0.0,0.0,0.17391224205493927,0.0,0.0,0.0,0.0,0.0,0.8011131286621094
"DM-7446",False,"train",0.0,0.0,0.26982948184013367,0.4951907992362976,0.0,0.0,0.0,0.0,0.0,0.22488455474376678
"DM-7740",False,"train",0.0,0.7891758680343628,0.0,0.0,0.0,0.14810243248939514,0.0,0.0,0.0,0.0
"DM-15835",False,"train",0.0,0.0,0.0,0.2410263866186142,0.4860318899154663,0.2085082083940506,0.0,0.0,0.0,0.0
"DM-8091",False,"train",0.0,0.0,0.0,0.0,0.0,0.831502377986908,0.15148743987083435,0.0,0.0,0.0
"DM-1322",False,"train",0.0,0.0,0.0,0.0,0.1194223165512085,0.0,0.0,0.694260835647583,0.15137676894664764,0.0
"DM-12432",False,"train",0.0,0.4034859836101532,0.0,0.0,0.09396515041589737,0.0,0.0,0.4790664613246918,0.0,0.0
"DM-11139",True,"train",0.04276176542043686,0.7540845274925232,0.0,0.0,0.0,0.0,0.0,0.0,0.0,0.17717993259429932
"DM-15373",False,"train",0.025002501904964447,0.025003140792250633,0.7749576568603516,0.025002602487802505,0.025002747774124146,0.02500920742750168,0.025009386241436005,0.02500278130173683,0.025005435571074486,0.025004545226693153
"DM-15914",True,"train",0.0,0.0,0.0,0.0,0.0,0.0,0.0,0.0,0.0,0.9180012941360474
"DM-1314",False,"train",0.0,0.0,0.0,0.0,0.0,0.0,0.9606817960739136,0.0,0.020699776709079742,0.0
"DM-16518",True,"train",0.0,0.23825445771217346,0.0,0.1742851883172989,0.0,0.0,0.0,0.0,0.02915845811367035,0.544900119304657
"DM-7582",True,"train",0.0,0.2277887463569641,0.0,0.7389627695083618,0.0,0.0,0.0,0.0,0.0,0.0
"DM-7182",True,"train",0.0,0.0,0.0,0.0,0.0880846232175827,0.12234684079885483,0.0,0.0,0.0,0.7635940313339233
"DM-12389",True,"train",0.0,0.0,0.0,0.0,0.8434245586395264,0.0,0.0,0.0,0.0,0.12896254658699036
"DM-9100",False,"train",0.0,0.0,0.0,0.0,0.0,0.0,0.9653317332267761,0.0,0.0,0.0
"DM-12184",True,"train",0.0,0.0,0.0,0.0,0.0,0.0,0.0,0.0,0.05957445502281189,0.93711918592453
"DM-10946",False,"train",0.0,0.47058141231536865,0.0,0.07656167447566986,0.030569730326533318,0.0,0.0,0.0,0.0,0.4066835045814514
"DM-10482",False,"train",0.9653619527816772,0.0,0.0,0.0,0.0,0.0,0.0,0.0,0.0,0.0
"DM-1285",False,"train",0.0,0.0,0.7096201181411743,0.0,0.0,0.0,0.0,0.2503395080566406,0.0,0.0
"DM-18864",False,"train",0.7399603724479675,0.2218811810016632,0.0,0.0,0.0,0.0,0.0,0.0,0.0,0.0
"DM-3688",False,"train",0.0,0.0,0.0,0.9812242388725281,0.0,0.0,0.0,0.0,0.0,0.0
"DM-12529",False,"train",0.05693843960762024,0.0,0.0,0.0,0.0,0.0,0.5495793223381042,0.0,0.0,0.367681086063385
"DM-5551",False,"train",0.020019536837935448,0.02002418413758278,0.02001945488154888,0.020023921504616737,0.020026393234729767,0.0200219564139843,0.02002212591469288,0.020023779943585396,0.8197917342185974,0.020026899874210358
"DM-10265",False,"train",0.11607036739587784,0.0,0.0,0.0,0.0,0.0,0.12194804847240448,0.0,0.0,0.7233193516731262
"DM-903",False,"train",0.0,0.9742535948753357,0.0,0.0,0.0,0.0,0.0,0.0,0.0,0.0
"DM-14289",True,"train",0.0,0.0,0.0,0.9359875917434692,0.0,0.04766210541129112,0.0,0.0,0.0,0.0
"DM-14292",True,"train",0.02493285946547985,0.02494494989514351,0.024933073669672012,0.02493337355554104,0.024933328852057457,0.02493872493505478,0.024935292080044746,0.7755774855613708,0.024935685098171234,0.024935293942689896
"DM-3772",False,"train",0.0,0.0,0.0,0.0,0.0,0.8822083473205566,0.08915815502405167,0.0,0.0,0.0
"DM-15742",False,"train",0.0,0.0,0.0,0.0,0.14489339292049408,0.0,0.5262841582298279,0.3055749535560608,0.0,0.0
"DM-3126",False,"train",0.0,0.5235638618469238,0.0,0.0,0.0,0.19153566658496857,0.2706190347671509,0.0,0.0,0.0
"DM-1815",False,"train",0.0,0.0,0.0,0.0,0.0,0.8656320571899414,0.0,0.09004737436771393,0.0,0.0
"DM-11528",False,"train",0.0,0.4800063669681549,0.0,0.0,0.0,0.0,0.2027677744626999,0.27884069085121155,0.0,0.0
"DM-5462",True,"train",0.0,0.0,0.0,0.0,0.0,0.0,0.32982081174850464,0.0,0.0,0.6528182029724121
"DM-8387",False,"train",0.0,0.0,0.0,0.0,0.0,0.31654539704322815,0.0,0.626290500164032,0.0,0.0
"DM-7442",False,"train",0.0,0.0,0.0,0.22023411095142365,0.0,0.31578528881073,0.4319193363189697,0.0,0.0,0.0
"DM-10000",True,"train",0.3594483435153961,0.0,0.1456776112318039,0.0,0.0,0.0,0.0,0.0,0.0,0.4681142270565033
"DM-28",False,"train",0.0,0.14368470013141632,0.0,0.3556734025478363,0.0,0.0,0.45435968041419983,0.0,0.0,0.0
"DM-10871",False,"train",0.09725022315979004,0.5981523394584656,0.0,0.0,0.0,0.0,0.0,0.0,0.0,0.2611508071422577
"DM-2675",False,"train",0.04187432676553726,0.04187857359647751,0.04187484458088875,0.041873954236507416,0.6231181621551514,0.041874464601278305,0.041876137256622314,0.041875846683979034,0.04187401756644249,0.04187966510653496
"DM-5767",False,"train",0.0,0.0,0.1103087067604065,0.229800745844841,0.0,0.0,0.0,0.0,0.0,0.644056499004364
"DM-4157",True,"train",0.0,0.0,0.0,0.0,0.0,0.0,0.0,0.0,0.0,0.9819378852844238
"DM-7892",False,"train",0.0,0.0,0.0,0.0,0.0,0.0,0.0,0.0,0.0,0.976913571357727
"DM-13621",True,"train",0.012391144409775734,0.012391195632517338,0.27453944087028503,0.012392915785312653,0.2778256833553314,0.012391850352287292,0.36089321970939636,0.012391649186611176,0.012391142547130585,0.012391733936965466
"DM-10297",False,"train",0.0,0.10077796876430511,0.0,0.24672864377498627,0.0,0.0,0.0,0.37052610516548157,0.0,0.2645878493785858
"DM-14718",False,"train",0.0,0.41788041591644287,0.0,0.0,0.5117250084877014,0.0,0.0,0.0,0.04352128133177757,0.0
"DM-3110",False,"train",0.0,0.22191624343395233,0.0,0.0,0.0,0.0,0.751326322555542,0.0,0.0,0.0
"DM-18129",False,"train",0.0,0.46845173835754395,0.0,0.0,0.0,0.5053307414054871,0.0,0.0,0.0,0.0
"DM-12697",False,"train",0.0,0.0,0.2054424285888672,0.19595468044281006,0.2824400067329407,0.29619818925857544,0.0,0.0,0.0,0.0
"DM-2390",False,"train",0.0,0.6048361659049988,0.0,0.0,0.0,0.0,0.0,0.0,0.3550955653190613,0.0
"DM-8694",False,"train",0.0,0.07287254929542542,0.0,0.4638095796108246,0.0,0.0,0.0,0.0,0.0,0.44970062375068665
"DM-1253",False,"train",0.024780916050076485,0.02478119544684887,0.024781985208392143,0.776943027973175,0.02478332445025444,0.024784108623862267,0.024799516424536705,0.024782488122582436,0.02478018030524254,0.024783311411738396
"DM-15008",True,"train",0.0,0.9168078899383545,0.0,0.0,0.0,0.0,0.0,0.0,0.06884275376796722,0.0
"DM-11095",False,"train",0.0,0.0,0.0,0.0,0.0,0.18207551538944244,0.0,0.5562543272972107,0.0,0.2375483512878418
"DM-17465",False,"train",0.0,0.08607536554336548,0.5127463936805725,0.0,0.0,0.0,0.3926663100719452,0.0,0.0,0.0
"DM-3253",False,"train",0.0,0.0,0.0,0.0,0.0,0.0,0.3484721779823303,0.17807930707931519,0.43408849835395813,0.0
"DM-11155",True,"train",0.0,0.031294625252485275,0.0,0.3095441162586212,0.33593815565109253,0.2338944524526596,0.0,0.08126430213451385,0.0,0.0
"DM-7801",True,"train",0.08584798872470856,0.0,0.0,0.0,0.0,0.0,0.8909384608268738,0.0,0.0,0.0
"DM-14468",False,"train",0.0,0.0,0.0,0.5104480385780334,0.4628247320652008,0.0,0.0,0.0,0.0,0.0
"DM-706",False,"train",0.0,0.8672109246253967,0.0,0.0,0.0,0.0,0.11499515920877457,0.0,0.0,0.0
"DM-1733",False,"train",0.01973872259259224,0.01973867416381836,0.019738566130399704,0.01973901316523552,0.01974259689450264,0.019738832488656044,0.8223445415496826,0.019740521907806396,0.01973886974155903,0.019739605486392975
"DM-9940",False,"train",0.0,0.0,0.0,0.0,0.0,0.2757495045661926,0.16466489434242249,0.5304742455482483,0.0,0.0
"DM-7128",False,"train",0.014366968534886837,0.014367486350238323,0.014386115595698357,0.01436693873256445,0.8706657886505127,0.014375708997249603,0.014367339201271534,0.01436768937855959,0.014368923380970955,0.01436701137572527
"DM-14913",False,"train",0.0,0.0,0.0,0.0,0.0,0.0,0.9404181241989136,0.0,0.0,0.0
"DM-4999",False,"train",0.0,0.0,0.0,0.44013863801956177,0.1797606199979782,0.0,0.34113356471061707,0.0,0.0,0.0
"DM-8157",True,"train",0.0,0.09130631387233734,0.0,0.6530168652534485,0.0,0.0,0.0,0.0,0.22643165290355682,0.0
"DM-1996",False,"train",0.0,0.19800591468811035,0.0,0.18241813778877258,0.0,0.0,0.0,0.0,0.0,0.5795619487762451
"DM-13420",False,"train",0.10866679251194,0.0,0.0,0.11447563767433167,0.02196653187274933,0.08548471331596375,0.06727047264575958,0.0,0.2106577455997467,0.38899216055870056
"DM-10329",False,"train",0.0,0.1857665330171585,0.0,0.0,0.7833514213562012,0.0,0.0,0.0,0.0,0.0
"DM-5879",False,"train",0.07383909821510315,0.0,0.0,0.0,0.13765037059783936,0.0,0.749643862247467,0.0,0.0,0.0
"DM-11251",False,"train",0.4976085126399994,0.0,0.0,0.4410642385482788,0.0,0.0,0.0,0.0,0.0,0.0
"DM-9169",False,"train",0.0,0.0,0.0,0.9248676896095276,0.0,0.0,0.0,0.0,0.0,0.0
"DM-12533",False,"train",0.0,0.0,0.0,0.0,0.6039621233940125,0.0,0.0,0.0,0.34889739751815796,0.0
"DM-9392",False,"train",0.01661139354109764,0.26470693945884705,0.01661089062690735,0.01661122776567936,0.016611551865935326,0.01661146990954876,0.6024019122123718,0.01661224104464054,0.016610927879810333,0.01661149598658085
"DM-15225",True,"train",0.0,0.9117797613143921,0.0,0.0,0.0,0.0,0.0,0.0,0.06018288433551788,0.0
"DM-11279",False,"train",0.34386229515075684,0.2463967353105545,0.0,0.0,0.36751630902290344,0.0,0.0,0.0,0.0,0.0
"DM-17828",False,"train",0.0,0.0,0.2699282765388489,0.4049772620201111,0.0,0.0,0.0,0.21163898706436157,0.0,0.10231322050094604
"DM-11741",False,"train",0.0,0.0,0.0,0.0,0.0,0.0,0.0,0.0,0.0,0.9653344750404358
"DM-781",False,"train",0.0,0.17575590312480927,0.0,0.0,0.0,0.0,0.0,0.0,0.06666634976863861,0.7193500995635986
"DM-461",True,"train",0.0,0.31539323925971985,0.0,0.5513043999671936,0.0,0.0,0.0,0.0,0.0,0.11890309303998947
"DM-12552",False,"train",0.0,0.0,0.0,0.9501596689224243,0.0,0.0,0.0,0.0,0.0,0.0
"DM-7115",False,"train",0.653775155544281,0.0,0.12781764566898346,0.07562994956970215,0.0,0.0,0.13285374641418457,0.0,0.0,0.0
"DM-4639",False,"train",0.2673768401145935,0.45297935605049133,0.0,0.0,0.0,0.0,0.0,0.0,0.07518013566732407,0.19754132628440857
"DM-13809",False,"train",0.2270498424768448,0.5532837510108948,0.0,0.0,0.0,0.0,0.0,0.0,0.0,0.1846889853477478
"DM-11237",False,"train",0.0,0.9317805171012878,0.0,0.0,0.0,0.0609145388007164,0.0,0.0,0.0,0.0
"DM-14635",False,"train",0.0,0.2153954654932022,0.0,0.0,0.0,0.0,0.21607168018817902,0.0,0.0,0.5501708388328552
"DM-7949",False,"train",0.0,0.0,0.027931930497288704,0.0,0.277467280626297,0.0,0.1110740453004837,0.0,0.0,0.5741556882858276
"DM-202",True,"train",0.0,0.294999361038208,0.0,0.0,0.0,0.28623640537261963,0.31840628385543823,0.0,0.0,0.0822170078754425
"DM-13710",False,"train",0.010983937419950962,0.010983413085341454,0.3386705219745636,0.010982576757669449,0.01098341029137373,0.0109819071367383,0.5734623074531555,0.010985604487359524,0.010984045453369617,0.010982252657413483
"DM-6928",False,"train",0.0,0.34585273265838623,0.2154930979013443,0.0,0.0,0.0,0.0,0.39987483620643616,0.0,0.0
"DM-17874",False,"train",0.010044376365840435,0.5412931442260742,0.010046320036053658,0.01004437543451786,0.010047228075563908,0.010046863928437233,0.010043704882264137,0.010045342147350311,0.1315333992242813,0.2568552494049072
"DM-14135",True,"train",0.0,0.0,0.0,0.0,0.0,0.0,0.0,0.2630866765975952,0.6643350124359131,0.0
"DM-4204",True,"train",0.0,0.0,0.0,0.0,0.0,0.0,0.7739170789718628,0.0,0.2139388471841812,0.0
"DM-13458",True,"train",0.016673248261213303,0.26596933603286743,0.016678711399435997,0.01667296327650547,0.016673222184181213,0.016674164682626724,0.36319807171821594,0.25411084294319153,0.016675258055329323,0.01667414978146553
"DM-8454",False,"train",0.02000693790614605,0.2945287525653839,0.020006833598017693,0.020006587728857994,0.02000763639807701,0.020006608217954636,0.5454154014587402,0.02000652626156807,0.02000713348388672,0.02000758796930313
"DM-8554",False,"train",0.0,0.20706257224082947,0.0,0.0,0.0,0.0,0.7397996783256531,0.0,0.0,0.0
"DM-5122",False,"train",0.0,0.0,0.0,0.0,0.0,0.16009829938411713,0.40516045689582825,0.17974568903446198,0.2502096891403198,0.0
"DM-14533",False,"train",0.10080112516880035,0.0,0.0,0.0,0.0,0.0,0.8579791784286499,0.0,0.0,0.0
"DM-16426",False,"train",0.10139962285757065,0.0,0.0,0.0,0.0,0.3753747045993805,0.31552430987358093,0.17769111692905426,0.0,0.0
"DM-1812",False,"train",0.0,0.0,0.0,0.0,0.0,0.9589864611625671,0.0,0.0,0.0,0.0
"DM-15090",False,"train",0.0,0.4626140296459198,0.0,0.0,0.0,0.33656448125839233,0.0,0.0,0.18022547662258148,0.0
"DM-15534",True,"train",0.0,0.5590647459030151,0.0,0.0,0.0,0.0,0.40595099329948425,0.0,0.0,0.0
"DM-8210",False,"train",0.0,0.0,0.0,0.0,0.0,0.0,0.3231489658355713,0.25712716579437256,0.0,0.39178308844566345
"DM-1310",False,"train",0.0,0.16036707162857056,0.7890317440032959,0.0,0.0,0.0,0.0,0.0,0.0,0.0
"DM-18488",False,"train",0.0,0.7311670780181885,0.0,0.0,0.1013973280787468,0.0,0.0,0.0,0.11398929357528687,0.0
"DM-17969",False,"train",0.0,0.0,0.0,0.0,0.0,0.0,0.978030800819397,0.0,0.0,0.0
"DM-16784",False,"train",0.14902101457118988,0.0,0.0,0.0,0.20922349393367767,0.0,0.0,0.34172841906547546,0.0,0.2685180604457855
"DM-17528",False,"train",0.0,0.069270558655262,0.0,0.25882869958877563,0.0,0.0,0.0,0.392648845911026,0.0,0.27091845870018005
"DM-11960",False,"train",0.3776510953903198,0.0,0.0,0.0,0.0,0.13646091520786285,0.0,0.0,0.0,0.4525768756866455
"DM-10764",False,"train",0.18018236756324768,0.3007242977619171,0.04819948971271515,0.0,0.0,0.0,0.0,0.32311466336250305,0.0,0.13598057627677917
"DM-11785",True,"train",0.7942360639572144,0.0,0.0,0.0,0.0,0.0,0.0,0.15240277349948883,0.0,0.0
"DM-15854",False,"train",0.020057709887623787,0.020058434456586838,0.22907251119613647,0.02005760557949543,0.3840732276439667,0.020058119669556618,0.020058346912264824,0.02005813643336296,0.020059019327163696,0.24644683301448822
"DM-18484",False,"train",0.0,0.0,0.0,0.0,0.0,0.0,0.23001892864704132,0.613113522529602,0.0,0.13690118491649628
"DM-17219",False,"train",0.0,0.0,0.0,0.0,0.0,0.0,0.0,0.35292351245880127,0.6183189153671265,0.0
"DM-18031",False,"train",0.0,0.30270007252693176,0.0,0.07576585561037064,0.0,0.6132879853248596,0.0,0.0,0.0,0.0
"DM-1052",False,"train",0.014287738129496574,0.3299817740917206,0.014288729056715965,0.014287860132753849,0.29115837812423706,0.27883970737457275,0.01428979728370905,0.014288684353232384,0.01428833045065403,0.014289014972746372
"DM-5940",False,"train",0.0,0.5549736618995667,0.0,0.0,0.12301866710186005,0.2967762351036072,0.0,0.0,0.0,0.0
"DM-11524",False,"train",0.0,0.0,0.0,0.0,0.0,0.0,0.0,0.4402283728122711,0.0,0.5423890352249146
"DM-19075",False,"train",0.32337120175361633,0.0,0.0,0.0,0.0,0.6522874236106873,0.0,0.0,0.0,0.0
"DM-2778",True,"train",0.0,0.15811486542224884,0.0,0.0,0.0,0.11111786961555481,0.0,0.36533066630363464,0.0,0.35528481006622314
"DM-9652",False,"train",0.0,0.0,0.0,0.7312641143798828,0.0,0.0,0.0,0.0,0.0,0.23554004728794098
"DM-4202",True,"train",0.5614364147186279,0.2269064337015152,0.0,0.0,0.0,0.0,0.0,0.0,0.11962377279996872,0.080207958817482
"DM-11021",False,"train",0.0,0.0,0.0,0.0,0.09944221377372742,0.0,0.4327172040939331,0.0,0.0,0.45918092131614685
"DM-7811",False,"train",0.01243547908961773,0.01243713777512312,0.012436836957931519,0.8880658149719238,0.012441656552255154,0.012438207864761353,0.012436795979738235,0.01243635080754757,0.012435761280357838,0.012435954995453358
"DM-203",True,"train",0.0,0.22135956585407257,0.0,0.0,0.0,0.0,0.5147770643234253,0.0,0.0,0.2334495484828949
"DM-2841",False,"train",0.0,0.0,0.0,0.0,0.3880952000617981,0.0,0.5621106624603271,0.0,0.0,0.0
"DM-7557",False,"train",0.0,0.0,0.0,0.0,0.4730148911476135,0.0,0.0,0.4888758957386017,0.0,0.0
"DM-18196",False,"train",0.0,0.0,0.0,0.6202757358551025,0.0,0.06755239516496658,0.14223387837409973,0.0,0.0,0.1451815515756607
"DM-1601",False,"train",0.0,0.3654175102710724,0.0,0.034403637051582336,0.0,0.0,0.5150554180145264,0.034701619297266006,0.0,0.04282838851213455
"DM-516",False,"train",0.0,0.0,0.0,0.0,0.0,0.0,0.0,0.0,0.0,0.9951269030570984
"DM-1693",True,"train",0.0,0.0,0.8338859677314758,0.0,0.0,0.0,0.14183679223060608,0.0,0.0,0.0
"DM-9188",False,"train",0.0,0.0,0.0,0.0,0.0,0.16222529113292694,0.81422358751297,0.0,0.0,0.0
"DM-14393",False,"train",0.0,0.0,0.20173628628253937,0.0,0.0,0.0,0.0,0.0,0.0,0.7939659357070923
"DM-11250",False,"train",0.0,0.0,0.0,0.5927324295043945,0.0,0.0,0.3872739374637604,0.0,0.0,0.0
"DM-16160",False,"train",0.0,0.6792024970054626,0.0,0.3043997883796692,0.0,0.0,0.0,0.0,0.0,0.0
"DM-6542",False,"train",0.0,0.0,0.0,0.3144803047180176,0.6491085886955261,0.0,0.0,0.0,0.0,0.0
"DM-7422",False,"train",0.0,0.0,0.0,0.0,0.0,0.0,0.0,0.11051015555858612,0.0,0.8514621257781982
"DM-12204",False,"train",0.0,0.0,0.0,0.0,0.0,0.0,0.49454623460769653,0.43826824426651,0.045965902507305145,0.0
"DM-2804",False,"train",0.0,0.0,0.0,0.0,0.0,0.0,0.7368206977844238,0.0,0.2210528701543808,0.0
"DM-2606",False,"train",0.6810758709907532,0.0,0.0,0.0,0.0,0.0,0.0,0.2237018197774887,0.0,0.06823045760393143
"DM-13286",False,"train",0.0,0.0,0.0,0.6468968987464905,0.0,0.0,0.0,0.0,0.3244211971759796,0.0
"DM-14018",True,"train",0.0,0.0,0.0,0.9823935031890869,0.0,0.0,0.0,0.0,0.0,0.0
"DM-17999",False,"train",0.0,0.0,0.0,0.0,0.0,0.0,0.0,0.0,0.0,0.9589272141456604
"DM-16340",False,"train",0.03362007439136505,0.03362007439136505,0.03362007439136505,0.03362007439136505,0.6974193453788757,0.03362007439136505,0.03362007439136505,0.03362007439136505,0.03362007066607475,0.03362007066607475
"DM-1348",True,"train",0.0,0.9639572501182556,0.0,0.0,0.0,0.0,0.0,0.0,0.0,0.0
"DM-12950",True,"train",0.0,0.8881973028182983,0.0,0.0,0.0673375055193901,0.0,0.0,0.0,0.0,0.0
"DM-1297",False,"train",0.0,0.9551276564598083,0.0,0.0,0.0,0.0,0.0,0.0,0.0,0.0
"DM-11094",False,"train",0.0,0.0,0.0,0.23839648067951202,0.0,0.0,0.0,0.7455832958221436,0.0,0.0
"DM-597",False,"train",0.0,0.949950098991394,0.0,0.0,0.0,0.0,0.0,0.0,0.0,0.0
"DM-14763",False,"train",0.7838487029075623,0.0,0.0,0.0,0.0,0.0,0.13370060920715332,0.0,0.0,0.06704672425985336
"DM-5820",False,"train",0.3044770658016205,0.22838248312473297,0.0,0.38563022017478943,0.0,0.0,0.06441715359687805,0.0,0.0,0.0
"DM-664",False,"train",0.0,0.0,0.0,0.3688471019268036,0.0,0.0,0.627812922000885,0.0,0.0,0.0
"DM-17932",False,"train",0.38186028599739075,0.0,0.0,0.0,0.2092590630054474,0.23423098027706146,0.0,0.0,0.15329380333423615,0.0
"DM-6968",False,"train",0.0,0.0,0.0,0.0,0.0,0.4485352039337158,0.05441037192940712,0.19085586071014404,0.09406143426895142,0.20660407841205597
"DM-17397",False,"train",0.0,0.0,0.21665902435779572,0.0,0.0,0.18095709383487701,0.0,0.0,0.0,0.5782003998756409
"DM-8196",False,"train",0.08714693039655685,0.0,0.0,0.0,0.0,0.0,0.8686433434486389,0.0,0.0,0.0
"DM-5470",False,"train",0.0,0.0,0.0,0.0,0.0,0.0,0.3832321763038635,0.0,0.0,0.5819872617721558
"DM-4569",False,"train",0.0,0.0,0.0,0.4204188883304596,0.0,0.0,0.0,0.0,0.0,0.5510267615318298
"DM-6118",True,"train",0.2291644811630249,0.4942333400249481,0.0,0.24092411994934082,0.0,0.0,0.0,0.0,0.0,0.0
"DM-11887",False,"train",0.0,0.0,0.0,0.0,0.9689376950263977,0.0,0.0,0.0,0.0,0.0
"DM-964",False,"train",0.0,0.0,0.0,0.0,0.29615169763565063,0.0,0.0,0.0,0.0,0.631536066532135
"DM-7055",False,"train",0.0,0.0,0.0,0.45005708932876587,0.0,0.5095286965370178,0.0,0.0,0.0,0.0
"DM-18019",False,"train",0.6505524516105652,0.0,0.0,0.0,0.0,0.0,0.0,0.0,0.0,0.28214460611343384
"DM-4483",False,"train",0.016670694574713707,0.016678130254149437,0.016670046374201775,0.016670312732458115,0.016669828444719315,0.01667068339884281,0.016670076176524162,0.8499580025672913,0.016671197488904,0.016671041026711464
"DM-8869",False,"train",0.0,0.0,0.0,0.0,0.0,0.0,0.9249571561813354,0.0,0.0,0.0
"DM-15137",False,"train",0.0,0.0,0.9895104765892029,0.0,0.0,0.0,0.0,0.0,0.0,0.0
"DM-9604",False,"train",0.0,0.0,0.0,0.0,0.0,0.0,0.0,0.9653673768043518,0.0,0.0
"DM-9851",False,"train",0.0,0.0,0.0,0.0,0.0,0.0,0.3184753656387329,0.0,0.6518488526344299,0.0
"DM-9731",False,"train",0.0199232529848814,0.019923904910683632,0.019923122599720955,0.01992318592965603,0.019923904910683632,0.019923312589526176,0.8206903338432312,0.019922863692045212,0.01992294006049633,0.019923141226172447
"DM-17977",False,"train",0.0,0.0,0.0,0.0,0.0,0.0,0.45872318744659424,0.0,0.11386340111494064,0.4138181507587433
"DM-3549",False,"train",0.0,0.0,0.6986384391784668,0.0,0.29008030891418457,0.0,0.0,0.0,0.0,0.0
"DM-14117",False,"train",0.0,0.7775284051895142,0.0,0.0,0.0,0.0,0.0,0.20576781034469604,0.0,0.0
"DM-5642",False,"train",0.0,0.0,0.0,0.0,0.0,0.0,0.23368516564369202,0.6531999111175537,0.0,0.09379272907972336
"DM-6491",False,"train",0.0,0.0,0.0,0.11262807250022888,0.017690077424049377,0.08269120752811432,0.0,0.38822972774505615,0.0,0.3951778709888458
"DM-11378",False,"train",0.0,0.18859831988811493,0.0,0.0,0.5310747027397156,0.0,0.2609284520149231,0.0,0.0,0.0
"DM-1424",False,"train",0.0,0.0,0.0,0.0,0.0,0.0,0.0,0.0,0.7681612372398376,0.2154911607503891
"DM-5466",False,"train",0.0,0.0,0.0,0.0,0.0,0.5115357041358948,0.37118181586265564,0.0,0.10380899906158447,0.0
"DM-10435",False,"train",0.0,0.7182589769363403,0.0,0.0,0.0,0.0,0.0,0.0,0.058107294142246246,0.17967215180397034
"DM-6063",False,"train",0.0,0.0,0.0,0.0,0.0,0.21903939545154572,0.0,0.6196144819259644,0.1347198188304901,0.0
"DM-5424",False,"train",0.08061680942773819,0.0,0.0,0.0,0.0,0.5771470069885254,0.31463441252708435,0.0,0.0,0.0
"DM-2477",False,"train",0.0,0.0,0.2587485611438751,0.38561713695526123,0.0,0.07323697954416275,0.0,0.26774320006370544,0.0,0.0
"DM-13781",True,"train",0.0,0.0,0.13865157961845398,0.0,0.25976434350013733,0.0,0.1816096156835556,0.19002880156040192,0.0,0.2199559360742569
"DM-11974",False,"train",0.0,0.0,0.061775293201208115,0.0,0.0,0.9059892892837524,0.0,0.0,0.0,0.0
"DM-1010",False,"train",0.0,0.0,0.0,0.0,0.0,0.0,0.9356679916381836,0.0,0.0,0.0
"DM-4821",False,"train",0.0,0.0,0.0,0.1487736850976944,0.0,0.0,0.0,0.6759691834449768,0.0,0.16555270552635193
"DM-17605",True,"train",0.0,0.0,0.0,0.11158445477485657,0.0,0.0,0.033237505704164505,0.0,0.0,0.8414598107337952
"DM-16831",False,"train",0.02233160100877285,0.0,0.0,0.0,0.0,0.0,0.011274784803390503,0.0,0.960557758808136,0.0
"DM-516",False,"train",0.0,0.0,0.0,0.0,0.0,0.0,0.0,0.0,0.0,0.9951269030570984
"DM-4641",True,"train",0.35733890533447266,0.016689717769622803,0.016689103096723557,0.19729645550251007,0.016689976677298546,0.016689246520400047,0.01669052615761757,0.328540176153183,0.016686083748936653,0.016689786687493324
"DM-13790",True,"train",0.3983938992023468,0.5356851816177368,0.047557782381772995,0.0,0.0,0.0,0.0,0.0,0.0,0.0
"DM-16062",False,"train",0.0248563215136528,0.3915994167327881,0.024860255420207977,0.024862760677933693,0.024868180975317955,0.024858273565769196,0.024859029799699783,0.024856451898813248,0.02485828846693039,0.40952104330062866
"DM-5283",False,"train",0.0,0.0,0.0,0.0,0.0,0.0,0.0,0.17246033251285553,0.07914789766073227,0.7338682413101196
"DM-13843",False,"train",0.0,0.0,0.0,0.0,0.5431843400001526,0.0,0.0,0.0,0.0,0.38900628685951233
"DM-3249",False,"train",0.0,0.0,0.0,0.0,0.0,0.0,0.0,0.0,0.0,0.977489173412323
"DM-10241",False,"train",0.2733665704727173,0.0,0.0,0.5015131235122681,0.0,0.0,0.0,0.0,0.19799409806728363,0.0
"DM-3957",True,"train",0.0,0.2590482831001282,0.0,0.0,0.0,0.29176056385040283,0.0,0.2778233587741852,0.0,0.15578444302082062
"DM-5453",False,"train",0.0,0.0,0.7634821534156799,0.0,0.0,0.0,0.0,0.0,0.22685006260871887,0.0
"DM-2312",False,"train",0.0,0.11931412667036057,0.0,0.0,0.0,0.0,0.0,0.0,0.12736929953098297,0.7343743443489075
"DM-11196",True,"train",0.0,0.2311776578426361,0.0,0.0,0.1704491823911667,0.5765083432197571,0.0,0.0,0.0,0.0
"DM-5966",False,"train",0.0,0.08461353927850723,0.0,0.0,0.0,0.0,0.8833498954772949,0.0,0.0,0.0
"DM-17188",False,"train",0.0,0.0,0.0,0.0,0.0,0.0,0.0,0.0,0.0,0.9651470184326172
"DM-13953",False,"train",0.18725207448005676,0.011046732775866985,0.011046540923416615,0.5421825051307678,0.011045640334486961,0.011047032661736012,0.01104732882231474,0.011047261767089367,0.1932383030653,0.011046605184674263
"DM-9857",False,"train",0.04124319553375244,0.0,0.0,0.05146269127726555,0.0,0.0,0.3139258027076721,0.1892460733652115,0.0,0.3953690528869629
"DM-6261",True,"train",0.09063182771205902,0.0,0.0,0.0,0.0,0.0,0.0,0.8523882031440735,0.0,0.0
"DM-1067",False,"train",0.0,0.705349326133728,0.0,0.0,0.0,0.0,0.0,0.2613375782966614,0.0,0.0
"DM-5094",True,"train",0.0,0.0,0.0,0.0,0.0,0.0,0.0,0.9699360132217407,0.0,0.0
"DM-13889",False,"train",0.0,0.0,0.0,0.0,0.5320368409156799,0.12139443308115005,0.0,0.0,0.3148210942745209,0.0
"DM-13680",False,"train",0.06346452236175537,0.30030107498168945,0.0,0.0,0.0,0.0,0.10649147629737854,0.49654170870780945,0.0,0.0
"DM-213",True,"train",0.0,0.0,0.0,0.0,0.15268146991729736,0.0,0.8098980784416199,0.0,0.0,0.0
"DM-7136",False,"train",0.0,0.21163249015808105,0.0,0.0,0.0,0.0,0.0,0.7501809000968933,0.0,0.0
"DM-17553",False,"train",0.0,0.0,0.0,0.027633944526314735,0.14866581559181213,0.8090962767601013,0.0,0.0,0.0,0.0
"DM-17528",False,"train",0.0,0.069270558655262,0.0,0.25882869958877563,0.0,0.0,0.0,0.392648845911026,0.0,0.27091845870018005
"DM-16291",False,"train",0.0,0.2080337554216385,0.0,0.0809272900223732,0.0,0.19161497056484222,0.29231175780296326,0.0,0.219303697347641,0.0
"DM-16302",False,"train",0.0,0.0,0.0,0.0,0.969986617565155,0.0,0.0,0.0,0.0,0.0
"DM-11049",False,"train",0.0,0.0,0.0,0.0,0.09958069026470184,0.0,0.0,0.8620152473449707,0.0,0.0
"DM-15789",False,"train",0.4461647570133209,0.0,0.0,0.0,0.18596334755420685,0.0,0.2982024848461151,0.0,0.06454437226057053,0.0
"DM-9316",True,"train",0.0,0.6016326546669006,0.0,0.0,0.0,0.0,0.0,0.0,0.363817036151886,0.0
"DM-10845",False,"train",0.0,0.2576126456260681,0.0,0.0,0.0,0.0,0.0,0.6980754137039185,0.0,0.0
"DM-17265",False,"train",0.0,0.0,0.0,0.6499022841453552,0.0,0.10278915613889694,0.2333124428987503,0.0,0.0,0.0
"DM-13081",False,"train",0.0,0.0,0.0,0.0,0.0,0.0,0.12410032749176025,0.837655246257782,0.0,0.0
"DM-13242",False,"train",0.0,0.0,0.0,0.0,0.0,0.9653869271278381,0.030770281329751015,0.0,0.0,0.0
"DM-19139",False,"train",0.0,0.0,0.0,0.3772498667240143,0.0,0.0,0.42330631613731384,0.0,0.0,0.1662822663784027
"DM-10268",False,"train",0.0,0.0,0.034144144505262375,0.0,0.0,0.0,0.08510235697031021,0.0,0.8763025999069214,0.0
"DM-13438",True,"train",0.0,0.0,0.0,0.33039361238479614,0.0,0.2154170125722885,0.0,0.2631121873855591,0.0,0.17342303693294525
"DM-17511",False,"train",0.0,0.0,0.0,0.9876588582992554,0.0,0.0,0.0,0.0,0.0,0.0
"DM-12553",True,"train",0.0,0.0,0.0,0.7823683619499207,0.0,0.0,0.0,0.1563759297132492,0.0,0.0
"DM-15500",False,"train",0.18651551008224487,0.0,0.0,0.0,0.0,0.0,0.0,0.0,0.0,0.7929037809371948
"DM-12459",False,"train",0.010004046373069286,0.010006044059991837,0.010004561394453049,0.010004737414419651,0.010004593059420586,0.010004357434809208,0.010005734860897064,0.9099556803703308,0.010004338808357716,0.010005868040025234
"DM-309",False,"train",0.0,0.7523210644721985,0.0,0.0,0.0,0.14253288507461548,0.0,0.07932496815919876,0.0,0.0
"DM-5545",False,"train",0.01438353955745697,0.0143838319927454,0.014383734203875065,0.014384898357093334,0.014384370297193527,0.014384194277226925,0.014384156093001366,0.01438529696315527,0.014383898116648197,0.870542049407959
"DM-7780",False,"train",0.013168110512197018,0.8814861178398132,0.013166696764528751,0.013172728940844536,0.013167202472686768,0.013167736120522022,0.013167871162295341,0.013167559169232845,0.013167360797524452,0.013168638572096825
"DM-1603",False,"train",0.0,0.0,0.0,0.0,0.0,0.0,0.4351893961429596,0.5470237135887146,0.0,0.0
"DM-12853",False,"train",0.0,0.0,0.0,0.0,0.3224010765552521,0.5796229839324951,0.0,0.0,0.0,0.09407979995012283
"DM-13416",False,"train",0.0,0.2468269020318985,0.03904291242361069,0.19760119915008545,0.03111420013010502,0.0,0.0,0.0,0.04865013062953949,0.4259396195411682
"DM-10212",False,"train",0.39849963784217834,0.01247885636985302,0.012476762756705284,0.2786538302898407,0.012477044947445393,0.012476158328354359,0.23550927639007568,0.0124752102419734,0.012474806979298592,0.01247845683246851
"DM-13869",False,"train",0.16921108961105347,0.0,0.0,0.7647829055786133,0.0,0.0,0.0,0.0,0.0,0.0
"DM-10558",False,"train",0.0,0.0,0.0,0.0,0.0954885259270668,0.2421252727508545,0.0,0.555014967918396,0.0,0.09113015234470367
"DM-12524",True,"train",0.0,0.9808415174484253,0.0,0.0,0.0,0.0,0.0,0.0,0.0,0.0
"DM-9245",False,"train",0.0,0.5787506699562073,0.0,0.0,0.0,0.0,0.0,0.34260526299476624,0.0,0.0
"DM-2258",False,"train",0.0,0.0,0.0,0.0,0.0,0.0,0.0,0.0,0.0,0.9727134108543396
"DM-11997",False,"train",0.0,0.0,0.0,0.09959430992603302,0.0,0.0,0.0,0.8727523684501648,0.0,0.0
"DM-16732",False,"train",0.0,0.053376052528619766,0.0,0.3002643883228302,0.18132328987121582,0.4473014771938324,0.0,0.0,0.0,0.0
"DM-8454",False,"train",0.02000693790614605,0.2945287525653839,0.020006833598017693,0.020006587728857994,0.02000763639807701,0.020006608217954636,0.5454154014587402,0.02000652626156807,0.02000713348388672,0.02000758796930313
"DM-514",True,"train",0.033050794154405594,0.03305146470665932,0.033056654036045074,0.03305021673440933,0.03305016830563545,0.03307024762034416,0.7024986743927002,0.03305743262171745,0.033062443137168884,0.03305188938975334
"DM-1924",True,"train",0.02028946578502655,0.02028953656554222,0.020289506763219833,0.020289452746510506,0.020292483270168304,0.02029327303171158,0.8173869848251343,0.020289937034249306,0.020289462059736252,0.02028985321521759
"DM-13651",False,"train",0.0,0.0,0.0,0.06180807948112488,0.11130159348249435,0.0,0.0936618447303772,0.0,0.0,0.7233439683914185
"DM-600",True,"train",0.4084731638431549,0.49135515093803406,0.0125204436480999,0.012520773336291313,0.012520535849034786,0.012523860670626163,0.012523422949016094,0.01252049207687378,0.012520990334451199,0.01252116821706295
"DM-4682",False,"train",0.020169898867607117,0.020173557102680206,0.02017068676650524,0.020173482596874237,0.818414568901062,0.02019263431429863,0.020170385017991066,0.020192671567201614,0.0201711468398571,0.02017093077301979
"DM-11750",False,"train",0.0,0.0,0.0,0.0,0.9526176452636719,0.0,0.0,0.0,0.0,0.0
"DM-13129",False,"train",0.31093865633010864,0.0,0.11747340112924576,0.0,0.0,0.0,0.0,0.0,0.5628411769866943,0.0
"DM-17928",False,"train",0.4411363899707794,0.5089682936668396,0.0,0.0,0.0,0.0,0.0,0.0,0.0,0.0
"DM-5447",False,"train",0.0,0.0,0.3159274756908417,0.0,0.0,0.0,0.0,0.0,0.0,0.6517884135246277
"DM-10973",False,"train",0.0,0.1437026858329773,0.0,0.0,0.0,0.0,0.0,0.8433489799499512,0.0,0.0
"DM-17677",False,"train",0.0,0.1499205380678177,0.0,0.0,0.0,0.0,0.3299465775489807,0.46184027194976807,0.0,0.0
"DM-2467",False,"train",0.010123897343873978,0.010122349485754967,0.010121744126081467,0.6492214798927307,0.15581345558166504,0.010123009793460369,0.010123442858457565,0.12410274147987366,0.010125063359737396,0.010122847743332386
"DM-11744",False,"train",0.0,0.9653534889221191,0.0,0.0,0.0,0.0,0.0,0.0,0.0,0.0
"DM-3678",True,"train",0.04031667858362198,0.22456949949264526,0.16713227331638336,0.0763690322637558,0.0,0.48393431305885315,0.0,0.0,0.0,0.0
"DM-7498",True,"train",0.0,0.0,0.0,0.0,0.0,0.0,0.0,0.935543417930603,0.0,0.0
"DM-7848",False,"train",0.0,0.0,0.0,0.0,0.0,0.4223308563232422,0.0,0.0,0.0,0.5098026990890503
"DM-10117",False,"train",0.02000589296221733,0.2022392898797989,0.0200048740953207,0.020005613565444946,0.020003467798233032,0.02000657096505165,0.020008187741041183,0.020006120204925537,0.6377136707305908,0.0200063306838274
"DM-852",True,"train",0.0,0.0,0.0,0.0,0.0,0.07339268177747726,0.8944833874702454,0.0,0.0,0.0
"DM-11910",False,"train",0.0501997135579586,0.0,0.0,0.3158528208732605,0.0797477662563324,0.0,0.0,0.15235063433647156,0.0,0.3946305513381958
"DM-5014",False,"train",0.0,0.0,0.0,0.0,0.0,0.0,0.0,0.0,0.0,0.9735975861549377
"DM-13084",False,"train",0.0,0.0,0.0,0.0,0.0,0.8112689256668091,0.0,0.0,0.0,0.18163999915122986
"DM-18031",False,"train",0.0,0.30270007252693176,0.0,0.07576585561037064,0.0,0.6132879853248596,0.0,0.0,0.0,0.0
"DM-13719",False,"train",0.012502729892730713,0.012504043988883495,0.012504428625106812,0.012502727098762989,0.012502764351665974,0.012503355741500854,0.01250375621020794,0.8874694108963013,0.012502827681601048,0.012503995560109615
"DM-2507",False,"train",0.0,0.0,0.0,0.0,0.0,0.0,0.0,0.0,0.0,0.9756283760070801
"DM-14628",False,"train",0.0,0.7822410464286804,0.19775602221488953,0.0,0.0,0.0,0.0,0.0,0.0,0.0
"DM-10855",True,"train",0.0,0.0,0.0,0.2135477513074875,0.0,0.0,0.0,0.0,0.3943457305431366,0.3629615604877472
"DM-15438",False,"train",0.9590656161308289,0.0,0.0,0.0,0.0,0.0,0.0,0.0,0.0,0.0
"DM-13878",False,"train",0.0,0.0,0.0,0.0,0.11562134325504303,0.5506777763366699,0.0,0.0,0.0,0.30962759256362915
"DM-7410",False,"train",0.011242196895182133,0.011242331005632877,0.011242398992180824,0.011242476291954517,0.8988189101219177,0.011242195032536983,0.011242239736020565,0.011242552660405636,0.01124252937734127,0.011242223903536797
"DM-1013",False,"train",0.0,0.716795802116394,0.0,0.0,0.0,0.21633298695087433,0.0,0.0,0.0,0.0
"DM-3104",False,"train",0.0,0.0,0.22414173185825348,0.0,0.0,0.0,0.6666133403778076,0.0,0.0,0.0899486392736435
"DM-9420",False,"train",0.0,0.0,0.0,0.1307746320962906,0.0,0.0,0.0,0.0,0.515544056892395,0.3277740478515625
"DM-1161",True,"train",0.0,0.9590480327606201,0.0,0.0,0.0,0.0,0.0,0.0,0.0,0.0
"DM-13449",True,"train",0.0,0.045387834310531616,0.0,0.0,0.1672636866569519,0.0,0.0,0.7741170525550842,0.0,0.0
"DM-8439",False,"train",0.0,0.0,0.700413167476654,0.0,0.0,0.0,0.26146337389945984,0.0,0.0,0.0
"DM-5904",False,"train",0.0,0.0,0.0,0.9589537382125854,0.0,0.0,0.0,0.0,0.0,0.0
"DM-17977",False,"train",0.0,0.0,0.0,0.0,0.0,0.0,0.45872318744659424,0.0,0.11386340111494064,0.4138181507587433
"DM-16305",False,"train",0.0,0.271698534488678,0.0,0.0,0.0,0.38322076201438904,0.0,0.0,0.0,0.32483944296836853
"DM-8254",False,"train",0.0,0.0,0.0,0.0,0.0,0.0,0.0,0.0,0.7545256614685059,0.2136261910200119
"DM-8377",True,"train",0.0,0.794900119304657,0.0,0.0,0.0,0.0,0.0,0.13979719579219818,0.05653484910726547,0.0
"DM-14325",False,"train",0.0,0.0,0.0,0.22393076121807098,0.0,0.3233813941478729,0.20883432030677795,0.0,0.22320441901683807,0.0
"DM-15663",True,"train",0.0,0.2579731047153473,0.27661463618278503,0.0,0.18586093187332153,0.0,0.0,0.26285219192504883,0.0,0.0
"DM-15638",True,"train",0.0,0.0,0.0,0.5337634086608887,0.0,0.0,0.0,0.4395570755004883,0.0,0.0
"DM-15138",False,"train",0.0,0.0,0.0,0.0,0.37726104259490967,0.34850361943244934,0.0,0.0,0.25309789180755615,0.0
"DM-13382",False,"train",0.0,0.0,0.0,0.966658890247345,0.0,0.0,0.0,0.0,0.0,0.0
"DM-14997",True,"train",0.0,0.0,0.0,0.0,0.0,0.8373406529426575,0.0,0.0,0.0,0.1531825214624405
"DM-12636",False,"train",0.0,0.42492103576660156,0.0,0.0,0.0,0.0,0.0,0.0,0.0,0.5369316339492798
"DM-3160",False,"train",0.0,0.0,0.0,0.0,0.0,0.0,0.9726539850234985,0.0,0.0,0.0
"DM-2514",False,"train",0.0,0.0,0.05327872186899185,0.23675000667572021,0.45572566986083984,0.0,0.0,0.0,0.0,0.23374271392822266
"DM-10861",False,"train",0.0,0.3532277047634125,0.0,0.0,0.0,0.0,0.1498480588197708,0.4332391321659088,0.0,0.0
"DM-13214",True,"train",0.0,0.0,0.0,0.0,0.0,0.0,0.0,0.0,0.0,0.9769002199172974
"DM-5323",False,"train",0.48991063237190247,0.0,0.0,0.0,0.0,0.0,0.0,0.4632459580898285,0.0,0.0
"DM-14152",False,"train",0.0,0.4113364815711975,0.0,0.061413347721099854,0.0,0.11285743117332458,0.049884095788002014,0.0,0.2146267294883728,0.14233693480491638
"DM-8953",False,"train",0.0,0.0,0.06463511288166046,0.2409549504518509,0.41045206785202026,0.013781370595097542,0.0,0.2666647434234619,0.0,0.0
"DM-11371",False,"train",0.0,0.6334530115127563,0.0,0.20201368629932404,0.0,0.0,0.12065213173627853,0.0,0.0,0.0
"DM-3772",False,"train",0.0,0.0,0.0,0.0,0.0,0.8822083473205566,0.08915815502405167,0.0,0.0,0.0
"DM-13671",False,"train",0.0,0.0,0.0,0.0,0.0,0.0,0.0,0.0,0.0,0.9768919944763184
"DM-14029",True,"train",0.0,0.32688671350479126,0.0,0.5138009190559387,0.0,0.0,0.0,0.1381649374961853,0.0,0.0
"DM-7396",False,"train",0.0,0.0,0.35003477334976196,0.0,0.0,0.0,0.1936921775341034,0.4213562309741974,0.0,0.0
"DM-3265",False,"train",0.0,0.8967052102088928,0.08217061311006546,0.0,0.0,0.0,0.0,0.0,0.0,0.0
"DM-6547",True,"train",0.012057051993906498,0.012058937922120094,0.012057414278388023,0.012057098560035229,0.7387033700942993,0.012059323489665985,0.012057364918291569,0.012057889252901077,0.012057065032422543,0.16483452916145325
"DM-15232",False,"train",0.23236368596553802,0.0,0.0,0.0,0.0,0.0,0.0,0.0,0.0,0.7132236957550049
"DM-6724",False,"train",0.0,0.0778145119547844,0.0,0.0,0.08517391979694366,0.0,0.4594142436981201,0.0,0.3474849462509155,0.0
"DM-11981",True,"train",0.0,0.0,0.19036871194839478,0.17131595313549042,0.0,0.11060836911201477,0.0,0.0,0.0,0.5175583362579346
"DM-16797",False,"train",0.0,0.0,0.0,0.8132038712501526,0.0,0.0,0.15475210547447205,0.0,0.0,0.0
"DM-11542",False,"train",0.0,0.0,0.0,0.8835981488227844,0.0,0.0,0.0,0.0,0.10369707643985748,0.0
"DM-14336",False,"train",0.0,0.0,0.0,0.0,0.0,0.0,0.9251241683959961,0.0,0.0,0.0
"DM-2733",True,"train",0.8912950158119202,0.0,0.0401151143014431,0.0,0.0,0.0,0.04242642968893051,0.0,0.0,0.019746365025639534
"DM-17951",False,"train",0.0,0.0,0.0,0.0,0.0,0.0,0.0,0.0,0.0,0.9545837640762329
"DM-17909",False,"train",0.0,0.0,0.0,0.0,0.0,0.0,0.957098662853241,0.0,0.0,0.0
"DM-5348",True,"train",0.0,0.0,0.0,0.0,0.19877663254737854,0.0,0.0,0.0,0.0,0.791377067565918
"DM-13163",False,"train",0.0,0.0,0.0,0.0,0.9718539714813232,0.0,0.0,0.0,0.0,0.0
"DM-9028",False,"train",0.0,0.0,0.0,0.0,0.0,0.0,0.0,0.8271453380584717,0.15280510485172272,0.0
"DM-16217",False,"train",0.0,0.19245468080043793,0.0,0.0,0.17573367059230804,0.09895606338977814,0.0,0.510773777961731,0.0,0.0
"DM-2900",False,"train",0.0,0.0,0.0,0.2333906888961792,0.0,0.0,0.7268995046615601,0.0,0.0,0.0
"DM-19075",False,"train",0.32337120175361633,0.0,0.0,0.0,0.0,0.6522874236106873,0.0,0.0,0.0,0.0
"DM-1916",True,"train",0.0,0.0,0.0,0.35957616567611694,0.0,0.0,0.09343667328357697,0.0,0.0,0.5427290201187134
"DM-1135",False,"train",0.15423236787319183,0.0,0.0,0.0,0.0,0.390923410654068,0.0,0.0,0.0,0.43361878395080566
"DM-18728",False,"train",0.02113945223391056,0.6962537169456482,0.0,0.0,0.0,0.08881506323814392,0.1836153119802475,0.0,0.0,0.0
"DM-7844",False,"train",0.0,0.0,0.0,0.0,0.0,0.7554293274879456,0.0,0.0,0.22853054106235504,0.0
"DM-15790",False,"train",0.0,0.0,0.0,0.0,0.0,0.0,0.9699700474739075,0.0,0.0,0.0
"DM-11871",False,"train",0.010097099468111992,0.010099207051098347,0.010096724145114422,0.010099177248775959,0.010099688544869423,0.010099451057612896,0.9091104865074158,0.01009970810264349,0.010098123922944069,0.010100292041897774
"DM-11405",False,"train",0.0,0.0,0.19615846872329712,0.5189951658248901,0.0,0.0,0.0,0.26499253511428833,0.0,0.0
"DM-11289",False,"train",0.0,0.0,0.0,0.3100598156452179,0.0,0.2644284963607788,0.0,0.0,0.4080751836299896,0.0
"DM-15368",False,"train",0.326902836561203,0.13133244216442108,0.0,0.0,0.0,0.0,0.15210753679275513,0.3738369345664978,0.0,0.0
"DM-10823",False,"train",0.0,0.0,0.0,0.0,0.32296139001846313,0.0,0.14285260438919067,0.0,0.0,0.5062386393547058
"DM-1918",False,"train",0.24820582568645477,0.5368517637252808,0.011121173389256,0.011121965013444424,0.01112209353595972,0.011120650917291641,0.011124909855425358,0.011122741736471653,0.011120042763650417,0.137088805437088
"DM-11116",False,"train",0.0,0.7201268672943115,0.0388052724301815,0.2255551815032959,0.0,0.0,0.0,0.0,0.0,0.0
"DM-6294",False,"train",0.0,0.2558300495147705,0.0,0.0,0.0,0.0,0.7121527791023254,0.0,0.0,0.0
"DM-9572",True,"train",0.8114275932312012,0.0,0.0,0.0,0.14849452674388885,0.0,0.0,0.0,0.0,0.0
"DM-12103",False,"train",0.0,0.0,0.0,0.639124870300293,0.0,0.14418399333953857,0.08495302498340607,0.08710569888353348,0.037463728338479996,0.0
"DM-4826",True,"train",0.024895649403333664,0.024896547198295593,0.02489665150642395,0.02489796280860901,0.02489512600004673,0.02489728480577469,0.024910569190979004,0.02489772066473961,0.024895865470170975,0.7759166359901428
"DM-7826",False,"train",0.0,0.0,0.0,0.0,0.0,0.0,0.0,0.9164307713508606,0.06356122344732285,0.0
"DM-10184",False,"train",0.06691990792751312,0.0,0.0,0.39443495869636536,0.0,0.0,0.0,0.0,0.0,0.5289387702941895
"DM-12818",False,"train",0.0,0.13484463095664978,0.5505859851837158,0.0,0.0,0.0,0.0,0.0,0.0,0.29891160130500793
"DM-7137",False,"train",0.3769055902957916,0.0,0.0,0.0,0.0,0.0,0.6142909526824951,0.0,0.0,0.0
"DM-16050",False,"train",0.0,0.0,0.0,0.26509690284729004,0.3570770025253296,0.0,0.0,0.0,0.0,0.3519689738750458
"DM-17370",False,"train",0.0,0.0,0.0,0.1089506670832634,0.0,0.0,0.35372069478034973,0.0,0.0,0.5004681348800659
"DM-3194",False,"train",0.0,0.29065388441085815,0.0,0.0,0.0,0.0,0.0,0.0,0.0,0.636911153793335
"DM-15789",False,"train",0.4461647570133209,0.0,0.0,0.0,0.18596334755420685,0.0,0.2982024848461151,0.0,0.06454437226057053,0.0
"DM-9520",False,"train",0.0,0.0,0.6765289306640625,0.0,0.0,0.0,0.0,0.0,0.0,0.2885805070400238
"DM-14681",True,"train",0.0,0.3040832579135895,0.0,0.0,0.0,0.1770968735218048,0.0,0.14379756152629852,0.0,0.3648126721382141
"DM-6301",False,"train",0.0,0.2063463181257248,0.0,0.0,0.0,0.0,0.0,0.0,0.0,0.7627140879631042
"DM-4570",False,"train",0.0,0.16729636490345,0.47016847133636475,0.0,0.0,0.0,0.0,0.0,0.33210065960884094,0.0
"DM-435",False,"train",0.0,0.0,0.0,0.0,0.2152826488018036,0.14340461790561676,0.034630026668310165,0.2408362776041031,0.0,0.3591070771217346
"DM-2854",False,"train",0.0,0.0,0.0,0.0,0.4247855842113495,0.0,0.0,0.2850950360298157,0.0,0.2650904357433319
"DM-15923",False,"train",0.08967753499746323,0.0,0.0,0.10926245898008347,0.0,0.0,0.0,0.0,0.0,0.7744837403297424
"DM-3133",False,"train",0.0,0.7113147974014282,0.0,0.0,0.0,0.0,0.0,0.24104845523834229,0.0,0.0
"DM-621",False,"train",0.0,0.0,0.0,0.24092908203601837,0.0,0.052778419107198715,0.6071915030479431,0.0,0.08029366284608841,0.0
"DM-16261",False,"train",0.0,0.0,0.0,0.0,0.0,0.9356273412704468,0.0,0.0,0.0,0.0
"DM-16224",False,"train",0.0,0.0,0.0,0.0,0.0,0.0,0.9146649837493896,0.0,0.0,0.07792071998119354
"DM-6022",False,"train",0.0,0.5218343734741211,0.0,0.2313087284564972,0.0,0.0,0.0,0.0,0.0,0.21988429129123688
"DM-14356",False,"train",0.0,0.0,0.0,0.16137933731079102,0.0,0.7557664513587952,0.0,0.0,0.07091665267944336,0.0
"DM-2097",False,"train",0.0,0.0,0.0,0.0,0.0,0.0,0.9470057487487793,0.0,0.0,0.0
"DM-17289",False,"train",0.02001997083425522,0.020022757351398468,0.020024266093969345,0.819778323173523,0.020027857273817062,0.020022977143526077,0.02002066932618618,0.020030992105603218,0.020021606236696243,0.020030610263347626
"DM-8629",False,"train",0.0,0.0,0.0,0.0,0.0,0.9849696755409241,0.0,0.0,0.0,0.0
"DM-4842",False,"train",0.0,0.0,0.0,0.0,0.0,0.0,0.0,0.4293968677520752,0.0,0.5288041234016418
"DM-17214",False,"train",0.0,0.0,0.0,0.5492775440216064,0.0,0.0,0.4084433317184448,0.0,0.0,0.0
"DM-9431",False,"train",0.0,0.0,0.0,0.0,0.0,0.0,0.9678149819374084,0.0,0.0,0.0
"DM-14082",False,"train",0.0,0.0,0.14846749603748322,0.0,0.0,0.0,0.0,0.8135011792182922,0.0,0.0
"DM-11885",True,"train",0.0,0.0,0.0,0.5515454411506653,0.0,0.0,0.0,0.10303115844726562,0.30650079250335693,0.0
"DM-14392",False,"train",0.2597290575504303,0.012504528276622295,0.0125040328130126,0.012503696605563164,0.012509019114077091,0.012504222802817822,0.012507392093539238,0.6402297616004944,0.012504108250141144,0.012504195794463158
"DM-1434",True,"train",0.3886544108390808,0.0,0.0,0.0,0.0,0.0,0.0,0.5387182831764221,0.0,0.0
"DM-3363",False,"train",0.0,0.0,0.5121447443962097,0.0,0.09844884276390076,0.0,0.3717387020587921,0.0,0.0,0.0
"DM-6635",False,"train",0.012545793317258358,0.012543708086013794,0.01254417933523655,0.012543127872049809,0.8870947957038879,0.012544076889753342,0.012544175609946251,0.012543251737952232,0.01255333423614502,0.012543587014079094
"DM-13581",True,"train",0.0,0.0,0.0,0.9499035477638245,0.0,0.0,0.0,0.0,0.0,0.0
"DM-8803",True,"train",0.0,0.0,0.0,0.35697615146636963,0.0,0.6047481298446655,0.0,0.0,0.0,0.0
"DM-13866",True,"train",0.0,0.0,0.0,0.9785553216934204,0.0,0.0,0.0,0.0,0.0,0.0
"DM-10592",False,"train",0.010923805646598339,0.010921820998191833,0.010921928100287914,0.010921531356871128,0.010921764187514782,0.010922832414507866,0.010922457091510296,0.010923286899924278,0.9016969203948975,0.010923659428954124
"DM-10758",False,"train",0.1332300454378128,0.0,0.0,0.16278581321239471,0.18673793971538544,0.04515928775072098,0.0,0.1991996318101883,0.0,0.2639952600002289
"DM-6473",True,"train",0.0,0.0,0.026469403877854347,0.9076787829399109,0.0,0.0,0.0,0.0,0.05429023504257202,0.0
"DM-9258",False,"train",0.0,0.0,0.0,0.0,0.0,0.0,0.9197452664375305,0.0,0.058305010199546814,0.0
"DM-1147",False,"train",0.010097449645400047,0.010099849663674831,0.010097573511302471,0.0100975651293993,0.01009776908904314,0.010098239406943321,0.9091121554374695,0.010103845037519932,0.010097824968397617,0.010097680613398552
"DM-15214",True,"train",0.0,0.0,0.0,0.8802103400230408,0.0,0.0,0.08647404611110687,0.0,0.0,0.0
"DM-11606",False,"train",0.014227569103240967,0.014227364212274551,0.014226620085537434,0.6531137228012085,0.014227748848497868,0.014226574450731277,0.2330670952796936,0.014227908104658127,0.014226683415472507,0.01422867737710476
"DM-3896",True,"train",0.0,0.0,0.0,0.0,0.0,0.7853184342384338,0.0,0.1813308596611023,0.0,0.0
"DM-5465",False,"train",0.05350831523537636,0.0,0.0,0.0,0.0,0.0,0.0,0.0,0.20603561401367188,0.722231388092041
"DM-12132",False,"train",0.0,0.0,0.0,0.0,0.9785578846931458,0.0,0.0,0.0,0.0,0.0
"DM-16468",False,"train",0.0,0.0,0.0,0.0,0.0,0.0,0.0,0.9847318530082703,0.0,0.0
"DM-9193",False,"train",0.0,0.0,0.0,0.0,0.0,0.0,0.0,0.9653488397598267,0.0,0.0
"DM-14827",False,"train",0.0,0.0,0.0,0.7797611355781555,0.0,0.0,0.17583832144737244,0.0,0.0,0.0
"DM-10516",False,"train",0.0,0.1580072045326233,0.0,0.0,0.0,0.0,0.0,0.8358033299446106,0.0,0.0
"DM-10384",True,"train",0.0,0.0,0.0,0.45798149704933167,0.0,0.0,0.4921714961528778,0.0,0.0,0.0
"DM-17758",True,"train",0.07411722093820572,0.0,0.0,0.28500959277153015,0.0,0.3261699676513672,0.23843829333782196,0.0,0.0,0.0701749250292778
"DM-11033",False,"train",0.0,0.0,0.0,0.0,0.021818621084094048,0.0,0.02734868787229061,0.07608462870121002,0.8227989673614502,0.04284227639436722
"DM-14596",False,"train",0.0,0.3321828246116638,0.41420334577560425,0.0,0.0,0.23364154994487762,0.0,0.0,0.0,0.0
"DM-9210",False,"train",0.0,0.0,0.0,0.0,0.23225660622119904,0.0,0.0,0.0,0.0,0.7391039729118347
"DM-9585",False,"train",0.0,0.0,0.0,0.0,0.0,0.0,0.6970457434654236,0.0,0.0,0.22899293899536133
"DM-2000",True,"train",0.0,0.2887498736381531,0.0,0.0,0.0,0.0,0.0,0.0,0.0,0.6641691327095032
"DM-12619",False,"train",0.0,0.0,0.0,0.9699869155883789,0.0,0.0,0.0,0.0,0.0,0.0
"DM-11934",False,"train",0.0,0.3270650804042816,0.3529512882232666,0.06560539454221725,0.0,0.0,0.0,0.2337203174829483,0.0,0.0
"DM-14640",False,"train",0.025009555742144585,0.025009648874402046,0.02501423843204975,0.5102699995040894,0.025027889758348465,0.289628803730011,0.025009511038661003,0.0250094011425972,0.02501102350652218,0.02500997669994831
"DM-13719",False,"train",0.012502729892730713,0.012504043988883495,0.012504428625106812,0.012502727098762989,0.012502764351665974,0.012503355741500854,0.01250375621020794,0.8874694108963013,0.012502827681601048,0.012503995560109615
"DM-15611",False,"train",0.0,0.0,0.0,0.0,0.0,0.9174785614013672,0.0,0.0,0.0,0.0
"DM-13432",False,"train",0.0,0.1839364618062973,0.0,0.0,0.0,0.696721613407135,0.0,0.0,0.0,0.1017424687743187
"DM-12555",False,"train",0.0,0.0,0.0,0.3309536278247833,0.0,0.0,0.0,0.21970199048519135,0.0,0.42242515087127686
"DM-5702",False,"train",0.0,0.0,0.0,0.2122504562139511,0.0,0.0,0.0,0.7706156969070435,0.0,0.0
"DM-1802",False,"train",0.2123294621706009,0.5974035859107971,0.0,0.0,0.0,0.14333443343639374,0.0,0.0,0.0,0.0
"DM-7065",False,"train",0.3240029811859131,0.3369942605495453,0.0,0.0,0.0,0.0,0.0,0.12642021477222443,0.0,0.18544837832450867
"DM-11862",False,"train",0.0,0.0,0.0,0.0,0.0,0.07426857203245163,0.07210414111614227,0.1044594869017601,0.7456079721450806,0.0
"DM-12427",True,"train",0.0,0.0,0.0,0.0,0.0,0.18828868865966797,0.0,0.0,0.0,0.7757241129875183
"DM-12361",False,"train",0.0,0.0,0.0,0.0,0.0,0.5711084604263306,0.0,0.3941498100757599,0.0,0.0
"DM-17346",True,"train",0.0,0.0,0.0,0.290414035320282,0.0,0.0,0.66734379529953,0.0,0.0,0.0
"DM-4683",False,"train",0.020163899287581444,0.020164936780929565,0.020164718851447105,0.02016589045524597,0.8185167908668518,0.0201643668115139,0.02016458474099636,0.020164694637060165,0.02016523666679859,0.02016492374241352
"DM-4801",False,"train",0.0,0.0,0.0,0.0,0.0,0.0,0.0,0.0,0.0,0.9839216470718384
"DM-15634",True,"train",0.0,0.0,0.0,0.44434475898742676,0.1415272206068039,0.0,0.0,0.0,0.0,0.3891618549823761
"DM-12652",True,"train",0.0,0.0,0.0,0.0,0.0,0.3279704749584198,0.0,0.0,0.0,0.6319931745529175
"DM-71",False,"train",0.0,0.0,0.0,0.0,0.0,0.0,0.1940619796514511,0.0,0.0,0.7783294916152954
"DM-14040",False,"train",0.012516037560999393,0.01251752395182848,0.012516168877482414,0.012516017071902752,0.012516040354967117,0.012517166323959827,0.8873479962348938,0.012519222684204578,0.012516305781900883,0.012517537921667099
"DM-13779",True,"train",0.0,0.0,0.0,0.0,0.0,0.0,0.0,0.9859273433685303,0.0,0.0
"DM-4885",True,"train",0.020007314160466194,0.6359302997589111,0.02000681310892105,0.020006217062473297,0.020006898790597916,0.02000674232840538,0.20401474833488464,0.02000768668949604,0.020006144419312477,0.020007088780403137
"DM-9024",False,"train",0.0,0.5500816702842712,0.0,0.0,0.0,0.0,0.0,0.0,0.4222509264945984,0.0
"DM-9617",False,"train",0.0,0.0,0.0,0.0,0.0,0.726608157157898,0.0,0.23150339722633362,0.0,0.0
"DM-12362",False,"train",0.0,0.0,0.0,0.0,0.0,0.24550531804561615,0.0,0.7099407315254211,0.0,0.0
"DM-1897",True,"train",0.0,0.0,0.0,0.0,0.0,0.0,0.0,0.0,0.0,0.9701098203659058
"DM-2664",False,"train",0.2738713026046753,0.16298100352287292,0.0,0.0,0.0,0.03459268435835838,0.0,0.39584752917289734,0.0,0.12608614563941956
"DM-6256",False,"train",0.010004663839936256,0.11408820003271103,0.010004783049225807,0.010004915297031403,0.8058740496635437,0.010004566051065922,0.010004257783293724,0.010005465708673,0.010004467330873013,0.010004667565226555
"DM-216",False,"train",0.024572018533945084,0.02458012104034424,0.024573493748903275,0.02457169070839882,0.27467238903045654,0.024572813883423805,0.5287414193153381,0.02457238920032978,0.024571390822529793,0.024572322145104408
"DM-13038",False,"train",0.0,0.0,0.0,0.0,0.0,0.0,0.9826864004135132,0.0,0.0,0.0
"DM-4156",False,"train",0.0,0.0,0.0,0.0,0.15178024768829346,0.0,0.0,0.8388798236846924,0.0,0.0
"DM-6459",False,"train",0.0,0.24101608991622925,0.0,0.0,0.3631877601146698,0.0,0.0,0.33667615056037903,0.0,0.0
"DM-794",False,"train",0.043208424001932144,0.0,0.0,0.0,0.0,0.0,0.27031081914901733,0.043256860226392746,0.614057719707489,0.02663700468838215
"DM-3468",False,"train",0.41868382692337036,0.0,0.0,0.0,0.0,0.3851844370365143,0.0,0.0,0.0,0.18098218739032745
"DM-17044",False,"train",0.0,0.0,0.0,0.2765975594520569,0.0,0.35013434290885925,0.0,0.3587152063846588,0.0,0.0
"DM-8629",False,"train",0.0,0.0,0.0,0.0,0.0,0.9849696755409241,0.0,0.0,0.0,0.0
"DM-8563",False,"train",0.0,0.0,0.0,0.0,0.64305579662323,0.26233401894569397,0.06199721619486809,0.0,0.0,0.0
"DM-4208",False,"train",0.0,0.0,0.25109198689460754,0.0,0.47422197461128235,0.0,0.0,0.23963266611099243,0.0,0.0
"DM-13276",True,"train",0.0,0.0,0.0,0.9400126338005066,0.0,0.0,0.0,0.0,0.0,0.0
"DM-4204",True,"train",0.0,0.0,0.0,0.0,0.0,0.0,0.7739170789718628,0.0,0.2139388471841812,0.0
"DM-1088",False,"train",0.0,0.0,0.2758466601371765,0.0,0.0,0.0,0.0,0.710223913192749,0.0,0.0
"DM-1893",False,"train",0.011095014400780201,0.011094718240201473,0.011098337359726429,0.011097211390733719,0.01109579298645258,0.011094469577074051,0.19572265446186066,0.011098247021436691,0.011094609275460243,0.7155089378356934
"DM-8004",False,"train",0.0,0.0,0.0,0.0,0.0,0.0,0.0,0.0,0.9967225193977356,0.0
"DM-13805",True,"train",0.0,0.0,0.0,0.0,0.0,0.0,0.9653521180152893,0.0,0.0,0.0
"DM-8283",True,"train",0.0,0.0,0.0,0.0,0.0,0.0,0.0,0.9750245213508606,0.0,0.0
"DM-9168",False,"train",0.048980146646499634,0.0,0.0,0.0,0.0,0.31522512435913086,0.0,0.0,0.0,0.616320788860321
"DM-7938",False,"train",0.0,0.0,0.0,0.0,0.0,0.15661925077438354,0.2563295066356659,0.0,0.0,0.5498226881027222
"DM-1962",True,"train",0.011122491210699081,0.011125953868031502,0.011122249998152256,0.011123051866889,0.01112185325473547,0.011122849769890308,0.011125084944069386,0.8998892903327942,0.011122416704893112,0.011124733835458755
"DM-17983",False,"train",0.09858298301696777,0.0,0.0,0.4398285448551178,0.0,0.0,0.0,0.4322870075702667,0.0,0.0
"DM-9420",False,"train",0.0,0.0,0.0,0.1307746320962906,0.0,0.0,0.0,0.0,0.515544056892395,0.3277740478515625
"DM-13624",False,"train",0.0,0.0,0.0,0.6285067200660706,0.0,0.15869060158729553,0.059655990451574326,0.145452082157135,0.0,0.0
"DM-7016",False,"train",0.0,0.0882212370634079,0.0,0.7816807627677917,0.0,0.0,0.0,0.09992842376232147,0.0,0.0
"DM-14127",False,"train",0.0,0.3165406286716461,0.0,0.0,0.4701220691204071,0.0,0.1499922275543213,0.0,0.0,0.0
"DM-1012",False,"train",0.0,0.9491510987281799,0.0,0.0,0.0,0.0,0.0,0.0,0.0,0.0
"DM-9278",False,"train",0.016611406579613686,0.26494458317756653,0.016610903665423393,0.016611242666840553,0.01661156490445137,0.016611477360129356,0.6021641492843628,0.016612228006124496,0.016610940918326378,0.016611509025096893
"DM-7406",False,"train",0.0,0.4046649932861328,0.0,0.3672114312648773,0.0,0.0,0.21105080842971802,0.0,0.0,0.0
"DM-14690",False,"train",0.1910954713821411,0.0,0.0,0.17678752541542053,0.0,0.0,0.0,0.0,0.0,0.6263724565505981
"DM-12459",False,"train",0.010004046373069286,0.010006044059991837,0.010004561394453049,0.010004737414419651,0.010004593059420586,0.010004357434809208,0.010005734860897064,0.9099556803703308,0.010004338808357716,0.010005868040025234
"DM-17536",False,"train",0.0,0.0,0.0,0.9416016340255737,0.0,0.0,0.0,0.0,0.0,0.0
"DM-10142",False,"train",0.0,0.0,0.0,0.0,0.0,0.0,0.0,0.9436071515083313,0.0,0.0
"DM-832",True,"train",0.0,0.0,0.0,0.9229047894477844,0.0,0.0,0.0,0.05279574543237686,0.0,0.0
"DM-930",True,"train",0.0,0.0,0.0,0.0,0.14267569780349731,0.5254451036453247,0.32445028424263,0.0,0.0,0.0
"DM-1347",True,"train",0.0,0.3253219425678253,0.0,0.0,0.0,0.0,0.2950778305530548,0.0,0.0,0.35826730728149414
"DM-16127",False,"train",0.0,0.0,0.0,0.0,0.0,0.0,0.0,0.0,0.0,0.9774789214134216
"DM-7447",False,"train",0.0,0.6380309462547302,0.0,0.0,0.0,0.0,0.0,0.3299929201602936,0.0,0.0
"DM-646",False,"train",0.0,0.0,0.0,0.0,0.0,0.0,0.9549338817596436,0.0,0.0,0.0
"DM-3108",False,"train",0.0,0.0,0.0,0.0,0.0,0.0,0.0,0.9378146529197693,0.0,0.0
"DM-4799",False,"train",0.047338567674160004,0.04733850806951523,0.04734053835272789,0.5739394426345825,0.04734010621905327,0.04733850806951523,0.04733850061893463,0.04734889790415764,0.04733845964074135,0.047338467091321945
"DM-8216",False,"train",0.0,0.0,0.0,0.3092704713344574,0.0,0.0,0.0,0.0,0.0,0.6599012613296509
"DM-18520",False,"train",0.011148675344884396,0.8996609449386597,0.011148623190820217,0.011148284189403057,0.011148630641400814,0.011148500256240368,0.011150229722261429,0.011148510500788689,0.011148293502628803,0.011149243451654911
"DM-15855",False,"train",0.024765081703662872,0.322092741727829,0.024765970185399055,0.024765538051724434,0.024774037301540375,0.02476802095770836,0.024766061455011368,0.4797651171684265,0.024767445400357246,0.024770023301243782
"DM-560",False,"train",0.0,0.7156226634979248,0.0,0.0,0.0,0.0,0.0,0.0,0.0,0.23862594366073608
"DM-3366",False,"train",0.0,0.0,0.0,0.0,0.0,0.0,0.0,0.0,0.0,0.9181164503097534
"DM-5388",True,"train",0.016599226742982864,0.016598444432020187,0.016599051654338837,0.8506115674972534,0.016598306596279144,0.01659860461950302,0.016598396003246307,0.0165991373360157,0.01659841276705265,0.016598843038082123
"DM-6125",False,"train",0.0,0.0,0.0,0.0,0.0,0.0,0.5989013314247131,0.0,0.0,0.3691761791706085
"DM-7161",False,"train",0.0,0.0,0.0,0.4639826714992523,0.0,0.10527274012565613,0.0,0.0,0.0,0.42436182498931885
"DM-10346",False,"train",0.0,0.0,0.0,0.0,0.0,0.0,0.0,0.9666366577148438,0.0,0.0
"DM-4479",False,"train",0.012508226558566093,0.01250921469181776,0.012508160434663296,0.012508312240242958,0.012507759965956211,0.012508724816143513,0.012508366256952286,0.8874238729476929,0.012507783249020576,0.012509621679782867
"DM-14438",False,"train",0.3592028021812439,0.0,0.0,0.5987372994422913,0.0,0.0,0.0,0.0,0.0,0.0
"DM-9932",True,"train",0.0,0.5132986903190613,0.20319584012031555,0.0,0.0,0.0,0.0,0.0,0.0,0.27386534214019775
"DM-2712",False,"train",0.6567248106002808,0.0,0.0,0.0,0.0,0.0,0.303652822971344,0.0,0.0,0.0
"DM-12053",True,"train",0.0,0.0,0.0,0.38590434193611145,0.2147143930196762,0.0,0.1198645532131195,0.0,0.0,0.2588840425014496
"DM-17114",False,"train",0.0,0.0,0.07661573588848114,0.0,0.42011624574661255,0.0,0.46237677335739136,0.0,0.0,0.0
"DM-14722",False,"train",0.017218930646777153,0.01722225360572338,0.01722037047147751,0.017220942303538322,0.017219798639416695,0.017219534143805504,0.017221031710505486,0.20108385384082794,0.01721903122961521,0.6611542105674744
"DM-5579",False,"train",0.014293192885816097,0.014292473904788494,0.014290462248027325,0.014292004518210888,0.6969680786132812,0.01429716031998396,0.014289334416389465,0.1886925995349884,0.014291602186858654,0.014293147251009941
"DM-10972",False,"train",0.0,0.0,0.0,0.8700509071350098,0.0,0.0,0.0,0.0,0.08543367683887482,0.0
"DM-2638",False,"train",0.011121665127575397,0.011127902194857597,0.011121180839836597,0.011123321950435638,0.011120888404548168,0.011122073978185654,0.01112438179552555,0.011123898439109325,0.01112131867557764,0.8998933434486389
"DM-10831",False,"train",0.0,0.0,0.0,0.0,0.0,0.0,0.0,0.0,0.0,0.9849855899810791
"DM-8223",False,"train",0.0,0.0,0.0,0.8391815423965454,0.0,0.11673282831907272,0.0,0.0,0.0,0.0
"DM-16822",False,"train",0.15437781810760498,0.15800295770168304,0.43753886222839355,0.14254896342754364,0.0,0.0,0.0,0.0,0.0,0.0996483638882637
"DM-10785",True,"train",0.0,0.0,0.0,0.06726247072219849,0.0,0.3964158296585083,0.0,0.0,0.5329871773719788,0.0
"DM-6518",False,"train",0.2534537613391876,0.0,0.0,0.0,0.0,0.0,0.35321044921875,0.0,0.0,0.36652451753616333
"DM-4836",True,"train",0.0,0.0,0.0,0.34162646532058716,0.0,0.36855849623680115,0.0,0.0,0.05770532786846161,0.22210916876792908
"DM-19188",False,"train",0.0,0.25057533383369446,0.0,0.11225591599941254,0.0,0.4448453485965729,0.0,0.0,0.04492295905947685,0.1400536149740219
"DM-3364",False,"train",0.020192213356494904,0.020194729790091515,0.020196128636598587,0.6138812303543091,0.02019435726106167,0.0201971884816885,0.020201731473207474,0.22455355525016785,0.020192353054881096,0.020196521654725075
"DM-2281",False,"train",0.0,0.0,0.0,0.4455299973487854,0.0,0.0,0.0,0.0,0.0,0.5010932683944702
"DM-7202",False,"train",0.0,0.0,0.0,0.0,0.35066017508506775,0.0,0.1538189947605133,0.1563781499862671,0.0,0.3241575062274933
"DM-2625",False,"train",0.0,0.0,0.0,0.0,0.43046531081199646,0.0,0.0,0.5301768779754639,0.0,0.0
"DM-14594",False,"train",0.0,0.0,0.9177592396736145,0.0,0.0,0.0,0.0,0.0,0.0,0.0
"DM-21",False,"train",0.0,0.0,0.0,0.0,0.6398952007293701,0.0,0.0,0.0,0.29491037130355835,0.0
"DM-8119",False,"train",0.0,0.4746399223804474,0.0,0.0,0.0,0.0,0.0,0.0,0.0,0.5149163007736206
"DM-1596",False,"train",0.0,0.0,0.0,0.0,0.0,0.08299151062965393,0.0,0.0,0.04564972594380379,0.8480784893035889
"DM-5682",False,"train",0.0,0.9467452168464661,0.0,0.0,0.0,0.0,0.0,0.0,0.0,0.0
"DM-13963",False,"train",0.0,0.6405171751976013,0.0,0.3058338165283203,0.0,0.0,0.0,0.0,0.0,0.0
"DM-9979",True,"train",0.05356276407837868,0.0,0.0,0.0,0.0579284131526947,0.0,0.29729127883911133,0.0,0.0,0.5888091325759888
"DM-14508",False,"train",0.014080156572163105,0.014084097929298878,0.014080910943448544,0.01408182829618454,0.014081521891057491,0.36848515272140503,0.014080998487770557,0.01408070046454668,0.014079679735004902,0.5188649296760559
"DM-9252",False,"train",0.0,0.0,0.0,0.41737332940101624,0.0,0.0,0.0,0.08475395292043686,0.0,0.47511255741119385
"DM-5357",False,"train",0.0,0.0,0.0,0.0,0.0,0.9249330759048462,0.0,0.0,0.0,0.0
"DM-10429",False,"train",0.20215167105197906,0.0,0.0,0.0,0.0,0.0,0.0,0.7796473503112793,0.0,0.0
"DM-14170",False,"train",0.0,0.0,0.0,0.0,0.0,0.0,0.0,0.9678171873092651,0.0,0.0
"DM-18128",False,"train",0.0,0.0,0.0,0.0,0.0,0.8073077201843262,0.0,0.0,0.0,0.16763529181480408
"DM-1547",False,"train",0.010007763281464577,0.27072685956954956,0.01000829879194498,0.010009296238422394,0.010008024051785469,0.010010359808802605,0.010009014047682285,0.22842229902744293,0.43078649044036865,0.010011629201471806
"DM-16025",False,"train",0.0,0.0,0.0,0.0,0.0246333759278059,0.010300141759216785,0.0,0.0,0.7731456756591797,0.18510055541992188
"DM-2939",True,"train",0.041705913841724396,0.0,0.0,0.0,0.0,0.0,0.0,0.42841270565986633,0.0,0.512151837348938
"DM-14223",False,"train",0.0,0.0,0.0,0.0,0.0,0.0,0.9399560689926147,0.0,0.0,0.0
"DM-11910",False,"train",0.0501997135579586,0.0,0.0,0.3158528208732605,0.0797477662563324,0.0,0.0,0.15235063433647156,0.0,0.3946305513381958
"DM-5904",False,"train",0.0,0.0,0.0,0.9589537382125854,0.0,0.0,0.0,0.0,0.0,0.0
"DM-14172",True,"train",0.16863617300987244,0.6148943901062012,0.0,0.0,0.0,0.0,0.0,0.0,0.0,0.21344569325447083
"DM-1125",False,"train",0.0,0.0,0.0,0.0,0.0,0.9750515222549438,0.0,0.0,0.0,0.0
"DM-10039",False,"train",0.0,0.2498537003993988,0.0,0.0,0.0,0.0,0.15916594862937927,0.0,0.0,0.572136640548706
"DM-8822",False,"train",0.07909547537565231,0.16398030519485474,0.0,0.0,0.0,0.0,0.0,0.5590817928314209,0.18872517347335815,0.0
"DM-17553",False,"train",0.0,0.0,0.0,0.027633944526314735,0.14866581559181213,0.8090962767601013,0.0,0.0,0.0,0.0
"DM-9206",False,"train",0.0,0.0,0.0,0.4659295380115509,0.0,0.0,0.4166414439678192,0.0,0.0,0.10507699847221375
"DM-1694",True,"train",0.016689395532011986,0.01669386215507984,0.016690175980329514,0.47859787940979004,0.01670047454535961,0.016691120341420174,0.016691191121935844,0.38786089420318604,0.016690608114004135,0.016694415360689163
"DM-13345",False,"train",0.0,0.5427266359329224,0.0,0.0,0.43986478447914124,0.0,0.0,0.0,0.0,0.0
"DM-224",False,"train",0.014289389364421368,0.014294909313321114,0.014291009865701199,0.014294122345745564,0.014290508814156055,0.014292728155851364,0.014295184053480625,0.4030625820159912,0.014292200095951557,0.48259735107421875
"DM-14837",False,"train",0.051282789558172226,0.0834755003452301,0.0,0.39079520106315613,0.0,0.0,0.0,0.0,0.0,0.457376092672348
"DM-4495",True,"train",0.02002018131315708,0.2132255882024765,0.02002042345702648,0.02002067305147648,0.020020553842186928,0.020021095871925354,0.020020171999931335,0.626605749130249,0.02002546191215515,0.020020103082060814
"DM-4992",False,"train",0.0,0.5512540340423584,0.0,0.0,0.2723766565322876,0.0,0.0,0.0,0.13776184618473053,0.0
"DM-2900",False,"train",0.0,0.0,0.0,0.2333906888961792,0.0,0.0,0.7268995046615601,0.0,0.0,0.0
"DM-8182",False,"train",0.0,0.0,0.2649567127227783,0.5669181942939758,0.12226585298776627,0.0,0.0,0.0,0.0,0.0
"DM-9356",False,"train",0.0,0.0,0.0,0.12119605392217636,0.3393797278404236,0.0,0.0,0.0,0.1696348339319229,0.34124791622161865
"DM-14428",False,"train",0.2986425757408142,0.0,0.0,0.22018103301525116,0.0,0.0,0.0,0.0,0.0,0.46077418327331543
"DM-6996",False,"train",0.0,0.0,0.0,0.0,0.0,0.0,0.3097108006477356,0.655464231967926,0.0,0.0
"DM-13450",False,"train",0.0,0.0,0.0,0.4888276755809784,0.0,0.0,0.20296147465705872,0.0,0.0,0.276405930519104
"DM-3947",False,"train",0.0,0.0,0.0,0.0,0.0,0.0,0.9114651679992676,0.0,0.0,0.0
"DM-9965",False,"train",0.0,0.0,0.9590728282928467,0.0,0.0,0.0,0.0,0.0,0.0,0.0
"DM-17374",False,"train",0.0,0.9434620141983032,0.0,0.0,0.0,0.0,0.0,0.0,0.0,0.0
"DM-2191",True,"train",0.0,0.0,0.0,0.0,0.0,0.7072358727455139,0.0,0.10101956874132156,0.16703550517559052,0.0
"DM-9948",True,"train",0.0,0.0,0.0,0.9436405301094055,0.0,0.0,0.0,0.0,0.0,0.0
"DM-14385",False,"train",0.0,0.0,0.0,0.0,0.2398792803287506,0.0,0.0,0.0,0.0,0.7102081179618835
"DM-8084",False,"train",0.0,0.0,0.0,0.0,0.0,0.0,0.0,0.0,0.9969003200531006,0.0
"DM-291",True,"train",0.02495896816253662,0.48979756236076355,0.024960724636912346,0.024962875992059708,0.024967584758996964,0.024961549788713455,0.024962766095995903,0.0249621644616127,0.31050238013267517,0.024963462725281715
"DM-12127",False,"train",0.020005332306027412,0.020005371421575546,0.23278650641441345,0.020007150247693062,0.6071694493293762,0.02000502683222294,0.020005622878670692,0.02000521868467331,0.020005229860544205,0.020005105063319206
"DM-4997",False,"train",0.030984099954366684,0.0,0.0,0.9423156976699829,0.0,0.0,0.0,0.0,0.0,0.0
"DM-14758",False,"train",0.15383794903755188,0.0,0.0,0.0,0.7961317300796509,0.0,0.0,0.0,0.0,0.0
"DM-8019",False,"train",0.0,0.13170504570007324,0.05722217261791229,0.0,0.0,0.0,0.0,0.0,0.0,0.7864797115325928
"DM-8415",False,"train",0.0,0.31162741780281067,0.0,0.0,0.4127422273159027,0.0,0.25295785069465637,0.0,0.0,0.0
"DM-9948",True,"train",0.0,0.0,0.0,0.9436405301094055,0.0,0.0,0.0,0.0,0.0,0.0
"DM-14557",False,"train",0.0,0.0,0.0,0.0,0.8704391121864319,0.0,0.0,0.0,0.0,0.11389929801225662
"DM-2630",False,"train",0.0,0.0,0.0,0.0,0.0,0.0,0.12172677367925644,0.0,0.0,0.8713645935058594
"DM-10552",False,"train",0.0735805332660675,0.45387548208236694,0.0,0.3454112708568573,0.0,0.11464928090572357,0.0,0.0,0.0,0.0
"DM-14359",False,"train",0.0,0.0,0.9132735729217529,0.0,0.07783268392086029,0.0,0.0,0.0,0.0,0.0
"DM-12568",True,"train",0.0,0.26543039083480835,0.0,0.0,0.39126056432724,0.0,0.0,0.2741226851940155,0.0,0.0
"DM-916",False,"train",0.016680622473359108,0.01668066903948784,0.01668032631278038,0.0166801605373621,0.8498508334159851,0.016687806695699692,0.01668023131787777,0.01668107882142067,0.016695154830813408,0.016683122143149376
"DM-11280",False,"train",0.0,0.0,0.1440057009458542,0.0,0.0,0.0,0.0,0.0,0.0,0.8059794902801514
"DM-16788",True,"train",0.0,0.0,0.0,0.0,0.3652466833591461,0.0,0.0,0.5982958078384399,0.0,0.0
"DM-11542",False,"train",0.0,0.0,0.0,0.8835981488227844,0.0,0.0,0.0,0.0,0.10369707643985748,0.0
"DM-16129",False,"train",0.0,0.9653653502464294,0.0,0.0,0.0,0.0,0.0,0.0,0.0,0.0
"DM-8032",False,"train",0.0,0.26407742500305176,0.18820585310459137,0.40438035130500793,0.0,0.0,0.0,0.03879716247320175,0.0,0.09139633178710938
"DM-1329",False,"train",0.0,0.6071373224258423,0.0,0.0,0.0,0.15028759837150574,0.0,0.0,0.20756201446056366,0.0
"DM-699",True,"train",0.0,0.9702711701393127,0.0,0.0,0.0,0.0,0.0,0.0,0.0,0.0
"DM-16467",True,"train",0.7094926834106445,0.0,0.0,0.18068528175354004,0.0,0.0,0.0,0.0,0.07644396275281906,0.0
"DM-11887",False,"train",0.0,0.0,0.0,0.0,0.9689376950263977,0.0,0.0,0.0,0.0,0.0
"DM-4882",True,"train",0.0,0.0,0.0,0.16389484703540802,0.0,0.8120960593223572,0.0,0.0,0.0,0.0
"DM-10825",True,"train",0.0,0.0,0.0,0.0,0.09554212540388107,0.0,0.0,0.0,0.0,0.8724159002304077
"DM-4824",False,"train",0.16951242089271545,0.5678443908691406,0.0,0.0,0.0,0.19347095489501953,0.0,0.0,0.0,0.0
"DM-7558",False,"train",0.0,0.0,0.0,0.0,0.2954478859901428,0.0,0.0,0.6664444208145142,0.0,0.0
"DM-2411",False,"train",0.0,0.18581722676753998,0.0,0.0,0.0,0.0,0.0,0.5381542444229126,0.0,0.24118416011333466
"DM-12698",False,"train",0.8134902715682983,0.1514151692390442,0.0,0.0,0.0,0.0,0.0,0.0,0.0,0.0
"DM-3243",False,"train",0.09402206540107727,0.0,0.0,0.0,0.0,0.7829663157463074,0.0,0.09795665740966797,0.0,0.0
"DM-18344",False,"train",0.0,0.0,0.0,0.09734755754470825,0.0,0.25957754254341125,0.0,0.0,0.0,0.6201992630958557
"DM-3360",False,"train",0.0,0.9180810451507568,0.0,0.0,0.0,0.0,0.0,0.0,0.0,0.0
"DM-8579",False,"train",0.044117800891399384,0.7412188053131104,0.0,0.0,0.0,0.1962212175130844,0.0,0.0,0.0,0.0
"DM-17914",False,"train",0.0,0.7675260305404663,0.0,0.0,0.0,0.0,0.0,0.0,0.19172434508800507,0.0
"DM-13914",False,"train",0.0,0.0,0.0,0.0,0.18793824315071106,0.0,0.0,0.0,0.0,0.7508682608604431
"DM-14024",False,"train",0.0,0.2023332267999649,0.0,0.0,0.0,0.0,0.0,0.0,0.0,0.7311028838157654
"DM-9829",False,"train",0.06252103298902512,0.0,0.0,0.0,0.0,0.0,0.0,0.019921233877539635,0.9145307540893555,0.0
"DM-16177",False,"train",0.0,0.9595763087272644,0.0,0.0,0.0,0.0,0.0,0.0,0.0,0.0
"DM-10528",False,"train",0.011031010188162327,0.011033231392502785,0.011031725443899632,0.01103152334690094,0.01103152148425579,0.900714099407196,0.011032145470380783,0.011031679809093475,0.011031027883291245,0.011032006703317165
"DM-15373",False,"train",0.025002501904964447,0.025003140792250633,0.7749576568603516,0.025002602487802505,0.025002747774124146,0.02500920742750168,0.025009386241436005,0.02500278130173683,0.025005435571074486,0.025004545226693153
"DM-9519",False,"train",0.0,0.0,0.015123438090085983,0.0,0.0,0.0,0.024818120524287224,0.06894312053918839,0.8850724101066589,0.0
"DM-5798",False,"train",0.0,0.056523796170949936,0.0,0.1321628987789154,0.0,0.0,0.0,0.0,0.0,0.7933253645896912
"DM-3971",False,"train",0.03137918934226036,0.7175741791725159,0.03137952834367752,0.03137937933206558,0.03138253092765808,0.03138306736946106,0.03138207644224167,0.03138004243373871,0.031379856169223785,0.03138015791773796
"DM-16418",False,"train",0.0,0.935623049736023,0.0,0.0,0.0,0.0,0.0,0.0,0.0,0.0
"DM-4473",False,"train",0.011097383685410023,0.011101942509412766,0.011097541078925133,0.011098167859017849,0.011097081005573273,0.9001131057739258,0.01110005658119917,0.01109835784882307,0.011097194626927376,0.011099107563495636
"DM-5197",True,"train",0.0,0.5806248784065247,0.0,0.0,0.19789880514144897,0.20595772564411163,0.0,0.0,0.0,0.0
"DM-3490",False,"train",0.0,0.0,0.65185546875,0.2838394045829773,0.0,0.04362338408827782,0.0,0.0,0.0,0.0
"DM-12421",False,"train",0.0,0.0,0.0,0.0,0.0,0.5029856562614441,0.0,0.443732887506485,0.0,0.0
"DM-7957",False,"train",0.0,0.0,0.0,0.0,0.0,0.6177940368652344,0.0,0.0,0.0,0.33322712779045105
"DM-3398",False,"train",0.0,0.0,0.0,0.0,0.0,0.0,0.06941420584917068,0.03853921219706535,0.866096556186676,0.01488468423485756
"DM-5320",False,"train",0.0,0.10881500691175461,0.0,0.0,0.0,0.872970461845398,0.0,0.0,0.0,0.0
"DM-1326",False,"train",0.0,0.0,0.0730380192399025,0.0,0.0,0.0,0.0,0.8993220329284668,0.0,0.0
"DM-12553",True,"train",0.0,0.0,0.0,0.7823683619499207,0.0,0.0,0.0,0.1563759297132492,0.0,0.0
"DM-9909",False,"train",0.01710738055408001,0.0,0.0,0.0,0.0,0.0,0.0,0.0,0.9769822955131531,0.0
"DM-12491",False,"train",0.0,0.0,0.0,0.3303121328353882,0.3215563893318176,0.3201492130756378,0.0,0.0,0.0,0.0
"DM-12019",True,"train",0.0,0.5459445714950562,0.0,0.0,0.0,0.0,0.0,0.4004613161087036,0.0,0.0
"DM-2192",True,"train",0.0,0.6288285255432129,0.0,0.0,0.0,0.0,0.0,0.32909834384918213,0.0,0.0
"DM-3368",True,"train",0.0,0.9785387516021729,0.0,0.0,0.0,0.0,0.0,0.0,0.0,0.0
"DM-13136",False,"train",0.0,0.0,0.0,0.0,0.0,0.39008423686027527,0.0,0.0,0.5997464656829834,0.0
"DM-7178",False,"train",0.0,0.0,0.0,0.0,0.0,0.6440988779067993,0.0,0.17931687831878662,0.14813195168972015,0.0
"DM-7108",False,"train",0.8368721008300781,0.0,0.0,0.0,0.13551609218120575,0.0,0.0,0.0,0.0,0.0
"DM-4756",True,"train",0.0,0.0,0.0,0.0,0.0,0.0,0.0,0.9497774243354797,0.0,0.0
"DM-471",False,"train",0.0,0.0,0.0630323737859726,0.0,0.0,0.0,0.0,0.9246358871459961,0.0,0.0
"DM-6296",True,"train",0.0746765211224556,0.0,0.0,0.0,0.0,0.0,0.8995121717453003,0.0,0.0,0.0
"DM-17341",False,"train",0.0,0.0,0.0,0.0,0.0,0.0,0.9437025189399719,0.0,0.0,0.0
"DM-1017",False,"train",0.0,0.11181601136922836,0.0,0.8686305284500122,0.0,0.0,0.0,0.0,0.0,0.0
"DM-4218",False,"train",0.0,0.0,0.047938406467437744,0.0,0.0,0.6921760439872742,0.0,0.0,0.2349027693271637,0.0
"DM-8390",False,"train",0.0,0.0,0.0,0.0,0.0,0.0,0.05112815648317337,0.0,0.6036106944084167,0.3264593780040741
"DM-10613",False,"train",0.0,0.0,0.0,0.0,0.0,0.0,0.9699744582176208,0.0,0.0,0.0
"DM-10502",True,"train",0.0,0.0,0.0,0.34935975074768066,0.0,0.0,0.0,0.0,0.0,0.6296017169952393
"DM-8455",False,"train",0.024111513048410416,0.3602483868598938,0.02411116287112236,0.024110844358801842,0.024112414568662643,0.0241108275949955,0.44686228036880493,0.024110756814479828,0.024110890924930573,0.024110917001962662
"DM-7039",False,"train",0.0,0.1489332914352417,0.0,0.0,0.2886670231819153,0.18178509175777435,0.0,0.0,0.0,0.3675655126571655
"DM-3985",False,"train",0.0,0.0,0.0,0.1979227513074875,0.0,0.0,0.5900647044181824,0.0,0.0,0.17896533012390137
"DM-15872",True,"train",0.0,0.0,0.0,0.0,0.0,0.0,0.0,0.0,0.0,0.9726561307907104
"DM-18329",False,"train",0.0,0.0,0.0,0.0,0.0,0.0,0.9449400305747986,0.0,0.0,0.0
"DM-4538",False,"train",0.0,0.0,0.21799392998218536,0.37511542439460754,0.0,0.0,0.0,0.0,0.0,0.37777137756347656
"DM-1702",False,"train",0.0,0.8168230056762695,0.0,0.0,0.0,0.0,0.0,0.11619294434785843,0.0,0.0
"DM-15513",False,"train",0.0,0.0,0.0,0.0,0.0,0.0,0.9525868892669678,0.0,0.0,0.0
"DM-16726",False,"train",0.0,0.0,0.0,0.0,0.0,0.9140785336494446,0.0,0.0,0.0723443478345871,0.0
"DM-8094",False,"train",0.0,0.799370527267456,0.0,0.0,0.0,0.0,0.16006825864315033,0.0,0.026085853576660156,0.0
"DM-8434",True,"train",0.13927842676639557,0.0,0.0,0.0,0.0,0.0,0.794120728969574,0.0,0.0,0.0
"DM-6972",False,"train",0.0,0.6416881680488586,0.0,0.0,0.0,0.0,0.0,0.29684022068977356,0.0,0.0
"DM-16326",False,"train",0.09338782727718353,0.7328691482543945,0.0,0.0,0.11585377901792526,0.0,0.0,0.0,0.0,0.0
"DM-15571",False,"train",0.0,0.6843870282173157,0.0,0.0,0.0,0.0,0.0,0.29408034682273865,0.0,0.0
"DM-16400",False,"train",0.0,0.0,0.0,0.0,0.6099690794944763,0.0,0.0,0.0,0.0,0.3590541183948517
"DM-12668",True,"train",0.024712730199098587,0.0,0.0,0.0,0.30823004245758057,0.0,0.6540600061416626,0.0,0.0,0.0
"DM-10907",False,"train",0.0,0.0,0.0,0.0,0.0,0.0,0.0,0.0,0.0,0.9498056173324585
"DM-2312",False,"train",0.0,0.11931412667036057,0.0,0.0,0.0,0.0,0.0,0.0,0.12736929953098297,0.7343743443489075
"DM-7416",False,"train",0.011154833249747753,0.13046759366989136,0.01115292776376009,0.011154202744364738,0.011154156178236008,0.011153147555887699,0.011154149658977985,0.011156590655446053,0.7802992463111877,0.011153185740113258
"DM-17967",False,"train",0.0,0.0,0.0,0.6919956803321838,0.0,0.0,0.2794820964336395,0.0,0.0,0.0
"DM-9500",True,"train",0.6306151747703552,0.0395967997610569,0.0,0.0,0.0,0.2794642746448517,0.0,0.0,0.0,0.03953089565038681
"DM-17611",False,"train",0.0,0.0,0.0,0.0,0.0,0.0,0.42844274640083313,0.0,0.0,0.5458737015724182
"DM-1446",True,"train",0.011323578655719757,0.01132478192448616,0.14031513035297394,0.011324566788971424,0.011323555372655392,0.011323677375912666,0.011323818936944008,0.011324361898005009,0.011324082501232624,0.7690924406051636
"DM-5869",False,"train",0.0,0.0,0.0,0.0,0.6812159419059753,0.17613761126995087,0.0,0.0,0.0,0.12235412746667862
"DM-2729",False,"train",0.15648990869522095,0.4193706512451172,0.0,0.0,0.0,0.0,0.0,0.05246090143918991,0.0,0.3507757782936096
"DM-7452",False,"train",0.0,0.0,0.0,0.0,0.09663907438516617,0.0,0.0,0.8141553401947021,0.061224713921546936,0.0
"DM-12421",False,"train",0.0,0.0,0.0,0.0,0.0,0.5029856562614441,0.0,0.443732887506485,0.0,0.0
"DM-4833",False,"train",0.0,0.0,0.0,0.0,0.0,0.9469825029373169,0.0,0.0,0.0,0.0
"DM-17550",False,"train",0.011271808296442032,0.011272900737822056,0.01127223577350378,0.011274491436779499,0.2631213068962097,0.011272658593952656,0.01127260085195303,0.011273023672401905,0.011272555217146873,0.6466964483261108
"DM-2459",False,"train",0.01251345407217741,0.8873735070228577,0.012516599148511887,0.01251174882054329,0.012512839399278164,0.012511965818703175,0.012511543929576874,0.012521876953542233,0.01251127663999796,0.012515204027295113
"DM-8866",False,"train",0.0,0.0,0.0,0.0,0.0,0.0,0.9249778389930725,0.0,0.0,0.0
"DM-7477",True,"train",0.0,0.0,0.0,0.0,0.0,0.0,0.0,0.0,0.0,0.9550248384475708
"DM-11292",False,"train",0.0,0.3589513301849365,0.353603333234787,0.0,0.0,0.0,0.0,0.2556610703468323,0.0,0.0
"DM-6860",False,"train",0.0,0.08746974915266037,0.0,0.49686792492866516,0.20461957156658173,0.19991834461688995,0.0,0.0,0.0,0.0
"DM-11533",False,"train",0.0,0.1550792157649994,0.0,0.0,0.48364779353141785,0.0,0.2384614646434784,0.0,0.0,0.09712446480989456
"DM-16864",False,"train",0.0,0.0,0.0,0.0,0.0,0.0,0.0,0.09014522284269333,0.0,0.8950051069259644
"DM-10902",False,"train",0.0,0.0,0.0,0.21774105727672577,0.0,0.5261673331260681,0.07103781402111053,0.0,0.0,0.1626356542110443
"DM-6287",False,"train",0.0,0.2789222300052643,0.0,0.0,0.0,0.0,0.0,0.1651555895805359,0.0,0.5370423197746277
"DM-4801",False,"train",0.0,0.0,0.0,0.0,0.0,0.0,0.0,0.0,0.0,0.9839216470718384
"DM-14749",False,"train",0.012614570558071136,0.31432753801345825,0.012615099549293518,0.012616979889571667,0.012619583867490292,0.012619050219655037,0.01261789258569479,0.012616456486284733,0.012614733539521694,0.5847380757331848
"DM-17658",False,"train",0.0,0.0,0.0,0.0,0.0,0.0,0.9399763345718384,0.0,0.0,0.0
"DM-7114",False,"train",0.0,0.0,0.9876371622085571,0.0,0.0,0.0,0.0,0.0,0.0,0.0
"DM-8818",False,"train",0.0,0.39301663637161255,0.0,0.070506751537323,0.0,0.0,0.5032107830047607,0.0,0.0,0.0
"DM-13766",False,"train",0.0,0.0,0.10826586186885834,0.0,0.25187572836875916,0.0,0.0,0.6049376130104065,0.0,0.0
"DM-14391",True,"train",0.076154425740242,0.25476905703544617,0.0,0.0,0.0,0.26896801590919495,0.0,0.0,0.0,0.38978368043899536
"DM-1883",False,"train",0.01664237678050995,0.016645072028040886,0.016643399372696877,0.016646163538098335,0.01664636842906475,0.01664489507675171,0.016645317897200584,0.5883966088294983,0.27844226360321045,0.01664751023054123
"DM-12491",False,"train",0.0,0.0,0.0,0.3303121328353882,0.3215563893318176,0.3201492130756378,0.0,0.0,0.0,0.0
"DM-10980",False,"train",0.010028551332652569,0.010029030963778496,0.010028560645878315,0.39112481474876404,0.010030357167124748,0.010027579963207245,0.010027604177594185,0.010028400458395481,0.5286463499069214,0.010028786025941372
"DM-648",False,"train",0.0,0.0,0.0,0.0,0.0,0.0,0.9302902817726135,0.0,0.0,0.0
"DM-1463",False,"train",0.0,0.1376836746931076,0.0,0.0,0.0,0.0,0.0,0.0,0.0,0.8052617907524109
"DM-10952",True,"train",0.0,0.0,0.0,0.0,0.0,0.0,0.0,0.0,0.0,0.9399477243423462
"DM-7455",False,"train",0.0,0.0,0.0,0.0,0.0,0.0,0.0,0.0,0.0,0.9525974988937378
"DM-10226",True,"train",0.0,0.0,0.0,0.0,0.0,0.5935143232345581,0.0,0.36653459072113037,0.0,0.0
"DM-3366",False,"train",0.0,0.0,0.0,0.0,0.0,0.0,0.0,0.0,0.0,0.9181164503097534
"DM-5694",False,"train",0.0,0.0,0.0,0.0,0.0,0.0,0.0,0.9470387101173401,0.0,0.0
"DM-12848",False,"train",0.0,0.47578316926956177,0.11542635411024094,0.0,0.0,0.0,0.0,0.10092608630657196,0.0,0.2980266511440277
"DM-5594",False,"train",0.0,0.0,0.08499850332736969,0.0,0.0,0.0,0.04958048462867737,0.23616796731948853,0.0,0.5959259867668152
"DM-12457",False,"train",0.0,0.0,0.0,0.36946216225624084,0.18765729665756226,0.0,0.0,0.0,0.4178476929664612,0.0
"DM-12920",True,"train",0.0,0.0,0.0,0.0,0.5463041663169861,0.0,0.41564399003982544,0.0,0.0,0.0
"DM-11571",False,"train",0.0,0.0,0.0,0.0,0.0,0.0,0.9126618504524231,0.07376516610383987,0.0,0.0
"DM-12973",False,"train",0.0,0.0,0.0,0.35813164710998535,0.0,0.0,0.0,0.2446364015340805,0.1566152423620224,0.19434969127178192
"DM-9801",False,"train",0.0,0.0,0.0,0.0,0.0,0.0,0.0,0.0,0.9934585690498352,0.0
"DM-5107",False,"train",0.0,0.6775182485580444,0.0,0.0,0.0,0.0,0.12809668481349945,0.1769736409187317,0.0,0.0
"DM-15913",False,"train",0.0,0.0,0.0,0.0,0.0,0.0,0.7485211491584778,0.0,0.0,0.22793127596378326
"DM-1118",False,"train",0.0,0.0,0.19980213046073914,0.0,0.0,0.0,0.7671796083450317,0.0,0.0,0.0
"DM-12304",False,"train",0.0,0.0,0.0,0.0,0.39858630299568176,0.10139502584934235,0.0,0.0,0.0,0.49166008830070496
"DM-744",False,"train",0.01113035436719656,0.01113048940896988,0.011129796504974365,0.011134420521557331,0.011131243780255318,0.011129714548587799,0.8998235464096069,0.01112960185855627,0.011130383238196373,0.01113042887300253
"DM-7126",False,"train",0.014319316484034061,0.24275049567222595,0.6426712274551392,0.014320210553705692,0.014319567009806633,0.014322471804916859,0.014327666722238064,0.014322721399366856,0.01432175375521183,0.01432458683848381
"DM-17441",False,"train",0.0,0.0,0.0,0.06434424221515656,0.0,0.0,0.0,0.0,0.05314457416534424,0.8624424338340759
"DM-3792",False,"train",0.0,0.0,0.0,0.0,0.0,0.0,0.0,0.9436244368553162,0.0,0.0
"DM-365",False,"train",0.0,0.4281756281852722,0.0671800896525383,0.0,0.0,0.0,0.0,0.0,0.0,0.4813465476036072
"DM-10132",False,"train",0.0,0.2845807373523712,0.0,0.0,0.0,0.0,0.5629270076751709,0.12992893159389496,0.0,0.0
"DM-7762",True,"train",0.0,0.345386803150177,0.0,0.6412752270698547,0.0,0.0,0.0,0.0,0.0,0.0
"DM-10233",False,"train",0.0,0.9525942802429199,0.0,0.0,0.0,0.0,0.0,0.0,0.0,0.0
"DM-16021",True,"train",0.0,0.0,0.0,0.1278678923845291,0.0,0.8341707587242126,0.0,0.0,0.0,0.0
"DM-8888",False,"train",0.0,0.0,0.0,0.0,0.0,0.0,0.9867478609085083,0.0,0.0,0.0
"DM-2477",False,"train",0.0,0.0,0.2587485611438751,0.38561713695526123,0.0,0.07323697954416275,0.0,0.26774320006370544,0.0,0.0
"DM-1364",False,"train",0.0,0.0,0.9487252831459045,0.0,0.0,0.0,0.0,0.0,0.0,0.0
"DM-11461",False,"train",0.0,0.2754689157009125,0.0,0.21026186645030975,0.0,0.0,0.2047681212425232,0.29800838232040405,0.0,0.0
"DM-7106",False,"train",0.0,0.5492315292358398,0.0,0.0,0.0,0.0,0.0,0.0,0.0,0.40829384326934814
"DM-8422",True,"train",0.0,0.0,0.0,0.0,0.0,0.0,0.924974799156189,0.0,0.0,0.0
"DM-7326",False,"train",0.0,0.09997399151325226,0.0,0.0,0.0,0.0,0.0,0.0,0.5082297921180725,0.36262667179107666
"DM-11953",False,"train",0.15765008330345154,0.17966192960739136,0.0,0.0,0.0,0.6377821564674377,0.0,0.0,0.0,0.0
"DM-15080",False,"train",0.0,0.09090026468038559,0.0,0.0,0.0,0.0,0.8738611936569214,0.0,0.0,0.0
"DM-7653",False,"train",0.0,0.4892357289791107,0.4726511836051941,0.0,0.0,0.0,0.0,0.0,0.0,0.0
"DM-2522",False,"train",0.0,0.0,0.0,0.0,0.0,0.0,0.0,0.0,0.0,0.9811589121818542
"DM-8808",False,"train",0.0,0.0,0.0,0.0,0.0806303322315216,0.0,0.8845146894454956,0.0,0.0,0.0
"DM-3772",False,"train",0.0,0.0,0.0,0.0,0.0,0.8822083473205566,0.08915815502405167,0.0,0.0,0.0
"DM-11046",False,"train",0.0,0.0,0.0,0.0,0.0,0.0,0.7220620512962341,0.20013819634914398,0.0,0.0
"DM-1979",True,"train",0.0,0.7134101986885071,0.0,0.0,0.0,0.2198805958032608,0.0,0.0,0.0,0.0
"DM-8680",False,"train",0.016191167756915092,0.016192808747291565,0.016192004084587097,0.8542662858963013,0.016192009672522545,0.016192208975553513,0.016194144263863564,0.01619269885122776,0.016192104667425156,0.01619461551308632
"DM-6500",False,"train",0.0,0.738361656665802,0.0,0.0,0.0,0.0,0.19525375962257385,0.0,0.0,0.0
"DM-2552",False,"train",0.015104374848306179,0.0,0.0,0.0,0.0,0.7582360506057739,0.07951850444078445,0.0,0.0,0.14248663187026978
"DM-18318",False,"train",0.47441086173057556,0.0,0.0,0.12863823771476746,0.0,0.0,0.0,0.0,0.0,0.38013455271720886
"DM-2469",False,"train",0.024762902408838272,0.02476452849805355,0.024764573201537132,0.024763138964772224,0.024763198569417,0.2816771864891052,0.5202142000198364,0.024763625115156174,0.024762790650129318,0.024763841181993484
"DM-4253",False,"train",0.0,0.14122946560382843,0.0,0.1931387484073639,0.0,0.0,0.0,0.6123871803283691,0.0,0.0
"DM-6474",False,"train",0.0,0.0,0.0,0.0,0.0,0.12940914928913116,0.0,0.0,0.0,0.8205289840698242
"DM-13045",True,"train",0.0,0.0,0.0,0.9666178226470947,0.0,0.0,0.0,0.0,0.0,0.0
"DM-10733",False,"train",0.0,0.0772923156619072,0.0,0.0,0.23518282175064087,0.07416783273220062,0.0,0.5131279826164246,0.08669395744800568,0.0
"DM-13693",False,"train",0.0,0.6961128115653992,0.0,0.0,0.0,0.0,0.21393822133541107,0.0,0.058306194841861725,0.0
"DM-1252",False,"train",0.014293010346591473,0.014294849708676338,0.014289980754256248,0.5075700283050537,0.014291029423475266,0.014291259460151196,0.37809425592422485,0.014289531856775284,0.01429318729788065,0.014292869716882706
"DM-16175",True,"train",0.31298139691352844,0.0,0.0,0.0,0.0,0.6798596978187561,0.0,0.0,0.0,0.0
"DM-15358",True,"train",0.0,0.0,0.0,0.0,0.0,0.0,0.0,0.0,0.0,0.931195080280304
"DM-15760",False,"train",0.07629551738500595,0.04896855354309082,0.033826082944869995,0.12098738551139832,0.0,0.5355241894721985,0.0,0.17454780638217926,0.0,0.0
"DM-11284",False,"train",0.0,0.0,0.0,0.9951167106628418,0.0,0.0,0.0,0.0,0.0,0.0
"DM-10042",False,"train",0.7196942567825317,0.0,0.0,0.0,0.0,0.0,0.23581735789775848,0.0,0.0,0.0
"DM-13958",True,"train",0.0,0.7517662644386292,0.0,0.0,0.0,0.0,0.0,0.0,0.1727587878704071,0.0
"DM-1653",False,"train",0.0,0.0,0.0,0.0,0.0,0.0,0.22263628244400024,0.3262176811695099,0.0,0.440530389547348
"DM-11672",False,"train",0.0,0.0,0.0,0.302328884601593,0.0,0.0,0.0,0.08771734684705734,0.0,0.597200334072113
"DM-13896",False,"train",0.0,0.37092962861061096,0.0,0.0,0.25914424657821655,0.0,0.12970088422298431,0.2108001857995987,0.0,0.0
"DM-8235",False,"train",0.01251133531332016,0.012511231005191803,0.012511784210801125,0.8873914480209351,0.012512221932411194,0.01251174509525299,0.012511452659964561,0.012512334622442722,0.012513313442468643,0.012513150461018085
"DM-4501",False,"train",0.01667400822043419,0.01666850410401821,0.016669312492012978,0.016676321625709534,0.01666903868317604,0.016671879217028618,0.01666971854865551,0.8499624133110046,0.016669388860464096,0.016669414937496185
"DM-17492",False,"train",0.06659271568059921,0.0,0.0,0.217350572347641,0.0,0.0,0.0,0.0,0.0,0.68693608045578
"DM-15138",False,"train",0.0,0.0,0.0,0.0,0.37726104259490967,0.34850361943244934,0.0,0.0,0.25309789180755615,0.0
"DM-444",False,"train",0.014294476248323917,0.014295184053480625,0.014296771958470345,0.014294500462710857,0.014293934218585491,0.014295283704996109,0.014295761473476887,0.014300533570349216,0.014294336549937725,0.8713392019271851
"DM-17313",False,"train",0.0,0.9212698340415955,0.0,0.0,0.0,0.0,0.0,0.0,0.0,0.0
"DM-12040",False,"train",0.0,0.5533950328826904,0.0,0.0,0.0,0.3407920300960541,0.0,0.0,0.08922417461872101,0.0
"DM-15040",False,"train",0.0,0.0,0.0,0.0,0.0,0.0,0.0,0.0,0.9977331161499023,0.0
"DM-7455",False,"train",0.0,0.0,0.0,0.0,0.0,0.0,0.0,0.0,0.0,0.9525974988937378
"DM-7422",False,"train",0.0,0.0,0.0,0.0,0.0,0.0,0.0,0.11051015555858612,0.0,0.8514621257781982
"DM-9969",False,"train",0.0,0.0,0.0,0.0,0.9305410981178284,0.0,0.0,0.0,0.0,0.0
"DM-4816",False,"train",0.0,0.0,0.0,0.0,0.0,0.0,0.8195562958717346,0.0,0.0,0.15590499341487885
"DM-7785",False,"train",0.0,0.0,0.0,0.0,0.3977694809436798,0.0,0.0,0.0,0.1321338415145874,0.43987929821014404
"DM-12156",False,"train",0.0,0.0,0.0,0.0,0.0,0.0,0.0,0.9307462573051453,0.0,0.0
"DM-5137",False,"train",0.0,0.2187793254852295,0.0,0.15538020431995392,0.18229496479034424,0.0,0.0,0.0,0.41012299060821533,0.0
"DM-17219",False,"train",0.0,0.0,0.0,0.0,0.0,0.0,0.0,0.35292351245880127,0.6183189153671265,0.0
"DM-4492",False,"train",0.014816527254879475,0.014810394495725632,0.014810320921242237,0.014811997301876545,0.014810362830758095,0.0148102892562747,0.014812990091741085,0.6653937101364136,0.01481021661311388,0.21611317992210388
"DM-16373",False,"train",0.0,0.0,0.0,0.26828980445861816,0.0,0.17854125797748566,0.3405223786830902,0.07405781745910645,0.0,0.13201411068439484
"DM-5869",False,"train",0.0,0.0,0.0,0.0,0.6812159419059753,0.17613761126995087,0.0,0.0,0.0,0.12235412746667862
"DM-1903",False,"train",0.0,0.0,0.0,0.0,0.5333420634269714,0.43031975626945496,0.0,0.0,0.0,0.0
"DM-9998",True,"train",0.0,0.0,0.0,0.0,0.0,0.9734607338905334,0.0,0.0,0.0,0.0
"DM-15241",False,"train",0.43912091851234436,0.04060361906886101,0.0,0.0,0.0,0.3302990198135376,0.0,0.17448711395263672,0.0,0.0
"DM-15911",False,"train",0.0,0.11349671334028244,0.1399943083524704,0.0,0.0,0.0,0.2086413949728012,0.0,0.0,0.5156518816947937
"DM-2681",False,"train",0.6780800819396973,0.0,0.0,0.25657886266708374,0.0,0.0,0.0,0.0,0.0,0.053946442902088165
"DM-5918",True,"train",0.0,0.0,0.0,0.0,0.12064327299594879,0.0,0.0,0.8647676706314087,0.0,0.0
"DM-9118",True,"train",0.0,0.0,0.0,0.0,0.0,0.0,0.5895675420761108,0.0,0.34300652146339417,0.0
"DM-4481",True,"train",0.014290496706962585,0.014288180507719517,0.014288388192653656,0.1979057490825653,0.014287920668721199,0.01428832858800888,0.014287937432527542,0.6877857446670532,0.0142881590873003,0.014289104379713535
"DM-3370",True,"train",0.0,0.5793241858482361,0.0,0.0,0.0,0.0,0.0,0.3842812776565552,0.0,0.0
"DM-5868",False,"train",0.0,0.0,0.0,0.0,0.8409169912338257,0.0,0.0,0.13034866750240326,0.0,0.0
"DM-17529",False,"train",0.0,0.0,0.1752057522535324,0.17574934661388397,0.0,0.24558523297309875,0.0,0.0,0.0,0.38632068037986755
"DM-13980",False,"train",0.016588283702731133,0.29874637722969055,0.016591589897871017,0.016592664644122124,0.016587844118475914,0.01658809185028076,0.5685368180274963,0.016590645536780357,0.01658790558576584,0.016589734703302383
"DM-12610",False,"train",0.0,0.0,0.0,0.0,0.0,0.962414026260376,0.0,0.0,0.0,0.0
"DM-4808",False,"train",0.0,0.0,0.15982547402381897,0.0,0.0,0.0,0.0,0.7896031141281128,0.0,0.0
"DM-637",False,"train",0.0,0.1762007176876068,0.34393367171287537,0.05579792335629463,0.0,0.0,0.0,0.0,0.33002543449401855,0.08787649869918823
"DM-2710",False,"train",0.0,0.0,0.6067140102386475,0.0,0.0,0.0,0.0,0.0,0.0,0.36449506878852844
"DM-1022",True,"train",0.0,0.09377676248550415,0.0,0.0,0.0,0.06906908750534058,0.4943951666355133,0.0,0.33764904737472534,0.0
"DM-1128",False,"train",0.0,0.0,0.0,0.542777419090271,0.0,0.0,0.0,0.0,0.0,0.39213141798973083
"DM-5266",False,"train",0.0,0.38208869099617004,0.05637527257204056,0.0,0.0,0.0,0.29788926243782043,0.0,0.23683170974254608,0.0
"DM-10847",False,"train",0.0,0.0,0.0,0.9549362063407898,0.0,0.0,0.0,0.0,0.0,0.0
"DM-5471",False,"train",0.0,0.0,0.0,0.0,0.2030394971370697,0.0,0.0,0.0,0.0,0.7650910019874573
"DM-10497",False,"train",0.0,0.0,0.0,0.0,0.13516849279403687,0.7979694604873657,0.0,0.0,0.0,0.0
"DM-17977",False,"train",0.0,0.0,0.0,0.0,0.0,0.0,0.45872318744659424,0.0,0.11386340111494064,0.4138181507587433
"DM-10567",False,"train",0.019059333950281143,0.01906147599220276,0.019059820100665092,0.019061191007494926,0.6335445046424866,0.01905936747789383,0.019059255719184875,0.019060054793953896,0.21397189795970917,0.01906314119696617
"DM-8405",False,"train",0.0992741659283638,0.0,0.0,0.0,0.0,0.0,0.0,0.8508141040802002,0.0,0.0
"DM-772",True,"train",0.0,0.0,0.0,0.0,0.15889720618724823,0.4909500181674957,0.2652895450592041,0.0,0.06088034436106682,0.0
"DM-13513",True,"train",0.0,0.0,0.0,0.2964083254337311,0.0,0.6424830555915833,0.0,0.0,0.0,0.0
"DM-3249",False,"train",0.0,0.0,0.0,0.0,0.0,0.0,0.0,0.0,0.0,0.977489173412323
"DM-7498",True,"train",0.0,0.0,0.0,0.0,0.0,0.0,0.0,0.935543417930603,0.0,0.0
"DM-17375",True,"train",0.0,0.0,0.0,0.0,0.0,0.0,0.0,0.0,0.7075050473213196,0.24469363689422607
"DM-16502",False,"train",0.0,0.4069990813732147,0.07097361981868744,0.10450869798660278,0.0,0.0,0.0,0.28026291728019714,0.0,0.11940179020166397
"DM-9303",False,"train",0.0,0.4858802258968353,0.0,0.3424018919467926,0.06482288986444473,0.0,0.0,0.0,0.1034853532910347,0.0
"DM-13224",False,"train",0.016313135623931885,0.016320116817951202,0.01631409302353859,0.41545188426971436,0.4540284276008606,0.0163139495998621,0.016315074637532234,0.016314616426825523,0.016313018277287483,0.01631571166217327
"DM-12011",False,"train",0.0,0.0,0.0,0.978036105632782,0.0,0.0,0.0,0.0,0.0,0.0
"DM-8644",True,"train",0.0,0.0,0.08672504127025604,0.0,0.39783379435539246,0.0,0.0,0.0,0.09194063395261765,0.4036843478679657
"DM-11544",False,"train",0.13107319176197052,0.0,0.0793575644493103,0.0,0.0,0.0,0.0,0.7735132575035095,0.0,0.0
"DM-2021",True,"train",0.0,0.0,0.0,0.0,0.0,0.0,0.0,0.8484212756156921,0.0,0.11677048355340958
"DM-8085",False,"train",0.0,0.0,0.0,0.0321473628282547,0.0,0.018573064357042313,0.0,0.0,0.8901442885398865,0.05617663636803627
"DM-14218",False,"train",0.014309609308838844,0.8712660670280457,0.014304008334875107,0.01430168841034174,0.014303522184491158,0.01430600043386221,0.014302544295787811,0.014302008785307407,0.014301948249340057,0.01430258248001337
"DM-12698",False,"train",0.8134902715682983,0.1514151692390442,0.0,0.0,0.0,0.0,0.0,0.0,0.0,0.0
"DM-4758",True,"train",0.0,0.19067898392677307,0.0,0.3605978786945343,0.0,0.0,0.23762890696525574,0.18635357916355133,0.0,0.0
"DM-1621",False,"train",0.0,0.0,0.0,0.7038136720657349,0.0,0.0,0.2595979571342468,0.0,0.0,0.0
"DM-8604",False,"train",0.0,0.28985974192619324,0.0,0.0,0.0,0.0,0.0,0.0,0.0,0.6843575835227966
"DM-10281",False,"train",0.1982814520597458,0.30020084977149963,0.0,0.0,0.0,0.0,0.0,0.0,0.4550321400165558,0.03819192200899124
"DM-10831",False,"train",0.0,0.0,0.0,0.0,0.0,0.0,0.0,0.0,0.0,0.9849855899810791
"DM-833",False,"train",0.10660132020711899,0.0,0.0,0.0,0.42626869678497314,0.43267393112182617,0.0,0.0,0.0,0.0
"DM-2205",True,"train",0.0,0.0,0.03228987008333206,0.0,0.4630863070487976,0.0,0.0,0.0,0.0,0.48802614212036133
"DM-7057",False,"train",0.2038983553647995,0.01978970132768154,0.019788719713687897,0.01978607103228569,0.019788475707173347,0.019787466153502464,0.637790858745575,0.019793154671788216,0.01978890225291252,0.019788328558206558
"DM-11479",True,"train",0.0,0.0,0.0,0.0,0.0,0.45723968744277954,0.5141331553459167,0.0,0.0,0.0
"DM-11895",False,"train",0.0,0.0,0.0,0.0,0.0,0.0,0.40619340538978577,0.05360979959368706,0.1472998559474945,0.385555624961853
"DM-8223",False,"train",0.0,0.0,0.0,0.8391815423965454,0.0,0.11673282831907272,0.0,0.0,0.0,0.0
"DM-7860",False,"train",0.038966983556747437,0.0,0.0,0.0,0.11119356751441956,0.0,0.0,0.0,0.0,0.8283628821372986
"DM-14560",True,"train",0.17746202647686005,0.5277343392372131,0.0,0.23197205364704132,0.0,0.0,0.0,0.0,0.0,0.0
"DM-83",False,"train",0.0,0.0,0.0,0.11285725980997086,0.0,0.5177953243255615,0.0,0.0,0.3514241576194763,0.0
"DM-9644",False,"train",0.0,0.0,0.0,0.0,0.0,0.0,0.0,0.0,0.0,0.9780074954032898
"DM-9513",False,"train",0.014385825023055077,0.014386212453246117,0.01438583992421627,0.014385703951120377,0.01438729465007782,0.014388365671038628,0.014385104179382324,0.014386472292244434,0.014391052536666393,0.8705180883407593
"DM-12544",False,"train",0.0,0.0,0.08190996199846268,0.18466070294380188,0.0,0.0,0.0,0.0,0.5450046062469482,0.16837158799171448
"DM-5881",False,"train",0.0,0.0,0.0,0.0,0.1976390928030014,0.0,0.0,0.0,0.0,0.7583923935890198
"DM-4204",True,"train",0.0,0.0,0.0,0.0,0.0,0.0,0.7739170789718628,0.0,0.2139388471841812,0.0
"DM-10895",False,"train",0.0,0.6401068568229675,0.2668125629425049,0.07195437699556351,0.0,0.0,0.0,0.0,0.0,0.0
"DM-1953",False,"train",0.0,0.5072575807571411,0.0,0.0,0.0,0.10319508612155914,0.0,0.0,0.0,0.37598395347595215
"DM-10371",False,"train",0.0143112288787961,0.01431161817163229,0.014312071725726128,0.8711903095245361,0.014315095730125904,0.014311607927083969,0.01431137416511774,0.014314121566712856,0.014311293140053749,0.01431130152195692
"DM-10842",False,"train",0.6823616623878479,0.0,0.0,0.0,0.2731480896472931,0.0,0.0,0.0,0.0,0.0
"DM-15836",False,"train",0.2583489418029785,0.0,0.0,0.0,0.0,0.0,0.4016651511192322,0.0,0.076227106153965,0.25577396154403687
"DM-637",False,"train",0.0,0.1762007176876068,0.34393367171287537,0.05579792335629463,0.0,0.0,0.0,0.0,0.33002543449401855,0.08787649869918823
"DM-2977",False,"train",0.0,0.16030624508857727,0.0,0.0,0.8137539029121399,0.0,0.0,0.0,0.0,0.0
"DM-9997",False,"train",0.0,0.0,0.2822634279727936,0.0,0.0,0.0,0.07187733799219131,0.0,0.23890119791030884,0.3966076374053955
"DM-1903",False,"train",0.0,0.0,0.0,0.0,0.5333420634269714,0.43031975626945496,0.0,0.0,0.0,0.0
"DM-12636",False,"train",0.0,0.42492103576660156,0.0,0.0,0.0,0.0,0.0,0.0,0.0,0.5369316339492798
"DM-10780",True,"train",0.0,0.0,0.0,0.0,0.0,0.0,0.11414306610822678,0.8199505805969238,0.0,0.0
"DM-12272",True,"train",0.47140586376190186,0.0,0.0,0.0,0.0,0.0,0.46229395270347595,0.0,0.0,0.0
"DM-9565",False,"train",0.3962949812412262,0.0,0.0,0.0,0.0,0.0,0.0,0.4042039215564728,0.1805821806192398,0.0
"DM-3962",True,"train",0.5489445924758911,0.050117265433073044,0.050117265433073044,0.050117265433073044,0.050117265433073044,0.050117265433073044,0.050117265433073044,0.050117265433073044,0.050117265433073044,0.050117265433073044
"DM-1673",False,"train",0.0,0.11985750496387482,0.0,0.2528814673423767,0.0,0.0,0.39354681968688965,0.2174323946237564,0.0,0.0
"DM-15606",True,"train",0.0,0.1878383755683899,0.0,0.0,0.0,0.0,0.0,0.7871502041816711,0.0,0.0
"DM-9567",True,"train",0.0,0.0,0.0,0.045183829963207245,0.1652258038520813,0.20142140984535217,0.0,0.0,0.0,0.580204427242279
"DM-449",False,"train",0.0,0.9224681854248047,0.0,0.0,0.0,0.0,0.0,0.0,0.0,0.0
"DM-8169",False,"train",0.0,0.0,0.0,0.0,0.7357774972915649,0.0,0.0,0.0,0.19913043081760406,0.0
"DM-14238",True,"train",0.0,0.0,0.0,0.0,0.0,0.0,0.0,0.709010124206543,0.0,0.2680959105491638
"DM-9519",False,"train",0.0,0.0,0.015123438090085983,0.0,0.0,0.0,0.024818120524287224,0.06894312053918839,0.8850724101066589,0.0
"DM-14170",False,"train",0.0,0.0,0.0,0.0,0.0,0.0,0.0,0.9678171873092651,0.0,0.0
"DM-4841",False,"train",0.34140127897262573,0.0,0.12949858605861664,0.0,0.0,0.0,0.0,0.5079487562179565,0.0,0.0
"DM-882",False,"train",0.4142475128173828,0.0,0.0,0.0,0.0,0.30169403553009033,0.0,0.0,0.20443302392959595,0.07629679888486862
"DM-13643",False,"train",0.01994456723332405,0.019947759807109833,0.019945494830608368,0.01994546689093113,0.019944779574871063,0.019945597276091576,0.8204717636108398,0.019961338490247726,0.019945936277508736,0.019947271794080734
"DM-6123",False,"train",0.0,0.0,0.30432260036468506,0.0,0.07836850732564926,0.37840017676353455,0.09397697448730469,0.0,0.0,0.1321316808462143
"DM-15438",False,"train",0.9590656161308289,0.0,0.0,0.0,0.0,0.0,0.0,0.0,0.0,0.0
"DM-12616",False,"train",0.0,0.0,0.0,0.1752442866563797,0.0,0.12618336081504822,0.0,0.10373196750879288,0.0,0.5793530344963074
"DM-873",False,"train",0.14254246652126312,0.3678271770477295,0.0,0.0,0.0,0.0,0.0,0.29384592175483704,0.14135125279426575,0.0
"DM-9752",False,"train",0.0,0.9785315990447998,0.0,0.0,0.0,0.0,0.0,0.0,0.0,0.0
"DM-6077",False,"train",0.0,0.0,0.0,0.2568252384662628,0.0,0.2530118525028229,0.0,0.0,0.0,0.4490050673484802
"DM-13650",False,"train",0.0,0.0,0.0,0.0,0.0,0.0,0.9858770370483398,0.0,0.0,0.0
"DM-16384",False,"train",0.0,0.7591987252235413,0.0,0.0,0.0,0.0,0.0,0.0,0.1842467337846756,0.0
"DM-10041",False,"train",0.0,0.0,0.0,0.0,0.0,0.0,0.9742637872695923,0.0,0.0,0.0
"DM-11547",False,"train",0.0,0.9437351822853088,0.0,0.0,0.0,0.0,0.0,0.0,0.0,0.0
"DM-15869",False,"train",0.028342047706246376,0.0,0.0,0.0,0.0,0.0,0.0,0.0,0.91548091173172,0.043971460312604904
"DM-13351",False,"train",0.0,0.34698250889778137,0.0,0.0,0.0,0.6166961789131165,0.0,0.0,0.0,0.0
"DM-11046",False,"train",0.0,0.0,0.0,0.0,0.0,0.0,0.7220620512962341,0.20013819634914398,0.0,0.0
"DM-13302",False,"train",0.0,0.0,0.03879871219396591,0.0,0.0,0.13650475442409515,0.19120033085346222,0.3973979651927948,0.0,0.22555677592754364
"DM-14311",False,"train",0.0,0.0,0.0,0.0,0.0,0.8242807388305664,0.0,0.0,0.12178201973438263,0.0
"DM-10482",False,"train",0.9653619527816772,0.0,0.0,0.0,0.0,0.0,0.0,0.0,0.0,0.0
"DM-1088",False,"train",0.0,0.0,0.2758466601371765,0.0,0.0,0.0,0.0,0.710223913192749,0.0,0.0
"DM-9639",False,"train",0.0,0.46094679832458496,0.0,0.0,0.0,0.0,0.0,0.0,0.0,0.485765665769577
"DM-5402",False,"train",0.0,0.6552695631980896,0.0,0.0,0.0,0.0,0.14273008704185486,0.16086934506893158,0.0,0.0
"DM-14828",False,"train",0.0,0.55624920129776,0.0,0.0,0.0,0.0,0.4013920724391937,0.0,0.0,0.0
"DM-17097",False,"train",0.0,0.10303901135921478,0.0,0.0,0.5373766422271729,0.0,0.0,0.24006809294223785,0.08836808800697327,0.0
"DM-11803",False,"train",0.07455788552761078,0.0,0.0,0.0,0.0,0.0,0.0,0.6499130129814148,0.0,0.24891547858715057
"DM-11263",True,"train",0.0,0.0,0.0,0.3950345516204834,0.0,0.29976746439933777,0.28413695096969604,0.0,0.0,0.0
"DM-15895",False,"train",0.0,0.0,0.0,0.9718143343925476,0.0,0.0,0.0,0.0,0.0,0.0
"DM-17903",False,"train",0.0,0.0,0.0,0.0,0.013003529980778694,0.03688482567667961,0.0,0.0,0.946517288684845,0.0
"DM-9329",True,"train",0.0,0.0,0.0,0.0,0.36284568905830383,0.0,0.6050659418106079,0.0,0.0,0.0
"DM-5833",False,"train",0.0,0.0,0.13418637216091156,0.0,0.0,0.0,0.0,0.7863861322402954,0.0,0.0
"DM-6238",False,"train",0.020134631544351578,0.02013617567718029,0.020142648369073868,0.020139183849096298,0.02014058269560337,0.8187559843063354,0.020135970786213875,0.020139997825026512,0.020134778693318367,0.02014007419347763
"DM-13419",False,"train",0.0,0.0,0.0,0.0,0.0,0.0,0.0,0.15945735573768616,0.7677508592605591,0.0
"DM-7862",False,"train",0.0,0.0,0.0,0.0,0.10542383044958115,0.0,0.0,0.0,0.0,0.8649777173995972
"DM-15104",True,"train",0.0,0.0,0.09294236451387405,0.0,0.42368584871292114,0.0,0.0,0.0,0.0,0.445478618144989
"DM-6296",True,"train",0.0746765211224556,0.0,0.0,0.0,0.0,0.0,0.8995121717453003,0.0,0.0,0.0
"DM-8277",False,"train",0.011043639853596687,0.011045875027775764,0.011044397950172424,0.011045294813811779,0.2317562848329544,0.01104455254971981,0.6798812747001648,0.011045387014746666,0.011048225685954094,0.011045096442103386
"DM-4138",False,"train",0.0,0.0,0.0,0.0,0.0,0.5254599452018738,0.0,0.0,0.0,0.45157018303871155
"DM-1015",True,"train",0.0,0.9624199867248535,0.0,0.0,0.0,0.0,0.0,0.0,0.0,0.0
"DM-5552",False,"train",0.0,0.20219284296035767,0.0,0.3307768702507019,0.0,0.436807781457901,0.0,0.0,0.0,0.0
"DM-6933",True,"train",0.0,0.0,0.0,0.0,0.0,0.9254204630851746,0.0,0.0,0.0,0.0
"DM-449",False,"train",0.0,0.9224681854248047,0.0,0.0,0.0,0.0,0.0,0.0,0.0,0.0
"DM-4043",False,"train",0.17958031594753265,0.0,0.0,0.0,0.0,0.0,0.22044651210308075,0.0,0.0,0.5909495949745178
"DM-18453",False,"train",0.0,0.15581849217414856,0.0,0.0,0.0,0.0,0.0,0.0,0.0,0.7899561524391174
"DM-13549",False,"train",0.0,0.22852171957492828,0.0,0.5141399502754211,0.13069689273834229,0.0,0.0,0.0,0.09790149331092834,0.0
"DM-14359",False,"train",0.0,0.0,0.9132735729217529,0.0,0.07783268392086029,0.0,0.0,0.0,0.0,0.0
"DM-13211",True,"train",0.0,0.0,0.0,0.9769050478935242,0.0,0.0,0.0,0.0,0.0,0.0
"DM-3402",False,"train",0.0,0.43892478942871094,0.0,0.0,0.0,0.0,0.0,0.0,0.0,0.5161203742027283
"DM-548",True,"train",0.21979999542236328,0.0,0.39569091796875,0.0,0.0,0.07834644615650177,0.30135682225227356,0.0,0.0,0.0
"DM-15116",False,"train",0.03810837119817734,0.038108184933662415,0.038107793778181076,0.6570261120796204,0.03810777887701988,0.038107793778181076,0.03811066970229149,0.03810776025056839,0.03810778260231018,0.038107749074697495
"DM-10026",False,"train",0.0,0.0,0.0,0.0,0.4324428141117096,0.0,0.0,0.510239839553833,0.0,0.0
"DM-2976",False,"train",0.4363776743412018,0.4489264488220215,0.014335972256958485,0.014338107779622078,0.014336884021759033,0.014336944557726383,0.01433629635721445,0.01433692965656519,0.014336339198052883,0.014338399283587933
"DM-1816",True,"train",0.0,0.0,0.2884606719017029,0.0,0.0,0.5290228724479675,0.0,0.14764738082885742,0.0,0.0
"DM-4625",False,"train",0.0,0.0,0.0,0.6534255146980286,0.0,0.0,0.32879844307899475,0.0,0.0,0.0
"DM-5543",False,"train",0.020013056695461273,0.020011674612760544,0.02001151628792286,0.020015962421894073,0.02001720294356346,0.020011967048048973,0.24660509824752808,0.020012998953461647,0.5932871103286743,0.020013421773910522
"DM-852",True,"train",0.0,0.0,0.0,0.0,0.0,0.07339268177747726,0.8944833874702454,0.0,0.0,0.0
"DM-6500",False,"train",0.0,0.738361656665802,0.0,0.0,0.0,0.0,0.19525375962257385,0.0,0.0,0.0
"DM-4567",True,"train",0.0,0.30289214849472046,0.6763810515403748,0.0,0.0,0.0,0.0,0.0,0.0,0.0
"DM-14153",True,"train",0.0,0.0,0.0,0.0,0.07280623912811279,0.2885186970233917,0.0,0.6145153641700745,0.0,0.0
"DM-15169",True,"train",0.0,0.0,0.0,0.0,0.0,0.9499270915985107,0.0,0.0,0.0,0.0
"DM-5190",True,"train",0.01668809913098812,0.016688423231244087,0.016687994822859764,0.01669037528336048,0.6486591696739197,0.016688091680407524,0.01668894663453102,0.21783240139484406,0.016688372939825058,0.01668812893331051
"DM-4625",False,"train",0.0,0.0,0.0,0.6534255146980286,0.0,0.0,0.32879844307899475,0.0,0.0,0.0
"DM-5190",True,"train",0.01668809913098812,0.016688423231244087,0.016687994822859764,0.01669037528336048,0.6486591696739197,0.016688091680407524,0.01668894663453102,0.21783240139484406,0.016688372939825058,0.01668812893331051
"DM-599",False,"train",0.0,0.0,0.0,0.0,0.0,0.15204288065433502,0.0,0.0,0.0,0.8059250116348267
"DM-1068",False,"train",0.0,0.07327679544687271,0.5690339207649231,0.0,0.0,0.3296492397785187,0.0,0.0,0.0,0.0
"DM-10953",False,"train",0.0,0.0,0.04197368770837784,0.0,0.016807667911052704,0.0,0.01946578361093998,0.0,0.918411135673523,0.0
"DM-10461",False,"train",0.4852551817893982,0.0,0.0,0.0,0.0,0.4413550794124603,0.0,0.0,0.0,0.0
"DM-10268",False,"train",0.0,0.0,0.034144144505262375,0.0,0.0,0.0,0.08510235697031021,0.0,0.8763025999069214,0.0
"DM-7777",False,"train",0.0,0.0,0.0,0.0,0.0,0.1757708489894867,0.0,0.618914783000946,0.0,0.17615625262260437
"DM-8293",True,"train",0.0,0.5553675293922424,0.0,0.17245441675186157,0.0,0.0,0.0,0.2175847440958023,0.0,0.0
"DM-6365",False,"train",0.0,0.0,0.0,0.0,0.43635016679763794,0.0,0.0,0.0,0.0,0.5102931261062622
"DM-420",False,"train",0.02421214058995247,0.7820847630500793,0.024211455136537552,0.024211669340729713,0.024214211851358414,0.02421458251774311,0.024211080744862556,0.02421650104224682,0.024212948977947235,0.024210676550865173
"DM-11895",False,"train",0.0,0.0,0.0,0.0,0.0,0.0,0.40619340538978577,0.05360979959368706,0.1472998559474945,0.385555624961853
"DM-17088",False,"train",0.0,0.0,0.0,0.0,0.6451023817062378,0.0,0.0,0.0,0.32627618312835693,0.0
"DM-4410",True,"train",0.0,0.0,0.0,0.0,0.0,0.0,0.0,0.21735447645187378,0.0,0.7616206407546997
"DM-4730",True,"train",0.0,0.0,0.11799114942550659,0.16637754440307617,0.0,0.0,0.0,0.5904413461685181,0.11611011624336243,0.0
"DM-15635",True,"train",0.0,0.0,0.0,0.9819727540016174,0.0,0.0,0.0,0.0,0.0,0.0
"DM-10349",False,"train",0.0,0.0,0.0,0.5949416756629944,0.0,0.0,0.38007134199142456,0.0,0.0,0.0
"DM-7432",False,"train",0.0,0.0,0.0,0.0,0.9249062538146973,0.0,0.0,0.0,0.0,0.0
"DM-10902",False,"train",0.0,0.0,0.0,0.21774105727672577,0.0,0.5261673331260681,0.07103781402111053,0.0,0.0,0.1626356542110443
"DM-15663",True,"train",0.0,0.2579731047153473,0.27661463618278503,0.0,0.18586093187332153,0.0,0.0,0.26285219192504883,0.0,0.0
"DM-14537",False,"train",0.0,0.5734965801239014,0.0407935306429863,0.0,0.0,0.0,0.35875773429870605,0.0,0.0,0.0
"DM-6783",True,"train",0.0,0.2786043882369995,0.0,0.0,0.0,0.0,0.5189869999885559,0.0,0.1884271204471588,0.0
"DM-14774",True,"train",0.0,0.0,0.0,0.24651657044887543,0.0,0.0,0.0,0.0,0.0,0.7286852598190308
"DM-12536",False,"train",0.0,0.14781001210212708,0.0,0.0,0.7905231714248657,0.0,0.0,0.0,0.0,0.04570192098617554
"DM-8597",False,"train",0.0,0.2869332730770111,0.0,0.0,0.0,0.24187231063842773,0.4611055552959442,0.0,0.0,0.0
"DM-6923",False,"train",0.0,0.0,0.0,0.16367919743061066,0.0,0.3470516800880432,0.0,0.4731152057647705,0.0,0.0
"DM-4523",True,"train",0.01250461582094431,0.012508224695920944,0.012503848411142826,0.012503169476985931,0.01250325608998537,0.012503773905336857,0.8874596357345581,0.012503252364695072,0.012503394857048988,0.012506810948252678
"DM-8356",False,"train",0.010002152994275093,0.010003591887652874,0.010002673603594303,0.010003142058849335,0.010002135299146175,0.5856464505195618,0.33432990312576294,0.010003681294620037,0.010003749281167984,0.010002476163208485
"DM-17347",False,"train",0.014171615242958069,0.4978151023387909,0.38878539204597473,0.01417339127510786,0.01417362317442894,0.014175266958773136,0.01417832262814045,0.014175464399158955,0.014172117225825787,0.014179757796227932
"DM-10340",False,"train",0.0,0.0,0.0,0.0,0.0,0.010487749241292477,0.0,0.0561298169195652,0.9276073575019836,0.0
"DM-18779",True,"train",0.07201558351516724,0.0,0.0,0.22150355577468872,0.0,0.0,0.0,0.6870378851890564,0.0,0.0
"DM-9939",False,"train",0.0,0.0,0.0,0.0,0.0,0.0,0.2212906777858734,0.18748734891414642,0.18215110898017883,0.3940832018852234
"DM-6542",False,"train",0.0,0.0,0.0,0.3144803047180176,0.6491085886955261,0.0,0.0,0.0,0.0,0.0
"DM-17170",False,"train",0.0,0.1771940439939499,0.0,0.0,0.24806544184684753,0.0,0.3428856134414673,0.0,0.0,0.21426662802696228
"DM-2159",True,"train",0.0,0.0,0.0,0.0,0.9255326986312866,0.0,0.0,0.0,0.0,0.0
"DM-1816",True,"train",0.0,0.0,0.2884606719017029,0.0,0.0,0.5290228724479675,0.0,0.14764738082885742,0.0,0.0
"DM-10528",False,"train",0.011031010188162327,0.011033231392502785,0.011031725443899632,0.01103152334690094,0.01103152148425579,0.900714099407196,0.011032145470380783,0.011031679809093475,0.011031027883291245,0.011032006703317165
"DM-7317",False,"train",0.0,0.0,0.0,0.15536577999591827,0.0,0.0,0.0,0.0,0.22701005637645721,0.6083604097366333
"DM-5931",False,"train",0.0,0.0,0.0,0.14149239659309387,0.14132700860500336,0.6945813894271851,0.0,0.0,0.0,0.0
"DM-13809",False,"train",0.2270498424768448,0.5532837510108948,0.0,0.0,0.0,0.0,0.0,0.0,0.0,0.1846889853477478
"DM-9199",False,"train",0.02504071034491062,0.7746335864067078,0.02504071034491062,0.02504071034491062,0.02504071034491062,0.02504071034491062,0.025040745735168457,0.02504071034491062,0.02504071034491062,0.02504071034491062
"DM-2257",False,"train",0.0,0.0,0.0,0.0,0.0,0.0,0.9436633586883545,0.0,0.0,0.0
"DM-16613",False,"train",0.0,0.9526021480560303,0.0,0.0,0.0,0.0,0.0,0.0,0.0,0.0
"DM-1893",False,"train",0.011095014400780201,0.011094718240201473,0.011098337359726429,0.011097211390733719,0.01109579298645258,0.011094469577074051,0.19572265446186066,0.011098247021436691,0.011094609275460243,0.7155089378356934
"DM-2281",False,"train",0.0,0.0,0.0,0.4455299973487854,0.0,0.0,0.0,0.0,0.0,0.5010932683944702
"DM-14012",False,"train",0.0,0.0,0.0,0.19643215835094452,0.0,0.0,0.7593330144882202,0.0,0.0,0.0
"DM-5874",False,"train",0.04453567788004875,0.0,0.0,0.0,0.35198479890823364,0.0,0.0,0.24577875435352325,0.07339831441640854,0.27125415205955505
"DM-15109",False,"train",0.0,0.11583130806684494,0.0,0.0,0.0,0.0,0.0,0.0,0.0,0.8494284152984619
"DM-8833",False,"train",0.0,0.0,0.0,0.9027842283248901,0.07677479088306427,0.0,0.0,0.0,0.0,0.0
"DM-18861",True,"train",0.0,0.0,0.0,0.0,0.18038584291934967,0.0,0.7531443238258362,0.0,0.0,0.0
"DM-4063",False,"train",0.0,0.12731996178627014,0.12125547230243683,0.0,0.0,0.10311046987771988,0.0,0.0,0.43652817606925964,0.19679120182991028
"DM-336",True,"train",0.5019808411598206,0.0,0.0,0.0,0.0,0.30891212821006775,0.1563422977924347,0.0,0.0,0.0
"DM-12730",False,"train",0.0,0.7293038368225098,0.0,0.0,0.22587569057941437,0.0,0.0,0.0,0.0,0.0
"DM-12103",False,"train",0.0,0.0,0.0,0.639124870300293,0.0,0.14418399333953857,0.08495302498340607,0.08710569888353348,0.037463728338479996,0.0
"DM-1785",False,"train",0.0,0.0,0.0,0.0,0.0,0.9259543418884277,0.0,0.0,0.0,0.0
"DM-13973",False,"train",0.0,0.0,0.0,0.0,0.847346305847168,0.0,0.0,0.10471530258655548,0.0,0.0
"DM-11279",False,"train",0.34386229515075684,0.2463967353105545,0.0,0.0,0.36751630902290344,0.0,0.0,0.0,0.0,0.0
"DM-17831",False,"train",0.0,0.0,0.0,0.0,0.0,0.0,0.0,0.0,0.8844646215438843,0.10953421890735626
"DM-11873",True,"train",0.0,0.0,0.13722392916679382,0.5177474617958069,0.0,0.0,0.0,0.16182488203048706,0.16958416998386383,0.0
"DM-15194",False,"train",0.07652287930250168,0.0,0.0,0.047572556883096695,0.0,0.0,0.0,0.1264948844909668,0.5838419795036316,0.16237346827983856
"DM-10149",False,"train",0.0,0.0,0.0,0.5337898135185242,0.0,0.28293946385383606,0.0,0.0,0.0,0.12940600514411926
"DM-13911",True,"train",0.0,0.0,0.0,0.28359857201576233,0.0,0.0,0.17256179451942444,0.3804129362106323,0.0,0.1454799771308899
"DM-13967",False,"train",0.010530585423111916,0.0,0.0,0.06317219883203506,0.09798626601696014,0.0,0.0,0.18034255504608154,0.052808769047260284,0.5879948735237122
"DM-7697",False,"train",0.0,0.0,0.0,0.0,0.0,0.6645682454109192,0.0,0.0,0.3124426603317261,0.0
"DM-7610",False,"train",0.0,0.0,0.0,0.6444571018218994,0.0,0.0,0.14008741080760956,0.0,0.0,0.1718587577342987
"DM-12378",False,"train",0.0,0.09198600053787231,0.0,0.0,0.8931875824928284,0.0,0.0,0.0,0.0,0.0
"DM-4529",False,"train",0.0,0.0,0.0,0.0,0.11334194988012314,0.5182361602783203,0.0,0.0,0.2271445095539093,0.12662197649478912
"DM-11341",True,"train",0.0,0.1885719746351242,0.0,0.052487824112176895,0.0,0.16864606738090515,0.0,0.16931211948394775,0.0,0.4081677198410034
"DM-4480",False,"train",0.016669299453496933,0.016669899225234985,0.01666920818388462,0.016668953001499176,0.01666877791285515,0.016668882220983505,0.0166691355407238,0.849977433681488,0.01666867546737194,0.016669776290655136
"DM-13456",True,"train",0.0,0.0,0.0,0.6758009791374207,0.0,0.0,0.0,0.0,0.0,0.2709484398365021
"DM-17909",False,"train",0.0,0.0,0.0,0.0,0.0,0.0,0.957098662853241,0.0,0.0,0.0
"DM-1617",False,"train",0.0,0.0,0.0,0.0,0.0,0.0,0.0,0.0,0.0,0.9655081033706665
"DM-18708",False,"train",0.0,0.0,0.0,0.0,0.0,0.0,0.0,0.0,0.0,0.942784309387207
"DM-3549",False,"train",0.0,0.0,0.6986384391784668,0.0,0.29008030891418457,0.0,0.0,0.0,0.0,0.0
"DM-17670",False,"train",0.0,0.0,0.0,0.0,0.0,0.0,0.0,0.0,0.0,0.9641319513320923
"DM-16864",False,"train",0.0,0.0,0.0,0.0,0.0,0.0,0.0,0.09014522284269333,0.0,0.8950051069259644
"DM-1010",False,"train",0.0,0.0,0.0,0.0,0.0,0.0,0.9356679916381836,0.0,0.0,0.0
"DM-9004",False,"train",0.0,0.0,0.3601997494697571,0.0,0.0,0.0,0.0,0.35889357328414917,0.25419071316719055,0.0
"DM-7782",False,"train",0.0,0.9284182786941528,0.0,0.024894796311855316,0.0,0.0,0.0,0.0,0.0,0.0
"DM-15845",False,"train",0.0,0.25487059354782104,0.0,0.7130431532859802,0.0,0.0,0.0,0.0,0.0,0.0
"DM-12598",False,"train",0.0,0.16922055184841156,0.0,0.0,0.0,0.0,0.0,0.7886434197425842,0.0,0.0
"DM-9165",False,"train",0.0,0.04765276983380318,0.0,0.5263077020645142,0.0,0.0,0.26283320784568787,0.1434468924999237,0.0,0.0
"DM-9962",False,"train",0.0,0.0,0.0,0.09462082386016846,0.0,0.0,0.0,0.0,0.0,0.8915977478027344
"DM-12424",False,"train",0.0,0.0,0.0,0.0,0.0,0.9653035402297974,0.0,0.0,0.0,0.0
"DM-15073",True,"train",0.0,0.0,0.0,0.49450239539146423,0.0,0.4586426913738251,0.0,0.0,0.0,0.0
"DM-13345",False,"train",0.0,0.5427266359329224,0.0,0.0,0.43986478447914124,0.0,0.0,0.0,0.0,0.0
"DM-12363",False,"train",0.17329858243465424,0.014384051784873009,0.014381148852407932,0.014381596818566322,0.014381102286279202,0.014382423833012581,0.014383629895746708,0.014381949789822102,0.014382006600499153,0.7116435170173645
"DM-7669",False,"train",0.014250284992158413,0.36622029542922974,0.014249203726649284,0.014249136671423912,0.5197780728340149,0.014249888248741627,0.01425397302955389,0.014249199070036411,0.014249511063098907,0.014250445179641247
"DM-11452",False,"train",0.0,0.0,0.130418598651886,0.0,0.2050754725933075,0.0,0.0,0.0,0.0,0.649071216583252
"DM-1022",True,"train",0.0,0.09377676248550415,0.0,0.0,0.0,0.06906908750534058,0.4943951666355133,0.0,0.33764904737472534,0.0
"DM-9594",False,"train",0.0,0.0,0.4034067690372467,0.5779469609260559,0.0,0.0,0.0,0.0,0.0,0.0
"DM-10737",False,"train",0.0,0.3178693354129791,0.0,0.0,0.0,0.17439004778862,0.0,0.0,0.0,0.4892312288284302
"DM-3705",False,"train",0.13560077548027039,0.0,0.0,0.0,0.18100641667842865,0.09040394425392151,0.5245963931083679,0.0,0.05862647667527199,0.0
"DM-26",False,"train",0.010006861761212349,0.010009742341935635,0.010006748139858246,0.010006997734308243,0.2621825039386749,0.41250747442245483,0.010007285512983799,0.010007006116211414,0.01000689435750246,0.2552584707736969
"DM-213",True,"train",0.0,0.0,0.0,0.0,0.15268146991729736,0.0,0.8098980784416199,0.0,0.0,0.0
"DM-1010",False,"train",0.0,0.0,0.0,0.0,0.0,0.0,0.9356679916381836,0.0,0.0,0.0
"DM-5579",False,"train",0.014293192885816097,0.014292473904788494,0.014290462248027325,0.014292004518210888,0.6969680786132812,0.01429716031998396,0.014289334416389465,0.1886925995349884,0.014291602186858654,0.014293147251009941
"DM-978",False,"train",0.0,0.9624772071838379,0.0,0.0,0.0,0.0,0.0,0.0,0.0,0.0
"DM-8182",False,"train",0.0,0.0,0.2649567127227783,0.5669181942939758,0.12226585298776627,0.0,0.0,0.0,0.0,0.0
"DM-7300",False,"train",0.02502993308007717,0.02503023110330105,0.02502959780395031,0.025029052048921585,0.2981535494327545,0.30830541253089905,0.025038637220859528,0.02502969279885292,0.21832330524921417,0.025030603632330894
"DM-7791",False,"train",0.0,0.0,0.0,0.0,0.0,0.0,0.0,0.4178306758403778,0.31107449531555176,0.2617311179637909
"DM-5541",False,"train",0.02000940777361393,0.020010575652122498,0.020009156316518784,0.02001211792230606,0.5329355597496033,0.020011404529213905,0.02001117169857025,0.02001286670565605,0.30697277188301086,0.020015006884932518
"DM-13496",False,"train",0.0,0.0,0.0,0.35198864340782166,0.0,0.24007771909236908,0.0,0.3773929476737976,0.0,0.0
"DM-9764",True,"train",0.0,0.24094144999980927,0.12708258628845215,0.0,0.0,0.0,0.48749834299087524,0.0,0.11157125979661942,0.0
"DM-1661",False,"train",0.22375933825969696,0.0,0.0,0.0,0.0,0.29126057028770447,0.4537535011768341,0.0,0.0,0.0
"DM-6538",False,"train",0.0,0.0,0.0,0.39231735467910767,0.5677169561386108,0.0,0.0,0.0,0.0,0.0
"DM-9182",False,"train",0.07061901688575745,0.4197649657726288,0.023980002850294113,0.08772353827953339,0.0,0.1329507827758789,0.26236850023269653,0.0,0.0,0.0
"DM-14848",False,"train",0.04529210552573204,0.0,0.0,0.0,0.0,0.0,0.6241494417190552,0.0,0.0,0.3095788061618805
"DM-15835",False,"train",0.0,0.0,0.0,0.2410263866186142,0.4860318899154663,0.2085082083940506,0.0,0.0,0.0,0.0
"DM-17092",False,"train",0.0,0.0,0.0,0.0,0.5500115752220154,0.0,0.0,0.0,0.0,0.3705722689628601
"DM-2595",False,"train",0.024933090433478355,0.02493596263229847,0.024935532361268997,0.02493583783507347,0.024933356791734695,0.024938441812992096,0.024939890950918198,0.024936195462942123,0.02493637055158615,0.7755753993988037
"DM-15169",True,"train",0.0,0.0,0.0,0.0,0.0,0.9499270915985107,0.0,0.0,0.0,0.0
"DM-3472",True,"train",0.0,0.0,0.0,0.0,0.0,0.0,0.7012200355529785,0.0,0.23729923367500305,0.0
"DM-3804",False,"train",0.0,0.9043079614639282,0.0,0.0,0.0,0.0,0.0,0.0,0.06893175095319748,0.0
"DM-8006",False,"train",0.0,0.0,0.0,0.0,0.0,0.659915566444397,0.0,0.0,0.0,0.3019576668739319
"DM-2094",False,"train",0.0,0.0,0.0,0.0,0.0,0.0,0.8536166548728943,0.0,0.0,0.1155872717499733
"DM-18513",False,"train",0.0,0.0,0.0,0.0,0.0,0.21336717903614044,0.0,0.5172833204269409,0.0,0.23877006769180298
"DM-18039",False,"train",0.0,0.0,0.0,0.0,0.0,0.0,0.0,0.0,0.0,0.9434164762496948
"DM-2683",True,"train",0.0,0.20681831240653992,0.0,0.0,0.0,0.0,0.7231571674346924,0.0,0.0,0.0
"DM-2622",True,"train",0.0,0.0,0.0,0.0,0.0,0.0,0.0,0.0,0.0,0.969269871711731
"DM-1659",False,"train",0.0,0.25261190533638,0.0,0.7244876027107239,0.0,0.0,0.0,0.0,0.0,0.0
"DM-8645",False,"train",0.0,0.0,0.1470153033733368,0.17818956077098846,0.0,0.1616428792476654,0.5009190440177917,0.0,0.0,0.0
"DM-13562",False,"train",0.0,0.9699612855911255,0.0,0.0,0.0,0.0,0.0,0.0,0.0,0.0
"DM-9968",False,"train",0.0,0.977445125579834,0.0,0.0,0.0,0.0,0.0,0.0,0.0,0.0
"DM-1880",False,"train",0.0,0.0,0.0,0.0,0.2886534631252289,0.0,0.22530806064605713,0.0,0.0,0.45915791392326355
"DM-10344",False,"train",0.3116789162158966,0.0,0.0,0.3656173646450043,0.0,0.0,0.0,0.2957116365432739,0.0,0.0
"DM-8965",False,"train",0.0,0.4496630132198334,0.0,0.18480277061462402,0.13644252717494965,0.0,0.0,0.0,0.0,0.1916286051273346
"DM-13269",False,"train",0.0,0.1081184446811676,0.0,0.0,0.0,0.8575253486633301,0.0,0.0,0.0,0.0
"DM-7477",True,"train",0.0,0.0,0.0,0.0,0.0,0.0,0.0,0.0,0.0,0.9550248384475708
"DM-14172",True,"train",0.16863617300987244,0.6148943901062012,0.0,0.0,0.0,0.0,0.0,0.0,0.0,0.21344569325447083
"DM-8225",False,"train",0.0,0.810698926448822,0.0,0.0,0.0,0.0,0.0,0.1232970729470253,0.0,0.0
"DM-12089",False,"train",0.0,0.0,0.0,0.12222670763731003,0.0,0.0,0.7765632271766663,0.0,0.0,0.09186875820159912
"DM-6135",False,"train",0.0,0.0,0.0,0.946984589099884,0.0,0.0,0.0,0.0,0.0,0.0
"DM-15926",True,"train",0.0,0.28231725096702576,0.0,0.0,0.0,0.0,0.0,0.31915268301963806,0.3694305121898651,0.0
"DM-9348",True,"train",0.4187265932559967,0.0,0.0,0.5584062337875366,0.0,0.0,0.0,0.0,0.0,0.0
"DM-8125",True,"train",0.0,0.785116970539093,0.0,0.0,0.0,0.06240871548652649,0.0,0.0,0.11793723702430725,0.0
"DM-17601",True,"train",0.0,0.30953729152679443,0.0,0.0,0.0,0.0,0.34372031688690186,0.3346408009529114,0.0,0.0
"DM-6719",False,"train",0.0,0.0,0.0,0.0,0.0,0.0,0.9688847661018372,0.0,0.0,0.0
"DM-1914",True,"train",0.014194753021001816,0.014198296703398228,0.014194549061357975,0.01419627945870161,0.014196943491697311,0.014197388663887978,0.014195957221090794,0.8722355365753174,0.014194528572261333,0.014195806346833706
"DM-6818",False,"train",0.3113981783390045,0.10433358699083328,0.0,0.0,0.0,0.0,0.0,0.5496731996536255,0.0,0.0
"DM-10863",False,"train",0.0,0.0,0.0,0.0,0.0,0.0,0.0,0.19300641119480133,0.0,0.7372637391090393
"DM-7833",False,"train",0.0,0.0,0.0,0.9699844121932983,0.0,0.0,0.0,0.0,0.0,0.0
"DM-13038",False,"train",0.0,0.0,0.0,0.0,0.0,0.0,0.9826864004135132,0.0,0.0,0.0
"DM-9853",False,"train",0.0,0.0,0.0,0.0,0.0,0.0,0.5610038638114929,0.0,0.0,0.39973464608192444
"DM-11750",False,"train",0.0,0.0,0.0,0.0,0.9526176452636719,0.0,0.0,0.0,0.0,0.0
"DM-16542",True,"train",0.0,0.019932527095079422,0.011113736778497696,0.7648670077323914,0.0,0.053044963628053665,0.0,0.08816058933734894,0.0,0.06071300059556961
"DM-9503",False,"train",0.0,0.0,0.0,0.0,0.0,0.0,0.0,0.0,0.9941470623016357,0.0
"DM-13534",False,"train",0.0,0.0,0.0,0.0,0.0,0.0,0.7780734896659851,0.0,0.1976979821920395,0.0
"DM-15719",False,"train",0.0,0.5742279291152954,0.0,0.0,0.0,0.0,0.3764202892780304,0.0,0.0,0.0
"DM-8026",False,"train",0.0,0.5767554640769958,0.0,0.0,0.0,0.0,0.3437679708003998,0.0,0.0,0.0
"DM-10005",True,"train",0.0,0.0,0.0,0.0,0.9639822244644165,0.0,0.0,0.0,0.0,0.0
"DM-1817",True,"train",0.06866142898797989,0.34321609139442444,0.2560316324234009,0.2991426885128021,0.0,0.0,0.0,0.0,0.0,0.0
"DM-16299",False,"train",0.0,0.0,0.0,0.8170166015625,0.0,0.0,0.0,0.15852195024490356,0.0,0.0
"DM-8105",False,"train",0.0,0.5011247992515564,0.0,0.0,0.0,0.0,0.3627372682094574,0.0,0.11718691140413284,0.0
"DM-2508",False,"train",0.0,0.0,0.0,0.0,0.0,0.25906655192375183,0.0,0.0,0.0,0.6794556379318237
"DM-8002",False,"train",0.0,0.0,0.18594369292259216,0.0,0.0,0.0,0.0,0.0,0.0,0.7974948883056641
"DM-8394",False,"train",0.0,0.0,0.0,0.0,0.0,0.0,0.24881674349308014,0.0,0.6893516778945923,0.0
"DM-17113",True,"train",0.0,0.40847334265708923,0.0,0.0,0.0,0.0,0.4605163633823395,0.0,0.0,0.11743561178445816
"DM-9927",False,"train",0.0,0.0,0.0,0.0,0.0,0.0,0.972629189491272,0.0,0.0,0.0
"DM-8752",False,"train",0.012506877072155476,0.01251209620386362,0.012509331107139587,0.5851485729217529,0.012510082684457302,0.012510205619037151,0.012508713640272617,0.3147803246974945,0.012507317587733269,0.012506453320384026
"DM-5364",False,"train",0.0,0.0,0.0,0.8760192394256592,0.0,0.0,0.0,0.0,0.07709214091300964,0.0
"DM-28",False,"train",0.0,0.14368470013141632,0.0,0.3556734025478363,0.0,0.0,0.45435968041419983,0.0,0.0,0.0
"DM-16015",False,"train",0.888820230960846,0.012351828627288342,0.012353845871984959,0.012352005578577518,0.012354467064142227,0.01235442515462637,0.01235415879637003,0.012352876365184784,0.012351855635643005,0.012354323640465736
"DM-11720",False,"train",0.0,0.0,0.0,0.04264385253190994,0.0,0.059122953563928604,0.0,0.18262648582458496,0.016628820449113846,0.693102240562439
"DM-13884",False,"train",0.0,0.0,0.0,0.7894976139068604,0.0,0.0,0.0,0.0,0.0,0.15743772685527802
"DM-6812",False,"train",0.0,0.0,0.0,0.0,0.0,0.4525817930698395,0.09958428889513016,0.0,0.14894762635231018,0.28448736667633057
"DM-9498",False,"train",0.0,0.23662133514881134,0.0,0.0,0.0,0.7443175911903381,0.0,0.0,0.0,0.0
"DM-7444",False,"train",0.1748640537261963,0.0,0.0,0.0,0.14264628291130066,0.2836645245552063,0.39043283462524414,0.0,0.0,0.0
"DM-12053",True,"train",0.0,0.0,0.0,0.38590434193611145,0.2147143930196762,0.0,0.1198645532131195,0.0,0.0,0.2588840425014496
"DM-10384",True,"train",0.0,0.0,0.0,0.45798149704933167,0.0,0.0,0.4921714961528778,0.0,0.0,0.0
"DM-18382",False,"train",0.0,0.0,0.0,0.0,0.0,0.0,0.48971718549728394,0.0,0.0,0.46007129549980164
"DM-7704",False,"train",0.0,0.0,0.0,0.0,0.0,0.08711487054824829,0.5290559530258179,0.0,0.0,0.36828166246414185
"DM-15109",False,"train",0.0,0.11583130806684494,0.0,0.0,0.0,0.0,0.0,0.0,0.0,0.8494284152984619
"DM-6546",False,"train",0.0,0.0,0.0,0.0,0.0,0.6311022043228149,0.3356166481971741,0.0,0.0,0.0
"DM-2510",False,"train",0.0,0.0,0.0,0.0,0.0,0.0,0.9275062084197998,0.0,0.0,0.0
"DM-9258",False,"train",0.0,0.0,0.0,0.0,0.0,0.0,0.9197452664375305,0.0,0.058305010199546814,0.0
"DM-7454",False,"train",0.0,0.0,0.0,0.06853338330984116,0.0,0.0,0.0,0.6390627026557922,0.0,0.2639198899269104
"DM-8222",True,"train",0.016600539907813072,0.850572407245636,0.016601549461483955,0.016606414690613747,0.016600243747234344,0.016602177172899246,0.016609009355306625,0.0166035033762455,0.016601011157035828,0.016603149473667145
"DM-17511",False,"train",0.0,0.0,0.0,0.9876588582992554,0.0,0.0,0.0,0.0,0.0,0.0
"DM-7862",False,"train",0.0,0.0,0.0,0.0,0.10542383044958115,0.0,0.0,0.0,0.0,0.8649777173995972
"DM-7913",False,"train",0.07220662385225296,0.0,0.9027478098869324,0.0,0.0,0.0,0.0,0.0,0.0,0.0
"DM-5465",False,"train",0.05350831523537636,0.0,0.0,0.0,0.0,0.0,0.0,0.0,0.20603561401367188,0.722231388092041
"DM-8978",False,"train",0.36513063311576843,0.0,0.0,0.0,0.0,0.0,0.2578870952129364,0.0,0.36777010560035706,0.0
"DM-13470",True,"train",0.0,0.0,0.0,0.0,0.3142779469490051,0.0,0.0,0.0,0.0,0.672594428062439
"DM-3432",False,"train",0.06893730908632278,0.0,0.01862521283328533,0.0,0.02419891208410263,0.10279697924852371,0.0,0.010396326892077923,0.7509932518005371,0.023138048127293587
"DM-15310",True,"train",0.0,0.0,0.9693281650543213,0.0,0.0,0.0,0.0,0.0,0.0,0.0
"DM-11682",False,"train",0.0,0.0,0.9859296679496765,0.0,0.0,0.0,0.0,0.0,0.0,0.0
"DM-14997",True,"train",0.0,0.0,0.0,0.0,0.0,0.8373406529426575,0.0,0.0,0.0,0.1531825214624405
"DM-6900",False,"train",0.0,0.0,0.0,0.0335710309445858,0.0,0.055876463651657104,0.0,0.0,0.9008581638336182,0.0
"DM-16045",True,"train",0.0,0.33139684796333313,0.0,0.0,0.0,0.0,0.0,0.0,0.0,0.6495277881622314
"DM-2057",False,"train",0.0,0.0,0.06793133169412613,0.2505891025066376,0.25426217913627625,0.0,0.0,0.0,0.0,0.39991873502731323
"DM-5503",False,"train",0.0,0.0,0.0,0.0,0.0,0.2767432928085327,0.0,0.3753441870212555,0.18345341086387634,0.15518727898597717
"DM-6566",False,"train",0.019421856850385666,0.019422203302383423,0.8252083659172058,0.019423289224505424,0.019423050805926323,0.01941928267478943,0.019419506192207336,0.019420277327299118,0.019418129697442055,0.019424041733145714
"DM-11650",False,"train",0.0,0.47517988085746765,0.12263395637273788,0.0,0.0,0.0,0.28881359100341797,0.0854264348745346,0.0,0.0
"DM-9317",False,"train",0.0,0.7438657879829407,0.0,0.0,0.0,0.2362775355577469,0.0,0.0,0.0,0.0
"DM-14733",False,"train",0.0,0.0,0.0,0.6374432444572449,0.2824104130268097,0.0,0.0,0.06458389014005661,0.0,0.0
"DM-16415",False,"train",0.0,0.335700660943985,0.0,0.0,0.0,0.0,0.0,0.08974763751029968,0.0,0.5545746088027954
"DM-16260",False,"train",0.01661263220012188,0.01661517284810543,0.016612432897090912,0.01661193184554577,0.01661195047199726,0.01661624014377594,0.8504821062088013,0.016611915081739426,0.01661333255469799,0.016612261533737183
"DM-16469",False,"train",0.0,0.0,0.0,0.0,0.0,0.0,0.0,0.0,0.0,0.9665594696998596
"DM-13402",False,"train",0.10839416831731796,0.26711252331733704,0.05781131610274315,0.0,0.4602785110473633,0.08707898110151291,0.0,0.0,0.0,0.0
"DM-5163",False,"train",0.0,0.0,0.0,0.22948692739009857,0.0,0.0,0.35472342371940613,0.3916133940219879,0.0,0.0
"DM-19188",False,"train",0.0,0.25057533383369446,0.0,0.11225591599941254,0.0,0.4448453485965729,0.0,0.0,0.04492295905947685,0.1400536149740219
"DM-15142",False,"train",0.0,0.0,0.0,0.0,0.19087961316108704,0.0,0.43883225321769714,0.3563615679740906,0.0,0.0
"DM-4556",False,"train",0.0,0.5352578163146973,0.0,0.0,0.0,0.44881901144981384,0.0,0.0,0.0,0.0
"DM-14359",False,"train",0.0,0.0,0.9132735729217529,0.0,0.07783268392086029,0.0,0.0,0.0,0.0,0.0
"DM-10495",False,"train",0.0,0.6633310317993164,0.0,0.0,0.0,0.0,0.0,0.08740736544132233,0.11317136138677597,0.11944848299026489
"DM-7844",False,"train",0.0,0.0,0.0,0.0,0.0,0.7554293274879456,0.0,0.0,0.22853054106235504,0.0
"DM-9675",False,"train",0.0,0.0,0.08252109587192535,0.0,0.0,0.0,0.061865560710430145,0.0,0.3034762144088745,0.5315355658531189
"DM-1608",False,"train",0.0,0.9624348282814026,0.0,0.0,0.0,0.0,0.0,0.0,0.0,0.0
"DM-10299",False,"train",0.0,0.0,0.05403946712613106,0.0,0.0,0.0,0.0,0.0,0.12170353531837463,0.7924134731292725
"DM-15534",True,"train",0.0,0.5590647459030151,0.0,0.0,0.0,0.0,0.40595099329948425,0.0,0.0,0.0
"DM-16707",False,"train",0.0,0.0,0.0,0.6179348230361938,0.0,0.0,0.0,0.0,0.0,0.3265659809112549
"DM-6166",False,"train",0.0,0.9473446607589722,0.0,0.0,0.0,0.0,0.0,0.0,0.0,0.0
"DM-10541",False,"train",0.0,0.0,0.0,0.27443891763687134,0.0,0.0,0.1380842924118042,0.0,0.0,0.5695151686668396
"DM-612",False,"train",0.9624750018119812,0.0,0.0,0.0,0.0,0.0,0.0,0.0,0.0,0.0
"DM-11764",False,"train",0.08240195363759995,0.6576499342918396,0.0,0.0,0.15751716494560242,0.0,0.0,0.0,0.09406954795122147,0.0
"DM-2939",True,"train",0.041705913841724396,0.0,0.0,0.0,0.0,0.0,0.0,0.42841270565986633,0.0,0.512151837348938
"DM-11255",False,"train",0.0,0.0,0.21553626656532288,0.0,0.0,0.25347936153411865,0.0,0.0,0.0,0.5091660022735596
"DM-6251",False,"train",0.0,0.0,0.0,0.0,0.0,0.0,0.0,0.9549473524093628,0.0,0.0
"DM-17536",False,"train",0.0,0.0,0.0,0.9416016340255737,0.0,0.0,0.0,0.0,0.0,0.0
"DM-8439",False,"train",0.0,0.0,0.700413167476654,0.0,0.0,0.0,0.26146337389945984,0.0,0.0,0.0
"DM-4882",True,"train",0.0,0.0,0.0,0.16389484703540802,0.0,0.8120960593223572,0.0,0.0,0.0,0.0
"DM-5099",False,"train",0.0,0.13062840700149536,0.0,0.0,0.0,0.0,0.0,0.0,0.037528883665800095,0.8054200410842896
"DM-4450",False,"train",0.21494737267494202,0.02542155422270298,0.025424491614103317,0.025423888117074966,0.025420567020773888,0.02542134001851082,0.5816752910614014,0.025420626625418663,0.025424478575587273,0.025420429185032845
"DM-8461",True,"train",0.01494359690696001,0.014944286085665226,0.014943694695830345,0.014943554997444153,0.014944571070373058,0.014944540336728096,0.8655025362968445,0.01494424045085907,0.014945199713110924,0.01494373008608818
"DM-11743",False,"train",0.010088914074003696,0.010089227929711342,0.010089687071740627,0.01009029895067215,0.010088812559843063,0.9091930389404297,0.010090220719575882,0.010090355761349201,0.010089291259646416,0.010090181604027748
"DM-7562",False,"train",0.0,0.0,0.0,0.0,0.9434565305709839,0.0,0.0,0.0,0.0,0.039855100214481354
"DM-15790",False,"train",0.0,0.0,0.0,0.0,0.0,0.0,0.9699700474739075,0.0,0.0,0.0
"DM-16016",False,"train",0.02882992848753929,0.16521254181861877,0.0,0.187375009059906,0.49734506011009216,0.0,0.0,0.0,0.028690943494439125,0.08405176550149918
"DM-16256",False,"train",0.0,0.9306696057319641,0.0,0.0,0.0,0.0,0.0,0.0,0.0,0.0
"DM-8888",False,"train",0.0,0.0,0.0,0.0,0.0,0.0,0.9867478609085083,0.0,0.0,0.0
"DM-9320",False,"train",0.0,0.0,0.0,0.0,0.0,0.0,0.9698511958122253,0.0,0.0,0.0
"DM-14720",False,"train",0.0,0.587108850479126,0.0,0.0,0.28229907155036926,0.0,0.0,0.0,0.08049130439758301,0.0
"DM-16554",True,"train",0.0,0.1345553994178772,0.0,0.0,0.0,0.0,0.7192539572715759,0.0,0.12120213359594345,0.0
"DM-1333",False,"train",0.0,0.4522373080253601,0.0,0.34520649909973145,0.0,0.19423066079616547,0.0,0.0,0.0,0.0
"DM-9968",False,"train",0.0,0.977445125579834,0.0,0.0,0.0,0.0,0.0,0.0,0.0,0.0
"DM-14517",False,"train",0.0,0.0,0.0,0.9742708802223206,0.0,0.0,0.0,0.0,0.0,0.0
"DM-17565",True,"train",0.0,0.7382387518882751,0.0,0.0,0.0,0.0,0.21772664785385132,0.0,0.0,0.0
"DM-17341",False,"train",0.0,0.0,0.0,0.0,0.0,0.0,0.9437025189399719,0.0,0.0,0.0
"DM-13836",True,"train",0.0,0.0,0.0,0.0,0.0,0.7212310433387756,0.0,0.0,0.2568749487400055,0.0
"DM-8642",False,"train",0.011065701022744179,0.011065570637583733,0.011067714542150497,0.011067121289670467,0.011071019805967808,0.01106690987944603,0.9003866910934448,0.011072985827922821,0.011070056818425655,0.011066247709095478
"DM-9895",True,"train",0.0,0.0,0.05579333007335663,0.28702542185783386,0.0,0.0,0.5192096829414368,0.1197967529296875,0.0,0.0
"DM-6978",False,"train",0.0,0.0,0.0,0.4388853907585144,0.0,0.15665239095687866,0.3436444103717804,0.046796031296253204,0.0,0.0
"DM-5006",False,"train",0.0,0.1733059585094452,0.0,0.0,0.0,0.5445124506950378,0.26910698413848877,0.0,0.0,0.0
"DM-14346",False,"train",0.010008190758526325,0.010012904182076454,0.010008572600781918,0.010009055025875568,0.9099143147468567,0.010010120458900928,0.010010123252868652,0.01000872254371643,0.01000894419848919,0.010009054094552994
"DM-14082",False,"train",0.0,0.0,0.14846749603748322,0.0,0.0,0.0,0.0,0.8135011792182922,0.0,0.0
"DM-8296",False,"train",0.0,0.3279567062854767,0.0,0.0,0.16347119212150574,0.0,0.0,0.0,0.0,0.48526743054389954
"DM-17847",False,"train",0.0,0.0,0.0,0.0,0.0,0.0,0.0,0.0,0.0,0.9915726184844971
"DM-6588",False,"train",0.0,0.0,0.08227965235710144,0.0,0.1615872085094452,0.0,0.0,0.31366536021232605,0.4174325466156006,0.0
"DM-9455",False,"train",0.011123806238174438,0.011124021373689175,0.011124101467430592,0.01112403068691492,0.011124440468847752,0.01112460345029831,0.011123953387141228,0.8998816609382629,0.0111235985532403,0.01112581416964531
"DM-16404",False,"train",0.0,0.0,0.0,0.0,0.0,0.0,0.9639196991920471,0.0,0.0,0.0
"DM-14645",False,"train",0.033350978046655655,0.03335079923272133,0.03335079923272133,0.6998422741889954,0.03335079923272133,0.03335079923272133,0.03335108980536461,0.03335079923272133,0.03335079923272133,0.03335079923272133
"DM-595",False,"train",0.0,0.0,0.0,0.0,0.0,0.4812043309211731,0.4819967746734619,0.0,0.0,0.0
"DM-3358",False,"train",0.0,0.0,0.0,0.0,0.0,0.0,0.9719688892364502,0.0,0.0,0.0
"DM-3902",False,"train",0.6007314324378967,0.016680793836712837,0.016678480431437492,0.016682537272572517,0.016678662970662117,0.016682006418704987,0.016680192202329636,0.016679000109434128,0.01668372191488743,0.2658231258392334
"DM-12011",False,"train",0.0,0.0,0.0,0.978036105632782,0.0,0.0,0.0,0.0,0.0,0.0
"DM-11813",True,"train",0.010034075938165188,0.010033344849944115,0.010033154860138893,0.6379448771476746,0.010037099942564964,0.010032076388597488,0.010032935068011284,0.010035213083028793,0.2817815840244293,0.010035645216703415
"DM-1530",True,"train",0.0,0.0,0.0,0.0,0.0,0.0,0.283701628446579,0.0,0.05321325734257698,0.6356493830680847
"DM-10963",False,"train",0.0,0.0,0.0,0.0,0.5019694566726685,0.0,0.19384698569774628,0.270803838968277,0.0,0.0
"DM-8114",False,"train",0.0,0.05091739445924759,0.0,0.07303831726312637,0.7353220582008362,0.0,0.0,0.12308904528617859,0.0,0.0
"DM-7784",False,"train",0.0,0.0,0.0,0.5836525559425354,0.4027428925037384,0.0,0.0,0.0,0.0,0.0
"DM-11368",False,"train",0.0,0.19917774200439453,0.0,0.21607835590839386,0.0,0.0,0.0,0.0,0.5553423166275024,0.0
"DM-12404",True,"train",0.0,0.24211128056049347,0.0,0.3799532353878021,0.0,0.0,0.0,0.0,0.0,0.35458922386169434
"DM-13116",False,"train",0.0,0.0,0.6375916600227356,0.0,0.0,0.0,0.33812057971954346,0.0,0.0,0.0
"DM-9873",False,"train",0.4241591989994049,0.08031722903251648,0.0,0.0,0.0,0.210793137550354,0.0,0.0,0.0,0.27759239077568054
"DM-607",True,"train",0.5158931016921997,0.013292313553392887,0.013292285613715649,0.013291839510202408,0.01329012494534254,0.013292006216943264,0.22505579888820648,0.16600576043128967,0.01329356711357832,0.0132932523265481
"DM-1072",False,"train",0.0,0.0,0.0,0.0,0.7783036828041077,0.0,0.18315228819847107,0.0,0.0,0.0
"DM-16341",False,"train",0.10000055283308029,0.09999978542327881,0.10000158846378326,0.09999971091747284,0.10000083595514297,0.09999977052211761,0.09999962896108627,0.0999998077750206,0.0999990701675415,0.09999918192625046
"DM-15775",False,"train",0.0,0.5645793676376343,0.0,0.0,0.0,0.05012892931699753,0.36871159076690674,0.0,0.0,0.0
"DM-5686",False,"train",0.0,0.0,0.2655129134654999,0.0,0.0,0.12355352938175201,0.0,0.5950682759284973,0.0,0.0
"DM-15889",False,"train",0.0,0.0,0.0,0.0,0.0,0.33479124307632446,0.0,0.5596256256103516,0.07506804913282394,0.0
"DM-4129",False,"train",0.0,0.0,0.0,0.0,0.0,0.0,0.2616581916809082,0.0,0.143784299492836,0.5655399560928345
"DM-4410",True,"train",0.0,0.0,0.0,0.0,0.0,0.0,0.0,0.21735447645187378,0.0,0.7616206407546997
"DM-12264",False,"train",0.012444574385881424,0.012445854023098946,0.012444928288459778,0.012445006519556046,0.01244510430842638,0.012446189299225807,0.012445350177586079,0.012445589527487755,0.012444352731108665,0.8879930377006531
"DM-3037",False,"train",0.1574259102344513,0.0,0.0,0.0,0.0,0.30491065979003906,0.49094119668006897,0.0,0.0,0.0
"DM-4885",True,"train",0.020007314160466194,0.6359302997589111,0.02000681310892105,0.020006217062473297,0.020006898790597916,0.02000674232840538,0.20401474833488464,0.02000768668949604,0.020006144419312477,0.020007088780403137
"DM-13724",False,"train",0.01984819583594799,0.5718531608581543,0.01984829641878605,0.01985025964677334,0.01985987462103367,0.2693438231945038,0.01984947919845581,0.019849028438329697,0.019847674295306206,0.019850168377161026
"DM-10065",True,"train",0.0,0.13460148870944977,0.0,0.21036362648010254,0.0,0.24531055986881256,0.0,0.3225642740726471,0.0,0.08275055885314941
"DM-2433",False,"train",0.0,0.0,0.0,0.0,0.5482587218284607,0.0,0.0,0.0,0.0,0.44133761525154114
"DM-16415",False,"train",0.0,0.335700660943985,0.0,0.0,0.0,0.0,0.0,0.08974763751029968,0.0,0.5545746088027954
"DM-2582",True,"train",0.0,0.0,0.0,0.0,0.46240589022636414,0.0,0.0,0.5077698826789856,0.0,0.0
"DM-9413",False,"train",0.02016342803835869,0.02016444131731987,0.020163193345069885,0.020164718851447105,0.8185213804244995,0.02016742154955864,0.02016547881066799,0.020163198933005333,0.020163480192422867,0.02016323432326317
"DM-3182",True,"train",0.0,0.1528843194246292,0.0,0.0,0.0,0.7845577001571655,0.04313508793711662,0.0,0.0,0.0
"DM-8842",False,"train",0.0,0.560093343257904,0.2427782565355301,0.0,0.18329143524169922,0.0,0.0,0.0,0.0,0.0
"DM-929",False,"train",0.0,0.0,0.0,0.0,0.0,0.3377794623374939,0.0,0.0,0.12019684910774231,0.5151251554489136
"DM-3949",False,"train",0.0,0.0,0.0,0.0,0.0,0.0,0.9609498977661133,0.0,0.0,0.0
"DM-12610",False,"train",0.0,0.0,0.0,0.0,0.0,0.962414026260376,0.0,0.0,0.0,0.0
"DM-7432",False,"train",0.0,0.0,0.0,0.0,0.9249062538146973,0.0,0.0,0.0,0.0,0.0
"DM-3898",False,"train",0.029951905831694603,0.0,0.0,0.0,0.0,0.0,0.0,0.0,0.9659423232078552,0.0
"DM-18123",False,"train",0.0,0.0,0.0,0.9718396663665771,0.0,0.0,0.0,0.0,0.0,0.0
"DM-6519",False,"train",0.0,0.0,0.0,0.9146418571472168,0.0,0.0,0.0,0.0,0.0,0.0
"DM-18438",False,"train",0.0,0.0,0.0,0.967745840549469,0.0,0.0,0.0,0.0,0.0,0.0
"DM-18327",False,"train",0.07356149703264236,0.20109301805496216,0.0,0.0,0.0,0.0,0.20239800214767456,0.2928466498851776,0.2101111263036728,0.0
"DM-5831",True,"train",0.0,0.0,0.0,0.0,0.0,0.9347511529922485,0.0,0.0,0.0,0.0
"DM-7343",False,"train",0.0,0.0,0.09481123089790344,0.0,0.0,0.0,0.8460521101951599,0.0,0.0,0.0
"DM-5387",False,"train",0.4128774404525757,0.013942657969892025,0.2803429365158081,0.013945529237389565,0.013941492885351181,0.013942084275186062,0.013941965997219086,0.013942986726760864,0.20917968451976776,0.013943267986178398
"DM-11571",False,"train",0.0,0.0,0.0,0.0,0.0,0.0,0.9126618504524231,0.07376516610383987,0.0,0.0
"DM-8440",False,"train",0.0,0.5558990240097046,0.0,0.0,0.0,0.0,0.25374191999435425,0.1492346078157425,0.0,0.0
"DM-15916",False,"train",0.0,0.0,0.0,0.05729223042726517,0.0,0.0,0.0,0.08018823713064194,0.0,0.8479107618331909
"DM-9882",False,"train",0.062460627406835556,0.24483397603034973,0.0,0.0,0.0,0.445833295583725,0.0,0.0,0.0,0.2338358759880066
"DM-2096",False,"train",0.0,0.0,0.10342154651880264,0.0,0.3814908266067505,0.0,0.0,0.0,0.0,0.4567340016365051
"DM-16376",False,"train",0.02469073422253132,0.024681169539690018,0.024680927395820618,0.7778617739677429,0.02467925474047661,0.02468111552298069,0.024679146707057953,0.024686815217137337,0.024679724127054214,0.024679318070411682
"DM-10515",False,"train",0.0,0.0,0.0,0.0,0.0,0.0,0.9666484594345093,0.0,0.0,0.0
"DM-14306",False,"train",0.0,0.9607508182525635,0.0,0.0,0.0,0.0,0.0,0.0,0.0,0.0
"DM-7536",False,"train",0.011151949875056744,0.0,0.0,0.0,0.0,0.0,0.0,0.0,0.986112654209137,0.0
"DM-1813",False,"train",0.0,0.0,0.0,0.0,0.0,0.9437059760093689,0.0,0.0,0.0,0.0
"DM-1611",True,"train",0.0,0.0,0.0,0.4011251628398895,0.34559541940689087,0.0,0.0,0.0,0.18957798182964325,0.0
"DM-6980",False,"train",0.014240321703255177,0.014237575232982635,0.014236864633858204,0.014244218356907368,0.014237198047339916,0.014240429736673832,0.01423645205795765,0.8718522191047668,0.014237169176340103,0.014237530529499054
"DM-8982",False,"train",0.5091571807861328,0.0,0.43097567558288574,0.05125187709927559,0.0,0.0,0.0,0.0,0.0,0.0
"DM-1464",False,"train",0.0,0.0,0.42896443605422974,0.16511361300945282,0.34220704436302185,0.0,0.0,0.0,0.0,0.0
"DM-1916",True,"train",0.0,0.0,0.0,0.35957616567611694,0.0,0.0,0.09343667328357697,0.0,0.0,0.5427290201187134
"DM-7411",False,"train",0.011114328168332577,0.011114458553493023,0.01111452467739582,0.011114600114524364,0.8999695777893066,0.011114326305687428,0.01111436914652586,0.011114675551652908,0.01111479103565216,0.01111435517668724
"DM-7344",False,"train",0.0,0.0,0.0,0.0,0.0,0.0,0.8356786966323853,0.0,0.0,0.1071104183793068
"DM-13129",False,"train",0.31093865633010864,0.0,0.11747340112924576,0.0,0.0,0.0,0.0,0.0,0.5628411769866943,0.0
"DM-13411",False,"train",0.9906527996063232,0.0,0.0,0.0,0.0,0.0,0.0,0.0,0.0,0.0
"DM-1396",False,"train",0.0,0.0,0.0,0.0,0.0,0.0,0.0,0.0,0.0,0.9679648280143738
"DM-6522",False,"train",0.460438996553421,0.011954099871218204,0.011951668187975883,0.011954547837376595,0.44393864274024963,0.011953110806643963,0.011952891014516354,0.011954134330153465,0.01194977667182684,0.01195207517594099
"DM-6447",False,"train",0.0,0.0,0.0,0.0,0.31780168414115906,0.0,0.0,0.2091882824897766,0.0,0.4453844726085663
"DM-16743",False,"train",0.0,0.23515065014362335,0.0,0.0,0.7280703186988831,0.0,0.0,0.0,0.0,0.0
"DM-1999",True,"train",0.0,0.0,0.0,0.0,0.0,0.0,0.0,0.14773604273796082,0.0,0.8062120676040649
"DM-18855",False,"train",0.08891667425632477,0.35385003685951233,0.0,0.0,0.0,0.04980631545186043,0.0,0.0,0.48929014801979065,0.0
"DM-12475",False,"train",0.0,0.0,0.0,0.0,0.3888135552406311,0.0,0.0,0.43958213925361633,0.14570721983909607,0.0
"DM-16017",False,"train",0.0,0.0,0.0,0.8463953733444214,0.0,0.0,0.0,0.11865992099046707,0.0,0.0
"DM-13979",False,"train",0.012574737891554832,0.012576230801641941,0.012575850822031498,0.012575117871165276,0.012575083412230015,0.012575345113873482,0.012576739303767681,0.8868203163146973,0.012574943713843822,0.012575632892549038
"DM-12700",False,"train",0.0,0.39356115460395813,0.0,0.0,0.0,0.0,0.0,0.0,0.2781352996826172,0.2717874050140381
"DM-13452",True,"train",0.202314555644989,0.0,0.0,0.0,0.0,0.0,0.0,0.45583826303482056,0.0,0.3068563938140869
"DM-15116",False,"train",0.03810837119817734,0.038108184933662415,0.038107793778181076,0.6570261120796204,0.03810777887701988,0.038107793778181076,0.03811066970229149,0.03810776025056839,0.03810778260231018,0.038107749074697495
"DM-10455",False,"train",0.0,0.0,0.0,0.0,0.0,0.0,0.0,0.0,0.0,0.971842348575592
"DM-17088",False,"train",0.0,0.0,0.0,0.0,0.6451023817062378,0.0,0.0,0.0,0.32627618312835693,0.0
"DM-10151",False,"train",0.0,0.0,0.0,0.14626316726207733,0.0,0.0,0.0,0.0,0.270064115524292,0.5629538893699646
"DM-8842",False,"train",0.0,0.560093343257904,0.2427782565355301,0.0,0.18329143524169922,0.0,0.0,0.0,0.0,0.0
"DM-10922",False,"train",0.010004375129938126,0.2812497913837433,0.01000421866774559,0.010005753487348557,0.010006332769989967,0.010004566051065922,0.010004785843193531,0.6387099623680115,0.010004259645938873,0.010005946271121502
"DM-13286",False,"train",0.0,0.0,0.0,0.6468968987464905,0.0,0.0,0.0,0.0,0.3244211971759796,0.0
"DM-6620",False,"train",0.05112789571285248,0.0,0.0,0.0,0.0,0.0,0.0,0.0,0.5860947966575623,0.3485536575317383
"DM-12533",False,"train",0.0,0.0,0.0,0.0,0.6039621233940125,0.0,0.0,0.0,0.34889739751815796,0.0
"DM-12552",False,"train",0.0,0.0,0.0,0.9501596689224243,0.0,0.0,0.0,0.0,0.0,0.0
"DM-993",False,"train",0.0,0.0,0.0,0.0,0.0,0.30433475971221924,0.680813193321228,0.0,0.0,0.0
"DM-4841",False,"train",0.34140127897262573,0.0,0.12949858605861664,0.0,0.0,0.0,0.0,0.5079487562179565,0.0,0.0
"DM-16286",False,"train",0.0,0.18499834835529327,0.0,0.0,0.0,0.5973582863807678,0.0,0.0,0.17827366292476654,0.026997270062565804
"DM-2854",False,"train",0.0,0.0,0.0,0.0,0.4247855842113495,0.0,0.0,0.2850950360298157,0.0,0.2650904357433319
"DM-16726",False,"train",0.0,0.0,0.0,0.0,0.0,0.9140785336494446,0.0,0.0,0.0723443478345871,0.0
"DM-9715",False,"train",0.0,0.4204433560371399,0.0,0.0,0.0,0.11650971323251724,0.0,0.0,0.3060027062892914,0.14036259055137634
"DM-5849",False,"train",0.0,0.0,0.0,0.0,0.0,0.3202887773513794,0.0,0.29907891154289246,0.0,0.3476758301258087
"DM-7995",False,"train",0.0,0.0,0.0,0.6383956670761108,0.0,0.0,0.0,0.3268672823905945,0.0,0.0
"DM-10394",False,"train",0.0,0.0,0.9653522372245789,0.0,0.0,0.0,0.0,0.0,0.0,0.0
"DM-5769",False,"train",0.1401064246892929,0.07948623597621918,0.0,0.0,0.0,0.08757279068231583,0.12015247344970703,0.0,0.0,0.5649407505989075
"DM-7760",False,"train",0.05890665203332901,0.0,0.0,0.6525902152061462,0.0,0.0,0.0,0.24965408444404602,0.034093163907527924,0.0
"DM-5521",False,"train",0.35901641845703125,0.019884755834937096,0.019881941378116608,0.019882839173078537,0.01988157257437706,0.019882040098309517,0.4819224774837494,0.01988225243985653,0.019881736487150192,0.01988392136991024
"DM-7225",False,"train",0.0,0.7836584448814392,0.0,0.19133210182189941,0.0,0.0,0.0,0.0,0.0,0.0
"DM-8641",False,"train",0.0,0.0,0.0,0.0,0.0,0.347229540348053,0.06568383425474167,0.0,0.0,0.5659090876579285
"DM-9920",False,"train",0.0,0.0,0.0,0.7882841229438782,0.0,0.0,0.0,0.14326165616512299,0.0,0.05238175019621849
"DM-9572",True,"train",0.8114275932312012,0.0,0.0,0.0,0.14849452674388885,0.0,0.0,0.0,0.0,0.0
"DM-1001",False,"train",0.0,0.6025761961936951,0.0,0.0,0.08072789013385773,0.08078549057245255,0.0,0.0,0.2149832397699356,0.0
"DM-2976",False,"train",0.4363776743412018,0.4489264488220215,0.014335972256958485,0.014338107779622078,0.014336884021759033,0.014336944557726383,0.01433629635721445,0.01433692965656519,0.014336339198052883,0.014338399283587933
"DM-17510",False,"train",0.40061846375465393,0.016562487930059433,0.01656154729425907,0.016562500968575478,0.46688592433929443,0.016561370342969894,0.01656259037554264,0.016561822965741158,0.01656145602464676,0.016561824828386307
"DM-14786",False,"train",0.0,0.0,0.0,0.0,0.0,0.0,0.0,0.0,0.0,0.9689304828643799
"DM-7825",False,"train",0.0,0.0,0.0,0.2296457439661026,0.0,0.02968795970082283,0.0,0.0,0.0,0.736340343952179
"DM-9542",True,"train",0.0,0.0,0.0,0.0,0.0,0.0,0.0,0.9634065628051758,0.0,0.0
"DM-17943",False,"train",0.0,0.0,0.0,0.0,0.0,0.0,0.6937180161476135,0.0,0.23452948033809662,0.0
"DM-8665",False,"train",0.0,0.0,0.11839516460895538,0.1510739028453827,0.0,0.0,0.5413427352905273,0.0,0.15364530682563782,0.0
"DM-10948",False,"train",0.0,0.07077495008707047,0.0,0.42304104566574097,0.0,0.0,0.0,0.0,0.31803402304649353,0.17415761947631836
"DM-13861",True,"train",0.0,0.24108828604221344,0.0,0.30719977617263794,0.4260138273239136,0.0,0.0,0.0,0.0,0.0
"DM-8265",False,"train",0.0,0.0,0.0,0.0,0.0,0.15868106484413147,0.0,0.0,0.0,0.8248821496963501
"DM-18292",False,"train",0.0,0.0,0.5576826333999634,0.20319266617298126,0.0,0.0,0.1726795881986618,0.0,0.0,0.0
"DM-10877",False,"train",0.016670698300004005,0.01667098142206669,0.01667071506381035,0.016671137884259224,0.016670789569616318,0.016670849174261093,0.016670746728777885,0.8499618172645569,0.01667071133852005,0.01667160913348198
"DM-3136",False,"train",0.1245834156870842,0.0,0.0,0.0,0.39629295468330383,0.0,0.0,0.0,0.0,0.442526638507843
"DM-15611",False,"train",0.0,0.0,0.0,0.0,0.0,0.9174785614013672,0.0,0.0,0.0,0.0
"DM-14520",False,"train",0.0,0.0,0.0,0.8653996586799622,0.0,0.0,0.0,0.0,0.0,0.11714312434196472
"DM-5427",False,"train",0.0,0.0,0.0,0.0,0.023066967725753784,0.0,0.0,0.0,0.8538915514945984,0.11394600570201874
"DM-11786",True,"train",0.4957146942615509,0.0,0.0,0.45093056559562683,0.0,0.0,0.0,0.0,0.0,0.0
"DM-10538",False,"train",0.010954497382044792,0.010957587510347366,0.2765299677848816,0.010954855009913445,0.4584365785121918,0.010954618453979492,0.01095428504049778,0.01095412578433752,0.1883479505777359,0.01095553021878004
"DM-8608",False,"train",0.025022229179739952,0.02501305565237999,0.025013023987412453,0.5401485562324524,0.25970956683158875,0.025014782324433327,0.02502617985010147,0.025016354396939278,0.025022273883223534,0.025014018639922142
"DM-9853",False,"train",0.0,0.0,0.0,0.0,0.0,0.0,0.5610038638114929,0.0,0.0,0.39973464608192444
"DM-13534",False,"train",0.0,0.0,0.0,0.0,0.0,0.0,0.7780734896659851,0.0,0.1976979821920395,0.0
"DM-13460",False,"train",0.8498950600624084,0.016683749854564667,0.01668347604572773,0.016677968204021454,0.01667792722582817,0.01667642407119274,0.016676658764481544,0.01667618565261364,0.016676239669322968,0.01667625829577446
"DM-7546",False,"train",0.0,0.0425674207508564,0.0,0.0,0.0,0.5815158486366272,0.0,0.06581438332796097,0.26497071981430054,0.041260793805122375
"DM-10455",False,"train",0.0,0.0,0.0,0.0,0.0,0.0,0.0,0.0,0.0,0.971842348575592
"DM-7416",False,"train",0.011154833249747753,0.13046759366989136,0.01115292776376009,0.011154202744364738,0.011154156178236008,0.011153147555887699,0.011154149658977985,0.011156590655446053,0.7802992463111877,0.011153185740113258
"DM-7104",False,"train",0.0,0.5251281261444092,0.0,0.0,0.08214111626148224,0.0,0.2553730010986328,0.0,0.0,0.10706005990505219
"DM-14397",False,"train",0.0,0.1399095505475998,0.0,0.0,0.7947571277618408,0.0,0.0,0.0,0.0,0.0
"DM-18323",False,"train",0.011073841713368893,0.47567692399024963,0.01107245497405529,0.01107246708124876,0.011072925291955471,0.011073908768594265,0.43573904037475586,0.011072773486375809,0.011072991415858269,0.011072696186602116
"DM-13082",False,"train",0.0,0.0,0.9469977617263794,0.0,0.0,0.0,0.0,0.0,0.0,0.0
"DM-8245",False,"train",0.0,0.0,0.0,0.9699810743331909,0.0,0.0,0.0,0.0,0.0,0.0
"DM-370",True,"train",0.0,0.2995510697364807,0.0,0.0,0.0,0.21396760642528534,0.0,0.0,0.0,0.47088760137557983
"DM-14828",False,"train",0.0,0.55624920129776,0.0,0.0,0.0,0.0,0.4013920724391937,0.0,0.0,0.0
"DM-15157",False,"train",0.0,0.5511449575424194,0.0,0.0,0.02372806705534458,0.0,0.0,0.0,0.0,0.4092278778553009
"DM-16867",True,"train",0.0,0.0,0.0,0.0,0.0,0.0,0.0,0.7620814442634583,0.17183181643486023,0.0
"DM-13967",False,"train",0.010530585423111916,0.0,0.0,0.06317219883203506,0.09798626601696014,0.0,0.0,0.18034255504608154,0.052808769047260284,0.5879948735237122
"DM-4807",False,"train",0.40472474694252014,0.0,0.0,0.3733486533164978,0.0,0.0,0.0,0.0,0.0,0.18877390027046204
"DM-4035",False,"train",0.25062909722328186,0.0,0.0,0.03162694722414017,0.0,0.13593417406082153,0.2873876094818115,0.0,0.20741379261016846,0.07450474053621292
"DM-7120",False,"train",0.0,0.0,0.0,0.0,0.0,0.0,0.0,0.0,0.0,0.9712479710578918
"DM-9784",True,"train",0.0,0.0,0.0,0.0,0.0,0.0,0.9780285954475403,0.0,0.0,0.0
"DM-12524",True,"train",0.0,0.9808415174484253,0.0,0.0,0.0,0.0,0.0,0.0,0.0,0.0
"DM-5697",False,"train",0.0,0.0,0.0,0.25782346725463867,0.0,0.0,0.0,0.0,0.34107065200805664,0.385863721370697
"DM-928",False,"train",0.01981140859425068,0.01981249637901783,0.01981200836598873,0.019811738282442093,0.8216903805732727,0.01981220208108425,0.01981184259057045,0.019813111051917076,0.019811708480119705,0.01981307752430439
"DM-5722",False,"train",0.011132385581731796,0.011131796054542065,0.011132169514894485,0.011134296655654907,0.011131292209029198,0.01113183330744505,0.011132003739476204,0.8998109698295593,0.011131451465189457,0.011131764389574528
"DM-5854",False,"train",0.34673169255256653,0.0,0.0,0.0,0.0,0.3953295350074768,0.09451912343502045,0.0,0.1536582112312317,0.0
"DM-9050",False,"train",0.0,0.0,0.0,0.0,0.0,0.5819571018218994,0.0,0.4056972861289978,0.0,0.0
"DM-11592",False,"train",0.0,0.0753292366862297,0.0,0.0,0.4761265218257904,0.04924653097987175,0.0,0.0,0.0,0.38265565037727356
"DM-17229",False,"train",0.0,0.0,0.7671976089477539,0.0,0.14242197573184967,0.0,0.0,0.07828092575073242,0.0,0.0
"DM-10336",False,"train",0.1774854212999344,0.0,0.0,0.0,0.0,0.0,0.0,0.0,0.8158836364746094,0.0
"DM-2926",False,"train",0.338623583316803,0.0,0.0,0.0,0.0,0.47204387187957764,0.0,0.13656435906887054,0.0,0.0
"DM-1539",False,"train",0.0,0.054241862148046494,0.0,0.0,0.0,0.0,0.68697190284729,0.14153985679149628,0.0,0.10798434168100357
"DM-9462",False,"train",0.0,0.0,0.0,0.0,0.0,0.23911748826503754,0.7452888488769531,0.0,0.0,0.0
"DM-17752",False,"train",0.0,0.2920885980129242,0.0,0.48387637734413147,0.0,0.09591959416866302,0.0,0.0,0.11744026839733124,0.0
"DM-15246",True,"train",0.0,0.0,0.0,0.0,0.6431117653846741,0.29542970657348633,0.0,0.0,0.0,0.0
"DM-13129",False,"train",0.31093865633010864,0.0,0.11747340112924576,0.0,0.0,0.0,0.0,0.0,0.5628411769866943,0.0
"DM-16904",False,"train",0.010949096642434597,0.010950443334877491,0.010949029587209225,0.9014483094215393,0.010950947180390358,0.010949586518108845,0.010949074290692806,0.010953469201922417,0.010950309224426746,0.010949738323688507
"DM-13520",False,"train",0.0,0.0,0.0,0.0,0.0,0.7656606435775757,0.0,0.1979609727859497,0.0,0.0
"DM-6597",False,"train",0.0,0.0,0.0,0.0,0.0,0.0,0.188899427652359,0.057188671082258224,0.15602119266986847,0.5843311548233032
"DM-5931",False,"train",0.0,0.0,0.0,0.14149239659309387,0.14132700860500336,0.6945813894271851,0.0,0.0,0.0,0.0
"DM-4835",True,"train",0.0,0.0793600007891655,0.0,0.41980284452438354,0.0,0.0,0.0,0.4769946038722992,0.0,0.0
"DM-18389",False,"train",0.01252025831490755,0.012528138235211372,0.01252013724297285,0.012523472309112549,0.012523931451141834,0.8872905969619751,0.012520267628133297,0.01252875104546547,0.012521729804575443,0.012522728182375431
"DM-1761",False,"train",0.0,0.1703803539276123,0.0,0.0,0.11962577700614929,0.08643242716789246,0.0,0.0,0.24648872017860413,0.37087705731391907
"DM-6588",False,"train",0.0,0.0,0.08227965235710144,0.0,0.1615872085094452,0.0,0.0,0.31366536021232605,0.4174325466156006,0.0
"DM-5189",False,"train",0.020006529986858368,0.02000567689538002,0.02000613324344158,0.3215210437774658,0.518429160118103,0.020005106925964355,0.020006069913506508,0.020009499043226242,0.02000501938164234,0.020005755126476288
"DM-4936",False,"train",0.0,0.0,0.0,0.0,0.0,0.0,0.5590614676475525,0.0,0.41690072417259216,0.0
"DM-9669",False,"train",0.0,0.0,0.0,0.96783846616745,0.0,0.0,0.0,0.0,0.0,0.0
"DM-4391",False,"train",0.0,0.09469836950302124,0.034485962241888046,0.0,0.0,0.0,0.0,0.0,0.06289408355951309,0.7972361445426941
"DM-7848",False,"train",0.0,0.0,0.0,0.0,0.0,0.4223308563232422,0.0,0.0,0.0,0.5098026990890503
"DM-14467",False,"train",0.0,0.05663997679948807,0.0,0.2640793025493622,0.0,0.0,0.0,0.0,0.0,0.6714805960655212
"DM-15836",False,"train",0.2583489418029785,0.0,0.0,0.0,0.0,0.0,0.4016651511192322,0.0,0.076227106153965,0.25577396154403687
"DM-8249",False,"train",0.0,0.0,0.4574892520904541,0.0,0.31070348620414734,0.0,0.0,0.0,0.0,0.18499571084976196
"DM-222",False,"train",0.014348327182233334,0.8708343505859375,0.014352038502693176,0.014349667355418205,0.014348907396197319,0.01435667835175991,0.014356995932757854,0.014349540695548058,0.014351732097566128,0.014351816847920418
"DM-2096",False,"train",0.0,0.0,0.10342154651880264,0.0,0.3814908266067505,0.0,0.0,0.0,0.0,0.4567340016365051
"DM-6973",False,"train",0.0,0.0,0.0,0.0,0.15111170709133148,0.0,0.0,0.15484078228473663,0.0,0.6306825280189514
"DM-13953",False,"train",0.18725207448005676,0.011046732775866985,0.011046540923416615,0.5421825051307678,0.011045640334486961,0.011047032661736012,0.01104732882231474,0.011047261767089367,0.1932383030653,0.011046605184674263
"DM-6239",False,"train",0.0,0.5890982151031494,0.0,0.0,0.0,0.0,0.3760692775249481,0.0,0.0,0.0
"DM-6487",True,"train",0.2517838180065155,0.0,0.060877349227666855,0.47005507349967957,0.0,0.0,0.0,0.2092989981174469,0.0,0.0
"DM-9574",False,"train",0.0,0.0,0.0380311980843544,0.06400447338819504,0.0,0.8816874027252197,0.0,0.0,0.0,0.0
"DM-2984",False,"train",0.0,0.0,0.0,0.0,0.636722207069397,0.0,0.0,0.16434597969055176,0.0,0.1919490098953247
"DM-11886",False,"train",0.0,0.0,0.0,0.1425323337316513,0.6747930645942688,0.1377963125705719,0.0,0.0,0.0,0.0
"DM-10974",False,"train",0.0,0.0,0.0,0.0,0.0,0.0,0.0,0.0,0.0,0.9504231214523315
"DM-11170",False,"train",0.01468788180500269,0.014689236879348755,0.014690988697111607,0.17744368314743042,0.014689644798636436,0.014690518379211426,0.28217923641204834,0.43755200505256653,0.014688048511743546,0.014688756316900253
"DM-1326",False,"train",0.0,0.0,0.0730380192399025,0.0,0.0,0.0,0.0,0.8993220329284668,0.0,0.0
"DM-15734",False,"train",0.0,0.0,0.0,0.0,0.0,0.29015690088272095,0.0,0.0,0.4775562882423401,0.17219962179660797
"DM-17264",True,"train",0.0,0.0,0.0,0.0,0.0,0.0,0.0,0.0,0.0,0.9525819420814514
"DM-3400",False,"train",0.0,0.652673065662384,0.0,0.0,0.0,0.0,0.0,0.0,0.0,0.31878238916397095
"DM-3492",False,"train",0.0,0.0,0.0,0.11135534942150116,0.0,0.3042512834072113,0.10082147270441055,0.4522411823272705,0.0,0.0
"DM-5511",True,"train",0.020007895305752754,0.020013751462101936,0.020008506253361702,0.020012205466628075,0.02001090534031391,0.020008696243166924,0.020007722079753876,0.02000950276851654,0.6106206774711609,0.22930017113685608
"DM-3173",False,"train",0.0,0.0,0.0,0.0,0.0,0.9749928116798401,0.0,0.0,0.0,0.0
"DM-1529",False,"train",0.0,0.0,0.0,0.0,0.08244897425174713,0.0,0.0,0.0,0.0,0.9055555462837219
"DM-15922",True,"train",0.0,0.6048426628112793,0.1947823166847229,0.0,0.0,0.0,0.1735149472951889,0.0,0.0,0.0
"DM-9498",False,"train",0.0,0.23662133514881134,0.0,0.0,0.0,0.7443175911903381,0.0,0.0,0.0,0.0
"DM-8800",False,"train",0.0,0.0,0.0,0.0,0.0,0.0,0.0,0.6726857423782349,0.2884117364883423,0.0
"DM-18389",False,"train",0.01252025831490755,0.012528138235211372,0.01252013724297285,0.012523472309112549,0.012523931451141834,0.8872905969619751,0.012520267628133297,0.01252875104546547,0.012521729804575443,0.012522728182375431
"DM-870",False,"train",0.024989567697048187,0.024991385638713837,0.02499353140592575,0.024990994483232498,0.024996282532811165,0.4182644188404083,0.024990132078528404,0.024992911145091057,0.3817976117134094,0.024993183091282845
"DM-5026",False,"train",0.0,0.0,0.6590180993080139,0.0,0.0,0.32587191462516785,0.0,0.0,0.0,0.0
"DM-12029",False,"train",0.0,0.24208728969097137,0.0,0.2708956301212311,0.0,0.0,0.0,0.0,0.23399579524993896,0.24455249309539795
"DM-17315",False,"train",0.0,0.0,0.0,0.0,0.0,0.0,0.9174254536628723,0.0,0.0,0.0
"DM-6327",False,"train",0.0,0.12984153628349304,0.0,0.0,0.0,0.0,0.0,0.0,0.0,0.8414101004600525
"DM-10864",False,"train",0.0,0.0,0.0,0.0,0.0,0.0,0.0,0.9130128622055054,0.0,0.0448077954351902
"DM-16206",False,"train",0.0,0.48094138503074646,0.0,0.0,0.4555905759334564,0.0,0.0,0.0,0.036716390401124954,0.0
"DM-15800",False,"train",0.23782165348529816,0.0,0.0,0.44443121552467346,0.0,0.0,0.28859663009643555,0.0,0.0,0.0
"DM-7902",False,"train",0.0,0.0,0.0,0.0,0.7856494784355164,0.0,0.0,0.0,0.17988404631614685,0.0
"DM-8102",False,"train",0.0,0.0,0.0,0.0,0.0,0.0,0.7232789993286133,0.0,0.0,0.23875285685062408
"DM-435",False,"train",0.0,0.0,0.0,0.0,0.2152826488018036,0.14340461790561676,0.034630026668310165,0.2408362776041031,0.0,0.3591070771217346
"DM-16373",False,"train",0.0,0.0,0.0,0.26828980445861816,0.0,0.17854125797748566,0.3405223786830902,0.07405781745910645,0.0,0.13201411068439484
"DM-18456",False,"train",0.0,0.5890881419181824,0.0,0.0,0.0,0.0,0.0,0.29980918765068054,0.0,0.0737687349319458
"DM-5317",False,"train",0.01247530709952116,0.012477532029151917,0.012475996278226376,0.19807372987270355,0.01247635018080473,0.012477483600378036,0.012475849129259586,0.21769481897354126,0.012483515776693821,0.4968894124031067
"DM-4485",True,"train",0.21207168698310852,0.01666819117963314,0.016668137162923813,0.016668325290083885,0.016668591648340225,0.016668187454342842,0.016668010503053665,0.654582679271698,0.016667863354086876,0.016668319702148438
"DM-7171",False,"train",0.0,0.0,0.0,0.0,0.6986755728721619,0.0,0.14972983300685883,0.0,0.12969806790351868,0.0
"DM-13224",False,"train",0.016313135623931885,0.016320116817951202,0.01631409302353859,0.41545188426971436,0.4540284276008606,0.0163139495998621,0.016315074637532234,0.016314616426825523,0.016313018277287483,0.01631571166217327
"DM-15785",False,"train",0.0,0.0,0.0,0.16921712458133698,0.0,0.6005168557167053,0.1865857094526291,0.0,0.0,0.0
"DM-4373",False,"train",0.0,0.0,0.0,0.030869508162140846,0.0,0.0,0.0,0.9618486762046814,0.0,0.0
"DM-9615",True,"train",0.0,0.9355691075325012,0.0,0.0,0.0,0.0,0.0,0.0,0.0,0.0
"DM-3511",True,"train",0.5489445924758911,0.05011726915836334,0.05011726915836334,0.05011726915836334,0.05011726915836334,0.05011726915836334,0.05011726915836334,0.05011726915836334,0.05011726915836334,0.05011726915836334
"DM-6239",False,"train",0.0,0.5890982151031494,0.0,0.0,0.0,0.0,0.3760692775249481,0.0,0.0,0.0
"DM-10145",False,"train",0.0,0.0,0.0,0.0,0.3530191481113434,0.0,0.0,0.6209726929664612,0.0,0.0
"DM-2538",False,"train",0.0110976193100214,0.011098847724497318,0.011097473092377186,0.011101102456450462,0.011100225150585175,0.37237071990966797,0.011099922470748425,0.011103019118309021,0.2791389524936676,0.2707920968532562
"DM-13491",False,"train",0.0,0.0,0.0,0.5988751649856567,0.0,0.0,0.37550458312034607,0.0,0.0,0.0
"DM-1883",False,"train",0.01664237678050995,0.016645072028040886,0.016643399372696877,0.016646163538098335,0.01664636842906475,0.01664489507675171,0.016645317897200584,0.5883966088294983,0.27844226360321045,0.01664751023054123
"DM-6108",False,"train",0.0,0.0,0.0,0.8421282768249512,0.0,0.0,0.08500713855028152,0.04815271869301796,0.016175370663404465,0.0
"DM-5448",False,"train",0.0,0.9435089826583862,0.0,0.0,0.0,0.0,0.0,0.0,0.0,0.0
"DM-16707",False,"train",0.0,0.0,0.0,0.6179348230361938,0.0,0.0,0.0,0.0,0.0,0.3265659809112549
"DM-15806",False,"train",0.0,0.0,0.0,0.10813673585653305,0.27313464879989624,0.0,0.30328238010406494,0.29550474882125854,0.0,0.0
"DM-11742",False,"train",0.0,0.0,0.0,0.0,0.11134517192840576,0.0,0.0,0.49384039640426636,0.2569393813610077,0.09791703522205353
"DM-9001",False,"train",0.0,0.0,0.0,0.23677848279476166,0.3075985014438629,0.0,0.12698733806610107,0.05481334775686264,0.0,0.2591624855995178
"DM-16441",False,"train",0.0,0.0,0.020425545051693916,0.27240878343582153,0.0,0.0,0.0,0.6860863566398621,0.0,0.0
"DM-18388",False,"train",0.01243948470801115,0.012442495673894882,0.01244103629142046,0.012440473772585392,0.012444155290722847,0.012441658414900303,0.8880246877670288,0.012441681697964668,0.012440024875104427,0.012444337829947472
"DM-6357",False,"train",0.011115019209682941,0.011114566586911678,0.011114761233329773,0.011115209199488163,0.8999648094177246,0.011117287911474705,0.011114583350718021,0.011114774271845818,0.011114389635622501,0.011114656925201416
"DM-10877",False,"train",0.016670698300004005,0.01667098142206669,0.01667071506381035,0.016671137884259224,0.016670789569616318,0.016670849174261093,0.016670746728777885,0.8499618172645569,0.01667071133852005,0.01667160913348198
"DM-17337",False,"train",0.0,0.031112032011151314,0.0,0.0,0.0,0.07064884155988693,0.4846905469894409,0.1519981324672699,0.25434255599975586,0.0
"DM-7780",False,"train",0.013168110512197018,0.8814861178398132,0.013166696764528751,0.013172728940844536,0.013167202472686768,0.013167736120522022,0.013167871162295341,0.013167559169232845,0.013167360797524452,0.013168638572096825
"DM-8646",False,"train",0.22802934050559998,0.3465956747531891,0.11594897508621216,0.1958250105381012,0.0,0.0,0.0,0.0,0.0997580736875534,0.0
"DM-3369",False,"train",0.0,0.46359482407569885,0.0,0.0,0.0,0.032644737511873245,0.0,0.484365850687027,0.0,0.0
"DM-17753",False,"train",0.0,0.9735093712806702,0.0,0.0,0.0,0.0,0.0,0.0,0.0,0.0
"DM-12103",False,"train",0.0,0.0,0.0,0.639124870300293,0.0,0.14418399333953857,0.08495302498340607,0.08710569888353348,0.037463728338479996,0.0
"DM-5192",True,"train",0.01667363941669464,0.016673216596245766,0.016672547906637192,0.01667470671236515,0.1962788999080658,0.01667560078203678,0.6703186631202698,0.01667717657983303,0.016679517924785614,0.016676023602485657
"DM-13315",False,"train",0.0,0.0,0.11407683044672012,0.609592616558075,0.0,0.0,0.0,0.22961467504501343,0.0,0.0
"DM-7410",False,"train",0.011242196895182133,0.011242331005632877,0.011242398992180824,0.011242476291954517,0.8988189101219177,0.011242195032536983,0.011242239736020565,0.011242552660405636,0.01124252937734127,0.011242223903536797
"DM-15724",False,"train",0.0,0.0,0.0,0.0,0.8204668164253235,0.0,0.0,0.12740904092788696,0.0,0.0
"DM-8408",False,"train",0.0,0.9525391459465027,0.0,0.0,0.0,0.0,0.0,0.0,0.0,0.0
"DM-9317",False,"train",0.0,0.7438657879829407,0.0,0.0,0.0,0.2362775355577469,0.0,0.0,0.0,0.0
"DM-16077",False,"train",0.0,0.0,0.0,0.0,0.0,0.0,0.0,0.0,0.9791339635848999,0.0
"DM-4755",False,"train",0.020012184977531433,0.02001216821372509,0.020011965185403824,0.45046356320381165,0.020011965185403824,0.020015424117445946,0.3894364535808563,0.020011965185403824,0.020011981949210167,0.020012272521853447
"DM-7012",False,"train",0.0,0.0,0.0,0.0,0.8733385801315308,0.0,0.0,0.07344596832990646,0.0,0.0
"DM-13654",False,"train",0.0,0.0,0.0,0.0,0.0,0.831626296043396,0.0,0.1337241232395172,0.0,0.0
"DM-13754",True,"train",0.0,0.0,0.0,0.0,0.0,0.9571071267127991,0.0,0.0,0.0,0.0
"DM-16168",False,"train",0.17649778723716736,0.0,0.0,0.0,0.0,0.0,0.0,0.7540969252586365,0.0,0.0
"DM-15370",False,"train",0.0,0.0,0.0,0.0,0.0,0.0,0.9590412974357605,0.0,0.0,0.0
"DM-12232",False,"train",0.0,0.0,0.0,0.0,0.35288888216018677,0.0,0.0,0.0,0.0,0.618550181388855
"DM-7902",False,"train",0.0,0.0,0.0,0.0,0.7856494784355164,0.0,0.0,0.0,0.17988404631614685,0.0
"DM-16752",False,"train",0.0,0.4241046905517578,0.121165432035923,0.0,0.0,0.08116075396537781,0.0,0.36530163884162903,0.0,0.0
"DM-2581",False,"train",0.11314055323600769,0.0,0.0,0.0,0.0,0.4087173044681549,0.44633299112319946,0.0,0.0,0.0
"DM-5865",False,"train",0.0,0.0,0.0,0.06472688168287277,0.3455350995063782,0.0,0.25143736600875854,0.0,0.0,0.32722845673561096
"DM-11324",False,"train",0.0,0.0,0.0,0.5011551976203918,0.2608877718448639,0.0,0.19659271836280823,0.0,0.0,0.0
"DM-335",True,"train",0.6988644599914551,0.0,0.0,0.0,0.0,0.07786750793457031,0.1362265944480896,0.07425975799560547,0.0,0.0
"DM-17482",False,"train",0.012501194141805172,0.012501372024416924,0.887486457824707,0.012501653283834457,0.012501662597060204,0.01250115130096674,0.012501148506999016,0.012502693571150303,0.012500960379838943,0.012501675635576248
"DM-1161",True,"train",0.0,0.9590480327606201,0.0,0.0,0.0,0.0,0.0,0.0,0.0,0.0
"DM-4757",False,"train",0.0,0.0,0.0,0.0,0.0,0.0,0.0,0.954938530921936,0.0,0.0
"DM-17511",False,"train",0.0,0.0,0.0,0.9876588582992554,0.0,0.0,0.0,0.0,0.0,0.0
"DM-1316",True,"train",0.0,0.3633943200111389,0.0,0.0,0.0,0.0,0.0,0.0,0.6184040904045105,0.0
"DM-6610",False,"train",0.0,0.29165658354759216,0.0,0.0,0.666291356086731,0.0,0.0,0.0,0.0,0.0
"DM-1868",True,"train",0.0,0.0,0.0,0.0,0.250846803188324,0.19816656410694122,0.0,0.0,0.0,0.5320848822593689
"DM-1698",True,"train",0.02496032416820526,0.02496548555791378,0.024961115792393684,0.024963734671473503,0.024972015991806984,0.024966424331068993,0.024964896962046623,0.024962741881608963,0.024970857426524162,0.7753123641014099
"DM-7697",False,"train",0.0,0.0,0.0,0.0,0.0,0.6645682454109192,0.0,0.0,0.3124426603317261,0.0
"DM-7155",False,"train",0.0,0.0,0.0,0.8450698852539062,0.0,0.0,0.0,0.1296931356191635,0.0,0.0
"DM-8014",False,"train",0.013679107651114464,0.013679281808435917,0.013678603805601597,0.013681077398359776,0.013678280636668205,0.013678266666829586,0.013678462244570255,0.8768873810768127,0.01367829367518425,0.01368129625916481
"DM-16312",False,"train",0.0,0.18102523684501648,0.0,0.0,0.0,0.0,0.0,0.7658299803733826,0.0,0.0
"DM-1305",False,"train",0.0,0.16576670110225677,0.013675471767783165,0.0,0.05059525743126869,0.0,0.01889151521027088,0.02863365225493908,0.7202854156494141,0.0
"DM-8641",False,"train",0.0,0.0,0.0,0.0,0.0,0.347229540348053,0.06568383425474167,0.0,0.0,0.5659090876579285
"DM-6458",False,"train",0.0,0.0,0.0,0.0,0.6316606998443604,0.08630441129207611,0.23832453787326813,0.0,0.0,0.0
"DM-14139",False,"train",0.1362067013978958,0.0,0.0,0.0,0.0,0.0,0.0,0.0,0.0,0.823850154876709
"DM-12602",False,"train",0.2699158191680908,0.0,0.08195056766271591,0.6178026795387268,0.0,0.0,0.0,0.0,0.0,0.0
"DM-1253",False,"train",0.024780916050076485,0.02478119544684887,0.024781985208392143,0.776943027973175,0.02478332445025444,0.024784108623862267,0.024799516424536705,0.024782488122582436,0.02478018030524254,0.024783311411738396
"DM-16021",True,"train",0.0,0.0,0.0,0.1278678923845291,0.0,0.8341707587242126,0.0,0.0,0.0,0.0
"DM-6819",True,"train",0.0,0.0,0.0,0.0,0.49923211336135864,0.19390282034873962,0.0,0.0,0.2843373417854309,0.0
"DM-622",True,"train",0.03306807577610016,0.0,0.0,0.0,0.0,0.0,0.9473268389701843,0.0,0.0,0.0
"DM-3985",False,"train",0.0,0.0,0.0,0.1979227513074875,0.0,0.0,0.5900647044181824,0.0,0.0,0.17896533012390137
"DM-1317",False,"train",0.0,0.09550370275974274,0.0658726915717125,0.0,0.0,0.0,0.0,0.0,0.5522511005401611,0.2656911313533783
"DM-2630",False,"train",0.0,0.0,0.0,0.0,0.0,0.0,0.12172677367925644,0.0,0.0,0.8713645935058594
"DM-16296",True,"train",0.0,0.7841483354568481,0.0,0.0,0.08818400651216507,0.0,0.0,0.0,0.10927360504865646,0.0
"DM-8642",False,"train",0.011065701022744179,0.011065570637583733,0.011067714542150497,0.011067121289670467,0.011071019805967808,0.01106690987944603,0.9003866910934448,0.011072985827922821,0.011070056818425655,0.011066247709095478
"DM-5521",False,"train",0.35901641845703125,0.019884755834937096,0.019881941378116608,0.019882839173078537,0.01988157257437706,0.019882040098309517,0.4819224774837494,0.01988225243985653,0.019881736487150192,0.01988392136991024
"DM-18282",False,"train",0.0,0.0,0.0,0.0,0.0,0.10084209591150284,0.41393229365348816,0.25819727778434753,0.0,0.17982593178749084
"DM-12459",False,"train",0.010004046373069286,0.010006044059991837,0.010004561394453049,0.010004737414419651,0.010004593059420586,0.010004357434809208,0.010005734860897064,0.9099556803703308,0.010004338808357716,0.010005868040025234
"DM-5770",False,"train",0.5648419260978699,0.0,0.0,0.18018437922000885,0.0,0.0,0.0,0.0,0.0,0.23224881291389465
"DM-5094",True,"train",0.0,0.0,0.0,0.0,0.0,0.0,0.0,0.9699360132217407,0.0,0.0
"DM-8645",False,"train",0.0,0.0,0.1470153033733368,0.17818956077098846,0.0,0.1616428792476654,0.5009190440177917,0.0,0.0,0.0
"DM-15355",False,"train",0.0,0.0,0.0,0.0,0.0,0.0,0.0,0.0,0.9895254373550415,0.0
"DM-1428",False,"train",0.019892603158950806,0.019892070442438126,0.5554167628288269,0.019889019429683685,0.28544896841049194,0.01989154890179634,0.019893016666173935,0.019886935129761696,0.019895775243639946,0.01989329792559147
"DM-2671",False,"train",0.016639208421111107,0.016639182344079018,0.016639094799757004,0.016639424487948418,0.016642456874251366,0.016639288514852524,0.8502416610717773,0.016640570014715195,0.016639327630400658,0.01663981005549431
"DM-791",False,"train",0.016736475750803947,0.01673712208867073,0.016736147925257683,0.016737712547183037,0.016734274104237556,0.418886661529541,0.01673898473381996,0.2619713544845581,0.016735583543777466,0.201985701918602
"DM-9502",False,"train",0.5359417796134949,0.0,0.3203655183315277,0.0,0.0,0.13004904985427856,0.0,0.0,0.0,0.0
"DM-1310",False,"train",0.0,0.16036707162857056,0.7890317440032959,0.0,0.0,0.0,0.0,0.0,0.0,0.0
"DM-8554",False,"train",0.0,0.20706257224082947,0.0,0.0,0.0,0.0,0.7397996783256531,0.0,0.0,0.0
"DM-16413",False,"train",0.0,0.0,0.0,0.0,0.0,0.9356467723846436,0.0,0.0,0.0,0.0
"DM-8698",False,"train",0.0,0.0,0.0,0.026957973837852478,0.0,0.0,0.03811466693878174,0.01266162097454071,0.9175237417221069,0.0
"DM-7668",False,"train",0.019395725801587105,0.8254303336143494,0.019396718591451645,0.019396044313907623,0.019398536533117294,0.019396360963582993,0.019395798444747925,0.019397325813770294,0.019395267590880394,0.019397923722863197
"DM-4136",False,"train",0.0,0.0,0.0,0.03359227254986763,0.349017858505249,0.0,0.2605626583099365,0.0,0.0,0.3307485580444336
"DM-12304",False,"train",0.0,0.0,0.0,0.0,0.39858630299568176,0.10139502584934235,0.0,0.0,0.0,0.49166008830070496
"DM-9194",True,"train",0.0,0.0,0.0,0.0,0.0,0.0,0.0,0.9653599858283997,0.0,0.0
"DM-11041",False,"train",0.0,0.0,0.33613264560699463,0.16802962124347687,0.46839654445648193,0.0,0.0,0.0,0.0,0.0
"DM-9992",False,"train",0.0,0.3101853132247925,0.0,0.0,0.0,0.0,0.0,0.6373265981674194,0.0,0.0
"DM-13566",False,"train",0.014550157822668552,0.30907192826271057,0.014549910090863705,0.01455173920840025,0.16793842613697052,0.014552997425198555,0.014552997425198555,0.4211258292198181,0.014551819302141666,0.014554181136190891
"DM-16129",False,"train",0.0,0.9653653502464294,0.0,0.0,0.0,0.0,0.0,0.0,0.0,0.0
"DM-17672",False,"train",0.0,0.7398755550384521,0.0,0.0,0.0,0.0,0.0,0.0,0.2045643925666809,0.0
"DM-2582",True,"train",0.0,0.0,0.0,0.0,0.46240589022636414,0.0,0.0,0.5077698826789856,0.0,0.0
"DM-9937",False,"train",0.9893714785575867,0.0,0.0,0.0,0.0,0.0,0.0,0.0,0.0,0.0
"DM-4806",False,"train",0.0,0.510689377784729,0.08566378057003021,0.0,0.0,0.07761070132255554,0.0,0.2944730818271637,0.0,0.0
"DM-5014",False,"train",0.0,0.0,0.0,0.0,0.0,0.0,0.0,0.0,0.0,0.9735975861549377
"DM-3961",True,"train",0.025018665939569473,0.025017976760864258,0.0250186026096344,0.025022242218255997,0.4800739288330078,0.025019150227308273,0.02502046898007393,0.02502346783876419,0.025017788633704185,0.31976771354675293
"DM-13507",False,"train",0.32290905714035034,0.0,0.0,0.03803449124097824,0.0,0.0,0.3255484104156494,0.0,0.0,0.30619946122169495
"DM-5760",False,"train",0.019961172714829445,0.01996152475476265,0.019962146878242493,0.019964098930358887,0.019959857687354088,0.019957613199949265,0.019957518205046654,0.8203573226928711,0.019956694915890694,0.01996203511953354
"DM-554",False,"train",0.0,0.0,0.0,0.0,0.0,0.0,0.0,0.9832924604415894,0.0,0.0
"DM-10025",False,"train",0.0,0.0,0.0,0.0,0.0,0.0,0.5687305927276611,0.38149240612983704,0.0,0.0
"DM-5986",False,"train",0.0,0.0,0.0,0.0,0.0,0.0,0.6882782578468323,0.17785729467868805,0.0,0.07958129048347473
"DM-7431",False,"train",0.0,0.0,0.0,0.0,0.4906787574291229,0.0,0.0,0.4360406696796417,0.0,0.0
"DM-11698",False,"train",0.0,0.0,0.09954334795475006,0.0,0.4554648697376251,0.0,0.0,0.0,0.05174928903579712,0.3832584619522095
"DM-5682",False,"train",0.0,0.9467452168464661,0.0,0.0,0.0,0.0,0.0,0.0,0.0,0.0
"DM-17211",False,"train",0.0,0.0,0.0,0.9819902777671814,0.0,0.0,0.0,0.0,0.0,0.0
"DM-17387",False,"train",0.010115592740476131,0.01011533010751009,0.010115181095898151,0.010116119869053364,0.010115244425833225,0.010115552693605423,0.4657478630542755,0.010114658623933792,0.4533291161060333,0.01011537853628397
"DM-4487",False,"train",0.48687639832496643,0.02500421367585659,0.02500416897237301,0.025006428360939026,0.025003718212246895,0.025007067248225212,0.025004616007208824,0.31308215856552124,0.025004243478178978,0.02500695176422596
"DM-6576",False,"train",0.2250089943408966,0.0,0.0,0.226688414812088,0.0,0.0,0.0,0.0,0.12205342203378677,0.4002237319946289
"DM-3961",True,"train",0.025018665939569473,0.025017976760864258,0.0250186026096344,0.025022242218255997,0.4800739288330078,0.025019150227308273,0.02502046898007393,0.02502346783876419,0.025017788633704185,0.31976771354675293
"DM-12818",False,"train",0.0,0.13484463095664978,0.5505859851837158,0.0,0.0,0.0,0.0,0.0,0.0,0.29891160130500793
"DM-16319",False,"train",0.0,0.0,0.07289976626634598,0.0,0.0,0.0,0.0,0.634031355381012,0.0,0.26548993587493896
"DM-833",False,"train",0.10660132020711899,0.0,0.0,0.0,0.42626869678497314,0.43267393112182617,0.0,0.0,0.0,0.0
"DM-832",True,"train",0.0,0.0,0.0,0.9229047894477844,0.0,0.0,0.0,0.05279574543237686,0.0,0.0
"DM-9239",False,"train",0.04931415989995003,0.049314968287944794,0.049317989498376846,0.5561634302139282,0.049314193427562714,0.0493171401321888,0.049313854426145554,0.049314409494400024,0.04931483417749405,0.04931497946381569
"DM-7108",False,"train",0.8368721008300781,0.0,0.0,0.0,0.13551609218120575,0.0,0.0,0.0,0.0,0.0
"DM-11040",False,"train",0.0,0.0,0.0,0.534098207950592,0.4258788824081421,0.0,0.0,0.0,0.0,0.0
"DM-16035",True,"train",0.0,0.0,0.0,0.7920206785202026,0.0,0.0,0.0,0.0,0.0,0.18892396986484528
"DM-16384",False,"train",0.0,0.7591987252235413,0.0,0.0,0.0,0.0,0.0,0.0,0.1842467337846756,0.0
"DM-16296",True,"train",0.0,0.7841483354568481,0.0,0.0,0.08818400651216507,0.0,0.0,0.0,0.10927360504865646,0.0
"DM-18885",False,"train",0.0,0.1743120551109314,0.0,0.0,0.0,0.5183383226394653,0.0,0.28483566641807556,0.0,0.0
"DM-912",False,"train",0.01083926297724247,0.010839925147593021,0.01083999965339899,0.010840424336493015,0.9024391174316406,0.010839775204658508,0.010839791968464851,0.010840289294719696,0.01084042526781559,0.010840953327715397
"DM-10422",False,"train",0.019931277260184288,0.019929392263293266,0.019929490983486176,0.32362106442451477,0.5169345140457153,0.019929034635424614,0.01993030682206154,0.019933145493268967,0.01992902345955372,0.01993275247514248
"DM-16869",False,"train",0.16584667563438416,0.033232685178518295,0.0,0.0,0.0,0.0,0.0,0.0,0.7938867807388306,0.0
"DM-5791",False,"train",0.44287991523742676,0.1047634482383728,0.0,0.0,0.0,0.0,0.0,0.0,0.0,0.4135524034500122
"DM-9578",False,"train",0.5914593935012817,0.0,0.0,0.0,0.0,0.141196608543396,0.06703094393014908,0.0,0.0,0.18157078325748444
"DM-4480",False,"train",0.016669299453496933,0.016669899225234985,0.01666920818388462,0.016668953001499176,0.01666877791285515,0.016668882220983505,0.0166691355407238,0.849977433681488,0.01666867546737194,0.016669776290655136
"DM-13895",False,"train",0.14986319839954376,0.0,0.0,0.0,0.5105719566345215,0.0,0.0,0.0,0.0,0.2740951478481293
"DM-2178",False,"train",0.13620173931121826,0.0,0.0,0.08999472856521606,0.10423610359430313,0.0,0.6562721133232117,0.0,0.0,0.0
"DM-11160",False,"train",0.0,0.0,0.0,0.0,0.3825339078903198,0.0,0.0,0.23449964821338654,0.3130241930484772,0.0
"DM-9553",False,"train",0.0,0.0,0.0,0.2279880940914154,0.0,0.22872315347194672,0.0,0.07245220243930817,0.13826975226402283,0.32039934396743774
"DM-12689",False,"train",0.02490004524588585,0.024900158867239952,0.024903124198317528,0.7758808135986328,0.024915015324950218,0.02490021474659443,0.024900097399950027,0.024900004267692566,0.02490018680691719,0.024900341406464577
"DM-9089",False,"train",0.0,0.09293051064014435,0.0,0.0,0.0,0.061918050050735474,0.3030838668346405,0.0,0.0,0.5258435606956482
"DM-7070",False,"train",0.25525471568107605,0.12931214272975922,0.0,0.0,0.0,0.48699355125427246,0.10132220387458801,0.0,0.0,0.0
"DM-9669",False,"train",0.0,0.0,0.0,0.96783846616745,0.0,0.0,0.0,0.0,0.0,0.0
"DM-71",False,"train",0.0,0.0,0.0,0.0,0.0,0.0,0.1940619796514511,0.0,0.0,0.7783294916152954
"DM-15160",False,"train",0.0,0.727776825428009,0.0,0.0,0.0,0.0,0.19004559516906738,0.0,0.04739733785390854,0.0
"DM-7253",False,"train",0.0,0.0,0.0,0.0,0.0,0.0,0.277696430683136,0.0,0.6751765608787537,0.0
"DM-3821",False,"train",0.11866913735866547,0.2401704639196396,0.0,0.11986185610294342,0.0,0.41304877400398254,0.041393209248781204,0.06120163947343826,0.0,0.0
"DM-11542",False,"train",0.0,0.0,0.0,0.8835981488227844,0.0,0.0,0.0,0.0,0.10369707643985748,0.0
"DM-5321",True,"train",0.0,0.9678282737731934,0.0,0.0,0.0,0.0,0.0,0.0,0.0,0.0
"DM-8872",True,"train",0.48063337802886963,0.1812773197889328,0.0,0.0,0.0,0.0,0.28851383924484253,0.0,0.0,0.0
"DM-5400",False,"train",0.0,0.0,0.0,0.0,0.15447409451007843,0.0,0.0,0.6156439781188965,0.0,0.1722503900527954
"DM-5810",False,"train",0.0,0.0,0.2676391303539276,0.0,0.0,0.16349175572395325,0.0,0.0,0.055409856140613556,0.49634531140327454
"DM-5094",True,"train",0.0,0.0,0.0,0.0,0.0,0.0,0.0,0.9699360132217407,0.0,0.0
"DM-14289",True,"train",0.0,0.0,0.0,0.9359875917434692,0.0,0.04766210541129112,0.0,0.0,0.0,0.0
"DM-7657",False,"train",0.0,0.0,0.05243464186787605,0.765847384929657,0.0,0.0,0.0,0.0,0.0,0.161640927195549
"DM-13488",True,"train",0.0,0.0,0.0,0.0,0.0,0.29996174573898315,0.0,0.2916087806224823,0.0,0.3749900460243225
"DM-16926",False,"train",0.0,0.0,0.0,0.0,0.6799987554550171,0.14381453394889832,0.0,0.0,0.0,0.16266711056232452
"DM-17305",True,"train",0.44300398230552673,0.0,0.0,0.06103053316473961,0.0,0.0,0.0,0.0,0.0,0.47750890254974365
"DM-13791",False,"train",0.0,0.0,0.0,0.2593576908111572,0.0,0.0,0.0,0.18041199445724487,0.0,0.5269237160682678
"DM-11517",False,"train",0.0,0.0,0.0,0.0,0.4576219916343689,0.21849121153354645,0.0,0.07027894258499146,0.22510483860969543,0.0
"DM-4157",True,"train",0.0,0.0,0.0,0.0,0.0,0.0,0.0,0.0,0.0,0.9819378852844238
"DM-7986",False,"train",0.8199490904808044,0.020009156316518784,0.02000386081635952,0.020004957914352417,0.020004969090223312,0.02000458538532257,0.020006045699119568,0.020008381456136703,0.020004024729132652,0.02000497840344906
"DM-9004",False,"train",0.0,0.0,0.3601997494697571,0.0,0.0,0.0,0.0,0.35889357328414917,0.25419071316719055,0.0
"DM-18577",False,"train",0.0,0.0,0.0,0.27317535877227783,0.0,0.0,0.5042102932929993,0.0,0.1103963851928711,0.10701073706150055
"DM-6149",False,"train",0.1402602642774582,0.0,0.0,0.0,0.0,0.0,0.0,0.0,0.0,0.8289859294891357
"DM-13748",True,"train",0.0,0.0,0.0,0.0,0.0,0.0,0.9357964396476746,0.0,0.0,0.0
"DM-4847",False,"train",0.0,0.238974928855896,0.0,0.0,0.0,0.0,0.0,0.623212993144989,0.0,0.09302955120801926
"DM-17664",False,"train",0.0,0.0,0.0,0.0,0.0,0.0,0.9356949329376221,0.0,0.0,0.0
"DM-5940",False,"train",0.0,0.5549736618995667,0.0,0.0,0.12301866710186005,0.2967762351036072,0.0,0.0,0.0,0.0
"DM-17038",False,"train",0.0,0.0,0.0,0.0,0.0,0.7741804718971252,0.0,0.0,0.19235673546791077,0.0
"DM-12853",False,"train",0.0,0.0,0.0,0.0,0.3224010765552521,0.5796229839324951,0.0,0.0,0.0,0.09407979995012283
"DM-16781",True,"train",0.0,0.0,0.0,0.0,0.0,0.0,0.0,0.9799603819847107,0.0,0.0
"DM-6900",False,"train",0.0,0.0,0.0,0.0335710309445858,0.0,0.055876463651657104,0.0,0.0,0.9008581638336182,0.0
"DM-9120",False,"train",0.0,0.0,0.0,0.0,0.0,0.0,0.97853684425354,0.0,0.0,0.0
"DM-26",False,"train",0.010006861761212349,0.010009742341935635,0.010006748139858246,0.010006997734308243,0.2621825039386749,0.41250747442245483,0.010007285512983799,0.010007006116211414,0.01000689435750246,0.2552584707736969
"DM-7207",False,"train",0.08931344002485275,0.0,0.0,0.0,0.0,0.0,0.7358765006065369,0.0,0.0,0.12475989013910294
"DM-15790",False,"train",0.0,0.0,0.0,0.0,0.0,0.0,0.9699700474739075,0.0,0.0,0.0
"DM-5431",False,"train",0.0,0.0,0.13868439197540283,0.0,0.0,0.0,0.4459957182407379,0.0,0.06040879338979721,0.34438303112983704
"DM-7587",True,"train",0.1677120178937912,0.2597957253456116,0.2798321843147278,0.0,0.0,0.0,0.0,0.0,0.02917540818452835,0.25371769070625305
"DM-7147",False,"train",0.19051936268806458,0.0,0.0,0.2790415287017822,0.0,0.09121979027986526,0.05539650097489357,0.13378018140792847,0.0,0.2479398250579834
"DM-3090",False,"train",0.0,0.939914345741272,0.0,0.0,0.0,0.0,0.0,0.0,0.0,0.0
"DM-17347",False,"train",0.014171615242958069,0.4978151023387909,0.38878539204597473,0.01417339127510786,0.01417362317442894,0.014175266958773136,0.01417832262814045,0.014175464399158955,0.014172117225825787,0.014179757796227932
"DM-12660",False,"train",0.0,0.0,0.0,0.0,0.0,0.0,0.9178144335746765,0.0,0.0,0.0
"DM-11444",False,"train",0.0,0.25396642088890076,0.0,0.0,0.0,0.0,0.1403478980064392,0.0,0.5964305400848389,0.0
"DM-4125",False,"train",0.0,0.0,0.0,0.0,0.0,0.0,0.0,0.0,0.9954907894134521,0.0
"DM-9888",False,"train",0.0,0.0,0.0,0.12870407104492188,0.16965048015117645,0.0,0.6810261607170105,0.0,0.0,0.0
"DM-17876",False,"train",0.0,0.0,0.0,0.0,0.0,0.0,0.0,0.0,0.0,0.9666017889976501
"DM-4065",False,"train",0.0,0.9104332327842712,0.0,0.0,0.0,0.0,0.0,0.0,0.0,0.0
"DM-15352",False,"train",0.0,0.2971494793891907,0.3216955363750458,0.0,0.0,0.0,0.0,0.0,0.32222792506217957,0.0
"DM-5793",True,"train",0.03319116309285164,0.03318830206990242,0.033188190311193466,0.03318766877055168,0.033189672976732254,0.033188145607709885,0.033205803483724594,0.033188484609127045,0.0331866480410099,0.7012858986854553
"DM-17146",False,"train",0.0,0.25988736748695374,0.1858704835176468,0.17920248210430145,0.0,0.0,0.21667511761188507,0.0,0.12260319292545319,0.0
"DM-6238",False,"train",0.020134631544351578,0.02013617567718029,0.020142648369073868,0.020139183849096298,0.02014058269560337,0.8187559843063354,0.020135970786213875,0.020139997825026512,0.020134778693318367,0.02014007419347763
"DM-8033",False,"train",0.0,0.0,0.0,0.0,0.0,0.0,0.0,0.6369428038597107,0.0,0.29691198468208313
"DM-13623",False,"train",0.0,0.0,0.0,0.0,0.0,0.3227589726448059,0.6373878121376038,0.0,0.0,0.0
"DM-10349",False,"train",0.0,0.0,0.0,0.5949416756629944,0.0,0.0,0.38007134199142456,0.0,0.0,0.0
"DM-11751",False,"train",0.0,0.0,0.0,0.5968068838119507,0.16816279292106628,0.0,0.21658925712108612,0.0,0.0,0.0
"DM-12524",True,"train",0.0,0.9808415174484253,0.0,0.0,0.0,0.0,0.0,0.0,0.0,0.0
"DM-3698",False,"train",0.0,0.0,0.0,0.0,0.0,0.3006334602832794,0.0,0.6850543022155762,0.0,0.0
"DM-15399",False,"train",0.7156646847724915,0.0,0.0,0.23430031538009644,0.0,0.0,0.0,0.0,0.0,0.0
"DM-8389",False,"train",0.0,0.21622836589813232,0.0,0.0,0.0,0.7529000639915466,0.0,0.0,0.0,0.0
"DM-8874",False,"train",0.0,0.0,0.0,0.0,0.0,0.0,0.8240681290626526,0.0,0.10922334343194962,0.0
"DM-10292",False,"train",0.0,0.0,0.0,0.0,0.0,0.0,0.9727116227149963,0.0,0.0,0.0
"DM-17189",False,"train",0.0,0.0,0.12964199483394623,0.1509840190410614,0.6591963171958923,0.0,0.03821299970149994,0.0,0.0,0.0
"DM-15222",False,"train",0.0,0.5428524017333984,0.0,0.2733074426651001,0.0,0.0,0.0,0.0,0.0,0.16392779350280762
"DM-5432",False,"train",0.0,0.0,0.5617188811302185,0.0,0.0,0.0,0.4118727743625641,0.0,0.0,0.0
"DM-8095",False,"train",0.0,0.0,0.0,0.0,0.0,0.11344912648200989,0.24386483430862427,0.0,0.49490079283714294,0.136140376329422
"DM-15695",False,"train",0.5646300315856934,0.0,0.0,0.0,0.0,0.0,0.0,0.0,0.0,0.40209347009658813
"DM-10359",True,"train",0.0,0.0,0.0,0.0,0.0,0.0,0.0,0.5862603783607483,0.0,0.3604389429092407
"DM-1052",False,"train",0.014287738129496574,0.3299817740917206,0.014288729056715965,0.014287860132753849,0.29115837812423706,0.27883970737457275,0.01428979728370905,0.014288684353232384,0.01428833045065403,0.014289014972746372
"DM-313",True,"train",0.0,0.0,0.0,0.0,0.0,0.0,0.0,0.6525406837463379,0.3073900640010834,0.0
"DM-7567",False,"train",0.0,0.0,0.0,0.0,0.0,0.0,0.0,0.0,0.9928907155990601,0.0
"DM-4801",False,"train",0.0,0.0,0.0,0.0,0.0,0.0,0.0,0.0,0.0,0.9839216470718384
"DM-14347",False,"train",0.01627964712679386,0.016285287216305733,0.4310687482357025,0.016279354691505432,0.016279209405183792,0.016279369592666626,0.4386882483959198,0.01627972163259983,0.016279462724924088,0.016280952841043472
"DM-1471",False,"train",0.0,0.5868634581565857,0.0,0.0,0.0,0.0,0.0,0.39150646328926086,0.0,0.0
"DM-4757",False,"train",0.0,0.0,0.0,0.0,0.0,0.0,0.0,0.954938530921936,0.0,0.0
"DM-9932",True,"train",0.0,0.5132986903190613,0.20319584012031555,0.0,0.0,0.0,0.0,0.0,0.0,0.27386534214019775
"DM-5638",False,"train",0.012326999567449093,0.01233021728694439,0.012327002361416817,0.6573165059089661,0.012327748350799084,0.012327617965638638,0.012327113188803196,0.012326609343290329,0.24406243860721588,0.012327763251960278
"DM-17986",False,"train",0.018992668017745018,0.018994875252246857,0.018992548808455467,0.018992556259036064,0.018992779776453972,0.01899249106645584,0.8290638327598572,0.018992600962519646,0.018992507830262184,0.018993137404322624
"DM-11459",False,"train",0.0,0.03655773773789406,0.0,0.921387791633606,0.0,0.0,0.0,0.0,0.0,0.0
"DM-15686",True,"train",0.0,0.0,0.0,0.17562007904052734,0.17246924340724945,0.0,0.08388469368219376,0.2797761857509613,0.07295016944408417,0.2081548124551773
"DM-10885",False,"train",0.016479508951306343,0.016480030491948128,0.01647953689098358,0.016479337587952614,0.016481498256325722,0.016480831429362297,0.0164785198867321,0.01648038439452648,0.016486644744873047,0.8516737222671509
"DM-5488",True,"train",0.0,0.0,0.0,0.3838758170604706,0.1633220762014389,0.14611540734767914,0.29498255252838135,0.0,0.0,0.0
"DM-9171",False,"train",0.0,0.0,0.0,0.1079423651099205,0.0,0.0,0.0,0.0,0.1569429636001587,0.7171745896339417
"DM-6933",True,"train",0.0,0.0,0.0,0.0,0.0,0.9254204630851746,0.0,0.0,0.0,0.0
"DM-9669",False,"train",0.0,0.0,0.0,0.96783846616745,0.0,0.0,0.0,0.0,0.0,0.0
"DM-2837",False,"train",0.0,0.9808388948440552,0.0,0.0,0.0,0.0,0.0,0.0,0.0,0.0
"DM-12089",False,"train",0.0,0.0,0.0,0.12222670763731003,0.0,0.0,0.7765632271766663,0.0,0.0,0.09186875820159912
"DM-13276",True,"train",0.0,0.0,0.0,0.9400126338005066,0.0,0.0,0.0,0.0,0.0,0.0
"DM-8005",False,"train",0.0,0.0,0.0,0.4634625017642975,0.0,0.27992239594459534,0.1027904748916626,0.0,0.0,0.14367695152759552
"DM-11045",False,"train",0.016674881801009178,0.39318570494651794,0.21724055707454681,0.016675405204296112,0.016681455075740814,0.27282989025115967,0.01667601242661476,0.016675319522619247,0.01668085716664791,0.016679871827363968
"DM-11655",False,"train",0.0,0.0,0.0,0.0,0.0,0.0,0.0,0.0,0.0,0.9755967259407043
"DM-14770",False,"train",0.0,0.0,0.0,0.0,0.0,0.0,0.0,0.0,0.08377356082201004,0.8696421384811401
"DM-7553",False,"train",0.0,0.0,0.0,0.0,0.0,0.5165591239929199,0.45760780572891235,0.0,0.0,0.0
"DM-13451",False,"train",0.0,0.0,0.0,0.0,0.6982302069664001,0.0,0.0,0.0,0.0,0.2771936058998108
"DM-9108",False,"train",0.0,0.0,0.0,0.0,0.0,0.0,0.0,0.0,0.0,0.9653615951538086
"DM-4440",False,"train",0.0,0.0,0.0,0.0,0.0,0.0,0.919417142868042,0.0,0.0,0.0
"DM-9120",False,"train",0.0,0.0,0.0,0.0,0.0,0.0,0.97853684425354,0.0,0.0,0.0
"DM-15096",False,"train",0.0,0.04457778483629227,0.0,0.0,0.13589593768119812,0.0,0.46402549743652344,0.0,0.05672837048768997,0.29504942893981934
"DM-12879",False,"train",0.0,0.0,0.3215116858482361,0.0,0.0,0.5062872767448425,0.0,0.13883575797080994,0.0,0.0
"DM-15201",False,"train",0.0,0.0,0.0,0.0,0.22592322528362274,0.4324193596839905,0.0,0.0,0.3229497969150543,0.0
"DM-8056",False,"train",0.0,0.0,0.0,0.0,0.0,0.0,0.0,0.0,0.0,0.9323787093162537
"DM-9561",False,"train",0.0,0.0,0.07905556261539459,0.0,0.0,0.0,0.0,0.0,0.5654935836791992,0.3460954427719116
"DM-13843",False,"train",0.0,0.0,0.0,0.0,0.5431843400001526,0.0,0.0,0.0,0.0,0.38900628685951233
"DM-10009",False,"train",0.0,0.0,0.33955395221710205,0.0,0.0,0.0,0.0,0.0,0.0,0.5950953960418701
"DM-4894",False,"train",0.0,0.0,0.0,0.0,0.0,0.0,0.0,0.0,0.5179010629653931,0.4591677784919739
"DM-4504",True,"train",0.01250537671148777,0.012501349672675133,0.012501574121415615,0.5032655000686646,0.012501484714448452,0.012502256780862808,0.012501562014222145,0.39671772718429565,0.012501392513513565,0.01250180322676897
"DM-12090",False,"train",0.0,0.0,0.0,0.0,0.0,0.0,0.0,0.9356784224510193,0.0,0.0
"DM-681",False,"train",0.9816193580627441,0.0,0.0,0.0,0.0,0.0,0.0,0.0,0.0,0.0
"DM-3110",False,"train",0.0,0.22191624343395233,0.0,0.0,0.0,0.0,0.751326322555542,0.0,0.0,0.0
"DM-7182",True,"train",0.0,0.0,0.0,0.0,0.0880846232175827,0.12234684079885483,0.0,0.0,0.0,0.7635940313339233
"DM-7019",False,"train",0.0,0.3060789406299591,0.0,0.0,0.0,0.0,0.0,0.0,0.48260489106178284,0.17779426276683807
"DM-16273",False,"train",0.0,0.0,0.15659120678901672,0.0,0.0,0.0,0.07425644248723984,0.0,0.0,0.7414478659629822
"DM-13382",False,"train",0.0,0.0,0.0,0.966658890247345,0.0,0.0,0.0,0.0,0.0,0.0
"DM-16808",False,"train",0.0,0.9748386144638062,0.0,0.0,0.0,0.0,0.0,0.0,0.0,0.0
"DM-7547",False,"train",0.0,0.0,0.0,0.96783047914505,0.0,0.0,0.0,0.0,0.0,0.0
"DM-14721",False,"train",0.011606735177338123,0.8955328464508057,0.011606937274336815,0.011607484892010689,0.011609449982643127,0.011606856249272823,0.01160743273794651,0.011608226224780083,0.011607014574110508,0.011606961488723755
"DM-9057",False,"train",0.0,0.478595107793808,0.0,0.0,0.0,0.0,0.24355897307395935,0.0,0.0,0.2648884654045105
"DM-10438",False,"train",0.05017038434743881,0.026534289121627808,0.0,0.04779382795095444,0.0,0.22491998970508575,0.0,0.638385534286499,0.0,0.0
"DM-8827",False,"train",0.0,0.0,0.0,0.0,0.0,0.24979357421398163,0.40094366669654846,0.0,0.0,0.33133578300476074
"DM-1603",False,"train",0.0,0.0,0.0,0.0,0.0,0.0,0.4351893961429596,0.5470237135887146,0.0,0.0
"DM-11052",False,"train",0.2795277535915375,0.0,0.0,0.0,0.0,0.0,0.1365182250738144,0.0,0.0,0.5626732707023621
"DM-9049",False,"train",0.0,0.06425531208515167,0.17619845271110535,0.05273895338177681,0.0,0.0,0.0,0.14206847548484802,0.05754638835787773,0.5001626014709473
"DM-9057",False,"train",0.0,0.478595107793808,0.0,0.0,0.0,0.0,0.24355897307395935,0.0,0.0,0.2648884654045105
"DM-774",False,"train",0.014627278782427311,0.014629232697188854,0.014628061093389988,0.01463181059807539,0.014634810388088226,0.014627278782427311,0.01462819054722786,0.014633087441325188,0.8683326244354248,0.014627678319811821
"DM-8160",False,"train",0.0,0.0,0.1469697505235672,0.22058449685573578,0.0,0.23055103421211243,0.0,0.3769717514514923,0.0,0.0
"DM-17843",False,"train",0.13126030564308167,0.0,0.0,0.0,0.0,0.0,0.7600386738777161,0.0,0.10674649477005005,0.0
"DM-4255",False,"train",0.0,0.0,0.0,0.0,0.479596346616745,0.0,0.0,0.0,0.0,0.4982404410839081
"DM-4162",False,"train",0.0,0.0,0.455319344997406,0.0,0.03999912366271019,0.0,0.0,0.060601476579904556,0.0,0.4312756359577179
"DM-16129",False,"train",0.0,0.9653653502464294,0.0,0.0,0.0,0.0,0.0,0.0,0.0,0.0
"DM-5722",False,"train",0.011132385581731796,0.011131796054542065,0.011132169514894485,0.011134296655654907,0.011131292209029198,0.01113183330744505,0.011132003739476204,0.8998109698295593,0.011131451465189457,0.011131764389574528
"DM-18671",False,"train",0.0,0.9605249166488647,0.0,0.0,0.0,0.0,0.0,0.0,0.0,0.0
"DM-2984",False,"train",0.0,0.0,0.0,0.0,0.636722207069397,0.0,0.0,0.16434597969055176,0.0,0.1919490098953247
"DM-11278",False,"train",0.019420888274908066,0.019422180950641632,0.019422689452767372,0.019422003999352455,0.01942240446805954,0.8251904845237732,0.01942485012114048,0.01942351646721363,0.01942596212029457,0.019424961879849434
"DM-612",False,"train",0.9624750018119812,0.0,0.0,0.0,0.0,0.0,0.0,0.0,0.0,0.0
"DM-15433",False,"train",0.0,0.3788767457008362,0.0,0.0,0.0,0.0,0.0,0.0,0.15052218735218048,0.45299166440963745
"DM-8215",True,"train",0.0,0.0,0.0420631542801857,0.16767537593841553,0.0,0.0,0.0,0.0,0.0,0.783772885799408
"DM-17546",False,"train",0.0,0.1105346530675888,0.0,0.0,0.2263673096895218,0.0,0.3612734377384186,0.0,0.0,0.2798292636871338
"DM-3178",False,"train",0.01424356084316969,0.014244496822357178,0.01424352265894413,0.014243816025555134,0.014245635829865932,0.01424368005245924,0.8718028664588928,0.014244596473872662,0.014243727549910545,0.01424406562000513
"DM-17977",False,"train",0.0,0.0,0.0,0.0,0.0,0.0,0.45872318744659424,0.0,0.11386340111494064,0.4138181507587433
"DM-4105",False,"train",0.1261799931526184,0.0,0.0,0.0,0.0,0.0,0.0,0.0,0.0,0.801055371761322
"DM-14646",False,"train",0.02000613324344158,0.020018640905618668,0.020005501806735992,0.5473487377166748,0.02000536397099495,0.2925855219364166,0.02000669203698635,0.02001260221004486,0.02000534161925316,0.020005453377962112
"DM-11642",True,"train",0.0,0.0,0.06886321306228638,0.0,0.0,0.0,0.0,0.0,0.1491285264492035,0.7594364285469055
"DM-3493",False,"train",0.0,0.0,0.0,0.0,0.0,0.0,0.0,0.0,0.14244785904884338,0.8046361804008484
"DM-10875",True,"train",0.019781270995736122,0.0197816863656044,0.019781310111284256,0.019781889393925667,0.019781412556767464,0.01978149078786373,0.019781336188316345,0.8219656348228455,0.01978127285838127,0.019782641902565956
"DM-1445",False,"train",0.024895859882235527,0.024896608665585518,0.024894339963793755,0.024893930181860924,0.02489418350160122,0.02490295097231865,0.7759290337562561,0.024894874542951584,0.024897374212741852,0.024900879710912704
"DM-4504",True,"train",0.01250537671148777,0.012501349672675133,0.012501574121415615,0.5032655000686646,0.012501484714448452,0.012502256780862808,0.012501562014222145,0.39671772718429565,0.012501392513513565,0.01250180322676897
"DM-10304",True,"train",0.0,0.1351855844259262,0.0,0.1985311359167099,0.5324063301086426,0.0,0.0,0.0,0.10997169464826584,0.0
"DM-16160",False,"train",0.0,0.6792024970054626,0.0,0.3043997883796692,0.0,0.0,0.0,0.0,0.0,0.0
"DM-6614",False,"train",0.0,0.0,0.0,0.0,0.0,0.0,0.0,0.0,0.9498991966247559,0.0
"DM-18031",False,"train",0.0,0.30270007252693176,0.0,0.07576585561037064,0.0,0.6132879853248596,0.0,0.0,0.0,0.0
"DM-16314",False,"train",0.012518892996013165,0.01251972932368517,0.8873191475868225,0.012521405704319477,0.012517862021923065,0.012519310228526592,0.012524057179689407,0.012519088573753834,0.012518409639596939,0.012522085569798946
"DM-15368",False,"train",0.326902836561203,0.13133244216442108,0.0,0.0,0.0,0.0,0.15210753679275513,0.3738369345664978,0.0,0.0
"DM-7264",False,"train",0.03325952962040901,0.03325945511460304,0.033259317278862,0.03325925022363663,0.03326602280139923,0.03326191380620003,0.03325960412621498,0.03325935825705528,0.7006562948226929,0.033259227871894836
"DM-7304",False,"train",0.025021985173225403,0.025025201961398125,0.02502235397696495,0.025021372362971306,0.3179544508457184,0.025022320449352264,0.23189853131771088,0.02502181939780712,0.2749859690666199,0.02502598986029625
"DM-10477",True,"train",0.0,0.0,0.0,0.8626076579093933,0.0,0.0,0.0,0.0924411341547966,0.026461998000741005,0.0
"DM-14527",False,"train",0.0,0.0,0.0,0.33103078603744507,0.0,0.23789739608764648,0.41763031482696533,0.0,0.0,0.0
"DM-17264",True,"train",0.0,0.0,0.0,0.0,0.0,0.0,0.0,0.0,0.0,0.9525819420814514
"DM-3893",False,"train",0.0,0.0,0.0,0.0,0.0,0.0,0.0,0.0,0.0,0.9808288812637329
"DM-1607",False,"train",0.0,0.0,0.0,0.08062744140625,0.0,0.0,0.8779077529907227,0.0,0.0,0.0
"DM-9615",True,"train",0.0,0.9355691075325012,0.0,0.0,0.0,0.0,0.0,0.0,0.0,0.0
"DM-16338",False,"train",0.0,0.0,0.9549508094787598,0.0,0.0,0.0,0.0,0.0,0.0,0.0
"DM-16409",False,"train",0.0,0.0,0.0,0.2682828903198242,0.19585342705249786,0.4191907048225403,0.0,0.0,0.0,0.1097923070192337
"DM-8989",False,"train",0.0,0.0,0.0,0.9438819885253906,0.0,0.0,0.037442442029714584,0.0,0.0,0.0
"DM-8715",False,"train",0.04365900158882141,0.06738527119159698,0.0,0.0,0.30893024802207947,0.0,0.3169694244861603,0.0,0.0,0.2532752454280853
"DM-5447",False,"train",0.0,0.0,0.3159274756908417,0.0,0.0,0.0,0.0,0.0,0.0,0.6517884135246277
"DM-8577",False,"train",0.0,0.0,0.0,0.0,0.25912538170814514,0.0,0.6034204959869385,0.0,0.0,0.10373223572969437
"DM-5533",False,"train",0.18228299915790558,0.012264883145689964,0.012262830510735512,0.012262944132089615,0.012263409793376923,0.012262900359928608,0.7196056246757507,0.012263309210538864,0.012267084792256355,0.012264038436114788
"DM-2849",False,"train",0.1820152848958969,0.17832952737808228,0.0,0.31832924485206604,0.0,0.10136418789625168,0.0,0.0,0.20386181771755219,0.0
"DM-8004",False,"train",0.0,0.0,0.0,0.0,0.0,0.0,0.0,0.0,0.9967225193977356,0.0
"DM-16319",False,"train",0.0,0.0,0.07289976626634598,0.0,0.0,0.0,0.0,0.634031355381012,0.0,0.26548993587493896
"DM-6893",False,"train",0.0,0.22745421528816223,0.0,0.18881236016750336,0.0,0.0,0.16985681653022766,0.10442584753036499,0.3001456558704376,0.0
"DM-1332",False,"train",0.017785588279366493,0.4711453318595886,0.0,0.0,0.0,0.44485265016555786,0.0,0.0,0.0,0.058077070862054825
"DM-2159",True,"train",0.0,0.0,0.0,0.0,0.9255326986312866,0.0,0.0,0.0,0.0,0.0
"DM-15371",True,"train",0.0,0.0,0.0,0.8755539655685425,0.07102610170841217,0.0,0.0,0.0,0.0,0.0
"DM-12568",True,"train",0.0,0.26543039083480835,0.0,0.0,0.39126056432724,0.0,0.0,0.2741226851940155,0.0,0.0
"DM-6041",False,"train",0.0,0.949287474155426,0.0,0.03329965099692345,0.0,0.0,0.0,0.0,0.0,0.0
"DM-11377",False,"train",0.0,0.04318275675177574,0.0,0.2840898334980011,0.31865420937538147,0.0,0.0,0.12561087310314178,0.0,0.21564775705337524
"DM-13084",False,"train",0.0,0.0,0.0,0.0,0.0,0.8112689256668091,0.0,0.0,0.0,0.18163999915122986
"DM-3693",False,"train",0.0,0.0,0.0,0.0,0.0,0.0,0.0,0.09119174629449844,0.0,0.8971897959709167
"DM-15571",False,"train",0.0,0.6843870282173157,0.0,0.0,0.0,0.0,0.0,0.29408034682273865,0.0,0.0
"DM-15138",False,"train",0.0,0.0,0.0,0.0,0.37726104259490967,0.34850361943244934,0.0,0.0,0.25309789180755615,0.0
"DM-627",True,"train",0.019670365378260612,0.01967475935816765,0.019671106711030006,0.019672928377985954,0.019672086462378502,0.01967160776257515,0.8229522109031677,0.019672328606247902,0.019670821726322174,0.019671756774187088
"DM-10297",False,"train",0.0,0.10077796876430511,0.0,0.24672864377498627,0.0,0.0,0.0,0.37052610516548157,0.0,0.2645878493785858
"DM-4153",False,"train",0.0,0.1585739701986313,0.0,0.0,0.0,0.0,0.0,0.44442880153656006,0.041042014956474304,0.3485511541366577
"DM-9646",False,"train",0.0,0.0,0.0,0.0,0.19872169196605682,0.0,0.0,0.0,0.0,0.7627726197242737
"DM-10996",False,"train",0.0,0.0,0.0,0.732588529586792,0.0,0.23767991364002228,0.0,0.0,0.0,0.0
"DM-10025",False,"train",0.0,0.0,0.0,0.0,0.0,0.0,0.5687305927276611,0.38149240612983704,0.0,0.0
"DM-3638",False,"train",0.5764490962028503,0.0,0.3059842884540558,0.0,0.0,0.10752581059932709,0.0,0.0,0.0,0.0
"DM-2885",True,"train",0.0,0.0,0.0,0.0,0.0,0.2654898166656494,0.0,0.0,0.0,0.7264101505279541
"DM-13509",False,"train",0.0,0.6119167804718018,0.10535717755556107,0.0,0.0,0.0,0.0,0.0,0.26105520129203796,0.0
"DM-3702",False,"train",0.0,0.0,0.2571827471256256,0.3957839012145996,0.25529998540878296,0.0,0.0,0.07938375324010849,0.0,0.0
"DM-18031",False,"train",0.0,0.30270007252693176,0.0,0.07576585561037064,0.0,0.6132879853248596,0.0,0.0,0.0,0.0
"DM-9281",False,"train",0.17490613460540771,0.22538292407989502,0.01428929716348648,0.014289606362581253,0.014289872720837593,0.014289777725934982,0.4996817409992218,0.0142904631793499,0.014290346764028072,0.01428981777280569
"DM-2334",False,"train",0.0,0.0,0.5614481568336487,0.0,0.0,0.16192807257175446,0.23279400169849396,0.0,0.0,0.0
"DM-10069",False,"train",0.0,0.0,0.0,0.0,0.0,0.0,0.22805052995681763,0.7410956025123596,0.0,0.0
"DM-10193",False,"train",0.0,0.0,0.0,0.0,0.0,0.4119678735733032,0.0,0.0,0.5155445337295532,0.0
"DM-7293",False,"train",0.025010745972394943,0.025010759010910988,0.025012636557221413,0.025010431185364723,0.2823679745197296,0.025012748315930367,0.02501141093671322,0.02501065656542778,0.5175420641899109,0.025010572746396065
"DM-3898",False,"train",0.029951905831694603,0.0,0.0,0.0,0.0,0.0,0.0,0.0,0.9659423232078552,0.0
"DM-15344",False,"train",0.05633703991770744,0.08689993619918823,0.0,0.0,0.0,0.0,0.0,0.8419188857078552,0.0,0.0
"DM-17843",False,"train",0.13126030564308167,0.0,0.0,0.0,0.0,0.0,0.7600386738777161,0.0,0.10674649477005005,0.0
"DM-706",False,"train",0.0,0.8672109246253967,0.0,0.0,0.0,0.0,0.11499515920877457,0.0,0.0,0.0
"DM-11389",False,"train",0.0,0.0,0.0,0.0,0.0,0.0,0.0,0.9677606821060181,0.0,0.0
"DM-7892",False,"train",0.0,0.0,0.0,0.0,0.0,0.0,0.0,0.0,0.0,0.976913571357727
"DM-7416",False,"train",0.011154833249747753,0.13046759366989136,0.01115292776376009,0.011154202744364738,0.011154156178236008,0.011153147555887699,0.011154149658977985,0.011156590655446053,0.7802992463111877,0.011153185740113258
"DM-12111",False,"train",0.0,0.0,0.0,0.0,0.0,0.0,0.0,0.6776332259178162,0.0,0.28239503502845764
"DM-5693",False,"train",0.0,0.2567380666732788,0.0,0.260461688041687,0.0,0.0,0.0,0.3077529966831207,0.0,0.15629801154136658
"DM-15928",True,"train",0.010593214072287083,0.010594298131763935,0.010594043880701065,0.5477117896080017,0.010593973100185394,0.36752960085868835,0.010597430169582367,0.01059787068516016,0.010593246668577194,0.010594590567052364
"DM-15826",True,"train",0.0,0.5106844902038574,0.0,0.0,0.0,0.0,0.0,0.0,0.0,0.460744708776474
"DM-9173",False,"train",0.3638395369052887,0.011140226386487484,0.01114523783326149,0.011148735880851746,0.011141025461256504,0.011141868308186531,0.011141430586576462,0.011140696704387665,0.011141514405608177,0.5470197796821594
"DM-12553",True,"train",0.0,0.0,0.0,0.7823683619499207,0.0,0.0,0.0,0.1563759297132492,0.0,0.0
"DM-3114",False,"train",0.0,0.0,0.0,0.0,0.0,0.3463975489139557,0.49972549080848694,0.0,0.0,0.13448350131511688
"DM-15310",True,"train",0.0,0.0,0.9693281650543213,0.0,0.0,0.0,0.0,0.0,0.0,0.0
"DM-11360",False,"train",0.0,0.0,0.115515798330307,0.0,0.0,0.0,0.25894489884376526,0.0,0.0,0.6021621823310852
"DM-3662",False,"train",0.365230530500412,0.014291369356215,0.014291886240243912,0.014291245490312576,0.0954761654138565,0.014291180297732353,0.43925076723098755,0.0142914904281497,0.014294021762907505,0.01429134514182806
"DM-13870",False,"train",0.0,0.0,0.0,0.0,0.0,0.9689413905143738,0.0,0.0,0.0,0.0
"DM-7811",False,"train",0.01243547908961773,0.01243713777512312,0.012436836957931519,0.8880658149719238,0.012441656552255154,0.012438207864761353,0.012436795979738235,0.01243635080754757,0.012435761280357838,0.012435954995453358
"DM-2981",False,"train",0.0,0.0,0.0,0.0,0.013483354821801186,0.0,0.0,0.9664600491523743,0.0,0.0
"DM-10236",False,"train",0.0,0.0,0.0,0.9379784464836121,0.0,0.0,0.0,0.047465573996305466,0.0,0.0
"DM-14237",False,"train",0.0,0.0,0.0,0.4500935673713684,0.0,0.10621529817581177,0.0,0.0,0.0,0.4223085045814514
"DM-13840",False,"train",0.0,0.0,0.0,0.8567081689834595,0.0,0.0,0.1209561750292778,0.0,0.0,0.0
"DM-7653",False,"train",0.0,0.4892357289791107,0.4726511836051941,0.0,0.0,0.0,0.0,0.0,0.0,0.0
"DM-11247",False,"train",0.0,0.30387070775032043,0.0,0.072180837392807,0.0,0.06229805573821068,0.0,0.5328767895698547,0.0,0.0
"DM-13506",False,"train",0.0,0.8724843263626099,0.0,0.0,0.0,0.0,0.0,0.0,0.0,0.06091178208589554
"DM-8759",True,"train",0.0,0.5569024682044983,0.08372460305690765,0.3275548815727234,0.0,0.0,0.0,0.0,0.0,0.0
"DM-83",False,"train",0.0,0.0,0.0,0.11285725980997086,0.0,0.5177953243255615,0.0,0.0,0.3514241576194763,0.0
"DM-4801",False,"train",0.0,0.0,0.0,0.0,0.0,0.0,0.0,0.0,0.0,0.9839216470718384
"DM-4171",True,"train",0.0,0.0,0.0,0.46008622646331787,0.0,0.07349643856287003,0.2576358914375305,0.0,0.0,0.19574296474456787
"DM-3162",False,"train",0.0,0.0,0.0,0.0,0.0,0.0,0.8028307557106018,0.0,0.14751598238945007,0.0
"DM-16542",True,"train",0.0,0.019932527095079422,0.011113736778497696,0.7648670077323914,0.0,0.053044963628053665,0.0,0.08816058933734894,0.0,0.06071300059556961
"DM-6382",False,"train",0.0,0.0,0.0,0.9608297944068909,0.0,0.0,0.0,0.0,0.0,0.0
"DM-4210",False,"train",0.0,0.0,0.36526602506637573,0.0,0.0,0.0,0.0,0.11841972917318344,0.0,0.4950118660926819
"DM-5466",False,"train",0.0,0.0,0.0,0.0,0.0,0.5115357041358948,0.37118181586265564,0.0,0.10380899906158447,0.0
"DM-8377",True,"train",0.0,0.794900119304657,0.0,0.0,0.0,0.0,0.0,0.13979719579219818,0.05653484910726547,0.0
"DM-2420",False,"train",0.0,0.16815215349197388,0.0,0.0,0.0,0.0,0.0,0.8128241300582886,0.0,0.0
"DM-10401",False,"train",0.17086900770664215,0.22655414044857025,0.0,0.0,0.0,0.16329382359981537,0.0,0.0,0.42959824204444885,0.0
"DM-5414",False,"train",0.0,0.0,0.0,0.0,0.9689461588859558,0.0,0.0,0.0,0.0,0.0
"DM-17279",False,"train",0.0,0.13141144812107086,0.0,0.0,0.08484353870153427,0.0,0.0,0.0,0.7567059993743896,0.0
"DM-10733",False,"train",0.0,0.0772923156619072,0.0,0.0,0.23518282175064087,0.07416783273220062,0.0,0.5131279826164246,0.08669395744800568,0.0
"DM-13378",False,"train",0.7078027725219727,0.014289801008999348,0.01429081428796053,0.177869513630867,0.014293194748461246,0.01429049577564001,0.01429133303463459,0.014290769584476948,0.014290440827608109,0.014290894381701946
"DM-5827",False,"train",0.0,0.0,0.0,0.0,0.2615002691745758,0.15721650421619415,0.0,0.5704800486564636,0.0,0.0
"DM-16404",False,"train",0.0,0.0,0.0,0.0,0.0,0.0,0.9639196991920471,0.0,0.0,0.0
"DM-12440",False,"train",0.0,0.0,0.0,0.0,0.0,0.0,0.0,0.9499694108963013,0.0,0.0
"DM-531",False,"train",0.0,0.0,0.0,0.01811915449798107,0.0,0.09913739562034607,0.2571778893470764,0.0,0.038117799907922745,0.5770360231399536
"DM-16837",False,"train",0.22981955111026764,0.0,0.0,0.4842793047428131,0.0,0.0,0.0,0.0,0.2471221685409546,0.0
"DM-4789",False,"train",0.8462992906570435,0.0,0.0,0.0,0.0,0.0,0.0,0.11727046221494675,0.0,0.0
"DM-14742",False,"train",0.07288343459367752,0.0,0.0,0.0,0.6558735370635986,0.0,0.05645626410841942,0.0,0.0,0.20246054232120514
"DM-11039",False,"train",0.016528580337762833,0.016526049003005028,0.016530418768525124,0.016528146341443062,0.8512460589408875,0.016527313739061356,0.016527220606803894,0.016527382656931877,0.016528090462088585,0.016530698165297508
"DM-2854",False,"train",0.0,0.0,0.0,0.0,0.4247855842113495,0.0,0.0,0.2850950360298157,0.0,0.2650904357433319
"DM-2708",False,"train",0.10705821961164474,0.0,0.0,0.0,0.0,0.0,0.6985255479812622,0.0,0.0,0.1692713052034378
"DM-18638",False,"train",0.0,0.0,0.0,0.0,0.0,0.0,0.07219267636537552,0.5401614904403687,0.0,0.3752395212650299
"DM-17371",False,"train",0.0,0.0,0.0,0.0,0.0,0.0,0.4512519836425781,0.0,0.0,0.5252447724342346
"DM-7315",False,"train",0.26991403102874756,0.6413059830665588,0.011095525696873665,0.011095946654677391,0.011095451191067696,0.011095751076936722,0.011097460053861141,0.011095697991549969,0.011108172126114368,0.011095968075096607
"DM-10039",False,"train",0.0,0.2498537003993988,0.0,0.0,0.0,0.0,0.15916594862937927,0.0,0.0,0.572136640548706
"DM-208",False,"train",0.03315972909331322,0.7016043663024902,0.03315478563308716,0.033151958137750626,0.033154044300317764,0.033157359808683395,0.03315598890185356,0.03315195441246033,0.03315502777695656,0.033154744654893875
"DM-14753",True,"train",0.0,0.0,0.0,0.0,0.0,0.0,0.07656820863485336,0.2947256565093994,0.6162689924240112,0.0
"DM-10292",False,"train",0.0,0.0,0.0,0.0,0.0,0.0,0.9727116227149963,0.0,0.0,0.0
"DM-5035",True,"train",0.01879076473414898,0.018792228773236275,0.018792469054460526,0.018791716545820236,0.01879645325243473,0.018792033195495605,0.0187942236661911,0.018793676048517227,0.01879170536994934,0.830864667892456
"DM-5289",False,"train",0.10338805615901947,0.0,0.0,0.0,0.0,0.0,0.0,0.8444908261299133,0.046748626977205276,0.0
"DM-7826",False,"train",0.0,0.0,0.0,0.0,0.0,0.0,0.0,0.9164307713508606,0.06356122344732285,0.0
"DM-2623",False,"train",0.0,0.0,0.0,0.0,0.4521072506904602,0.0,0.0,0.0,0.0,0.5009325742721558
"DM-7458",False,"train",0.10914553701877594,0.0,0.0,0.0,0.0,0.2727825939655304,0.0,0.0,0.0,0.5997539758682251
"DM-18532",False,"train",0.0,0.0,0.0,0.0,0.0,0.026316149160265923,0.7555785775184631,0.19795921444892883,0.0,0.0
"DM-12615",False,"train",0.05417146533727646,0.0,0.0,0.0,0.0,0.33718952536582947,0.0,0.5923218727111816,0.0,0.0
"DM-3372",True,"train",0.0,0.0,0.0,0.0,0.17025341093540192,0.0,0.0,0.0,0.0,0.8097142577171326
"DM-13911",True,"train",0.0,0.0,0.0,0.28359857201576233,0.0,0.0,0.17256179451942444,0.3804129362106323,0.0,0.1454799771308899
"DM-6348",False,"train",0.0,0.0,0.0,0.0,0.6037297248840332,0.0,0.0,0.3357756733894348,0.0,0.0
"DM-3177",False,"train",0.01250396203249693,0.012504574842751026,0.012504344806075096,0.012504068203270435,0.012505671009421349,0.012504002079367638,0.8874596953392029,0.01250479556620121,0.01250466052442789,0.012504256330430508
"DM-9186",True,"train",0.0,0.0,0.0,0.0,0.0,0.0,0.0,0.0,0.12971632182598114,0.8434575200080872
"DM-9943",False,"train",0.0,0.0,0.0,0.0,0.0,0.0,0.0,0.0,0.0,0.9188107848167419
"DM-11297",False,"train",0.0,0.0,0.0,0.0,0.4984855651855469,0.0,0.0,0.43552592396736145,0.0,0.0
"DM-13793",False,"train",0.024754617363214493,0.02475472167134285,0.024753572419285774,0.7772164344787598,0.024753417819738388,0.024753645062446594,0.024752888828516006,0.024752993136644363,0.024752862751483917,0.02475481666624546
"DM-6444",False,"train",0.015247747302055359,0.015246017836034298,0.015249437652528286,0.015246535651385784,0.015248154290020466,0.015246140770614147,0.8627718687057495,0.01524993497878313,0.015246830880641937,0.015247364528477192
"DM-9305",False,"train",0.0,0.0,0.0,0.26908382773399353,0.11167334765195847,0.18049627542495728,0.0,0.0,0.07380404323339462,0.34112799167633057
"DM-11036",False,"train",0.0,0.0,0.0,0.0,0.0,0.0,0.0,0.9774594902992249,0.0,0.0
"DM-10977",False,"train",0.0,0.0,0.21144433319568634,0.0,0.0,0.0,0.7243061065673828,0.0,0.0,0.0
"DM-8245",False,"train",0.0,0.0,0.0,0.9699810743331909,0.0,0.0,0.0,0.0,0.0,0.0
"DM-4753",False,"train",0.12847934663295746,0.7387635111808777,0.0,0.0,0.0,0.0,0.0,0.0,0.10582625865936279,0.0
"DM-9991",False,"train",0.0,0.0,0.0,0.0,0.0,0.0,0.0,0.9469764828681946,0.0,0.0
"DM-4208",False,"train",0.0,0.0,0.25109198689460754,0.0,0.47422197461128235,0.0,0.0,0.23963266611099243,0.0,0.0
"DM-4579",False,"train",0.13775287568569183,0.0,0.0,0.5087675452232361,0.0,0.0,0.1157880648970604,0.0,0.19156372547149658,0.0
"DM-6821",False,"train",0.014633485116064548,0.01463412307202816,0.01463374588638544,0.014633075334131718,0.8682898283004761,0.014635324478149414,0.014633209444582462,0.014633974991738796,0.014639231376349926,0.014633968472480774
"DM-18520",False,"train",0.011148675344884396,0.8996609449386597,0.011148623190820217,0.011148284189403057,0.011148630641400814,0.011148500256240368,0.011150229722261429,0.011148510500788689,0.011148293502628803,0.011149243451654911
"DM-12459",False,"train",0.010004046373069286,0.010006044059991837,0.010004561394453049,0.010004737414419651,0.010004593059420586,0.010004357434809208,0.010005734860897064,0.9099556803703308,0.010004338808357716,0.010005868040025234
"DM-16048",True,"train",0.0,0.3864903748035431,0.0,0.3722875714302063,0.0,0.0,0.0,0.0,0.0,0.22722676396369934
"DM-8091",False,"train",0.0,0.0,0.0,0.0,0.0,0.831502377986908,0.15148743987083435,0.0,0.0,0.0
"DM-15927",False,"train",0.0,0.0,0.0,0.0,0.0,0.0,0.19785653054714203,0.0,0.0,0.778468906879425
"DM-8294",False,"train",0.0,0.0,0.0,0.0,0.0,0.0,0.0,0.0,0.0,0.924351155757904
"DM-12980",False,"train",0.25913411378860474,0.0,0.0,0.0,0.24100296199321747,0.0,0.30904194712638855,0.0,0.14772804081439972,0.0
"DM-11422",False,"train",0.0,0.0,0.0,0.0,0.4588024318218231,0.0,0.5177688002586365,0.0,0.0,0.0
"DM-8972",False,"train",0.0,0.7041171789169312,0.0,0.0,0.0,0.0,0.0,0.0,0.2593596577644348,0.0
"DM-14862",False,"train",0.21476584672927856,0.34894827008247375,0.0,0.2149297297000885,0.0,0.0,0.1881340891122818,0.0,0.0,0.0
"DM-16261",False,"train",0.0,0.0,0.0,0.0,0.0,0.9356273412704468,0.0,0.0,0.0,0.0
"DM-7019",False,"train",0.0,0.3060789406299591,0.0,0.0,0.0,0.0,0.0,0.0,0.48260489106178284,0.17779426276683807
"DM-5094",True,"train",0.0,0.0,0.0,0.0,0.0,0.0,0.0,0.9699360132217407,0.0,0.0
"DM-7113",True,"train",0.0,0.22209274768829346,0.0,0.0,0.0,0.0,0.24000291526317596,0.0,0.0,0.526309609413147
"DM-1702",False,"train",0.0,0.8168230056762695,0.0,0.0,0.0,0.0,0.0,0.11619294434785843,0.0,0.0
"DM-11785",True,"train",0.7942360639572144,0.0,0.0,0.0,0.0,0.0,0.0,0.15240277349948883,0.0,0.0
"DM-11594",False,"train",0.0,0.49005767703056335,0.0,0.0,0.0,0.0,0.0,0.0,0.48396509885787964,0.0
"DM-5659",True,"train",0.9639782309532166,0.0,0.0,0.0,0.0,0.0,0.0,0.0,0.0,0.0
"DM-7590",False,"train",0.0,0.0,0.0,0.0,0.0,0.0,0.0,0.9307368993759155,0.0,0.0
"DM-5759",True,"train",0.0,0.0,0.13444487750530243,0.39973780512809753,0.0,0.0,0.0,0.0,0.0,0.44690102338790894
"DM-16127",False,"train",0.0,0.0,0.0,0.0,0.0,0.0,0.0,0.0,0.0,0.9774789214134216
"DM-290",False,"train",0.09997233748435974,0.0602816641330719,0.5349372625350952,0.0,0.0,0.0,0.0,0.0,0.0,0.29542866349220276
"DM-9245",False,"train",0.0,0.5787506699562073,0.0,0.0,0.0,0.0,0.0,0.34260526299476624,0.0,0.0
"DM-10946",False,"train",0.0,0.47058141231536865,0.0,0.07656167447566986,0.030569730326533318,0.0,0.0,0.0,0.0,0.4066835045814514
"DM-7594",True,"train",0.0,0.0,0.0,0.6486018896102905,0.0,0.20422358810901642,0.0,0.0,0.0,0.12875249981880188
"DM-10613",False,"train",0.0,0.0,0.0,0.0,0.0,0.0,0.9699744582176208,0.0,0.0,0.0
"DM-5163",False,"train",0.0,0.0,0.0,0.22948692739009857,0.0,0.0,0.35472342371940613,0.3916133940219879,0.0,0.0
"DM-18189",False,"train",0.0,0.0,0.0,0.9548511505126953,0.0,0.0,0.0,0.0,0.0,0.0
"DM-7833",False,"train",0.0,0.0,0.0,0.9699844121932983,0.0,0.0,0.0,0.0,0.0,0.0
"DM-13577",False,"train",0.0,0.0,0.0,0.0,0.0,0.0,0.9624587297439575,0.0,0.0,0.0
"DM-4155",True,"train",0.0,0.0,0.0,0.0,0.11775142699480057,0.0,0.0,0.0,0.0,0.8605261445045471
"DM-7053",False,"train",0.0,0.09777811169624329,0.0,0.0,0.0,0.0,0.14150777459144592,0.4242072105407715,0.0,0.3273226320743561
"DM-827",False,"train",0.0,0.5583921074867249,0.0707462728023529,0.0,0.0,0.0,0.14069846272468567,0.0,0.12404336035251617,0.097188800573349
"DM-12363",False,"train",0.17329858243465424,0.014384051784873009,0.014381148852407932,0.014381596818566322,0.014381102286279202,0.014382423833012581,0.014383629895746708,0.014381949789822102,0.014382006600499153,0.7116435170173645
"DM-10433",False,"train",0.0,0.5439796447753906,0.0,0.0,0.0,0.18520185351371765,0.0,0.16629387438297272,0.08400431275367737,0.0
"DM-646",False,"train",0.0,0.0,0.0,0.0,0.0,0.0,0.9549338817596436,0.0,0.0,0.0
"DM-9561",False,"train",0.0,0.0,0.07905556261539459,0.0,0.0,0.0,0.0,0.0,0.5654935836791992,0.3460954427719116
"DM-4455",False,"train",0.0,0.0,0.0,0.0,0.0,0.0,0.0,0.0,0.0,0.9436152577400208
"DM-10066",False,"train",0.09265898913145065,0.0,0.09390782564878464,0.0,0.05768561735749245,0.0,0.4244161546230316,0.0,0.0,0.31474044919013977
"DM-8088",True,"train",0.01764190010726452,0.04628719761967659,0.0,0.3835054337978363,0.41283318400382996,0.0,0.0,0.12217258661985397,0.0,0.01409235130995512
"DM-7468",True,"train",0.0,0.0,0.0,0.34949010610580444,0.0,0.2977910339832306,0.0,0.0,0.0,0.3087798058986664
"DM-17195",False,"train",0.027179205790162086,0.0,0.0,0.0,0.0,0.0,0.01869887299835682,0.0,0.9520313143730164,0.0
"DM-4844",False,"train",0.0,0.0,0.0,0.0,0.0,0.3516361713409424,0.0,0.2791917622089386,0.3495960831642151,0.0
"DM-8461",True,"train",0.01494359690696001,0.014944286085665226,0.014943694695830345,0.014943554997444153,0.014944571070373058,0.014944540336728096,0.8655025362968445,0.01494424045085907,0.014945199713110924,0.01494373008608818
"DM-13715",False,"train",0.0,0.5810620188713074,0.16850651800632477,0.0,0.0,0.0,0.21552489697933197,0.0,0.0,0.0
"DM-17928",False,"train",0.4411363899707794,0.5089682936668396,0.0,0.0,0.0,0.0,0.0,0.0,0.0,0.0
"DM-1868",True,"train",0.0,0.0,0.0,0.0,0.250846803188324,0.19816656410694122,0.0,0.0,0.0,0.5320848822593689
"DM-13397",True,"train",0.0,0.39198726415634155,0.0,0.0,0.488577663898468,0.09677819162607193,0.0,0.0,0.0,0.0
"DM-13577",False,"train",0.0,0.0,0.0,0.0,0.0,0.0,0.9624587297439575,0.0,0.0,0.0
"DM-3360",False,"train",0.0,0.9180810451507568,0.0,0.0,0.0,0.0,0.0,0.0,0.0,0.0
"DM-12566",False,"train",0.0,0.0,0.0,0.8583930730819702,0.0,0.0,0.0,0.0,0.0,0.10679608583450317
"DM-11602",True,"train",0.4323563277721405,0.0,0.0,0.41376054286956787,0.0,0.0,0.11262887716293335,0.0,0.0,0.0
"DM-5334",False,"train",0.0,0.0,0.9699898958206177,0.0,0.0,0.0,0.0,0.0,0.0,0.0
"DM-3362",False,"train",0.02000552788376808,0.020016763359308243,0.020005811005830765,0.020007161423563957,0.020005211234092712,0.020006582140922546,0.020013518631458282,0.02000933140516281,0.0200062058866024,0.8199238181114197
"DM-5541",False,"train",0.02000940777361393,0.020010575652122498,0.020009156316518784,0.02001211792230606,0.5329355597496033,0.020011404529213905,0.02001117169857025,0.02001286670565605,0.30697277188301086,0.020015006884932518
"DM-16224",False,"train",0.0,0.0,0.0,0.0,0.0,0.0,0.9146649837493896,0.0,0.0,0.07792071998119354
"DM-14505",False,"train",0.0,0.12085612863302231,0.0,0.4033049941062927,0.0,0.0,0.14929765462875366,0.2651945650577545,0.047051798552274704,0.0
"DM-15336",False,"train",0.0,0.021964197978377342,0.0,0.2629607915878296,0.0,0.16137853264808655,0.0,0.0,0.0,0.5484091639518738
"DM-8283",True,"train",0.0,0.0,0.0,0.0,0.0,0.0,0.0,0.9750245213508606,0.0,0.0
"DM-7546",False,"train",0.0,0.0425674207508564,0.0,0.0,0.0,0.5815158486366272,0.0,0.06581438332796097,0.26497071981430054,0.041260793805122375
"DM-14429",False,"train",0.28990358114242554,0.0,0.0,0.0,0.6599574089050293,0.0,0.0,0.0,0.0,0.0
"DM-17560",False,"train",0.023121390491724014,0.0,0.0,0.0,0.0,0.06002923101186752,0.09791264683008194,0.0,0.0,0.800654947757721
"DM-13477",False,"train",0.0,0.7420384883880615,0.0,0.0,0.0,0.21096034348011017,0.0,0.0,0.0,0.0
"DM-9187",False,"train",0.0,0.9399130940437317,0.0,0.0,0.0,0.0,0.0,0.0,0.0,0.0
"DM-3384",False,"train",0.0,0.0,0.051461029797792435,0.0,0.24599875509738922,0.6147371530532837,0.0,0.07260008901357651,0.0,0.0
"DM-4920",False,"train",0.0,0.0,0.0,0.754619836807251,0.0,0.0,0.0,0.0,0.0,0.21915552020072937
"DM-15187",False,"train",0.17422719299793243,0.0,0.0,0.0,0.3127361834049225,0.0,0.4701327979564667,0.0,0.0,0.0
"DM-11117",False,"train",0.0,0.6811145544052124,0.0,0.0,0.2693658173084259,0.0,0.0,0.0,0.0,0.0
"DM-16830",False,"train",0.0,0.0,0.0,0.0,0.0,0.6582050323486328,0.0,0.3212600350379944,0.0,0.0
"DM-10872",False,"train",0.016669470816850662,0.01667005941271782,0.016669416800141335,0.016670087352395058,0.016669850796461105,0.0166701078414917,0.01666998863220215,0.849969744682312,0.016669631004333496,0.016671668738126755
"DM-8389",False,"train",0.0,0.21622836589813232,0.0,0.0,0.0,0.7529000639915466,0.0,0.0,0.0,0.0
"DM-2792",False,"train",0.0,0.755904495716095,0.0,0.0,0.0,0.0,0.0,0.19714000821113586,0.0,0.0
"DM-13753",True,"train",0.0,0.0,0.0,0.0,0.0,0.0,0.0,0.17941847443580627,0.0,0.7761736512184143
"DM-7444",False,"train",0.1748640537261963,0.0,0.0,0.0,0.14264628291130066,0.2836645245552063,0.39043283462524414,0.0,0.0,0.0
"DM-471",False,"train",0.0,0.0,0.0630323737859726,0.0,0.0,0.0,0.0,0.9246358871459961,0.0,0.0
"DM-3961",True,"train",0.025018665939569473,0.025017976760864258,0.0250186026096344,0.025022242218255997,0.4800739288330078,0.025019150227308273,0.02502046898007393,0.02502346783876419,0.025017788633704185,0.31976771354675293
"DM-14275",True,"train",0.0,0.0,0.0,0.0,0.0,0.9653084874153137,0.0,0.0,0.0,0.0
"DM-4579",False,"train",0.13775287568569183,0.0,0.0,0.5087675452232361,0.0,0.0,0.1157880648970604,0.0,0.19156372547149658,0.0
"DM-5547",False,"train",0.02000647783279419,0.020007546991109848,0.020005948841571808,0.020010558888316154,0.020010720938444138,0.020008573308587074,0.020008206367492676,0.02001035585999489,0.8199183940887451,0.020013175904750824
"DM-16045",True,"train",0.0,0.33139684796333313,0.0,0.0,0.0,0.0,0.0,0.0,0.0,0.6495277881622314
"DM-8113",False,"train",0.0,0.8260720372200012,0.0,0.0,0.14722305536270142,0.0,0.0,0.0,0.0,0.0
"DM-6533",False,"train",0.0,0.0,0.2917575538158417,0.0,0.5189015865325928,0.0,0.0,0.0,0.0,0.1395474374294281
"DM-11283",False,"train",0.0,0.0,0.0,0.0,0.0,0.0,0.0,0.9639130234718323,0.0,0.0
"DM-15507",False,"train",0.0,0.0,0.0,0.0,0.0,0.0,0.0,0.9469334483146667,0.0,0.0
"DM-15052",False,"train",0.01596035249531269,0.015958890318870544,0.8563570976257324,0.015958964824676514,0.015958083793520927,0.01595880463719368,0.015966759994626045,0.015959426760673523,0.01595873013138771,0.01596287079155445
"DM-6343",False,"train",0.0,0.7434895634651184,0.0,0.0,0.23362796008586884,0.0,0.0,0.0,0.0,0.0
"DM-14733",False,"train",0.0,0.0,0.0,0.6374432444572449,0.2824104130268097,0.0,0.0,0.06458389014005661,0.0,0.0
"DM-13276",True,"train",0.0,0.0,0.0,0.9400126338005066,0.0,0.0,0.0,0.0,0.0,0.0
"DM-12029",False,"train",0.0,0.24208728969097137,0.0,0.2708956301212311,0.0,0.0,0.0,0.0,0.23399579524993896,0.24455249309539795
"DM-4391",False,"train",0.0,0.09469836950302124,0.034485962241888046,0.0,0.0,0.0,0.0,0.0,0.06289408355951309,0.7972361445426941
"DM-16925",False,"train",0.0,0.0,0.12008164077997208,0.0,0.10069501399993896,0.0475558266043663,0.0,0.47858038544654846,0.0,0.24433401226997375
"DM-11957",True,"train",0.0,0.0,0.0,0.0,0.0,0.9762918949127197,0.0,0.0,0.0,0.0
"DM-7155",False,"train",0.0,0.0,0.0,0.8450698852539062,0.0,0.0,0.0,0.1296931356191635,0.0,0.0
"DM-1980",False,"train",0.0,0.0,0.0,0.0,0.0,0.3671223223209381,0.0,0.0,0.0,0.5598310232162476
"DM-5641",False,"train",0.11083244532346725,0.0,0.0,0.0,0.0,0.0,0.3764157295227051,0.49592381715774536,0.0,0.0
"DM-14890",False,"train",0.08163808286190033,0.0,0.0,0.0,0.0,0.18111459910869598,0.10561364889144897,0.0,0.0,0.6186259388923645
"DM-10429",False,"train",0.20215167105197906,0.0,0.0,0.0,0.0,0.0,0.0,0.7796473503112793,0.0,0.0
"DM-9028",False,"train",0.0,0.0,0.0,0.0,0.0,0.0,0.0,0.8271453380584717,0.15280510485172272,0.0
"DM-5771",False,"train",0.0,0.0,0.6172341108322144,0.0,0.10078345239162445,0.0,0.0,0.14513897895812988,0.0,0.11937794834375381
"DM-16160",False,"train",0.0,0.6792024970054626,0.0,0.3043997883796692,0.0,0.0,0.0,0.0,0.0,0.0
"DM-4217",False,"train",0.0,0.0,0.0,0.3816584050655365,0.0,0.13808438181877136,0.26880282163619995,0.0,0.07626362890005112,0.1186380460858345
"DM-13242",False,"train",0.0,0.0,0.0,0.0,0.0,0.9653869271278381,0.030770281329751015,0.0,0.0,0.0
"DM-7455",False,"train",0.0,0.0,0.0,0.0,0.0,0.0,0.0,0.0,0.0,0.9525974988937378
"DM-3562",False,"train",0.03332624211907387,0.03332999348640442,0.03332117199897766,0.03331998363137245,0.03331688791513443,0.03333088383078575,0.033325061202049255,0.033318717032670975,0.03332981467247009,0.7000812292098999
"DM-8239",False,"train",0.0,0.0,0.0,0.0,0.0,0.22955168783664703,0.0,0.0,0.0,0.75126051902771
"DM-12587",False,"train",0.020187735557556152,0.020186729729175568,0.8183039426803589,0.020189279690384865,0.020189428701996803,0.02018723264336586,0.02019139938056469,0.02018892765045166,0.020188070833683014,0.020187268033623695
"DM-11117",False,"train",0.0,0.6811145544052124,0.0,0.0,0.2693658173084259,0.0,0.0,0.0,0.0,0.0
"DM-10288",False,"train",0.0,0.0,0.0,0.0,0.0,0.0,0.6693587899208069,0.0,0.0,0.25328606367111206
"DM-16185",True,"train",0.048307016491889954,0.5652123689651489,0.04830718785524368,0.04830920696258545,0.04832180589437485,0.04830799624323845,0.048313841223716736,0.0483068972826004,0.04830677807331085,0.04830683022737503
"DM-15719",False,"train",0.0,0.5742279291152954,0.0,0.0,0.0,0.0,0.3764202892780304,0.0,0.0,0.0
"DM-18169",True,"train",0.8722025156021118,0.014200144447386265,0.014197652228176594,0.014202354475855827,0.014201056212186813,0.014199689961969852,0.014199472032487392,0.014199580997228622,0.014198443852365017,0.014199062250554562
"DM-2623",False,"train",0.0,0.0,0.0,0.0,0.4521072506904602,0.0,0.0,0.0,0.0,0.5009325742721558
"DM-1675",False,"train",0.03298344835639,0.03298827260732651,0.032978251576423645,0.03297460079193115,0.03297031670808792,0.03299074247479439,0.03298155590891838,0.7031678557395935,0.032989662140607834,0.03297527879476547
"DM-3566",True,"train",0.03342209756374359,0.03342210128903389,0.3675190806388855,0.03342209756374359,0.03342210128903389,0.03342212364077568,0.03342209756374359,0.03342209756374359,0.365104079246521,0.03342209756374359
"DM-15106",False,"train",0.0,0.0,0.0,0.6776771545410156,0.0,0.0,0.0,0.2841532826423645,0.0,0.0
"DM-2316",False,"train",0.0,0.0,0.050508446991443634,0.023066315799951553,0.0,0.07680243998765945,0.051592692732810974,0.27392253279685974,0.0,0.5208522081375122
"DM-11601",False,"train",0.0,0.0,0.0,0.4441126883029938,0.0,0.5315098762512207,0.0,0.0,0.0,0.0
"DM-15233",False,"train",0.21203462779521942,0.0,0.0,0.0,0.0,0.0,0.5798631310462952,0.0,0.18333333730697632,0.0
"DM-4785",True,"train",0.0,0.0,0.0,0.9677703380584717,0.0,0.0,0.0,0.0,0.0,0.0
"DM-10543",False,"train",0.0,0.0,0.49819299578666687,0.0,0.0,0.0,0.0,0.0,0.0,0.46395793557167053
"DM-7956",False,"train",0.0,0.46020498871803284,0.0,0.0,0.3562433123588562,0.0,0.0,0.0,0.0,0.1542198657989502
"DM-15336",False,"train",0.0,0.021964197978377342,0.0,0.2629607915878296,0.0,0.16137853264808655,0.0,0.0,0.0,0.5484091639518738
"DM-13214",True,"train",0.0,0.0,0.0,0.0,0.0,0.0,0.0,0.0,0.0,0.9769002199172974
"DM-15588",True,"train",0.0,0.0,0.0,0.0,0.0,0.0,0.9539759159088135,0.0,0.0,0.0
"DM-13458",True,"train",0.016673248261213303,0.26596933603286743,0.016678711399435997,0.01667296327650547,0.016673222184181213,0.016674164682626724,0.36319807171821594,0.25411084294319153,0.016675258055329323,0.01667414978146553
"DM-14365",False,"train",0.0,0.08265048265457153,0.0,0.0,0.0,0.8053668737411499,0.09069313108921051,0.0,0.0,0.0
"DM-15889",False,"train",0.0,0.0,0.0,0.0,0.0,0.33479124307632446,0.0,0.5596256256103516,0.07506804913282394,0.0
"DM-9249",False,"train",0.0,0.0,0.0,0.8220000863075256,0.0,0.15922507643699646,0.0,0.0,0.0,0.0
"DM-16015",False,"train",0.888820230960846,0.012351828627288342,0.012353845871984959,0.012352005578577518,0.012354467064142227,0.01235442515462637,0.01235415879637003,0.012352876365184784,0.012351855635643005,0.012354323640465736
"DM-14563",False,"train",0.0,0.0,0.27736762166023254,0.0,0.0,0.0,0.3511943221092224,0.0,0.0,0.33325594663619995
"DM-1072",False,"train",0.0,0.0,0.0,0.0,0.7783036828041077,0.0,0.18315228819847107,0.0,0.0,0.0
"DM-7590",False,"train",0.0,0.0,0.0,0.0,0.0,0.0,0.0,0.9307368993759155,0.0,0.0
"DM-5966",False,"train",0.0,0.08461353927850723,0.0,0.0,0.0,0.0,0.8833498954772949,0.0,0.0,0.0
"DM-9942",False,"train",0.0,0.0,0.022238990291953087,0.0,0.0,0.0,0.7494134306907654,0.0,0.0,0.20498180389404297
"DM-3371",True,"train",0.0,0.0,0.0,0.0,0.09372911602258682,0.0,0.0,0.0,0.0,0.8856906294822693
"DM-6298",True,"train",0.06479185074567795,0.0,0.0,0.0,0.0,0.0,0.909396231174469,0.0,0.0,0.0
"DM-1282",False,"train",0.0,0.0,0.0,0.0,0.0,0.0,0.0,0.0,0.0,0.9399402737617493
"DM-9435",False,"train",0.1381734162569046,0.0,0.0,0.0,0.02480880729854107,0.599571168422699,0.0,0.0,0.0,0.22884835302829742
"DM-10887",False,"train",0.016611093655228615,0.016611624509096146,0.016611121594905853,0.016610918566584587,0.016613120213150978,0.01661244034767151,0.01661008596420288,0.016611985862255096,0.01661846786737442,0.8504891395568848
"DM-11741",False,"train",0.0,0.0,0.0,0.0,0.0,0.0,0.0,0.0,0.0,0.9653344750404358
"DM-14435",True,"train",0.38911178708076477,0.0,0.0,0.2664763927459717,0.0,0.0,0.0,0.0,0.0,0.3386240303516388
"DM-10541",False,"train",0.0,0.0,0.0,0.27443891763687134,0.0,0.0,0.1380842924118042,0.0,0.0,0.5695151686668396
"DM-11898",False,"train",0.0,0.0,0.5828397870063782,0.0,0.3598240613937378,0.0,0.0,0.0,0.0,0.0
"DM-16175",True,"train",0.31298139691352844,0.0,0.0,0.0,0.0,0.6798596978187561,0.0,0.0,0.0,0.0
"DM-4895",False,"train",0.0,0.0,0.0,0.0,0.0,0.0,0.0,0.2532472312450409,0.0,0.6998447179794312
"DM-18196",False,"train",0.0,0.0,0.0,0.6202757358551025,0.0,0.06755239516496658,0.14223387837409973,0.0,0.0,0.1451815515756607
"DM-12306",False,"train",0.0,0.5987403988838196,0.0,0.0,0.37967783212661743,0.0,0.0,0.0,0.0,0.0
"DM-7455",False,"train",0.0,0.0,0.0,0.0,0.0,0.0,0.0,0.0,0.0,0.9525974988937378
"DM-4395",False,"train",0.0,0.3381626307964325,0.0,0.0,0.0,0.21001410484313965,0.41490674018859863,0.0,0.0,0.0
"DM-15914",True,"train",0.0,0.0,0.0,0.0,0.0,0.0,0.0,0.0,0.0,0.9180012941360474
"DM-3705",False,"train",0.13560077548027039,0.0,0.0,0.0,0.18100641667842865,0.09040394425392151,0.5245963931083679,0.0,0.05862647667527199,0.0
"DM-7224",False,"train",0.0,0.0,0.0,0.0,0.0,0.0,0.0,0.4089054465293884,0.20493252575397491,0.355780690908432
"DM-3666",False,"train",0.03202514722943306,0.03202420845627785,0.03202565386891365,0.03203142434358597,0.032036565244197845,0.03202449157834053,0.03202635794878006,0.03202774003148079,0.032022684812545776,0.7117556929588318
"DM-9199",False,"train",0.02504071034491062,0.7746335864067078,0.02504071034491062,0.02504071034491062,0.02504071034491062,0.02504071034491062,0.025040745735168457,0.02504071034491062,0.02504071034491062,0.02504071034491062
"DM-9105",False,"train",0.11802499741315842,0.0,0.0,0.0,0.0,0.0,0.8320655822753906,0.0,0.0,0.0
"DM-15159",False,"train",0.0,0.0,0.0,0.0,0.0,0.0,0.9525389671325684,0.0,0.0,0.0
"DM-5317",False,"train",0.01247530709952116,0.012477532029151917,0.012475996278226376,0.19807372987270355,0.01247635018080473,0.012477483600378036,0.012475849129259586,0.21769481897354126,0.012483515776693821,0.4968894124031067
"DM-11287",False,"train",0.0,0.9181541204452515,0.0,0.0,0.0,0.0,0.0,0.0,0.0,0.0
"DM-11862",False,"train",0.0,0.0,0.0,0.0,0.0,0.07426857203245163,0.07210414111614227,0.1044594869017601,0.7456079721450806,0.0
"DM-10613",False,"train",0.0,0.0,0.0,0.0,0.0,0.0,0.9699744582176208,0.0,0.0,0.0
"DM-13286",False,"train",0.0,0.0,0.0,0.6468968987464905,0.0,0.0,0.0,0.0,0.3244211971759796,0.0
"DM-15498",False,"train",0.2876104414463043,0.0,0.0,0.4054591953754425,0.0,0.0,0.0,0.0,0.2853561341762543,0.0
"DM-2097",False,"train",0.0,0.0,0.0,0.0,0.0,0.0,0.9470057487487793,0.0,0.0,0.0
"DM-16418",False,"train",0.0,0.935623049736023,0.0,0.0,0.0,0.0,0.0,0.0,0.0,0.0
"DM-10873",False,"train",0.016678152605891228,0.016678528860211372,0.016678249463438988,0.01667870581150055,0.01667860895395279,0.016678350046277046,0.016683274880051613,0.6564927697181702,0.01667816750705242,0.21007518470287323
"DM-16844",False,"train",0.05770061910152435,0.0,0.0,0.9091833233833313,0.0,0.0,0.0,0.0,0.0,0.0
"DM-10907",False,"train",0.0,0.0,0.0,0.0,0.0,0.0,0.0,0.0,0.0,0.9498056173324585
"DM-6288",False,"train",0.0,0.0,0.0841141790151596,0.33735963702201843,0.0,0.0,0.0,0.0,0.0,0.5436609387397766
"DM-8074",False,"train",0.0,0.0,0.0,0.0,0.0,0.0,0.9399057030677795,0.0,0.0,0.0
"DM-14786",False,"train",0.0,0.0,0.0,0.0,0.0,0.0,0.0,0.0,0.0,0.9689304828643799
"DM-17380",False,"train",0.0,0.4169740080833435,0.0,0.0,0.0,0.0,0.28009510040283203,0.28771868348121643,0.0,0.0
"DM-14671",False,"train",0.0,0.0,0.0,0.23024441301822662,0.0,0.04995590075850487,0.0,0.08515358716249466,0.0,0.6238822937011719
"DM-600",True,"train",0.4084731638431549,0.49135515093803406,0.0125204436480999,0.012520773336291313,0.012520535849034786,0.012523860670626163,0.012523422949016094,0.01252049207687378,0.012520990334451199,0.01252116821706295
"DM-17820",False,"train",0.015300516039133072,0.015301474370062351,0.015301121398806572,0.8622891902923584,0.015300670638680458,0.015301486477255821,0.015301279723644257,0.015301669016480446,0.015299861319363117,0.015302726067602634
"DM-12533",False,"train",0.0,0.0,0.0,0.0,0.6039621233940125,0.0,0.0,0.0,0.34889739751815796,0.0
"DM-9491",False,"train",0.0,0.3247181475162506,0.0,0.6644647717475891,0.0,0.0,0.0,0.0,0.0,0.0
"DM-14708",True,"train",0.01673603616654873,0.016737721860408783,0.1716594249010086,0.016739768907427788,0.6944305896759033,0.016738668084144592,0.016741644591093063,0.016738411039114,0.016737710684537888,0.016739988699555397
"DM-12652",True,"train",0.0,0.0,0.0,0.0,0.0,0.3279704749584198,0.0,0.0,0.0,0.6319931745529175
"DM-9503",False,"train",0.0,0.0,0.0,0.0,0.0,0.0,0.0,0.0,0.9941470623016357,0.0
"DM-7937",False,"train",0.33718785643577576,0.0,0.23795728385448456,0.0,0.37098488211631775,0.0,0.0,0.0,0.0,0.0
"DM-18371",False,"train",0.0,0.1349749118089676,0.0,0.0,0.0,0.1766597032546997,0.0,0.0,0.0,0.65794837474823
"DM-1309",False,"train",0.0,0.0,0.9779952168464661,0.0,0.0,0.0,0.0,0.0,0.0,0.0
"DM-5793",True,"train",0.03319116309285164,0.03318830206990242,0.033188190311193466,0.03318766877055168,0.033189672976732254,0.033188145607709885,0.033205803483724594,0.033188484609127045,0.0331866480410099,0.7012858986854553
"DM-5473",False,"train",0.0,0.0,0.18350355327129364,0.0,0.0,0.0,0.0,0.0,0.8147948980331421,0.0
"DM-6286",True,"train",0.0,0.0,0.0,0.21275952458381653,0.0,0.0,0.0,0.09915720671415329,0.03779691457748413,0.6349217891693115
"DM-6904",False,"train",0.0,0.0,0.0,0.39573749899864197,0.0,0.0,0.0,0.5852841734886169,0.0,0.0
"DM-9851",False,"train",0.0,0.0,0.0,0.0,0.0,0.0,0.3184753656387329,0.0,0.6518488526344299,0.0
"DM-18161",True,"train",0.9356796741485596,0.0,0.0,0.0,0.0,0.0,0.0,0.0,0.0,0.0
"DM-1195",False,"train",0.0,0.0,0.2133384793996811,0.205594003200531,0.0,0.5514499545097351,0.0,0.0,0.0,0.0
"DM-17281",False,"train",0.0,0.0,0.0,0.255372554063797,0.21031172573566437,0.2881011366844177,0.22616101801395416,0.0,0.0,0.0
"DM-14760",True,"train",0.0,0.6442199349403381,0.0,0.0,0.0,0.0,0.0,0.31413358449935913,0.0,0.0
"DM-13781",True,"train",0.0,0.0,0.13865157961845398,0.0,0.25976434350013733,0.0,0.1816096156835556,0.19002880156040192,0.0,0.2199559360742569
"DM-913",False,"train",0.018153343349695206,0.018154233694076538,0.018153827637434006,0.018153615295886993,0.8366142511367798,0.018153993412852287,0.018153700977563858,0.01815474033355713,0.0181535966694355,0.018154706805944443
"DM-1197",False,"train",0.11562185734510422,0.0,0.0,0.15025430917739868,0.02449095994234085,0.0582897774875164,0.0,0.0,0.08253904432058334,0.5638636350631714
"DM-5701",True,"train",0.0,0.0,0.0,0.0,0.0,0.03591518849134445,0.0,0.6586619019508362,0.0,0.29553237557411194
"DM-9233",False,"train",0.0,0.0,0.0,0.3030587434768677,0.0,0.0,0.0,0.0,0.0,0.656923234462738
"DM-778",False,"train",0.0,0.0,0.0,0.19285444915294647,0.0,0.4824531078338623,0.28376665711402893,0.0,0.0,0.0
"DM-16542",True,"train",0.0,0.019932527095079422,0.011113736778497696,0.7648670077323914,0.0,0.053044963628053665,0.0,0.08816058933734894,0.0,0.06071300059556961
"DM-3983",False,"train",0.28486698865890503,0.05989280343055725,0.0,0.0,0.09254296123981476,0.0,0.16617533564567566,0.0,0.0,0.38570600748062134
"DM-13129",False,"train",0.31093865633010864,0.0,0.11747340112924576,0.0,0.0,0.0,0.0,0.0,0.5628411769866943,0.0
"DM-2976",False,"train",0.4363776743412018,0.4489264488220215,0.014335972256958485,0.014338107779622078,0.014336884021759033,0.014336944557726383,0.01433629635721445,0.01433692965656519,0.014336339198052883,0.014338399283587933
"DM-9024",False,"train",0.0,0.5500816702842712,0.0,0.0,0.0,0.0,0.0,0.0,0.4222509264945984,0.0
"DM-454",True,"train",0.0,0.41985660791397095,0.12523111701011658,0.0,0.0,0.1881411373615265,0.058981459587812424,0.0,0.0,0.1987462043762207
"DM-3432",False,"train",0.06893730908632278,0.0,0.01862521283328533,0.0,0.02419891208410263,0.10279697924852371,0.0,0.010396326892077923,0.7509932518005371,0.023138048127293587
"DM-11677",False,"train",0.0,0.7007750272750854,0.0,0.0,0.0,0.0,0.2635452151298523,0.0,0.0,0.0
"DM-17095",False,"train",0.0,0.0,0.0,0.0,0.0,0.0,0.8169651627540588,0.0,0.05184394121170044,0.11173758655786514
"DM-5939",False,"train",0.0,0.33514541387557983,0.0,0.0,0.0,0.0,0.08204354345798492,0.18133938312530518,0.392665296792984,0.0
"DM-13571",False,"train",0.0,0.0,0.0,0.4482690393924713,0.0,0.4927082359790802,0.0,0.0,0.0,0.0
"DM-1944",False,"train",0.0,0.0,0.0,0.0,0.0,0.0,0.0,0.576500415802002,0.0,0.37980273365974426
"DM-13827",False,"train",0.5451987385749817,0.3937295973300934,0.0,0.0,0.0,0.0,0.0,0.0,0.0,0.0
"DM-706",False,"train",0.0,0.8672109246253967,0.0,0.0,0.0,0.0,0.11499515920877457,0.0,0.0,0.0
"DM-12475",False,"train",0.0,0.0,0.0,0.0,0.3888135552406311,0.0,0.0,0.43958213925361633,0.14570721983909607,0.0
"DM-14539",False,"train",0.0,0.0,0.0,0.0888134017586708,0.7158038020133972,0.0,0.08902173489332199,0.0,0.0,0.09480824321508408
"DM-10105",False,"train",0.0,0.0,0.0,0.0,0.0,0.0,0.0,0.0,0.9983227849006653,0.0
"DM-10886",False,"train",0.016578756272792816,0.016579285264015198,0.016578784212470055,0.01657858118414879,0.016581030562520027,0.016580097377300262,0.01657775230705738,0.01657964661717415,0.016587987542152405,0.8507781028747559
"DM-11752",False,"train",0.0,0.0,0.0,0.5968012809753418,0.16821491718292236,0.0,0.21654273569583893,0.0,0.0,0.0
"DM-16467",True,"train",0.7094926834106445,0.0,0.0,0.18068528175354004,0.0,0.0,0.0,0.0,0.07644396275281906,0.0
"DM-12417",False,"train",0.0,0.0,0.0,0.0,0.0,0.0,0.21896031498908997,0.0,0.7375733256340027,0.0
"DM-15073",True,"train",0.0,0.0,0.0,0.49450239539146423,0.0,0.4586426913738251,0.0,0.0,0.0,0.0
"DM-16947",False,"train",0.012896372005343437,0.012896614149212837,0.012896422296762466,0.012896822765469551,0.8839309215545654,0.012896543368697166,0.012896643951535225,0.012896602973341942,0.012896304950118065,0.012896755710244179
"DM-14292",True,"train",0.02493285946547985,0.02494494989514351,0.024933073669672012,0.02493337355554104,0.024933328852057457,0.02493872493505478,0.024935292080044746,0.7755774855613708,0.024935685098171234,0.024935293942689896
"DM-13962",False,"train",0.016528621315956116,0.016532110050320625,0.016529714688658714,0.01653040200471878,0.6167904734611511,0.016532346606254578,0.01653118059039116,0.25096601247787476,0.01652851514518261,0.016530629247426987
"DM-18124",False,"train",0.0,0.5567001700401306,0.0,0.0,0.2512355148792267,0.0,0.0,0.0,0.0,0.14515870809555054
"DM-15652",False,"train",0.0,0.0,0.0,0.0,0.0,0.0,0.9444909691810608,0.0,0.0,0.0
"DM-16757",False,"train",0.0,0.5350554585456848,0.0,0.0,0.0,0.0,0.42442741990089417,0.0,0.0,0.0
"DM-16312",False,"train",0.0,0.18102523684501648,0.0,0.0,0.0,0.0,0.0,0.7658299803733826,0.0,0.0
"DM-7223",False,"train",0.0,0.0,0.0,0.0,0.0,0.0,0.0,0.7249513268470764,0.2306477129459381,0.0
"DM-9303",False,"train",0.0,0.4858802258968353,0.0,0.3424018919467926,0.06482288986444473,0.0,0.0,0.0,0.1034853532910347,0.0
"DM-6244",False,"train",0.0,0.0,0.0,0.242595374584198,0.0,0.0,0.07672426104545593,0.44587260484695435,0.0,0.21424531936645508
"DM-5484",False,"train",0.0,0.26053187251091003,0.0,0.0,0.16018299758434296,0.0,0.0,0.0,0.529907763004303,0.0
"DM-2322",True,"train",0.0,0.0,0.0,0.0,0.6011273264884949,0.0,0.0,0.0,0.3416823446750641,0.0
"DM-7655",False,"train",0.26745596528053284,0.0,0.0,0.0,0.09443721920251846,0.0,0.0,0.0,0.0,0.6030821204185486
"DM-6022",False,"train",0.0,0.5218343734741211,0.0,0.2313087284564972,0.0,0.0,0.0,0.0,0.0,0.21988429129123688
"DM-1954",True,"train",0.0,0.15212513506412506,0.0,0.0,0.32471001148223877,0.0,0.0,0.3372723460197449,0.0,0.16953834891319275
"DM-11550",True,"train",0.0,0.0,0.0,0.0,0.0,0.0,0.3975982367992401,0.0,0.5583941340446472,0.0
"DM-17521",False,"train",0.0,0.0,0.0,0.0,0.0,0.0,0.5819600224494934,0.39308011531829834,0.0,0.0
"DM-13814",True,"train",0.0,0.0,0.0,0.40624329447746277,0.0,0.0,0.23856185376644135,0.33185455203056335,0.0,0.0
"DM-5509",True,"train",0.0,0.0,0.0,0.0,0.0,0.0,0.08459831029176712,0.0,0.0,0.8760090470314026
"DM-1083",False,"train",0.0,0.0,0.05928749963641167,0.0,0.0,0.1807621568441391,0.0,0.0,0.736724317073822,0.0
"DM-6383",False,"train",0.0,0.0,0.0,0.8700466752052307,0.0,0.11179683357477188,0.0,0.0,0.0,0.0
"DM-2806",False,"train",0.02000552974641323,0.020015694200992584,0.020005812868475914,0.020007163286209106,0.020005211234092712,0.020006584003567696,0.02001359313726425,0.02000933326780796,0.0200062096118927,0.8199248909950256
"DM-11292",False,"train",0.0,0.3589513301849365,0.353603333234787,0.0,0.0,0.0,0.0,0.2556610703468323,0.0,0.0
"DM-3893",False,"train",0.0,0.0,0.0,0.0,0.0,0.0,0.0,0.0,0.0,0.9808288812637329
"DM-18425",False,"train",0.04979062080383301,0.04980364441871643,0.04980073496699333,0.04979195445775986,0.04981068894267082,0.5518272519111633,0.04979955032467842,0.04979516565799713,0.04978957772254944,0.049790870398283005
"DM-18173",False,"train",0.0,0.9869410991668701,0.0,0.0,0.0,0.0,0.0,0.0,0.0,0.0
"DM-6724",False,"train",0.0,0.0778145119547844,0.0,0.0,0.08517391979694366,0.0,0.4594142436981201,0.0,0.3474849462509155,0.0
"DM-6248",False,"train",0.0,0.0,0.0,0.0,0.3079439699649811,0.0,0.0,0.4377972185611725,0.1024390459060669,0.11651995778083801
"DM-8500",False,"train",0.0510287806391716,0.0,0.0,0.0,0.0,0.0,0.7772117853164673,0.0,0.0,0.16028112173080444
"DM-3811",True,"train",0.0,0.0,0.0,0.0,0.0,0.0,0.0,0.0,0.0,0.9524808526039124
"DM-9964",False,"train",0.0,0.0,0.0,0.9711973071098328,0.0,0.0,0.0,0.0,0.0,0.0
"DM-5848",False,"train",0.28845006227493286,0.21520395576953888,0.27861714363098145,0.0,0.19047664105892181,0.0,0.0,0.0,0.0,0.0
"DM-5511",True,"train",0.020007895305752754,0.020013751462101936,0.020008506253361702,0.020012205466628075,0.02001090534031391,0.020008696243166924,0.020007722079753876,0.02000950276851654,0.6106206774711609,0.22930017113685608
"DM-5725",False,"train",0.0,0.0,0.06821376830339432,0.8870857954025269,0.0,0.0,0.0,0.0,0.0,0.0
"DM-3984",False,"train",0.05582414194941521,0.0,0.0,0.0,0.0,0.0,0.06261497735977173,0.0,0.40357768535614014,0.4661698639392853
"DM-3160",False,"train",0.0,0.0,0.0,0.0,0.0,0.0,0.9726539850234985,0.0,0.0,0.0
"DM-16436",False,"train",0.0,0.7499208450317383,0.0,0.1025342270731926,0.0,0.08548950403928757,0.04454334080219269,0.0,0.0,0.0
"DM-8999",False,"train",0.014242907986044884,0.01424282044172287,0.014242451637983322,0.014242575503885746,0.01424368191510439,0.01424261461943388,0.8718145489692688,0.014242745004594326,0.014242400415241718,0.01424328051507473
"DM-8196",False,"train",0.08714693039655685,0.0,0.0,0.0,0.0,0.0,0.8686433434486389,0.0,0.0,0.0
"DM-10881",False,"train",0.014331508427858353,0.014332116581499577,0.014333185739815235,0.12811711430549622,0.014335718005895615,0.014332136139273643,0.1638800948858261,0.6076729893684387,0.014331533573567867,0.01433357410132885
"DM-11784",False,"train",0.2211424857378006,0.0,0.0,0.0,0.0,0.7490963935852051,0.0,0.0,0.0,0.0
"DM-7221",False,"train",0.0,0.14029666781425476,0.04872389882802963,0.200617253780365,0.0,0.2864780128002167,0.17599421739578247,0.0,0.0,0.14525975286960602
"DM-16922",False,"train",0.5020531415939331,0.0897994264960289,0.0,0.0,0.0,0.0,0.0,0.1728394627571106,0.0,0.2176627218723297
"DM-16166",False,"train",0.0,0.0,0.24811649322509766,0.0,0.0,0.09436140209436417,0.0,0.0,0.0,0.6477434635162354
"DM-521",False,"train",0.0,0.0,0.0,0.17292971909046173,0.0,0.6398336887359619,0.0899956077337265,0.08486821502447128,0.0,0.0
"DM-5771",False,"train",0.0,0.0,0.6172341108322144,0.0,0.10078345239162445,0.0,0.0,0.14513897895812988,0.0,0.11937794834375381
"DM-681",False,"train",0.9816193580627441,0.0,0.0,0.0,0.0,0.0,0.0,0.0,0.0,0.0
"DM-789",False,"train",0.016713939607143402,0.01671370305120945,0.016713319346308708,0.016711726784706116,0.016711732372641563,0.7140586972236633,0.016716880723834038,0.01671331562101841,0.01671227253973484,0.15223443508148193
"DM-10825",True,"train",0.0,0.0,0.0,0.0,0.09554212540388107,0.0,0.0,0.0,0.0,0.8724159002304077
"DM-17390",True,"train",0.01643488183617592,0.016434699296951294,0.01643332839012146,0.20048856735229492,0.01644076593220234,0.6680266857147217,0.01643471233546734,0.016436060890555382,0.0164335910230875,0.016436714679002762
"DM-7503",False,"train",0.0,0.0,0.0,0.0,0.0,0.0671553760766983,0.0,0.09233658015727997,0.0,0.8072227835655212
"DM-10529",False,"train",0.0,0.0,0.0,0.0,0.0,0.8689974546432495,0.0,0.0,0.0,0.06399394571781158
"DM-10392",False,"train",0.0,0.16709168255329132,0.0,0.0,0.0,0.0,0.0,0.6831148862838745,0.0,0.11113358289003372
"DM-198",False,"train",0.40857648849487305,0.0,0.0,0.0,0.0,0.0,0.19791889190673828,0.0,0.0,0.36171755194664
"DM-5321",True,"train",0.0,0.9678282737731934,0.0,0.0,0.0,0.0,0.0,0.0,0.0,0.0
"DM-8723",False,"train",0.0,0.2810962200164795,0.08750705420970917,0.3788241147994995,0.0,0.0,0.0,0.0,0.0,0.2407131940126419
"DM-4065",False,"train",0.0,0.9104332327842712,0.0,0.0,0.0,0.0,0.0,0.0,0.0,0.0
"DM-3175",False,"train",0.014822370372712612,0.014822361059486866,0.014822271652519703,0.1411755532026291,0.014824631623923779,0.014822451397776604,0.7402376532554626,0.014823559671640396,0.01482620183378458,0.01482291892170906
"DM-13557",False,"train",0.0,0.43243786692619324,0.0,0.0,0.5340926051139832,0.0,0.0,0.0,0.0,0.0
"DM-2552",False,"train",0.015104374848306179,0.0,0.0,0.0,0.0,0.7582360506057739,0.07951850444078445,0.0,0.0,0.14248663187026978
"DM-13470",True,"train",0.0,0.0,0.0,0.0,0.3142779469490051,0.0,0.0,0.0,0.0,0.672594428062439
"DM-15899",False,"train",0.011088759638369083,0.011094086803495884,0.011088525876402855,0.011089698411524296,0.9001897573471069,0.011088992469012737,0.011088963598012924,0.01109135989099741,0.011089240200817585,0.011090537533164024
"DM-17317",False,"train",0.0,0.0,0.0,0.0,0.0,0.0,0.88057941198349,0.09799005091190338,0.0,0.0
"DM-8002",False,"train",0.0,0.0,0.18594369292259216,0.0,0.0,0.0,0.0,0.0,0.0,0.7974948883056641
"DM-11147",False,"train",0.0,0.15339383482933044,0.0,0.0,0.0,0.0,0.2728997468948364,0.5457669496536255,0.0,0.0
"DM-7014",False,"train",0.10798608511686325,0.0,0.0,0.3562273383140564,0.0,0.0,0.0,0.4719773530960083,0.0,0.0
"DM-14733",False,"train",0.0,0.0,0.0,0.6374432444572449,0.2824104130268097,0.0,0.0,0.06458389014005661,0.0,0.0
"DM-4485",True,"train",0.21207168698310852,0.01666819117963314,0.016668137162923813,0.016668325290083885,0.016668591648340225,0.016668187454342842,0.016668010503053665,0.654582679271698,0.016667863354086876,0.016668319702148438
"DM-15399",False,"train",0.7156646847724915,0.0,0.0,0.23430031538009644,0.0,0.0,0.0,0.0,0.0,0.0
"DM-4492",False,"train",0.014816527254879475,0.014810394495725632,0.014810320921242237,0.014811997301876545,0.014810362830758095,0.0148102892562747,0.014812990091741085,0.6653937101364136,0.01481021661311388,0.21611317992210388
"DM-18400",False,"train",0.8233870267868042,0.0,0.0,0.03163055330514908,0.0,0.0,0.0,0.14299461245536804,0.0,0.0
"DM-13791",False,"train",0.0,0.0,0.0,0.2593576908111572,0.0,0.0,0.0,0.18041199445724487,0.0,0.5269237160682678
"DM-17303",False,"train",0.05537034943699837,0.9276992082595825,0.0,0.0,0.0,0.0,0.0,0.0,0.0,0.0
"DM-5695",False,"train",0.0,0.0,0.0,0.28850263357162476,0.0,0.05206276476383209,0.0,0.0,0.27297070622444153,0.37251588702201843
"DM-7129",False,"train",0.0,0.0,0.0914008617401123,0.0,0.19788970053195953,0.0,0.0,0.0,0.5260468125343323,0.16241121292114258
"DM-2675",False,"train",0.04187432676553726,0.04187857359647751,0.04187484458088875,0.041873954236507416,0.6231181621551514,0.041874464601278305,0.041876137256622314,0.041875846683979034,0.04187401756644249,0.04187966510653496
"DM-12848",False,"train",0.0,0.47578316926956177,0.11542635411024094,0.0,0.0,0.0,0.0,0.10092608630657196,0.0,0.2980266511440277
"DM-10976",False,"train",0.0,0.0,0.0,0.0,0.23097126185894012,0.0,0.2357741743326187,0.0,0.5082203149795532,0.0
"DM-6135",False,"train",0.0,0.0,0.0,0.946984589099884,0.0,0.0,0.0,0.0,0.0,0.0
"DM-17604",False,"train",0.0,0.34403276443481445,0.0,0.07505827397108078,0.0,0.0,0.0,0.0,0.03858114033937454,0.5265272855758667
"DM-16430",False,"train",0.0,0.26408252120018005,0.0,0.22330401837825775,0.0,0.0,0.0,0.4691038727760315,0.0,0.0
"DM-6247",False,"train",0.0,0.0,0.0,0.0,0.7354027032852173,0.0,0.0,0.15388575196266174,0.07189394533634186,0.0
"DM-3688",False,"train",0.0,0.0,0.0,0.9812242388725281,0.0,0.0,0.0,0.0,0.0,0.0
"DM-1424",False,"train",0.0,0.0,0.0,0.0,0.0,0.0,0.0,0.0,0.7681612372398376,0.2154911607503891
"DM-16468",False,"train",0.0,0.0,0.0,0.0,0.0,0.0,0.0,0.9847318530082703,0.0,0.0
"DM-7267",False,"train",0.0,0.0,0.2659544348716736,0.1053767204284668,0.0,0.0,0.5327949523925781,0.0,0.06864339858293533,0.0
"DM-15652",False,"train",0.0,0.0,0.0,0.0,0.0,0.0,0.9444909691810608,0.0,0.0,0.0
"DM-14671",False,"train",0.0,0.0,0.0,0.23024441301822662,0.0,0.04995590075850487,0.0,0.08515358716249466,0.0,0.6238822937011719
"DM-6724",False,"train",0.0,0.0778145119547844,0.0,0.0,0.08517391979694366,0.0,0.4594142436981201,0.0,0.3474849462509155,0.0
"DM-17487",False,"train",0.012501193210482597,0.012501371093094349,0.8874865174293518,0.012501652352511883,0.012501661665737629,0.012501150369644165,0.012501147575676441,0.012502685189247131,0.012500959448516369,0.012501674704253674
"DM-10933",False,"train",0.0,0.0,0.0,0.0,0.19265753030776978,0.760952353477478,0.0,0.0,0.0,0.0
"DM-2390",False,"train",0.0,0.6048361659049988,0.0,0.0,0.0,0.0,0.0,0.0,0.3550955653190613,0.0
"DM-6653",True,"train",0.0,0.0,0.0,0.7113488912582397,0.0,0.0,0.0,0.25418147444725037,0.0,0.0
"DM-6821",False,"train",0.014633485116064548,0.01463412307202816,0.01463374588638544,0.014633075334131718,0.8682898283004761,0.014635324478149414,0.014633209444582462,0.014633974991738796,0.014639231376349926,0.014633968472480774
"DM-13487",False,"train",0.025007929652929306,0.025015609338879585,0.31037619709968567,0.025008291006088257,0.025007182732224464,0.0250096432864666,0.025019140914082527,0.4895380139350891,0.025007378309965134,0.025010624900460243
"DM-765",False,"train",0.0,0.9355735182762146,0.0,0.0,0.0,0.0,0.0,0.0,0.0,0.0
"DM-9843",False,"train",0.0,0.3826635479927063,0.0,0.24004949629306793,0.0,0.0,0.0,0.121306411921978,0.0,0.2388361245393753
"DM-16161",False,"train",0.0,0.0,0.0,0.4633239507675171,0.0,0.0,0.46145519614219666,0.0,0.0,0.0
"DM-9278",False,"train",0.016611406579613686,0.26494458317756653,0.016610903665423393,0.016611242666840553,0.01661156490445137,0.016611477360129356,0.6021641492843628,0.016612228006124496,0.016610940918326378,0.016611509025096893
"DM-3574",False,"train",0.02461545169353485,0.4609301686286926,0.024616703391075134,0.024620018899440765,0.024618878960609436,0.02461850456893444,0.024621937423944473,0.024619437754154205,0.3421192467212677,0.02461966685950756
"DM-1725",False,"train",0.07035970687866211,0.0,0.0,0.0,0.0,0.0,0.0,0.0,0.1262655109167099,0.7942601442337036
"DM-2840",True,"train",0.0,0.0,0.0,0.0,0.0,0.0,0.0,0.0,0.08193808048963547,0.8709646463394165
"DM-5989",True,"train",0.0,0.5520142912864685,0.0,0.4123806357383728,0.0,0.0,0.0,0.0,0.0,0.0
"DM-17811",False,"train",0.0,0.6631371378898621,0.0,0.0,0.0,0.0,0.0,0.0,0.0,0.2954768240451813
"DM-10332",True,"train",0.0,0.205004021525383,0.0,0.0,0.0,0.0,0.0,0.0,0.0749211311340332,0.7080127596855164
"DM-1616",False,"train",0.0,0.0,0.0,0.0,0.0,0.0,0.0,0.49420490860939026,0.0,0.48759493231773376
"DM-1603",False,"train",0.0,0.0,0.0,0.0,0.0,0.0,0.4351893961429596,0.5470237135887146,0.0,0.0
"DM-14786",False,"train",0.0,0.0,0.0,0.0,0.0,0.0,0.0,0.0,0.0,0.9689304828643799
"DM-5209",False,"train",0.0,0.0,0.0,0.0,0.0,0.4708802103996277,0.49835264682769775,0.0,0.0,0.0
"DM-5717",False,"train",0.0,0.0,0.0,0.5297361016273499,0.0,0.0,0.0,0.16483603417873383,0.0,0.2937566936016083
"DM-6166",False,"train",0.0,0.9473446607589722,0.0,0.0,0.0,0.0,0.0,0.0,0.0,0.0
"DM-8223",False,"train",0.0,0.0,0.0,0.8391815423965454,0.0,0.11673282831907272,0.0,0.0,0.0,0.0
"DM-11047",False,"train",0.0,0.0,0.0,0.0,0.0,0.0,0.8662129640579224,0.06708133220672607,0.0,0.0
"DM-13197",False,"train",0.0,0.0,0.0,0.05692283436655998,0.6018561720848083,0.0,0.0,0.0,0.0,0.31891167163848877
"DM-14774",True,"train",0.0,0.0,0.0,0.24651657044887543,0.0,0.0,0.0,0.0,0.0,0.7286852598190308
"DM-4808",False,"train",0.0,0.0,0.15982547402381897,0.0,0.0,0.0,0.0,0.7896031141281128,0.0,0.0
"DM-1256",False,"train",0.024859629571437836,0.024856893345713615,0.024859467521309853,0.3350362479686737,0.4660918116569519,0.02485833317041397,0.0248577818274498,0.024861903861165047,0.024856766685843468,0.02486116997897625
"DM-7722",False,"train",0.0,0.2033287137746811,0.0,0.0,0.0,0.0,0.0,0.1668172925710678,0.0,0.6080297827720642
"DM-597",False,"train",0.0,0.949950098991394,0.0,0.0,0.0,0.0,0.0,0.0,0.0,0.0
"DM-17460",False,"train",0.01890547201037407,0.0189085453748703,0.018907571211457253,0.018907420337200165,0.018906904384493828,0.018906597048044205,0.018910406157374382,0.8298347592353821,0.01890568435192108,0.01890662871301174
"DM-7408",False,"train",0.011114328168332577,0.011114458553493023,0.01111452467739582,0.011114601045846939,0.8999695777893066,0.011114326305687428,0.01111436914652586,0.011114674620330334,0.011114777997136116,0.01111435517668724
"DM-335",True,"train",0.6988644599914551,0.0,0.0,0.0,0.0,0.07786750793457031,0.1362265944480896,0.07425975799560547,0.0,0.0
"DM-2674",True,"train",0.0,0.4214131534099579,0.0,0.0,0.0,0.0,0.0,0.0,0.4380422830581665,0.1316738873720169
"DM-15606",True,"train",0.0,0.1878383755683899,0.0,0.0,0.0,0.0,0.0,0.7871502041816711,0.0,0.0
"DM-10287",False,"train",0.0,0.0,0.0,0.2406516671180725,0.0,0.0,0.0,0.0,0.0,0.7262234687805176
"DM-14786",False,"train",0.0,0.0,0.0,0.0,0.0,0.0,0.0,0.0,0.0,0.9689304828643799
"DM-17449",False,"train",0.14282730221748352,0.17038936913013458,0.2951227128505707,0.3724249005317688,0.0,0.0,0.0,0.0,0.0,0.0
"DM-8277",False,"train",0.011043639853596687,0.011045875027775764,0.011044397950172424,0.011045294813811779,0.2317562848329544,0.01104455254971981,0.6798812747001648,0.011045387014746666,0.011048225685954094,0.011045096442103386
"DM-17565",True,"train",0.0,0.7382387518882751,0.0,0.0,0.0,0.0,0.21772664785385132,0.0,0.0,0.0
"DM-2435",False,"train",0.4981011748313904,0.0,0.03542307764291763,0.0,0.0,0.19160693883895874,0.0,0.0,0.2692769765853882,0.0
"DM-10369",False,"train",0.0,0.0,0.0,0.0,0.0,0.0,0.0,0.0,0.0,0.940044105052948
"DM-2956",False,"train",0.020019395276904106,0.020020755007863045,0.02001732401549816,0.020017018541693687,0.020015183836221695,0.020021576434373856,0.02002338320016861,0.8198269009590149,0.02002033405005932,0.020018093287944794
"DM-10926",False,"train",0.0,0.0,0.0,0.0,0.0,0.0,0.0,0.0,0.9902914762496948,0.0
"DM-6030",True,"train",0.0,0.0,0.0,0.4816220700740814,0.0,0.0,0.0,0.06678318232297897,0.31412214040756226,0.13365653157234192
"DM-17202",False,"train",0.0,0.5142607092857361,0.0,0.0,0.0,0.0,0.4635271728038788,0.0,0.0,0.0
"DM-6258",False,"train",0.0,0.0,0.0,0.0,0.6167187094688416,0.0,0.08802130073308945,0.0,0.0,0.276969850063324
"DM-509",False,"train",0.0,0.0,0.0,0.0,0.0,0.1482003629207611,0.813643217086792,0.0,0.0,0.0
"DM-10610",False,"train",0.42662563920021057,0.0,0.0,0.0,0.06749074906110764,0.0,0.3481961786746979,0.0,0.0,0.146830752491951
"DM-17753",False,"train",0.0,0.9735093712806702,0.0,0.0,0.0,0.0,0.0,0.0,0.0,0.0
"DM-7562",False,"train",0.0,0.0,0.0,0.0,0.9434565305709839,0.0,0.0,0.0,0.0,0.039855100214481354
"DM-13757",False,"train",0.0,0.0,0.0,0.0,0.0,0.0,0.0,0.2083093225955963,0.7750263810157776,0.0
"DM-6041",False,"train",0.0,0.949287474155426,0.0,0.03329965099692345,0.0,0.0,0.0,0.0,0.0,0.0
"DM-2734",False,"train",0.0,0.3915907144546509,0.0,0.0,0.0,0.0,0.0,0.5735569000244141,0.0,0.0
"DM-2421",False,"train",0.2331155389547348,0.377907395362854,0.0,0.0,0.0,0.0,0.35572120547294617,0.0,0.0,0.0
"DM-9863",False,"train",0.0,0.17530830204486847,0.0,0.0,0.060536716133356094,0.5861728191375732,0.0,0.0,0.0,0.15920919179916382
"DM-7090",True,"train",0.5806803107261658,0.0,0.0,0.3942301273345947,0.0,0.0,0.0,0.0,0.0,0.0
"DM-10005",True,"train",0.0,0.0,0.0,0.0,0.9639822244644165,0.0,0.0,0.0,0.0,0.0
"DM-4919",False,"train",0.10390441119670868,0.0,0.0,0.26510486006736755,0.0,0.0,0.34063172340393066,0.2764096260070801,0.0,0.0
"DM-17144",True,"train",0.024854009971022606,0.024855466559529305,0.4086514711380005,0.3924729824066162,0.024854086339473724,0.024857867509126663,0.02487858198583126,0.024860069155693054,0.024854393675923347,0.02486109733581543
"DM-11091",False,"train",0.0,0.0,0.0,0.20806851983070374,0.0,0.0,0.0,0.0,0.0,0.7474715709686279
"DM-13116",False,"train",0.0,0.0,0.6375916600227356,0.0,0.0,0.0,0.33812057971954346,0.0,0.0,0.0
"DM-228",True,"train",0.0,0.21548596024513245,0.0,0.0,0.0,0.0,0.7424553036689758,0.0,0.0,0.0
"DM-3143",False,"train",0.0,0.25533103942871094,0.0,0.10916279256343842,0.0,0.0,0.0,0.0,0.6166072487831116,0.0
"DM-8357",False,"train",0.010002680122852325,0.010004702024161816,0.010004164651036263,0.01000305451452732,0.010003196075558662,0.9099648594856262,0.010004354640841484,0.01000494509935379,0.01000448502600193,0.010003622621297836
"DM-2139",False,"train",0.0,0.0,0.0,0.5340684056282043,0.0,0.0,0.14814071357250214,0.0,0.0,0.2928229570388794
"DM-6239",False,"train",0.0,0.5890982151031494,0.0,0.0,0.0,0.0,0.3760692775249481,0.0,0.0,0.0
"DM-12544",False,"train",0.0,0.0,0.08190996199846268,0.18466070294380188,0.0,0.0,0.0,0.0,0.5450046062469482,0.16837158799171448
"DM-15252",True,"train",0.0,0.0,0.0,0.08065386116504669,0.5318297743797302,0.0,0.0,0.0,0.0,0.3753775656223297
"DM-11871",False,"train",0.010097099468111992,0.010099207051098347,0.010096724145114422,0.010099177248775959,0.010099688544869423,0.010099451057612896,0.9091104865074158,0.01009970810264349,0.010098123922944069,0.010100292041897774
"DM-840",False,"train",0.0,0.0,0.0,0.9816147089004517,0.0,0.0,0.0,0.0,0.0,0.0
"DM-11655",False,"train",0.0,0.0,0.0,0.0,0.0,0.0,0.0,0.0,0.0,0.9755967259407043
"DM-7563",False,"train",0.0390334390103817,0.0,0.0,0.0,0.19116155803203583,0.0,0.0,0.0,0.0,0.7483358979225159
"DM-9938",False,"train",0.9781191945075989,0.0,0.0,0.0,0.0,0.0,0.0,0.0,0.0,0.018963195383548737
"DM-12425",True,"train",0.0,0.0,0.0,0.0,0.0,0.2370026409626007,0.0,0.0,0.0,0.73105788230896
"DM-13286",False,"train",0.0,0.0,0.0,0.6468968987464905,0.0,0.0,0.0,0.0,0.3244211971759796,0.0
"DM-6612",False,"train",0.0,0.0,0.0,0.0,0.0,0.0,0.0,0.0,0.0,0.9899909496307373
"DM-6996",False,"train",0.0,0.0,0.0,0.0,0.0,0.0,0.3097108006477356,0.655464231967926,0.0,0.0
"DM-13211",True,"train",0.0,0.0,0.0,0.9769050478935242,0.0,0.0,0.0,0.0,0.0,0.0
"DM-4836",True,"train",0.0,0.0,0.0,0.34162646532058716,0.0,0.36855849623680115,0.0,0.0,0.05770532786846161,0.22210916876792908
"DM-10042",False,"train",0.7196942567825317,0.0,0.0,0.0,0.0,0.0,0.23581735789775848,0.0,0.0,0.0
"DM-7927",False,"train",0.0,0.0,0.0,0.0,0.2979990243911743,0.0,0.40428510308265686,0.2800763249397278,0.0,0.0
"DM-705",False,"train",0.0,0.0,0.0,0.0,0.11841920763254166,0.0,0.14110568165779114,0.0,0.0,0.7216341495513916
"DM-7946",False,"train",0.0,0.9361053109169006,0.0,0.0,0.0,0.0,0.0,0.0,0.0,0.0
"DM-2664",False,"train",0.2738713026046753,0.16298100352287292,0.0,0.0,0.0,0.03459268435835838,0.0,0.39584752917289734,0.0,0.12608614563941956
"DM-13458",True,"train",0.016673248261213303,0.26596933603286743,0.016678711399435997,0.01667296327650547,0.016673222184181213,0.016674164682626724,0.36319807171821594,0.25411084294319153,0.016675258055329323,0.01667414978146553
"DM-298",False,"train",0.0,0.0,0.0,0.18175272643566132,0.0,0.14634129405021667,0.0,0.0,0.0,0.6548483967781067
"DM-12616",False,"train",0.0,0.0,0.0,0.1752442866563797,0.0,0.12618336081504822,0.0,0.10373196750879288,0.0,0.5793530344963074
"DM-15891",False,"train",0.1833053082227707,0.0,0.6641217470169067,0.0,0.0,0.0,0.0,0.0,0.0,0.14143411815166473
"DM-15616",False,"train",0.0,0.0,0.0,0.0,0.07723719626665115,0.2941936254501343,0.0,0.0,0.0,0.6173456311225891
"DM-12360",False,"train",0.0,0.1365007758140564,0.0,0.0,0.0,0.0,0.4841403067111969,0.0,0.0,0.3425444960594177
"DM-2674",True,"train",0.0,0.4214131534099579,0.0,0.0,0.0,0.0,0.0,0.0,0.4380422830581665,0.1316738873720169
"DM-7547",False,"train",0.0,0.0,0.0,0.96783047914505,0.0,0.0,0.0,0.0,0.0,0.0
"DM-6382",False,"train",0.0,0.0,0.0,0.9608297944068909,0.0,0.0,0.0,0.0,0.0,0.0
"DM-18452",False,"train",0.0,0.0,0.0,0.0,0.0,0.0,0.0,0.0,0.0,0.9304565787315369
"DM-12211",True,"train",0.0,0.0,0.0,0.3194715082645416,0.0,0.4543176591396332,0.0,0.0,0.0,0.21066811680793762
"DM-148",False,"train",0.0,0.0,0.0,0.0,0.0,0.0,0.78521329164505,0.0,0.18394610285758972,0.0
"DM-7126",False,"train",0.014319316484034061,0.24275049567222595,0.6426712274551392,0.014320210553705692,0.014319567009806633,0.014322471804916859,0.014327666722238064,0.014322721399366856,0.01432175375521183,0.01432458683848381
"DM-15027",False,"train",0.0,0.3031086027622223,0.16291886568069458,0.0,0.0,0.0,0.0,0.510620653629303,0.0,0.0
"DM-1920",False,"train",0.0,0.20339612662792206,0.0,0.0,0.1956857144832611,0.39942240715026855,0.06728149205446243,0.0,0.12587837874889374,0.0
"DM-7936",False,"train",0.5298832058906555,0.0,0.0,0.0,0.41675278544425964,0.0,0.0,0.0,0.0,0.0
"DM-5086",False,"train",0.0,0.0,0.0,0.0,0.0,0.9355688095092773,0.0,0.0,0.0,0.0
"DM-7347",False,"train",0.0,0.0,0.0,0.0,0.0,0.0,0.6110790371894836,0.0,0.0,0.33174771070480347
"DM-8451",True,"train",0.02003619447350502,0.8196672797203064,0.020035628229379654,0.0200357586145401,0.020037351176142693,0.02003536745905876,0.020045973360538483,0.020035283640027046,0.02003544010221958,0.02003573253750801
"DM-13670",False,"train",0.06218956410884857,0.0,0.0,0.0,0.0,0.8852283954620361,0.0,0.03627227619290352,0.0,0.0
"DM-13779",True,"train",0.0,0.0,0.0,0.0,0.0,0.0,0.0,0.9859273433685303,0.0,0.0
"DM-2468",False,"train",0.049737121909856796,0.04974030703306198,0.049739327281713486,0.049738217145204544,0.552330493927002,0.04974212124943733,0.049739424139261246,0.04974619671702385,0.049736734479665756,0.049750037491321564
"DM-4648",False,"train",0.0,0.0,0.0,0.0,0.0,0.0,0.0,0.0,0.9987988471984863,0.0
"DM-6919",False,"train",0.0,0.0,0.0,0.0,0.3460097312927246,0.15312667191028595,0.0,0.3417488932609558,0.13835760951042175,0.0
"DM-10819",False,"train",0.0,0.0,0.0,0.0,0.0,0.0,0.0,0.1793132871389389,0.04038053750991821,0.7614141702651978
"DM-10275",False,"train",0.0,0.0,0.0,0.24620133638381958,0.0,0.0,0.0,0.20829471945762634,0.0,0.5105475783348083
"DM-9371",False,"train",0.0,0.0,0.0,0.42626798152923584,0.0,0.0,0.0,0.5122343897819519,0.0,0.0
"DM-9157",False,"train",0.0,0.0,0.0,0.0,0.614521324634552,0.0,0.33529964089393616,0.0,0.0,0.0
"DM-11050",False,"train",0.03527893126010895,0.0,0.10428918153047562,0.0,0.8382830619812012,0.0,0.0,0.0,0.0,0.0
"DM-11981",True,"train",0.0,0.0,0.19036871194839478,0.17131595313549042,0.0,0.11060836911201477,0.0,0.0,0.0,0.5175583362579346
"DM-16077",False,"train",0.0,0.0,0.0,0.0,0.0,0.0,0.0,0.0,0.9791339635848999,0.0
"DM-10304",True,"train",0.0,0.1351855844259262,0.0,0.1985311359167099,0.5324063301086426,0.0,0.0,0.0,0.10997169464826584,0.0
"DM-14293",False,"train",0.011114690452814102,0.011116632260382175,0.011115550063550472,0.0111183887347579,0.011115584522485733,0.011117196641862392,0.01111545879393816,0.011117623187601566,0.8999509811401367,0.01111794076859951
"DM-9888",False,"train",0.0,0.0,0.0,0.12870407104492188,0.16965048015117645,0.0,0.6810261607170105,0.0,0.0,0.0
"DM-14319",False,"train",0.012439222075045109,0.012441230937838554,0.012437345460057259,0.012437318451702595,0.012437303550541401,0.012438886798918247,0.5190081000328064,0.012439966201782227,0.012437626719474792,0.38148295879364014
"DM-10613",False,"train",0.0,0.0,0.0,0.0,0.0,0.0,0.9699744582176208,0.0,0.0,0.0
"DM-8957",True,"train",0.0,0.0,0.0,0.2877368628978729,0.0,0.4769889712333679,0.0,0.22738763689994812,0.0,0.0
"DM-2674",True,"train",0.0,0.4214131534099579,0.0,0.0,0.0,0.0,0.0,0.0,0.4380422830581665,0.1316738873720169
"DM-1616",False,"train",0.0,0.0,0.0,0.0,0.0,0.0,0.0,0.49420490860939026,0.0,0.48759493231773376
"DM-3364",False,"train",0.020192213356494904,0.020194729790091515,0.020196128636598587,0.6138812303543091,0.02019435726106167,0.0201971884816885,0.020201731473207474,0.22455355525016785,0.020192353054881096,0.020196521654725075
"DM-3177",False,"train",0.01250396203249693,0.012504574842751026,0.012504344806075096,0.012504068203270435,0.012505671009421349,0.012504002079367638,0.8874596953392029,0.01250479556620121,0.01250466052442789,0.012504256330430508
"DM-16613",False,"train",0.0,0.9526021480560303,0.0,0.0,0.0,0.0,0.0,0.0,0.0,0.0
"DM-8232",False,"train",0.0,0.0,0.0,0.38706472516059875,0.0,0.0,0.0,0.0,0.0,0.5659183859825134
"DM-10004",False,"train",0.0,0.0,0.0,0.18548651039600372,0.7770221829414368,0.0,0.0,0.0,0.0,0.0
"DM-1364",False,"train",0.0,0.0,0.9487252831459045,0.0,0.0,0.0,0.0,0.0,0.0,0.0
"DM-16781",True,"train",0.0,0.0,0.0,0.0,0.0,0.0,0.0,0.9799603819847107,0.0,0.0
"DM-14544",False,"train",0.0,0.0,0.0,0.815569281578064,0.11164680123329163,0.0,0.0,0.0,0.0,0.0
"DM-9431",False,"train",0.0,0.0,0.0,0.0,0.0,0.0,0.9678149819374084,0.0,0.0,0.0
"DM-7745",False,"train",0.028933407738804817,0.47122886776924133,0.1146620586514473,0.0,0.0,0.0,0.17921604216098785,0.0,0.0,0.19902129471302032
"DM-12457",False,"train",0.0,0.0,0.0,0.36946216225624084,0.18765729665756226,0.0,0.0,0.0,0.4178476929664612,0.0
"DM-14128",False,"train",0.0,0.9360985159873962,0.0,0.0,0.0,0.0,0.0,0.0,0.0,0.0
"DM-278",False,"train",0.0,0.0,0.0,0.0,0.0,0.5022475123405457,0.0,0.0,0.4453936219215393,0.0
"DM-18548",False,"train",0.0,0.0,0.0,0.0,0.0,0.0,0.0,0.9524945616722107,0.0,0.0
"DM-15268",False,"train",0.14925101399421692,0.0,0.0,0.0,0.0,0.0,0.8062917590141296,0.0,0.0,0.0
"DM-903",False,"train",0.0,0.9742535948753357,0.0,0.0,0.0,0.0,0.0,0.0,0.0,0.0
"DM-13950",False,"train",0.0,0.0,0.1824907660484314,0.0,0.0,0.19030922651290894,0.0,0.25720444321632385,0.32402369379997253,0.0
"DM-3224",False,"train",0.012510872446000576,0.012512104585766792,0.012510836124420166,0.012510174885392189,0.1506655067205429,0.01251218281686306,0.7492448091506958,0.012511298060417175,0.012510710395872593,0.012511477805674076
"DM-16503",False,"train",0.0,0.0,0.043078210204839706,0.38459405303001404,0.2762684226036072,0.0,0.05535174906253815,0.0,0.0,0.23677651584148407
"DM-11890",False,"train",0.0,0.0,0.0,0.0,0.9470028877258301,0.0,0.0,0.0,0.0,0.0
"DM-5301",False,"train",0.0,0.0,0.0,0.0,0.6125732660293579,0.0,0.0,0.0,0.0,0.37633225321769714
"DM-782",False,"train",0.0,0.0,0.029101122170686722,0.0,0.0,0.0,0.03128034248948097,0.0,0.0,0.9267349243164062
"DM-12132",False,"train",0.0,0.0,0.0,0.0,0.9785578846931458,0.0,0.0,0.0,0.0,0.0
"DM-9486",False,"train",0.025002501904964447,0.025003140792250633,0.7749572396278381,0.025002602487802505,0.025002747774124146,0.02500920556485653,0.02500980719923973,0.02500278130173683,0.025005435571074486,0.025004545226693153
"DM-8264",False,"train",0.18792055547237396,0.5086274743080139,0.0,0.0,0.08191046118736267,0.05833301320672035,0.14554421603679657,0.0,0.0,0.0
"DM-272",False,"train",0.0,0.0,0.0,0.0,0.09628595411777496,0.42137476801872253,0.0,0.0,0.0,0.42069458961486816
"DM-1962",True,"train",0.011122491210699081,0.011125953868031502,0.011122249998152256,0.011123051866889,0.01112185325473547,0.011122849769890308,0.011125084944069386,0.8998892903327942,0.011122416704893112,0.011124733835458755
"DM-17332",False,"train",0.011119441129267216,0.011120033450424671,0.8999159932136536,0.011120070703327656,0.01112009771168232,0.01112295314669609,0.011119837872684002,0.011120581068098545,0.01112027931958437,0.011120660230517387
"DM-10007",False,"train",0.0,0.0,0.11409012973308563,0.0,0.0,0.0,0.0,0.8326524496078491,0.0,0.0
"DM-9584",True,"train",0.0,0.0,0.0,0.0,0.0,0.0,0.0,0.0,0.0,0.9184535145759583
"DM-8982",False,"train",0.5091571807861328,0.0,0.43097567558288574,0.05125187709927559,0.0,0.0,0.0,0.0,0.0,0.0
"DM-8423",True,"train",0.0,0.0,0.0,0.0,0.0,0.0,0.7925350666046143,0.0,0.0,0.14589820802211761
"DM-783",False,"train",0.0,0.9402099847793579,0.0,0.0,0.0,0.0,0.0,0.0,0.0,0.0
"DM-4885",True,"train",0.020007314160466194,0.6359302997589111,0.02000681310892105,0.020006217062473297,0.020006898790597916,0.02000674232840538,0.20401474833488464,0.02000768668949604,0.020006144419312477,0.020007088780403137
"DM-7524",False,"train",0.6138787269592285,0.0,0.0,0.0,0.27877384424209595,0.10355953127145767,0.0,0.0,0.0,0.0
"DM-6149",False,"train",0.1402602642774582,0.0,0.0,0.0,0.0,0.0,0.0,0.0,0.0,0.8289859294891357
"DM-12533",False,"train",0.0,0.0,0.0,0.0,0.6039621233940125,0.0,0.0,0.0,0.34889739751815796,0.0
"DM-7418",False,"train",0.011125968769192696,0.2089286744594574,0.011124546639621258,0.011125532910227776,0.011125870048999786,0.34384408593177795,0.011125906370580196,0.01112778764218092,0.36934688687324524,0.011124799959361553
"DM-7494",False,"train",0.0,0.4321795701980591,0.0,0.0,0.0,0.0,0.0,0.0,0.3228214979171753,0.19113250076770782
"DM-10895",False,"train",0.0,0.6401068568229675,0.2668125629425049,0.07195437699556351,0.0,0.0,0.0,0.0,0.0,0.0
"DM-14758",False,"train",0.15383794903755188,0.0,0.0,0.0,0.7961317300796509,0.0,0.0,0.0,0.0,0.0
"DM-17666",False,"train",0.3588623106479645,0.0,0.0,0.0,0.574425995349884,0.0,0.0,0.0,0.0,0.0
"DM-9979",True,"train",0.05356276407837868,0.0,0.0,0.0,0.0579284131526947,0.0,0.29729127883911133,0.0,0.0,0.5888091325759888
"DM-13754",True,"train",0.0,0.0,0.0,0.0,0.0,0.9571071267127991,0.0,0.0,0.0,0.0
"DM-1529",False,"train",0.0,0.0,0.0,0.0,0.08244897425174713,0.0,0.0,0.0,0.0,0.9055555462837219
"DM-927",False,"train",0.01666804775595665,0.016668779775500298,0.016668448224663734,0.016668274998664856,0.8499827980995178,0.016668695956468582,0.01666836068034172,0.016669193282723427,0.01666826196014881,0.01666918769478798
"DM-8264",False,"train",0.18792055547237396,0.5086274743080139,0.0,0.0,0.08191046118736267,0.05833301320672035,0.14554421603679657,0.0,0.0,0.0
"DM-16947",False,"train",0.012896372005343437,0.012896614149212837,0.012896422296762466,0.012896822765469551,0.8839309215545654,0.012896543368697166,0.012896643951535225,0.012896602973341942,0.012896304950118065,0.012896755710244179
"DM-10381",False,"train",0.0,0.17557412385940552,0.4470925033092499,0.0,0.0,0.3572671711444855,0.0,0.0,0.0,0.0
"DM-6244",False,"train",0.0,0.0,0.0,0.242595374584198,0.0,0.0,0.07672426104545593,0.44587260484695435,0.0,0.21424531936645508
"DM-3452",True,"train",0.012546801939606667,0.012547152116894722,0.012546774931252003,0.012547241523861885,0.012553318403661251,0.012547673657536507,0.012550225481390953,0.8870654702186584,0.012546679005026817,0.012548652477562428
"DM-5502",False,"train",0.0,0.3869566023349762,0.0,0.07441332936286926,0.0,0.0,0.0,0.0,0.17017847299575806,0.34984880685806274
"DM-8223",False,"train",0.0,0.0,0.0,0.8391815423965454,0.0,0.11673282831907272,0.0,0.0,0.0,0.0
"DM-6918",True,"train",0.0,0.0,0.0,0.0,0.0,0.0,0.0,0.21319718658924103,0.0,0.7651983499526978
"DM-5723",False,"train",0.0,0.0,0.0,0.9114777445793152,0.0,0.0,0.0,0.0,0.0,0.0
"DM-6438",False,"train",0.0,0.329264760017395,0.0,0.0,0.0,0.3905582129955292,0.0,0.0,0.04875998571515083,0.22240766882896423
"DM-4009",False,"train",0.0,0.3267301619052887,0.0,0.0,0.0,0.03449249267578125,0.10931476205587387,0.24780964851379395,0.0,0.2672080099582672
"DM-12108",False,"train",0.0,0.0,0.571212112903595,0.0,0.0,0.0,0.0,0.4037785232067108,0.0,0.0
"DM-13635",False,"train",0.0,0.0,0.0,0.0,0.0,0.05563193932175636,0.2448435127735138,0.3398642838001251,0.0,0.3374318778514862
"DM-5590",False,"train",0.4910774528980255,0.0,0.0,0.0,0.3080766201019287,0.0,0.0,0.0,0.10852126032114029,0.08861730992794037
"DM-7492",False,"train",0.0,0.4586649239063263,0.0,0.0,0.0,0.16067859530448914,0.0,0.0,0.3454947769641876,0.0
"DM-2095",False,"train",0.0,0.0,0.0,0.0,0.0,0.0,0.8288493752479553,0.0,0.0,0.14021921157836914
"DM-1996",False,"train",0.0,0.19800591468811035,0.0,0.18241813778877258,0.0,0.0,0.0,0.0,0.0,0.5795619487762451
"DM-15210",False,"train",0.0,0.0,0.0,0.6413314938545227,0.18053632974624634,0.0,0.15300774574279785,0.0,0.0,0.0
"DM-17476",False,"train",0.0,0.0,0.9477852582931519,0.0,0.0,0.0,0.0,0.0,0.0,0.0
"DM-7553",False,"train",0.0,0.0,0.0,0.0,0.0,0.5165591239929199,0.45760780572891235,0.0,0.0,0.0
"DM-17491",False,"train",0.0,0.0,0.0,0.0,0.0,0.0,0.0,0.9246283769607544,0.0,0.0
"DM-12635",True,"train",0.0,0.0,0.0,0.3621259033679962,0.0,0.0,0.3022928833961487,0.031824517995119095,0.0,0.2922261953353882
"DM-9886",False,"train",0.0,0.7542022466659546,0.0,0.0,0.20930266380310059,0.0,0.0,0.0,0.0,0.0
"DM-419",True,"train",0.03319234028458595,0.033222634345293045,0.0331924706697464,0.033193524926900864,0.03319288045167923,0.03319849446415901,0.033193521201610565,0.03319620341062546,0.03319194167852402,0.701225996017456
"DM-9851",False,"train",0.0,0.0,0.0,0.0,0.0,0.0,0.3184753656387329,0.0,0.6518488526344299,0.0
"DM-13870",False,"train",0.0,0.0,0.0,0.0,0.0,0.9689413905143738,0.0,0.0,0.0,0.0
"DM-9542",True,"train",0.0,0.0,0.0,0.0,0.0,0.0,0.0,0.9634065628051758,0.0,0.0
"DM-588",False,"train",0.0,0.0,0.0,0.0,0.0,0.0,0.0,0.9924272894859314,0.0,0.0
"DM-12640",True,"train",0.04317978397011757,0.39371156692504883,0.0,0.4459853172302246,0.08666547387838364,0.0,0.0,0.0,0.0,0.024444274604320526
"DM-1954",True,"train",0.0,0.15212513506412506,0.0,0.0,0.32471001148223877,0.0,0.0,0.3372723460197449,0.0,0.16953834891319275
"DM-11884",False,"train",0.10000055283308029,0.09999978542327881,0.10000158846378326,0.09999971091747284,0.10000083595514297,0.09999977052211761,0.09999962896108627,0.0999998077750206,0.0999990701675415,0.09999918192625046
"DM-11948",False,"train",0.0,0.0,0.0,0.0,0.9608452320098877,0.0,0.0,0.0,0.0,0.0
"DM-8105",False,"train",0.0,0.5011247992515564,0.0,0.0,0.0,0.0,0.3627372682094574,0.0,0.11718691140413284,0.0
"DM-2955",False,"train",0.0,0.0,0.0,0.0,0.0,0.09934718906879425,0.0,0.0,0.19132040441036224,0.6934534311294556
"DM-8869",False,"train",0.0,0.0,0.0,0.0,0.0,0.0,0.9249571561813354,0.0,0.0,0.0
"DM-9629",False,"train",0.0,0.0,0.0,0.1854805201292038,0.7187866568565369,0.0,0.0,0.0,0.0,0.07684072107076645
"DM-9920",False,"train",0.0,0.0,0.0,0.7882841229438782,0.0,0.0,0.0,0.14326165616512299,0.0,0.05238175019621849
"DM-7409",False,"train",0.011114328168332577,0.011114458553493023,0.01111452467739582,0.011114601045846939,0.8999695777893066,0.011114326305687428,0.01111436914652586,0.011114674620330334,0.011114802211523056,0.01111435517668724
"DM-10863",False,"train",0.0,0.0,0.0,0.0,0.0,0.0,0.0,0.19300641119480133,0.0,0.7372637391090393
"DM-8888",False,"train",0.0,0.0,0.0,0.0,0.0,0.0,0.9867478609085083,0.0,0.0,0.0
"DM-8964",False,"train",0.0,0.0,0.0,0.0,0.0,0.0,0.0,0.432506799697876,0.0,0.5146995782852173
"DM-10346",False,"train",0.0,0.0,0.0,0.0,0.0,0.0,0.0,0.9666366577148438,0.0,0.0
"DM-516",False,"train",0.0,0.0,0.0,0.0,0.0,0.0,0.0,0.0,0.0,0.9951269030570984
"DM-2508",False,"train",0.0,0.0,0.0,0.0,0.0,0.25906655192375183,0.0,0.0,0.0,0.6794556379318237
"DM-10925",False,"train",0.9359199404716492,0.0,0.0,0.0,0.0,0.04692491143941879,0.0,0.0,0.0,0.0
"DM-521",False,"train",0.0,0.0,0.0,0.17292971909046173,0.0,0.6398336887359619,0.0899956077337265,0.08486821502447128,0.0,0.0
"DM-15189",True,"train",0.10539456456899643,0.0,0.0,0.0,0.3964110016822815,0.0,0.0,0.3633672595024109,0.0,0.12054727226495743
"DM-14135",True,"train",0.0,0.0,0.0,0.0,0.0,0.0,0.0,0.2630866765975952,0.6643350124359131,0.0
"DM-8966",False,"train",0.0,0.0,0.0,0.0,0.0,0.0,0.0,0.30905580520629883,0.0,0.6410598158836365
"DM-12159",False,"train",0.012573744170367718,0.01257350668311119,0.3027368187904358,0.012574193067848682,0.012575638480484486,0.01257344987243414,0.012577774003148079,0.01257616002112627,0.012573441490530968,0.5966652631759644
"DM-18454",False,"train",0.0,0.4834326207637787,0.0,0.0,0.0,0.0,0.0,0.0,0.0,0.46148860454559326
"DM-11018",False,"train",0.0,0.0,0.0,0.0,0.0,0.0,0.0,0.0,0.0,0.9727652072906494
"DM-9045",False,"train",0.0,0.4666735529899597,0.0,0.0,0.0,0.39900487661361694,0.1242009773850441,0.0,0.0,0.0
"DM-16361",False,"train",0.0,0.0,0.0,0.5197915434837341,0.044989049434661865,0.035484202206134796,0.03621162474155426,0.09013626724481583,0.0,0.2644944489002228
"DM-14385",False,"train",0.0,0.0,0.0,0.0,0.2398792803287506,0.0,0.0,0.0,0.0,0.7102081179618835
"DM-10972",False,"train",0.0,0.0,0.0,0.8700509071350098,0.0,0.0,0.0,0.0,0.08543367683887482,0.0
"DM-18729",False,"train",0.0,0.0,0.0,0.0,0.0,0.9550496935844421,0.0,0.0,0.0,0.0
"DM-10839",False,"train",0.0,0.0,0.0,0.0,0.9266153573989868,0.0,0.0,0.0,0.0,0.0
"DM-10438",False,"train",0.05017038434743881,0.026534289121627808,0.0,0.04779382795095444,0.0,0.22491998970508575,0.0,0.638385534286499,0.0,0.0
"DM-11948",False,"train",0.0,0.0,0.0,0.0,0.9608452320098877,0.0,0.0,0.0,0.0,0.0
"DM-13671",False,"train",0.0,0.0,0.0,0.0,0.0,0.0,0.0,0.0,0.0,0.9768919944763184
"DM-10976",False,"train",0.0,0.0,0.0,0.0,0.23097126185894012,0.0,0.2357741743326187,0.0,0.5082203149795532,0.0
"DM-15636",True,"train",0.0,0.0,0.2233889102935791,0.0,0.0,0.3375698924064636,0.4144332706928253,0.0,0.0,0.0
"DM-13806",True,"train",0.0,0.0,0.0,0.0,0.0,0.0,0.0,0.0,0.0,0.930263340473175
"DM-11966",False,"train",0.0,0.0,0.0,0.0,0.0,0.0,0.0,0.7358376979827881,0.20707465708255768,0.0
"DM-13972",False,"train",0.0,0.0,0.0,0.17234587669372559,0.0,0.0,0.0,0.4976804256439209,0.0,0.3191816806793213
"DM-3141",False,"train",0.0,0.0,0.0,0.0,0.0,0.0,0.0,0.8028397560119629,0.19624492526054382,0.0
"DM-583",False,"train",0.0,0.04555083066225052,0.0,0.27110129594802856,0.0,0.0,0.0,0.15548662841320038,0.0,0.5147240161895752
"DM-7137",False,"train",0.3769055902957916,0.0,0.0,0.0,0.0,0.0,0.6142909526824951,0.0,0.0,0.0
"DM-28",False,"train",0.0,0.14368470013141632,0.0,0.3556734025478363,0.0,0.0,0.45435968041419983,0.0,0.0,0.0
"DM-12921",True,"train",0.0,0.0,0.0,0.4466158449649811,0.4995802342891693,0.0,0.0,0.0,0.0,0.0
"DM-8007",False,"train",0.0,0.3012903034687042,0.0,0.6540906429290771,0.0,0.0,0.0,0.0,0.0,0.0
"DM-15499",True,"train",0.0,0.0,0.0,0.20885349810123444,0.0,0.0,0.0,0.17412102222442627,0.0,0.6070325970649719
"DM-15138",False,"train",0.0,0.0,0.0,0.0,0.37726104259490967,0.34850361943244934,0.0,0.0,0.25309789180755615,0.0
"DM-2672",False,"train",0.01629418134689331,0.01629415713250637,0.016294073313474655,0.016294388100504875,0.0162966325879097,0.01629425771534443,0.8533477783203125,0.016295453533530235,0.016294296830892563,0.016294756904244423
"DM-2982",False,"train",0.0,0.0,0.0,0.0,0.0,0.0,0.5424945950508118,0.034424081444740295,0.4189876317977905,0.0
"DM-12029",False,"train",0.0,0.24208728969097137,0.0,0.2708956301212311,0.0,0.0,0.0,0.0,0.23399579524993896,0.24455249309539795
"DM-4753",False,"train",0.12847934663295746,0.7387635111808777,0.0,0.0,0.0,0.0,0.0,0.0,0.10582625865936279,0.0
"DM-11751",False,"train",0.0,0.0,0.0,0.5968068838119507,0.16816279292106628,0.0,0.21658925712108612,0.0,0.0,0.0
"DM-15513",False,"train",0.0,0.0,0.0,0.0,0.0,0.0,0.9525868892669678,0.0,0.0,0.0
"DM-12415",False,"train",0.07578711956739426,0.0,0.0,0.7533646821975708,0.0,0.0,0.0,0.0711991935968399,0.0664495974779129,0.0
"DM-7327",False,"train",0.012482174672186375,0.012483863160014153,0.01248271856456995,0.012483187019824982,0.012483133934438229,0.0124812675639987,0.3171458840370178,0.012481456622481346,0.5829944014549255,0.012481901794672012
"DM-1616",False,"train",0.0,0.0,0.0,0.0,0.0,0.0,0.0,0.49420490860939026,0.0,0.48759493231773376
"DM-5715",False,"train",0.0,0.0,0.0,0.0,0.9859268665313721,0.0,0.0,0.0,0.0,0.0
"DM-9190",True,"train",0.0,0.0,0.0,0.0,0.0,0.3971433937549591,0.5719682574272156,0.0,0.0,0.0
"DM-18148",False,"train",0.054937656968832016,0.0,0.0,0.0,0.0,0.0,0.0,0.27027878165245056,0.0,0.6544734835624695
"DM-10009",False,"train",0.0,0.0,0.33955395221710205,0.0,0.0,0.0,0.0,0.0,0.0,0.5950953960418701
"DM-11139",True,"train",0.04276176542043686,0.7540845274925232,0.0,0.0,0.0,0.0,0.0,0.0,0.0,0.17717993259429932
"DM-5829",False,"train",0.010019754059612751,0.010019747540354729,0.010020310990512371,0.010020448826253414,0.909814715385437,0.01002058107405901,0.010019630193710327,0.01002226397395134,0.010019454173743725,0.010023066774010658
"DM-1088",False,"train",0.0,0.0,0.2758466601371765,0.0,0.0,0.0,0.0,0.710223913192749,0.0,0.0
"DM-7171",False,"train",0.0,0.0,0.0,0.0,0.6986755728721619,0.0,0.14972983300685883,0.0,0.12969806790351868,0.0
"DM-2840",True,"train",0.0,0.0,0.0,0.0,0.0,0.0,0.0,0.0,0.08193808048963547,0.8709646463394165
"DM-13807",False,"train",0.0,0.0,0.0,0.0,0.0,0.0,0.0,0.9396564364433289,0.0,0.0
"DM-6302",True,"train",0.0,0.9525755643844604,0.0,0.0,0.0,0.0,0.0,0.0,0.0,0.0
"DM-10879",False,"train",0.012622143141925335,0.012622677721083164,0.012623611837625504,0.11397062987089157,0.012626033276319504,0.012622691690921783,0.2784311771392822,0.5192322731018066,0.012622173875570297,0.012626590207219124
"DM-10268",False,"train",0.0,0.0,0.034144144505262375,0.0,0.0,0.0,0.08510235697031021,0.0,0.8763025999069214,0.0
"DM-2795",False,"train",0.051050689071416855,0.40210017561912537,0.039296235889196396,0.0,0.0,0.0,0.0,0.0,0.0,0.490931898355484
"DM-18067",False,"train",0.0,0.0,0.0,0.0,0.0,0.0,0.0,0.46468034386634827,0.0,0.5092092156410217
"DM-11345",False,"train",0.20368099212646484,0.0,0.0,0.0,0.0,0.0,0.18134288489818573,0.5404659509658813,0.06076078489422798,0.010652955621480942
"DM-11650",False,"train",0.0,0.47517988085746765,0.12263395637273788,0.0,0.0,0.0,0.28881359100341797,0.0854264348745346,0.0,0.0
"DM-12264",False,"train",0.012444574385881424,0.012445854023098946,0.012444928288459778,0.012445006519556046,0.01244510430842638,0.012446189299225807,0.012445350177586079,0.012445589527487755,0.012444352731108665,0.8879930377006531
"DM-6614",False,"train",0.0,0.0,0.0,0.0,0.0,0.0,0.0,0.0,0.9498991966247559,0.0
"DM-9979",True,"train",0.05356276407837868,0.0,0.0,0.0,0.0579284131526947,0.0,0.29729127883911133,0.0,0.0,0.5888091325759888
"DM-8966",False,"train",0.0,0.0,0.0,0.0,0.0,0.0,0.0,0.30905580520629883,0.0,0.6410598158836365
"DM-17967",False,"train",0.0,0.0,0.0,0.6919956803321838,0.0,0.0,0.2794820964336395,0.0,0.0,0.0
"DM-5427",False,"train",0.0,0.0,0.0,0.0,0.023066967725753784,0.0,0.0,0.0,0.8538915514945984,0.11394600570201874
"DM-8103",False,"train",0.0,0.0,0.2399517297744751,0.0,0.0,0.0,0.7068352103233337,0.0,0.0,0.0
"DM-19152",False,"train",0.0,0.4320507347583771,0.0,0.24800169467926025,0.0,0.0,0.0,0.0,0.0,0.2790133059024811
"DM-9710",False,"train",0.0,0.0,0.0,0.20464110374450684,0.0,0.0,0.780474066734314,0.0,0.0,0.0
"DM-15249",False,"train",0.0,0.0,0.0,0.967815101146698,0.0,0.0,0.0,0.0,0.0,0.0
"DM-3173",False,"train",0.0,0.0,0.0,0.0,0.0,0.9749928116798401,0.0,0.0,0.0,0.0
"DM-2657",False,"train",0.0,0.0,0.09867032617330551,0.0,0.0,0.0,0.0,0.0,0.31182926893234253,0.5623804330825806
"DM-6287",False,"train",0.0,0.2789222300052643,0.0,0.0,0.0,0.0,0.0,0.1651555895805359,0.0,0.5370423197746277
"DM-13372",False,"train",0.01666995882987976,0.016669973731040955,0.016672473400831223,0.8499515056610107,0.016678692772984505,0.016670163720846176,0.016670413315296173,0.016673725098371506,0.016673116013407707,0.016669977456331253
"DM-4566",False,"train",0.0,0.0,0.0,0.0,0.0,0.0,0.7350627779960632,0.0,0.22315996885299683,0.0
"DM-18750",False,"train",0.11618590354919434,0.45337334275245667,0.0,0.0,0.0,0.0,0.0,0.0,0.0,0.4148603081703186
"DM-1944",False,"train",0.0,0.0,0.0,0.0,0.0,0.0,0.0,0.576500415802002,0.0,0.37980273365974426
"DM-5192",True,"train",0.01667363941669464,0.016673216596245766,0.016672547906637192,0.01667470671236515,0.1962788999080658,0.01667560078203678,0.6703186631202698,0.01667717657983303,0.016679517924785614,0.016676023602485657
"DM-444",False,"train",0.014294476248323917,0.014295184053480625,0.014296771958470345,0.014294500462710857,0.014293934218585491,0.014295283704996109,0.014295761473476887,0.014300533570349216,0.014294336549937725,0.8713392019271851
"DM-7941",False,"train",0.0,0.0,0.0,0.0,0.0,0.0,0.0,0.0,0.9838718771934509,0.0
"DM-5833",False,"train",0.0,0.0,0.13418637216091156,0.0,0.0,0.0,0.0,0.7863861322402954,0.0,0.0
"DM-4183",False,"train",0.0,0.0,0.0,0.0,0.0,0.0,0.19789128005504608,0.0,0.0,0.7441979050636292
"DM-3693",False,"train",0.0,0.0,0.0,0.0,0.0,0.0,0.0,0.09119174629449844,0.0,0.8971897959709167
"DM-6250",False,"train",0.01989699900150299,0.019904786720871925,0.01990344747900963,0.820899486541748,0.01990840584039688,0.019897427409887314,0.01989728957414627,0.019899073988199234,0.01989651285111904,0.019896624609827995
"DM-7521",True,"train",0.0,0.0,0.0,0.9100830554962158,0.0,0.0,0.0,0.0,0.0,0.08083772659301758
"DM-17984",False,"train",0.0,0.0,0.0,0.0,0.0,0.0,0.9626461267471313,0.0,0.0,0.0
"DM-12592",True,"train",0.0,0.0,0.0,0.0,0.9264475703239441,0.0,0.0,0.0,0.0,0.0
"DM-3137",False,"train",0.13314001262187958,0.0,0.0,0.0,0.21284471452236176,0.0,0.0,0.46266841888427734,0.0,0.159824401140213
"DM-13686",True,"train",0.0,0.0,0.0,0.2949181795120239,0.0,0.3610929846763611,0.313510537147522,0.0,0.0,0.0
"DM-14307",False,"train",0.09833304584026337,0.030144426971673965,0.0,0.0,0.0,0.5085944533348083,0.0,0.0,0.032021209597587585,0.320539653301239
"DM-6285",False,"train",0.0,0.0,0.0,0.0,0.0,0.0,0.0,0.9399072527885437,0.0,0.0
"DM-10543",False,"train",0.0,0.0,0.49819299578666687,0.0,0.0,0.0,0.0,0.0,0.0,0.46395793557167053
"DM-5313",False,"train",0.015713278204202652,0.015713173896074295,0.015714023262262344,0.015715016052126884,0.8585749268531799,0.015713198110461235,0.015713391825556755,0.015714814886450768,0.015713194385170937,0.0157149825245142
"DM-17228",True,"train",0.1333795189857483,0.0,0.0,0.0,0.0,0.0,0.6507744193077087,0.0,0.10679730027914047,0.09191516041755676
"DM-17795",False,"train",0.0,0.0,0.0,0.10351016372442245,0.8430041074752808,0.0,0.0,0.0,0.0,0.0
"DM-1347",True,"train",0.0,0.3253219425678253,0.0,0.0,0.0,0.0,0.2950778305530548,0.0,0.0,0.35826730728149414
"DM-4368",False,"train",0.18871267139911652,0.0,0.0,0.0,0.0,0.0,0.0,0.732921838760376,0.0,0.0
"DM-4847",False,"train",0.0,0.238974928855896,0.0,0.0,0.0,0.0,0.0,0.623212993144989,0.0,0.09302955120801926
"DM-11043",False,"train",0.0,0.11324778199195862,0.0,0.0,0.0731593444943428,0.0,0.0,0.6832340955734253,0.0,0.12067096680402756
"DM-7392",False,"train",0.0,0.0,0.0,0.0,0.6918140649795532,0.25806140899658203,0.0,0.0,0.0,0.0
"DM-13337",False,"train",0.7222701907157898,0.0,0.0,0.0,0.050236448645591736,0.1242094412446022,0.0,0.08697261661291122,0.0,0.0
"DM-1675",False,"train",0.03298344835639,0.03298827260732651,0.032978251576423645,0.03297460079193115,0.03297031670808792,0.03299074247479439,0.03298155590891838,0.7031678557395935,0.032989662140607834,0.03297527879476547
"DM-16820",False,"train",0.0,0.0,0.205282062292099,0.0,0.0,0.28450676798820496,0.46971797943115234,0.0,0.0,0.0
"DM-1702",False,"train",0.0,0.8168230056762695,0.0,0.0,0.0,0.0,0.0,0.11619294434785843,0.0,0.0
"DM-1709",False,"train",0.0,0.0,0.0,0.0,0.0,0.0,0.7810577154159546,0.20359967648983002,0.0,0.0
"DM-4125",False,"train",0.0,0.0,0.0,0.0,0.0,0.0,0.0,0.0,0.9954907894134521,0.0
"DM-8579",False,"train",0.044117800891399384,0.7412188053131104,0.0,0.0,0.0,0.1962212175130844,0.0,0.0,0.0,0.0
"DM-17726",False,"train",0.0,0.9570083022117615,0.0,0.0,0.0,0.0,0.0,0.0,0.0,0.0
"DM-17871",False,"train",0.01257383730262518,0.8868304491043091,0.012573851272463799,0.012573997490108013,0.012575173750519753,0.012574817053973675,0.012574085034430027,0.012574296444654465,0.012573893181979656,0.012575577944517136
"DM-9112",True,"train",0.0,0.28709015250205994,0.0,0.0,0.19141198694705963,0.0,0.18705327808856964,0.0,0.0,0.33114147186279297
"DM-11316",False,"train",0.5996801257133484,0.016758868470788002,0.016761761158704758,0.016759466379880905,0.26624414324760437,0.016758490353822708,0.01675841584801674,0.01676056906580925,0.016757875680923462,0.016760261729359627
"DM-5014",False,"train",0.0,0.0,0.0,0.0,0.0,0.0,0.0,0.0,0.0,0.9735975861549377
"DM-16790",True,"train",0.0,0.20987509191036224,0.0,0.0,0.0,0.0,0.0,0.0,0.0,0.7822535634040833
"DM-8033",False,"train",0.0,0.0,0.0,0.0,0.0,0.0,0.0,0.6369428038597107,0.0,0.29691198468208313
"DM-9604",False,"train",0.0,0.0,0.0,0.0,0.0,0.0,0.0,0.9653673768043518,0.0,0.0
"DM-16606",False,"train",0.0,0.0,0.0,0.36584362387657166,0.08908859640359879,0.0,0.0,0.0,0.0,0.5392404794692993
"DM-9567",True,"train",0.0,0.0,0.0,0.045183829963207245,0.1652258038520813,0.20142140984535217,0.0,0.0,0.0,0.580204427242279
"DM-14836",False,"train",0.0,0.0,0.0,0.2388457953929901,0.0,0.0,0.0,0.0,0.0,0.7466870546340942
"DM-17041",False,"train",0.0,0.0,0.0,0.6522879600524902,0.0,0.29959046840667725,0.0,0.0,0.03634469956159592,0.0
"DM-10975",False,"train",0.0,0.0,0.0,0.35848063230514526,0.18083813786506653,0.1078065037727356,0.0,0.0,0.0,0.3314622938632965
"DM-11280",False,"train",0.0,0.0,0.1440057009458542,0.0,0.0,0.0,0.0,0.0,0.0,0.8059794902801514
"DM-3591",False,"train",0.022470764815807343,0.022470032796263695,0.02246849425137043,0.022469013929367065,0.797757625579834,0.022468537092208862,0.022485453635454178,0.022469080984592438,0.022469205781817436,0.022471778094768524
"DM-11191",True,"train",0.01680666394531727,0.016807159408926964,0.01681038923561573,0.01681024581193924,0.016806596890091896,0.016807308420538902,0.01681292988359928,0.01680762507021427,0.01680850051343441,0.8487226366996765
"DM-2435",False,"train",0.4981011748313904,0.0,0.03542307764291763,0.0,0.0,0.19160693883895874,0.0,0.0,0.2692769765853882,0.0
"DM-2002",True,"train",0.0,0.6172093749046326,0.0,0.0,0.0,0.0,0.0,0.0,0.0,0.3254600465297699
"DM-8451",True,"train",0.02003619447350502,0.8196672797203064,0.020035628229379654,0.0200357586145401,0.020037351176142693,0.02003536745905876,0.020045973360538483,0.020035283640027046,0.02003544010221958,0.02003573253750801
"DM-17826",False,"train",0.0,0.0,0.7887600660324097,0.0,0.0,0.0,0.0,0.17916250228881836,0.0,0.0
"DM-6293",False,"train",0.740735650062561,0.0,0.0,0.0,0.0,0.24937301874160767,0.0,0.0,0.0,0.0
"DM-18726",False,"train",0.0,0.4232884347438812,0.0,0.0,0.0,0.0,0.47875651717185974,0.07309938222169876,0.0,0.0
"DM-13727",False,"train",0.0,0.0,0.0,0.0,0.0,0.0,0.0,0.0,0.0,0.931018054485321
"DM-7891",False,"train",0.0,0.0,0.0,0.0,0.0,0.0,0.0,0.35254988074302673,0.0,0.6274706721305847
"DM-6303",False,"train",0.0,0.0,0.0,0.0,0.3809274137020111,0.0,0.5460935235023499,0.0,0.0,0.0
"DM-4826",True,"train",0.024895649403333664,0.024896547198295593,0.02489665150642395,0.02489796280860901,0.02489512600004673,0.02489728480577469,0.024910569190979004,0.02489772066473961,0.024895865470170975,0.7759166359901428
"DM-8043",False,"train",0.0673353374004364,0.0,0.0,0.1240953728556633,0.0,0.06803125888109207,0.0,0.0,0.0,0.7217887043952942
"DM-9356",False,"train",0.0,0.0,0.0,0.12119605392217636,0.3393797278404236,0.0,0.0,0.0,0.1696348339319229,0.34124791622161865
"DM-17835",False,"train",0.0,0.0,0.0,0.0,0.0,0.0,0.0,0.0,0.0,0.952986478805542
"DM-7948",False,"train",0.0,0.9399582147598267,0.0,0.0,0.0,0.0,0.0,0.0,0.0,0.0
"DM-14759",False,"train",0.22232314944267273,0.0,0.0,0.19524984061717987,0.0,0.3600400388240814,0.0,0.0,0.0,0.18977506458759308
"DM-8453",False,"train",0.020002292469143867,0.8199724555015564,0.020001744851469994,0.020001454278826714,0.020003551617264748,0.020001625642180443,0.020012089982628822,0.020001394674181938,0.020001720637083054,0.020001668483018875
"DM-15050",True,"train",0.019391478970646858,0.019401445984840393,0.01938902959227562,0.8254781365394592,0.019388346001505852,0.019389253109693527,0.01939437724649906,0.019389593973755836,0.01938910409808159,0.019389232620596886
"DM-17310",True,"train",0.0,0.2887722849845886,0.0,0.0,0.0,0.0,0.0,0.0,0.0,0.6813423037528992
"DM-17332",False,"train",0.011119441129267216,0.011120033450424671,0.8999159932136536,0.011120070703327656,0.01112009771168232,0.01112295314669609,0.011119837872684002,0.011120581068098545,0.01112027931958437,0.011120660230517387
"DM-3888",False,"train",0.0,0.0,0.0,0.0,0.0,0.875778079032898,0.0,0.08213989436626434,0.0,0.0
"DM-10041",False,"train",0.0,0.0,0.0,0.0,0.0,0.0,0.9742637872695923,0.0,0.0,0.0
"DM-8080",False,"train",0.0,0.0,0.09034834057092667,0.0,0.3228732943534851,0.5597833395004272,0.0,0.0,0.0,0.0
"DM-18041",False,"train",0.18166187405586243,0.01673770323395729,0.01673777401447296,0.016737688332796097,0.6844363808631897,0.016737544909119606,0.016737397760152817,0.016737397760152817,0.016738785430788994,0.016737421974539757
"DM-7107",False,"train",0.0,0.0,0.0,0.0,0.0,0.0,0.5384780764579773,0.4232187271118164,0.0,0.0
"DM-8155",False,"train",0.0,0.23610608279705048,0.0,0.0,0.0,0.0,0.6632809042930603,0.0,0.07175997644662857,0.0
"DM-7687",False,"train",0.0,0.3877197504043579,0.135115846991539,0.0,0.0,0.0,0.4423478841781616,0.0,0.0,0.0
"DM-9927",False,"train",0.0,0.0,0.0,0.0,0.0,0.0,0.972629189491272,0.0,0.0,0.0
"DM-2538",False,"train",0.0110976193100214,0.011098847724497318,0.011097473092377186,0.011101102456450462,0.011100225150585175,0.37237071990966797,0.011099922470748425,0.011103019118309021,0.2791389524936676,0.2707920968532562
"DM-3952",False,"train",0.0,0.2561179995536804,0.0,0.0,0.07234345376491547,0.33167919516563416,0.11095093935728073,0.0,0.0,0.2001688927412033
"DM-13083",False,"train",0.0,0.0,0.0,0.705501139163971,0.0,0.26243892312049866,0.0,0.0,0.0,0.0
"DM-10429",False,"train",0.20215167105197906,0.0,0.0,0.0,0.0,0.0,0.0,0.7796473503112793,0.0,0.0
"DM-14857",False,"train",0.0,0.0,0.0,0.0,0.0,0.0,0.0,0.12478836625814438,0.10484892129898071,0.7123684287071228
"DM-14019",False,"train",0.0,0.0,0.0,0.12966081500053406,0.1518603265285492,0.0,0.6835846900939941,0.0,0.0,0.0
"DM-13205",True,"train",0.0,0.0,0.0,0.0,0.0,0.9247910976409912,0.0,0.0,0.0,0.0
"DM-12360",False,"train",0.0,0.1365007758140564,0.0,0.0,0.0,0.0,0.4841403067111969,0.0,0.0,0.3425444960594177
"DM-16843",False,"train",0.0,0.7237491011619568,0.0,0.22900035977363586,0.0,0.0,0.0,0.0,0.0,0.0
"DM-14363",True,"train",0.6778841018676758,0.21610203385353088,0.0,0.0,0.0,0.0,0.0,0.09001672267913818,0.0,0.0
"DM-11196",True,"train",0.0,0.2311776578426361,0.0,0.0,0.1704491823911667,0.5765083432197571,0.0,0.0,0.0,0.0
"DM-14534",False,"train",0.0,0.17598901689052582,0.25684791803359985,0.0,0.0,0.0,0.0,0.14070190489292145,0.21393844485282898,0.19973982870578766
"DM-9413",False,"train",0.02016342803835869,0.02016444131731987,0.020163193345069885,0.020164718851447105,0.8185213804244995,0.02016742154955864,0.02016547881066799,0.020163198933005333,0.020163480192422867,0.02016323432326317
"DM-17752",False,"train",0.0,0.2920885980129242,0.0,0.48387637734413147,0.0,0.09591959416866302,0.0,0.0,0.11744026839733124,0.0
"DM-6359",False,"train",0.011115020141005516,0.011114568449556828,0.011114763095974922,0.011115211062133312,0.8999648094177246,0.011117291636765003,0.01111458521336317,0.011114775203168392,0.011114390566945076,0.011114658787846565
"DM-9194",True,"train",0.0,0.0,0.0,0.0,0.0,0.0,0.0,0.9653599858283997,0.0,0.0
"DM-13836",True,"train",0.0,0.0,0.0,0.0,0.0,0.7212310433387756,0.0,0.0,0.2568749487400055,0.0
"DM-16373",False,"train",0.0,0.0,0.0,0.26828980445861816,0.0,0.17854125797748566,0.3405223786830902,0.07405781745910645,0.0,0.13201411068439484
"DM-8164",False,"train",0.0,0.0,0.0,0.0,0.14685669541358948,0.19348843395709991,0.6244146823883057,0.0,0.0,0.0
"DM-8913",False,"train",0.0,0.0,0.0,0.0,0.0,0.0,0.0,0.4410618245601654,0.0,0.5056044459342957
"DM-14658",False,"train",0.47537535429000854,0.0,0.0,0.18294797837734222,0.10533619672060013,0.0,0.06512153893709183,0.15460304915905,0.0,0.0
"DM-2658",False,"train",0.0,0.0,0.0,0.0,0.2840554118156433,0.44162023067474365,0.0,0.0,0.12653003633022308,0.12723636627197266
"DM-14110",False,"train",0.011120120994746685,0.011120337061583996,0.011119971983134747,0.8999185562133789,0.011119979433715343,0.011120175942778587,0.01112012192606926,0.011119969189167023,0.011120054870843887,0.011120719835162163
"DM-10846",False,"train",0.0,0.0,0.0,0.0,0.0,0.4690147936344147,0.08920707553625107,0.03936094418168068,0.0,0.3872561752796173
"DM-1709",False,"train",0.0,0.0,0.0,0.0,0.0,0.0,0.7810577154159546,0.20359967648983002,0.0,0.0
"DM-10824",False,"train",0.013912244699895382,0.013914025388658047,0.013911711052060127,0.8747847676277161,0.013911452144384384,0.013913594186306,0.013912498950958252,0.013911735266447067,0.013912913389503956,0.013915058225393295
"DM-1997",False,"train",0.0,0.0,0.0,0.0,0.0,0.0,0.0,0.5713022947311401,0.0,0.4037705063819885
"DM-9439",False,"train",0.0,0.0,0.0,0.0,0.0,0.0,0.0,0.0,0.9739999175071716,0.014334874227643013
"DM-10612",False,"train",0.0,0.0,0.4434720575809479,0.0,0.0,0.0,0.0443771667778492,0.0,0.0,0.4950941503047943
"DM-8045",False,"train",0.0,0.0,0.0,0.0,0.4947361648082733,0.0,0.0,0.432189404964447,0.0,0.0
"DM-7415",False,"train",0.014007660560309887,0.3350423276424408,0.014006007462739944,0.01400697324424982,0.014008013531565666,0.01400639209896326,0.01400799211114645,0.014011749066412449,0.5528964400291443,0.01400646660476923
"DM-4157",True,"train",0.0,0.0,0.0,0.0,0.0,0.0,0.0,0.0,0.0,0.9819378852844238
"DM-9801",False,"train",0.0,0.0,0.0,0.0,0.0,0.0,0.0,0.0,0.9934585690498352,0.0
"DM-17269",False,"train",0.0,0.0,0.5709822177886963,0.0,0.14570219814777374,0.0,0.0,0.0,0.0,0.24989329278469086
"DM-9411",False,"train",0.060240425169467926,0.04724089428782463,0.0,0.11600887030363083,0.0,0.07606346160173416,0.0,0.3074643909931183,0.06795596331357956,0.3214319348335266
"DM-12132",False,"train",0.0,0.0,0.0,0.0,0.9785578846931458,0.0,0.0,0.0,0.0,0.0
"DM-1914",True,"train",0.014194753021001816,0.014198296703398228,0.014194549061357975,0.01419627945870161,0.014196943491697311,0.014197388663887978,0.014195957221090794,0.8722355365753174,0.014194528572261333,0.014195806346833706
"DM-1710",False,"train",0.11179933696985245,0.0,0.0,0.0,0.0,0.02818424627184868,0.0,0.0,0.8500990867614746,0.0
"DM-16415",False,"train",0.0,0.335700660943985,0.0,0.0,0.0,0.0,0.0,0.08974763751029968,0.0,0.5545746088027954
"DM-6309",False,"train",0.0,0.0,0.0,0.0,0.7331523299217224,0.0,0.15086877346038818,0.07971816509962082,0.0,0.0
"DM-16253",True,"train",0.0,0.0,0.0,0.0,0.0,0.0,0.6320481300354004,0.0,0.20710018277168274,0.10743971914052963
"DM-5190",True,"train",0.01668809913098812,0.016688423231244087,0.016687994822859764,0.01669037528336048,0.6486591696739197,0.016688091680407524,0.01668894663453102,0.21783240139484406,0.016688372939825058,0.01668812893331051
"DM-6290",False,"train",0.0,0.0,0.3079735040664673,0.0,0.13532663881778717,0.0,0.0,0.0,0.0,0.519441545009613
"DM-8001",False,"train",0.0,0.0,0.0,0.1358776092529297,0.02367136999964714,0.0,0.0,0.13222847878932953,0.0,0.704799234867096
"DM-9411",False,"train",0.060240425169467926,0.04724089428782463,0.0,0.11600887030363083,0.0,0.07606346160173416,0.0,0.3074643909931183,0.06795596331357956,0.3214319348335266
"DM-18438",False,"train",0.0,0.0,0.0,0.967745840549469,0.0,0.0,0.0,0.0,0.0,0.0
"DM-14544",False,"train",0.0,0.0,0.0,0.815569281578064,0.11164680123329163,0.0,0.0,0.0,0.0,0.0
"DM-10465",False,"train",0.04236379638314247,0.0,0.0,0.0,0.0,0.6908562779426575,0.0,0.0,0.0,0.2525762617588043
"DM-11957",True,"train",0.0,0.0,0.0,0.0,0.0,0.9762918949127197,0.0,0.0,0.0,0.0
"DM-1128",False,"train",0.0,0.0,0.0,0.542777419090271,0.0,0.0,0.0,0.0,0.0,0.39213141798973083
"DM-17322",False,"train",0.0,0.0,0.0,0.0,0.0,0.0,0.0,0.0,0.0,0.9246789216995239
"DM-7801",True,"train",0.08584798872470856,0.0,0.0,0.0,0.0,0.0,0.8909384608268738,0.0,0.0,0.0
"DM-12514",False,"train",0.0,0.1792982518672943,0.0,0.0,0.1160709410905838,0.11458729952573776,0.0,0.0,0.5659249424934387,0.0
"DM-9428",False,"train",0.0,0.7207241058349609,0.0,0.0,0.0,0.23026376962661743,0.0,0.0,0.0,0.0
"DM-11744",False,"train",0.0,0.9653534889221191,0.0,0.0,0.0,0.0,0.0,0.0,0.0,0.0
"DM-3688",False,"train",0.0,0.0,0.0,0.9812242388725281,0.0,0.0,0.0,0.0,0.0,0.0
"DM-8283",True,"train",0.0,0.0,0.0,0.0,0.0,0.0,0.0,0.9750245213508606,0.0,0.0
"DM-11546",False,"train",0.0,0.9437313079833984,0.0,0.0,0.0,0.0,0.0,0.0,0.0,0.0
"DM-10105",False,"train",0.0,0.0,0.0,0.0,0.0,0.0,0.0,0.0,0.9983227849006653,0.0
"DM-18358",False,"train",0.4548839032649994,0.0,0.0,0.0,0.0,0.0,0.0,0.0,0.0,0.5130265951156616
"DM-9400",False,"train",0.0,0.3877438008785248,0.0,0.0,0.0,0.0,0.0,0.3265628516674042,0.0,0.26625946164131165
"DM-9109",False,"train",0.0,0.0,0.0,0.0,0.0,0.0,0.0,0.9896824955940247,0.0,0.0
"DM-10025",False,"train",0.0,0.0,0.0,0.0,0.0,0.0,0.5687305927276611,0.38149240612983704,0.0,0.0
"DM-5313",False,"train",0.015713278204202652,0.015713173896074295,0.015714023262262344,0.015715016052126884,0.8585749268531799,0.015713198110461235,0.015713391825556755,0.015714814886450768,0.015713194385170937,0.0157149825245142
"DM-4479",False,"train",0.012508226558566093,0.01250921469181776,0.012508160434663296,0.012508312240242958,0.012507759965956211,0.012508724816143513,0.012508366256952286,0.8874238729476929,0.012507783249020576,0.012509621679782867
"DM-2805",False,"train",0.016633523628115654,0.016637561842799187,0.016634874045848846,0.016634482890367508,0.016636578366160393,0.016636038199067116,0.6447991728782654,0.01663631945848465,0.016640597954392433,0.22211085259914398
"DM-4206",False,"train",0.0,0.0,0.0,0.0,0.0,0.0,0.0,0.0,0.0,0.9309552907943726
"DM-10515",False,"train",0.0,0.0,0.0,0.0,0.0,0.0,0.9666484594345093,0.0,0.0,0.0
"DM-9298",False,"train",0.37439167499542236,0.5988984704017639,0.0,0.0,0.0,0.0,0.0,0.0,0.0,0.0
"DM-13419",False,"train",0.0,0.0,0.0,0.0,0.0,0.0,0.0,0.15945735573768616,0.7677508592605591,0.0
"DM-11866",True,"train",0.0,0.0,0.0,0.0,0.0,0.9412801265716553,0.0,0.04628815874457359,0.0,0.0
"DM-3370",True,"train",0.0,0.5793241858482361,0.0,0.0,0.0,0.0,0.0,0.3842812776565552,0.0,0.0
"DM-14849",False,"train",0.0,0.0,0.0,0.0,0.35584062337875366,0.0,0.48979291319847107,0.13024352490901947,0.0,0.0
"DM-10142",False,"train",0.0,0.0,0.0,0.0,0.0,0.0,0.0,0.9436071515083313,0.0,0.0
"DM-11487",False,"train",0.0,0.567097008228302,0.0,0.0,0.0,0.0,0.0,0.0,0.37741991877555847,0.0
"DM-4839",False,"train",0.0,0.13377737998962402,0.0,0.0,0.0,0.0,0.0,0.8313616514205933,0.0,0.0
"DM-7448",False,"train",0.0,0.0,0.0,0.9003989696502686,0.0,0.0,0.07676033675670624,0.0,0.0,0.0
"DM-7622",True,"train",0.03918839991092682,0.0,0.8398870229721069,0.0,0.0,0.11746686697006226,0.0,0.0,0.0,0.0
"DM-7448",False,"train",0.0,0.0,0.0,0.9003989696502686,0.0,0.0,0.07676033675670624,0.0,0.0,0.0
"DM-9940",False,"train",0.0,0.0,0.0,0.0,0.0,0.2757495045661926,0.16466489434242249,0.5304742455482483,0.0,0.0
"DM-2341",False,"train",0.0,0.0,0.0,0.0,0.0,0.0,0.0,0.0,0.0,0.9499410390853882
"DM-9301",False,"train",0.0,0.0,0.0,0.0,0.6330905556678772,0.0,0.0,0.0,0.0,0.32467716932296753
"DM-11263",True,"train",0.0,0.0,0.0,0.3950345516204834,0.0,0.29976746439933777,0.28413695096969604,0.0,0.0,0.0
"DM-5006",False,"train",0.0,0.1733059585094452,0.0,0.0,0.0,0.5445124506950378,0.26910698413848877,0.0,0.0,0.0
"DM-5715",False,"train",0.0,0.0,0.0,0.0,0.9859268665313721,0.0,0.0,0.0,0.0,0.0
"DM-7760",False,"train",0.05890665203332901,0.0,0.0,0.6525902152061462,0.0,0.0,0.0,0.24965408444404602,0.034093163907527924,0.0
"DM-7797",True,"train",0.0,0.0,0.0,0.0,0.0,0.0,0.9306405782699585,0.0,0.0,0.04748456925153732
"DM-7029",False,"train",0.29872846603393555,0.0,0.0,0.2317010462284088,0.0,0.0,0.044386375695466995,0.09486881643533707,0.09327983111143112,0.23233525454998016
"DM-2638",False,"train",0.011121665127575397,0.011127902194857597,0.011121180839836597,0.011123321950435638,0.011120888404548168,0.011122073978185654,0.01112438179552555,0.011123898439109325,0.01112131867557764,0.8998933434486389
"DM-4576",False,"train",0.0,0.0,0.0,0.0,0.0,0.0,0.0,0.6552031636238098,0.27214187383651733,0.0
"DM-18388",False,"train",0.01243948470801115,0.012442495673894882,0.01244103629142046,0.012440473772585392,0.012444155290722847,0.012441658414900303,0.8880246877670288,0.012441681697964668,0.012440024875104427,0.012444337829947472
"DM-10381",False,"train",0.0,0.17557412385940552,0.4470925033092499,0.0,0.0,0.3572671711444855,0.0,0.0,0.0,0.0
"DM-5218",False,"train",0.0,0.0,0.0,0.0,0.0,0.0,0.9255494475364685,0.0,0.0,0.0
"DM-9594",False,"train",0.0,0.0,0.4034067690372467,0.5779469609260559,0.0,0.0,0.0,0.0,0.0,0.0
"DM-3209",False,"train",0.0,0.0,0.0,0.0,0.0,0.0,0.0,0.9552392363548279,0.0,0.0
"DM-13400",False,"train",0.0,0.0,0.0,0.3610577881336212,0.6008162498474121,0.0,0.0,0.0,0.0,0.0
"DM-17187",False,"train",0.0,0.0,0.0,0.0,0.0,0.0,0.4823606312274933,0.09012506157159805,0.0,0.40158548951148987
"DM-12587",False,"train",0.020187735557556152,0.020186729729175568,0.8183039426803589,0.020189279690384865,0.020189428701996803,0.02018723264336586,0.02019139938056469,0.02018892765045166,0.020188070833683014,0.020187268033623695
"DM-8235",False,"train",0.01251133531332016,0.012511231005191803,0.012511784210801125,0.8873914480209351,0.012512221932411194,0.01251174509525299,0.012511452659964561,0.012512334622442722,0.012513313442468643,0.012513150461018085
"DM-8352",False,"train",0.0,0.0,0.0,0.0,0.0,0.17560820281505585,0.22218859195709229,0.5653717517852783,0.0,0.0
"DM-5725",False,"train",0.0,0.0,0.06821376830339432,0.8870857954025269,0.0,0.0,0.0,0.0,0.0,0.0
"DM-5715",False,"train",0.0,0.0,0.0,0.0,0.9859268665313721,0.0,0.0,0.0,0.0,0.0
"DM-221",False,"train",0.016671832650899887,0.016675572842359543,0.016674133017659187,0.3157925605773926,0.01667255349457264,0.016677914187312126,0.01667693443596363,0.016672976315021515,0.01667369157075882,0.550811767578125
"DM-9166",False,"train",0.0,0.0,0.0,0.0,0.08224216848611832,0.0,0.0,0.0,0.0,0.8731792569160461
"DM-10522",False,"train",0.0,0.0,0.0,0.35913121700286865,0.0,0.0,0.0,0.0,0.0,0.5875036120414734
"DM-11893",False,"train",0.0142949428409338,0.014295834116637707,0.014294958673417568,0.014296256937086582,0.014294981025159359,0.014295575208961964,0.37784695625305176,0.5077897310256958,0.014295097440481186,0.014295718632638454
"DM-12452",True,"train",0.0,0.5069145560264587,0.0,0.0,0.0,0.0,0.21912378072738647,0.23716296255588531,0.0,0.0
"DM-13084",False,"train",0.0,0.0,0.0,0.0,0.0,0.8112689256668091,0.0,0.0,0.0,0.18163999915122986
"DM-5308",False,"train",0.0,0.0,0.0,0.0,0.10952817648649216,0.0,0.6733463406562805,0.0,0.14729280769824982,0.0
"DM-7948",False,"train",0.0,0.9399582147598267,0.0,0.0,0.0,0.0,0.0,0.0,0.0,0.0
"DM-9188",False,"train",0.0,0.0,0.0,0.0,0.0,0.16222529113292694,0.81422358751297,0.0,0.0,0.0
"DM-18362",False,"train",0.0,0.0,0.0,0.0,0.0,0.0,0.3458128869533539,0.0,0.0,0.6018778681755066
"DM-13307",False,"train",0.0,0.0,0.0,0.0,0.0,0.0,0.7004463076591492,0.0,0.0,0.24938444793224335
"DM-2021",True,"train",0.0,0.0,0.0,0.0,0.0,0.0,0.0,0.8484212756156921,0.0,0.11677048355340958
"DM-1462",False,"train",0.0,0.613690197467804,0.32891878485679626,0.0,0.0,0.0,0.0,0.0,0.0,0.0
"DM-6307",False,"train",0.0,0.0,0.0,0.0,0.9306684136390686,0.0,0.0,0.0,0.0,0.0
"DM-13307",False,"train",0.0,0.0,0.0,0.0,0.0,0.0,0.7004463076591492,0.0,0.0,0.24938444793224335
"DM-8831",False,"train",0.0,0.0,0.0,0.19298918545246124,0.0,0.0,0.0,0.0,0.0,0.783708930015564
"DM-8355",False,"train",0.11320380866527557,0.04401421919465065,0.03895138204097748,0.0,0.0,0.0,0.0,0.0,0.6666135787963867,0.13375139236450195
"DM-13267",False,"train",0.0,0.0,0.0,0.36797720193862915,0.1575954407453537,0.0,0.0,0.20052902400493622,0.0,0.24230656027793884
"DM-6591",False,"train",0.0,0.0,0.0,0.0,0.0,0.0,0.9749307036399841,0.0,0.0,0.0
"DM-583",False,"train",0.0,0.04555083066225052,0.0,0.27110129594802856,0.0,0.0,0.0,0.15548662841320038,0.0,0.5147240161895752
"DM-7941",False,"train",0.0,0.0,0.0,0.0,0.0,0.0,0.0,0.0,0.9838718771934509,0.0
"DM-11397",False,"train",0.0,0.6593971252441406,0.0,0.0,0.0,0.0,0.069026418030262,0.2616986930370331,0.0,0.0
"DM-7761",False,"train",0.0,0.0,0.0,0.9744670391082764,0.0,0.0,0.0,0.0,0.0,0.0
"DM-9206",False,"train",0.0,0.0,0.0,0.4659295380115509,0.0,0.0,0.4166414439678192,0.0,0.0,0.10507699847221375
"DM-5107",False,"train",0.0,0.6775182485580444,0.0,0.0,0.0,0.0,0.12809668481349945,0.1769736409187317,0.0,0.0
"DM-17455",False,"train",0.0,0.1772211790084839,0.0,0.7843270301818848,0.0,0.0,0.0,0.0,0.0,0.0
"DM-5334",False,"train",0.0,0.0,0.9699898958206177,0.0,0.0,0.0,0.0,0.0,0.0,0.0
"DM-10233",False,"train",0.0,0.9525942802429199,0.0,0.0,0.0,0.0,0.0,0.0,0.0,0.0
"DM-3238",False,"train",0.0,0.0,0.0,0.0,0.0,0.2047446221113205,0.0,0.0,0.0,0.7508112192153931
"DM-313",True,"train",0.0,0.0,0.0,0.0,0.0,0.0,0.0,0.6525406837463379,0.3073900640010834,0.0
"DM-4799",False,"train",0.047338567674160004,0.04733850806951523,0.04734053835272789,0.5739394426345825,0.04734010621905327,0.04733850806951523,0.04733850061893463,0.04734889790415764,0.04733845964074135,0.047338467091321945
"DM-3261",True,"train",0.01250508800148964,0.012508342042565346,0.012503961101174355,0.012504354119300842,0.012502947822213173,0.012504450976848602,0.8874579071998596,0.012503748759627342,0.012503687292337418,0.012505481019616127
"DM-11575",False,"train",0.0,0.07052912563085556,0.0,0.7738445401191711,0.13224302232265472,0.0,0.0,0.0,0.0,0.0
"DM-5038",True,"train",0.016532747074961662,0.016536260023713112,0.016533344984054565,0.01653423346579075,0.851190447807312,0.016533982008695602,0.0165355633944273,0.01653343439102173,0.016534646973013878,0.016535326838493347
"DM-9574",False,"train",0.0,0.0,0.0380311980843544,0.06400447338819504,0.0,0.8816874027252197,0.0,0.0,0.0,0.0
"DM-16426",False,"train",0.10139962285757065,0.0,0.0,0.0,0.0,0.3753747045993805,0.31552430987358093,0.17769111692905426,0.0,0.0
"DM-5428",False,"train",0.0,0.0,0.3427598774433136,0.0,0.0,0.2653074860572815,0.0,0.0,0.3838862478733063,0.0
"DM-2094",False,"train",0.0,0.0,0.0,0.0,0.0,0.0,0.8536166548728943,0.0,0.0,0.1155872717499733
"DM-6112",False,"train",0.0,0.5857473611831665,0.0,0.0,0.0,0.3866506516933441,0.0,0.0,0.0,0.0
"DM-15220",False,"train",0.0,0.0,0.0,0.0,0.0,0.0,0.0,0.8441890478134155,0.11826582998037338,0.0
"DM-17484",False,"train",0.012501193210482597,0.012501371093094349,0.8874865174293518,0.012501653283834457,0.012501662597060204,0.012501150369644165,0.012501147575676441,0.012502687983214855,0.012500959448516369,0.012501675635576248
"DM-1363",False,"train",0.0,0.0,0.0,0.0,0.1443749964237213,0.0,0.644257664680481,0.0,0.0,0.19082987308502197
"DM-419",True,"train",0.03319234028458595,0.033222634345293045,0.0331924706697464,0.033193524926900864,0.03319288045167923,0.03319849446415901,0.033193521201610565,0.03319620341062546,0.03319194167852402,0.701225996017456
"DM-8164",False,"train",0.0,0.0,0.0,0.0,0.14685669541358948,0.19348843395709991,0.6244146823883057,0.0,0.0,0.0
"DM-18548",False,"train",0.0,0.0,0.0,0.0,0.0,0.0,0.0,0.9524945616722107,0.0,0.0
"DM-6821",False,"train",0.014633485116064548,0.01463412307202816,0.01463374588638544,0.014633075334131718,0.8682898283004761,0.014635324478149414,0.014633209444582462,0.014633974991738796,0.014639231376349926,0.014633968472480774
"DM-11183",False,"train",0.01107985619455576,0.5776723027229309,0.011080118827521801,0.01108025573194027,0.01108044758439064,0.13822650909423828,0.011081045493483543,0.011079913936555386,0.206539586186409,0.011079895310103893
"DM-3433",False,"train",0.0,0.0,0.0,0.0,0.0,0.0,0.0,0.0,0.0,0.9500556588172913
"DM-18570",False,"train",0.0,0.0,0.0,0.0,0.17349371314048767,0.0,0.780580997467041,0.0,0.0,0.0
"DM-1322",False,"train",0.0,0.0,0.0,0.0,0.1194223165512085,0.0,0.0,0.694260835647583,0.15137676894664764,0.0
"DM-10046",False,"train",0.0,0.657854437828064,0.0,0.20261169970035553,0.0,0.11833757162094116,0.0,0.0,0.0,0.0
"DM-14205",True,"train",0.025187527760863304,0.02518722042441368,0.02518688142299652,0.025190794840455055,0.27193862199783325,0.5265600085258484,0.025187363848090172,0.025187287479639053,0.025186926126480103,0.025187332183122635
"DM-14864",False,"train",0.0,0.4937455654144287,0.0,0.0,0.0665099248290062,0.0,0.4257890284061432,0.0,0.0,0.0
"DM-11813",True,"train",0.010034075938165188,0.010033344849944115,0.010033154860138893,0.6379448771476746,0.010037099942564964,0.010032076388597488,0.010032935068011284,0.010035213083028793,0.2817815840244293,0.010035645216703415
"DM-4438",False,"train",0.0,0.0,0.0,0.0,0.0,0.0,0.9306643605232239,0.0,0.0,0.0
"DM-11741",False,"train",0.0,0.0,0.0,0.0,0.0,0.0,0.0,0.0,0.0,0.9653344750404358
"DM-11871",False,"train",0.010097099468111992,0.010099207051098347,0.010096724145114422,0.010099177248775959,0.010099688544869423,0.010099451057612896,0.9091104865074158,0.01009970810264349,0.010098123922944069,0.010100292041897774
"DM-8011",False,"train",0.0,0.1822226643562317,0.0,0.0,0.0,0.0,0.7562182545661926,0.0,0.0,0.0
"DM-1464",False,"train",0.0,0.0,0.42896443605422974,0.16511361300945282,0.34220704436302185,0.0,0.0,0.0,0.0,0.0
"DM-11345",False,"train",0.20368099212646484,0.0,0.0,0.0,0.0,0.0,0.18134288489818573,0.5404659509658813,0.06076078489422798,0.010652955621480942
"DM-12421",False,"train",0.0,0.0,0.0,0.0,0.0,0.5029856562614441,0.0,0.443732887506485,0.0,0.0
"DM-1073",False,"train",0.0,0.9355722069740295,0.0,0.0,0.0,0.0,0.0,0.0,0.0,0.0
"DM-7343",False,"train",0.0,0.0,0.09481123089790344,0.0,0.0,0.0,0.8460521101951599,0.0,0.0,0.0
"DM-13477",False,"train",0.0,0.7420384883880615,0.0,0.0,0.0,0.21096034348011017,0.0,0.0,0.0,0.0
"DM-9455",False,"train",0.011123806238174438,0.011124021373689175,0.011124101467430592,0.01112403068691492,0.011124440468847752,0.01112460345029831,0.011123953387141228,0.8998816609382629,0.0111235985532403,0.01112581416964531
"DM-5137",False,"train",0.0,0.2187793254852295,0.0,0.15538020431995392,0.18229496479034424,0.0,0.0,0.0,0.41012299060821533,0.0
"DM-11158",False,"train",0.0,0.4342939853668213,0.0,0.11951009184122086,0.0,0.044790998101234436,0.0,0.0,0.3966527283191681,0.0
"DM-10008",False,"train",0.21024583280086517,0.7603234648704529,0.0,0.0,0.0,0.0,0.0,0.0,0.0,0.0
"DM-14344",False,"train",0.0,0.0,0.0,0.0,0.0,0.0,0.0,0.9756489396095276,0.0,0.0
"DM-13956",False,"train",0.13969558477401733,0.010028550401329994,0.010028719902038574,0.010028965771198273,0.39574527740478516,0.010028669610619545,0.3943537771701813,0.010029529221355915,0.010032271035015583,0.010028612799942493
"DM-17601",True,"train",0.0,0.30953729152679443,0.0,0.0,0.0,0.0,0.34372031688690186,0.3346408009529114,0.0,0.0
"DM-318",True,"train",0.0,0.0,0.0,0.0,0.0,0.0,0.0,0.0,0.09811857342720032,0.8574990630149841
"DM-17146",False,"train",0.0,0.25988736748695374,0.1858704835176468,0.17920248210430145,0.0,0.0,0.21667511761188507,0.0,0.12260319292545319,0.0
"DM-1608",False,"train",0.0,0.9624348282814026,0.0,0.0,0.0,0.0,0.0,0.0,0.0,0.0
"DM-12619",False,"train",0.0,0.0,0.0,0.9699869155883789,0.0,0.0,0.0,0.0,0.0,0.0
"DM-13371",False,"train",0.0,0.6514819264411926,0.0,0.0,0.2817647159099579,0.0,0.0,0.0,0.0,0.0
"DM-7974",False,"train",0.0,0.0,0.0,0.0,0.0,0.0,0.9879811406135559,0.0,0.0,0.0
"DM-14205",True,"train",0.025187527760863304,0.02518722042441368,0.02518688142299652,0.025190794840455055,0.27193862199783325,0.5265600085258484,0.025187363848090172,0.025187287479639053,0.025186926126480103,0.025187332183122635
"DM-11214",False,"train",0.024903709068894386,0.5018494725227356,0.02490324340760708,0.02491140365600586,0.2989116609096527,0.02490587905049324,0.02490413188934326,0.024903660640120506,0.024903584271669388,0.024903224781155586
"DM-8032",False,"train",0.0,0.26407742500305176,0.18820585310459137,0.40438035130500793,0.0,0.0,0.0,0.03879716247320175,0.0,0.09139633178710938
"DM-5187",False,"train",0.0,0.0,0.0,0.0,0.0,0.7501074075698853,0.22872750461101532,0.0,0.0,0.0
"DM-8533",False,"train",0.0,0.0,0.0,0.04143986105918884,0.0,0.6238356232643127,0.0,0.24049112200737,0.0,0.07737002521753311
"DM-17217",True,"train",0.010031192563474178,0.010032800026237965,0.010032410733401775,0.9097102284431458,0.010034535080194473,0.0100318044424057,0.010031904093921185,0.0100321676582098,0.010031073354184628,0.010031848214566708
"DM-12101",False,"train",0.0,0.9306141138076782,0.0,0.0,0.0,0.0,0.0,0.0,0.0,0.0
"DM-8832",False,"train",0.03002098575234413,0.0,0.0,0.0,0.0,0.0,0.023012185469269753,0.0,0.9385077357292175,0.0
"DM-3102",False,"train",0.42846888303756714,0.2018851488828659,0.0,0.0,0.0,0.0,0.06437253952026367,0.0,0.0,0.2868445813655853
"DM-1004",False,"train",0.011265711858868599,0.011266430839896202,0.011266525834798813,0.011266984976828098,0.8986003398895264,0.01126626692712307,0.011266284622251987,0.01126689463853836,0.01126704178750515,0.011267543770372868
"DM-12587",False,"train",0.020187735557556152,0.020186729729175568,0.8183039426803589,0.020189279690384865,0.020189428701996803,0.02018723264336586,0.02019139938056469,0.02018892765045166,0.020188070833683014,0.020187268033623695
"DM-17664",False,"train",0.0,0.0,0.0,0.0,0.0,0.0,0.9356949329376221,0.0,0.0,0.0
"DM-12101",False,"train",0.0,0.9306141138076782,0.0,0.0,0.0,0.0,0.0,0.0,0.0,0.0
"DM-13345",False,"train",0.0,0.5427266359329224,0.0,0.0,0.43986478447914124,0.0,0.0,0.0,0.0,0.0
"DM-8363",False,"train",0.0,0.7059416174888611,0.0,0.0,0.0,0.0,0.27922603487968445,0.0,0.0,0.0
"DM-13805",True,"train",0.0,0.0,0.0,0.0,0.0,0.0,0.9653521180152893,0.0,0.0,0.0
"DM-18704",False,"train",0.03315897658467293,0.7015209794044495,0.03316005691885948,0.03315897658467293,0.03317490220069885,0.033167220652103424,0.03315896540880203,0.03316337987780571,0.03316017612814903,0.03317636251449585
"DM-17514",False,"train",0.010040048509836197,0.010041478089988232,0.010041163302958012,0.01004025712609291,0.010042935609817505,0.2443496286869049,0.010041022673249245,0.010041002184152603,0.010040024295449257,0.675322413444519
"DM-12705",False,"train",0.0,0.7396382093429565,0.0,0.0,0.0,0.0,0.0,0.23865574598312378,0.0,0.0
"DM-15349",False,"train",0.0,0.9171476364135742,0.0,0.0,0.0,0.0,0.0,0.0,0.0,0.0
"DM-18483",False,"train",0.01988798938691616,0.01988794468343258,0.019887980073690414,0.6212685108184814,0.019887959584593773,0.2196246236562729,0.01989014632999897,0.019887935370206833,0.01988869719207287,0.01988825760781765
"DM-8108",False,"valid",0.0,0.957118809223175,0.0,0.0,0.0,0.0,0.0,0.0,0.0,0.0
"DM-7039",False,"valid",0.0,0.1489332914352417,0.0,0.0,0.2886670231819153,0.18178509175777435,0.0,0.0,0.0,0.3675655126571655
"DM-8074",False,"valid",0.0,0.0,0.0,0.0,0.0,0.0,0.9399057030677795,0.0,0.0,0.0
"DM-13692",False,"valid",0.0,0.0,0.0,0.816247284412384,0.10683327913284302,0.059421513229608536,0.0,0.0,0.0,0.0
"DM-13750",False,"valid",0.0,0.0,0.0,0.0,0.0,0.0,0.8438354730606079,0.1311073750257492,0.0,0.0
"DM-14761",False,"valid",0.0,0.0,0.0,0.0,0.4983345866203308,0.0,0.0,0.12340909242630005,0.0,0.3487822413444519
"DM-10862",False,"valid",0.0,0.0,0.0,0.22796618938446045,0.0,0.0,0.0,0.0,0.0,0.739504873752594
"DM-2431",False,"valid",0.0,0.0,0.0,0.0,0.0,0.060587622225284576,0.11266329139471054,0.03364309296011925,0.08550731837749481,0.699396014213562
"DM-1136",False,"valid",0.0,0.14727048575878143,0.0,0.0,0.0,0.6293969750404358,0.0,0.1982552409172058,0.0,0.0
"DM-4844",False,"valid",0.0,0.0,0.0,0.0,0.0,0.3516361713409424,0.0,0.2791917622089386,0.3495960831642151,0.0
"DM-11320",False,"valid",0.0,0.0,0.0,0.0,0.0,0.9408472180366516,0.0,0.0,0.0,0.0
"DM-14637",False,"valid",0.0,0.08159248530864716,0.0,0.0,0.0,0.8486671447753906,0.0,0.06176365539431572,0.0,0.0
"DM-9636",False,"valid",0.0,0.11777813732624054,0.0,0.0,0.0,0.0,0.21564435958862305,0.0,0.0,0.6373608112335205
"DM-707",False,"valid",0.20011945068836212,0.5636136531829834,0.0,0.0,0.0,0.13689172267913818,0.0,0.0,0.09103270620107651,0.0
"DM-4781",False,"valid",0.043952576816082,0.0,0.043138690292835236,0.0,0.0,0.7877815961837769,0.0,0.0,0.0,0.11097326874732971
"DM-3360",False,"valid",0.0,0.9180810451507568,0.0,0.0,0.0,0.0,0.0,0.0,0.0,0.0
"DM-13542",True,"valid",0.0,0.0,0.0,0.0,0.0,0.5393418669700623,0.0,0.0,0.0,0.3936883211135864
"DM-14344",False,"valid",0.0,0.0,0.0,0.0,0.0,0.0,0.0,0.9756489396095276,0.0,0.0
"DM-17067",False,"valid",0.0,0.5878389477729797,0.0,0.27214741706848145,0.0,0.10301878303289413,0.0,0.0,0.0,0.0
"DM-5321",True,"valid",0.0,0.9678282737731934,0.0,0.0,0.0,0.0,0.0,0.0,0.0,0.0
"DM-18067",False,"valid",0.0,0.0,0.0,0.0,0.0,0.0,0.0,0.46468034386634827,0.0,0.5092092156410217
"DM-15096",False,"valid",0.0,0.04457778483629227,0.0,0.0,0.13589593768119812,0.0,0.46402549743652344,0.0,0.05672837048768997,0.29504942893981934
"DM-4194",False,"valid",0.0,0.0,0.0,0.0,0.0,0.39909765124320984,0.3763173818588257,0.0,0.19453853368759155,0.0
"DM-10819",False,"valid",0.0,0.0,0.0,0.0,0.0,0.0,0.0,0.1793132871389389,0.04038053750991821,0.7614141702651978
"DM-10302",False,"valid",0.0,0.0,0.0,0.0,0.0,0.0,0.0,0.4993041157722473,0.0,0.4875187575817108
"DM-3817",False,"valid",0.0,0.11039379239082336,0.04322219267487526,0.0,0.0,0.41768893599510193,0.0,0.0,0.0,0.39976173639297485
"DM-5517",True,"valid",0.02503000572323799,0.025035884231328964,0.02503037080168724,0.025036195293068886,0.02504025399684906,0.02503076195716858,0.025031182914972305,0.025031553581357002,0.7747001647949219,0.025033624842762947
"DM-16655",False,"valid",0.0,0.0,0.0,0.0,0.0,0.0,0.2914349436759949,0.0,0.0,0.6703448295593262
"DM-13833",False,"valid",0.0722922831773758,0.0,0.0,0.0,0.4518279731273651,0.13212481141090393,0.0,0.0,0.13522255420684814,0.18223701417446136
"DM-15225",True,"valid",0.0,0.9117797613143921,0.0,0.0,0.0,0.0,0.0,0.0,0.06018288433551788,0.0
"DM-705",False,"valid",0.0,0.0,0.0,0.0,0.11841920763254166,0.0,0.14110568165779114,0.0,0.0,0.7216341495513916
"DM-13358",False,"valid",0.016671372577548027,0.016670625656843185,0.016669902950525284,0.2962401807308197,0.5703821778297424,0.01667005382478237,0.01667872816324234,0.016674160957336426,0.016670411452651024,0.016672339290380478
"DM-3922",False,"valid",0.0,0.0,0.0,0.0,0.0,0.0,0.4858724772930145,0.0,0.0,0.4760200083255768
"DM-1326",False,"valid",0.0,0.0,0.0730380192399025,0.0,0.0,0.0,0.0,0.8993220329284668,0.0,0.0
"DM-7129",False,"valid",0.0,0.0,0.0914008617401123,0.0,0.19788970053195953,0.0,0.0,0.0,0.5260468125343323,0.16241121292114258
"DM-13953",False,"valid",0.18725207448005676,0.011046732775866985,0.011046540923416615,0.5421825051307678,0.011045640334486961,0.011047032661736012,0.01104732882231474,0.011047261767089367,0.1932383030653,0.011046605184674263
"DM-8119",False,"valid",0.0,0.4746399223804474,0.0,0.0,0.0,0.0,0.0,0.0,0.0,0.5149163007736206
"DM-8044",False,"valid",0.0,0.0,0.0,0.0,0.0,0.0,0.08109638094902039,0.14792491495609283,0.0,0.7557879090309143
"DM-14152",False,"valid",0.0,0.4113364815711975,0.0,0.061413347721099854,0.0,0.11285743117332458,0.049884095788002014,0.0,0.2146267294883728,0.14233693480491638
"DM-5875",False,"valid",0.10959258675575256,0.0,0.0,0.7455517649650574,0.09890419989824295,0.0,0.0,0.0,0.0,0.0
"DM-13565",False,"valid",0.0,0.3375035226345062,0.0,0.0,0.0,0.3290538787841797,0.0,0.0,0.30276721715927124,0.0
"DM-18173",False,"valid",0.0,0.9869410991668701,0.0,0.0,0.0,0.0,0.0,0.0,0.0,0.0
"DM-3175",False,"valid",0.014822370372712612,0.014822361059486866,0.014822271652519703,0.1411755532026291,0.014824631623923779,0.014822451397776604,0.7402376532554626,0.014823559671640396,0.01482620183378458,0.01482291892170906
"DM-8833",False,"valid",0.0,0.0,0.0,0.9027842283248901,0.07677479088306427,0.0,0.0,0.0,0.0,0.0
"DM-8652",False,"valid",0.0,0.09890805184841156,0.0,0.0,0.0,0.0,0.40601980686187744,0.0,0.0,0.45114895701408386
"DM-3798",True,"valid",0.0,0.0,0.0,0.0,0.0,0.19298602640628815,0.42339572310447693,0.0,0.0,0.3558337092399597
"DM-14536",False,"valid",0.0,0.897450864315033,0.0,0.06262046098709106,0.0,0.0,0.0,0.0,0.0,0.0
"DM-7123",False,"valid",0.0,0.0,0.0,0.6866989731788635,0.2662259042263031,0.0,0.0,0.0,0.0,0.0
"DM-14077",False,"valid",0.0,0.0,0.0,0.0,0.0,0.0,0.0,0.46974533796310425,0.0,0.48238515853881836
"DM-17564",True,"valid",0.0,0.0,0.034046076238155365,0.23951727151870728,0.1899271011352539,0.0,0.0,0.33779430389404297,0.0,0.18779624998569489
"DM-9500",True,"valid",0.6306151747703552,0.0395967997610569,0.0,0.0,0.0,0.2794642746448517,0.0,0.0,0.0,0.03953089565038681
"DM-11196",True,"valid",0.0,0.2311776578426361,0.0,0.0,0.1704491823911667,0.5765083432197571,0.0,0.0,0.0,0.0
"DM-9567",True,"valid",0.0,0.0,0.0,0.045183829963207245,0.1652258038520813,0.20142140984535217,0.0,0.0,0.0,0.580204427242279
"DM-978",False,"valid",0.0,0.9624772071838379,0.0,0.0,0.0,0.0,0.0,0.0,0.0,0.0
"DM-6343",False,"valid",0.0,0.7434895634651184,0.0,0.0,0.23362796008586884,0.0,0.0,0.0,0.0,0.0
"DM-12113",False,"valid",0.0,0.26034438610076904,0.08793438971042633,0.36759838461875916,0.0,0.0,0.0,0.2487633377313614,0.0,0.0
"DM-10197",False,"valid",0.0,0.0,0.0,0.24390357732772827,0.7174732089042664,0.0,0.0,0.0,0.0,0.0
"DM-18031",False,"valid",0.0,0.30270007252693176,0.0,0.07576585561037064,0.0,0.6132879853248596,0.0,0.0,0.0,0.0
"DM-8288",False,"valid",0.016672195866703987,0.016672218218445778,0.016670672222971916,0.3694472014904022,0.4971630275249481,0.01667299121618271,0.016670461744070053,0.016674397513270378,0.01668139174580574,0.016675496473908424
"DM-17747",False,"valid",0.1790703535079956,0.0,0.40036100149154663,0.0,0.0,0.0,0.387213796377182,0.0,0.0,0.0
"DM-14690",False,"valid",0.1910954713821411,0.0,0.0,0.17678752541542053,0.0,0.0,0.0,0.0,0.0,0.6263724565505981
"DM-10376",False,"valid",0.0,0.0,0.0,0.14162065088748932,0.0,0.0,0.8178710341453552,0.0,0.0,0.0
"DM-13643",False,"valid",0.01994456723332405,0.019947759807109833,0.019945494830608368,0.01994546689093113,0.019944779574871063,0.019945597276091576,0.8204717636108398,0.019961338490247726,0.019945936277508736,0.019947271794080734
"DM-6652",False,"valid",0.0,0.0,0.0,0.17666314542293549,0.0,0.36917972564697266,0.0,0.1570308357477188,0.1533328741788864,0.13771232962608337
"DM-14161",False,"valid",0.0,0.0,0.0,0.9355085492134094,0.0,0.0,0.0,0.0,0.0,0.0
"DM-1619",False,"valid",0.0,0.0,0.2864842116832733,0.0,0.0,0.0,0.0,0.0,0.0,0.6421153545379639
"DM-12640",True,"valid",0.04317978397011757,0.39371156692504883,0.0,0.4459853172302246,0.08666547387838364,0.0,0.0,0.0,0.0,0.024444274604320526
"DM-7546",False,"valid",0.0,0.0425674207508564,0.0,0.0,0.0,0.5815158486366272,0.0,0.06581438332796097,0.26497071981430054,0.041260793805122375
"DM-9317",False,"valid",0.0,0.7438657879829407,0.0,0.0,0.0,0.2362775355577469,0.0,0.0,0.0,0.0
"DM-18171",True,"valid",0.0,0.0,0.0,0.0,0.0,0.0,0.7460387349128723,0.06662998348474503,0.0,0.15821678936481476
"DM-4208",False,"valid",0.0,0.0,0.25109198689460754,0.0,0.47422197461128235,0.0,0.0,0.23963266611099243,0.0,0.0
"DM-1725",False,"valid",0.07035970687866211,0.0,0.0,0.0,0.0,0.0,0.0,0.0,0.1262655109167099,0.7942601442337036
"DM-8447",False,"valid",0.10133469849824905,0.0,0.0,0.0,0.0,0.0,0.8825328946113586,0.0,0.0,0.0
"DM-3090",False,"valid",0.0,0.939914345741272,0.0,0.0,0.0,0.0,0.0,0.0,0.0,0.0
"DM-1298",False,"valid",0.0,0.16187243163585663,0.0,0.0,0.0,0.0,0.0,0.7924405336380005,0.0,0.0
"DM-207",True,"valid",0.014293377287685871,0.014296320267021656,0.014293503947556019,0.014294206164777279,0.014293663203716278,0.2712048292160034,0.014297431334853172,0.6144383549690247,0.014294217340648174,0.014294124208390713
"DM-8043",False,"valid",0.0673353374004364,0.0,0.0,0.1240953728556633,0.0,0.06803125888109207,0.0,0.0,0.0,0.7217887043952942
"DM-13852",False,"valid",0.0,0.0,0.0,0.0,0.0,0.0,0.0,0.1597435027360916,0.767464816570282,0.0
"DM-2885",True,"valid",0.0,0.0,0.0,0.0,0.0,0.2654898166656494,0.0,0.0,0.0,0.7264101505279541
"DM-12408",False,"valid",0.014293421059846878,0.014292828738689423,0.014294078573584557,0.014294599182903767,0.01429104432463646,0.014290910214185715,0.014290452934801579,0.014294924214482307,0.014291215687990189,0.871366560459137
"DM-15352",False,"valid",0.0,0.2971494793891907,0.3216955363750458,0.0,0.0,0.0,0.0,0.0,0.32222792506217957,0.0
"DM-13989",False,"valid",0.0,0.0,0.0,0.9849857091903687,0.0,0.0,0.0,0.0,0.0,0.0
"DM-6379",False,"valid",0.012503167614340782,0.012504320591688156,0.01250428706407547,0.012505126185715199,0.012503148056566715,0.012507501058280468,0.012504002079367638,0.01250491663813591,0.17083367705345154,0.7291298508644104
"DM-4171",True,"valid",0.0,0.0,0.0,0.46008622646331787,0.0,0.07349643856287003,0.2576358914375305,0.0,0.0,0.19574296474456787
"DM-5529",False,"valid",0.7193421721458435,0.14944811165332794,0.0,0.0,0.0,0.0,0.0,0.0,0.0,0.12184611707925797
"DM-12611",False,"valid",0.2246055006980896,0.24994009733200073,0.0,0.0,0.0,0.0,0.407452255487442,0.0998867005109787,0.0,0.0
"DM-7164",False,"valid",0.0,0.0,0.0,0.3789609670639038,0.0,0.0,0.0,0.0,0.0,0.6121314167976379
"DM-2657",False,"valid",0.0,0.0,0.09867032617330551,0.0,0.0,0.0,0.0,0.0,0.31182926893234253,0.5623804330825806
"DM-10292",False,"valid",0.0,0.0,0.0,0.0,0.0,0.0,0.9727116227149963,0.0,0.0,0.0
"DM-7392",False,"valid",0.0,0.0,0.0,0.0,0.6918140649795532,0.25806140899658203,0.0,0.0,0.0,0.0
"DM-16469",False,"valid",0.0,0.0,0.0,0.0,0.0,0.0,0.0,0.0,0.0,0.9665594696998596
"DM-17720",True,"valid",0.09189091622829437,0.0,0.0,0.0,0.0,0.0,0.6204800009727478,0.0,0.0,0.26880645751953125
"DM-5283",False,"valid",0.0,0.0,0.0,0.0,0.0,0.0,0.0,0.17246033251285553,0.07914789766073227,0.7338682413101196
"DM-8631",False,"valid",0.0,0.6806601285934448,0.08331169188022614,0.0,0.0,0.05513544753193855,0.16854016482830048,0.0,0.0,0.0
"DM-12417",False,"valid",0.0,0.0,0.0,0.0,0.0,0.0,0.21896031498908997,0.0,0.7375733256340027,0.0
"DM-10336",False,"valid",0.1774854212999344,0.0,0.0,0.0,0.0,0.0,0.0,0.0,0.8158836364746094,0.0
"DM-15865",False,"valid",0.0,0.9274524450302124,0.0,0.0,0.0,0.0,0.0,0.0,0.0,0.0
"DM-12415",False,"valid",0.07578711956739426,0.0,0.0,0.7533646821975708,0.0,0.0,0.0,0.0711991935968399,0.0664495974779129,0.0
"DM-5129",False,"valid",0.0,0.0,0.19887883961200714,0.2964344918727875,0.0,0.0,0.0,0.0,0.0,0.435140997171402
"DM-588",False,"valid",0.0,0.0,0.0,0.0,0.0,0.0,0.0,0.9924272894859314,0.0,0.0
"DM-4692",False,"valid",0.0,0.0,0.0,0.0,0.2894764244556427,0.0,0.0,0.06408993899822235,0.0,0.6214069128036499
"DM-1407",False,"valid",0.0,0.9525941610336304,0.0,0.0,0.0,0.0,0.0,0.0,0.0,0.0
"DM-3438",False,"valid",0.22160309553146362,0.051481470465660095,0.0,0.12683145701885223,0.0,0.0,0.23739555478096008,0.22601249814033508,0.1293872743844986,0.0
"DM-11313",False,"valid",0.0142897367477417,0.014290894381701946,0.014290152117609978,0.014290650375187397,0.014291011728346348,0.014290985651314259,0.01429026760160923,0.014290052466094494,0.20692400634288788,0.6787522435188293
"DM-5546",False,"valid",0.020008988678455353,0.020008578896522522,0.020008509978652,0.02001202665269375,0.02001241408288479,0.020008865743875504,0.020008573308587074,0.02000962197780609,0.8199123740196228,0.02001001685857773
"DM-14467",False,"valid",0.0,0.05663997679948807,0.0,0.2640793025493622,0.0,0.0,0.0,0.0,0.0,0.6714805960655212
"DM-5880",False,"valid",0.06069425866007805,0.0,0.0,0.0,0.0,0.0,0.0,0.0,0.07492851465940475,0.8292832374572754
"DM-5400",False,"valid",0.0,0.0,0.0,0.0,0.15447409451007843,0.0,0.0,0.6156439781188965,0.0,0.1722503900527954
"DM-13396",False,"valid",0.14011336863040924,0.0,0.09689963608980179,0.06774677336215973,0.0,0.37596869468688965,0.0,0.0,0.0,0.312336802482605
"DM-9141",False,"valid",0.0,0.0,0.0,0.7538560628890991,0.0,0.0,0.0,0.0,0.0,0.24130773544311523
"DM-10947",False,"valid",0.16336198151111603,0.6457749009132385,0.172822505235672,0.0,0.0,0.0,0.0,0.0,0.0,0.0
"DM-7492",False,"valid",0.0,0.4586649239063263,0.0,0.0,0.0,0.16067859530448914,0.0,0.0,0.3454947769641876,0.0
"DM-17639",False,"valid",0.0,0.0,0.0,0.0,0.9257990717887878,0.0,0.0,0.0,0.0,0.0
"DM-16697",False,"valid",0.0,0.1446196436882019,0.0,0.0,0.0,0.7014092803001404,0.0,0.0,0.0,0.10688799619674683
"DM-4692",False,"valid",0.0,0.0,0.0,0.0,0.2894764244556427,0.0,0.0,0.06408993899822235,0.0,0.6214069128036499
"DM-8461",True,"valid",0.01494359690696001,0.014944286085665226,0.014943694695830345,0.014943554997444153,0.014944571070373058,0.014944540336728096,0.8655025362968445,0.01494424045085907,0.014945199713110924,0.01494373008608818
"DM-15355",False,"valid",0.0,0.0,0.0,0.0,0.0,0.0,0.0,0.0,0.9895254373550415,0.0
"DM-211",True,"valid",0.0,0.0,0.0,0.0,0.0,0.0,0.0,0.0,0.0,0.9251620769500732
"DM-936",False,"valid",0.0,0.0,0.0,0.0,0.0,0.17579151690006256,0.0,0.0,0.0,0.8085352778434753
"DM-12429",True,"valid",0.0,0.19668470323085785,0.0,0.0,0.0,0.467538982629776,0.3178640305995941,0.0,0.0,0.0
"DM-10874",False,"valid",0.016670530661940575,0.016670813784003258,0.016672223806381226,0.0166709516197443,0.016670623794198036,0.01667068339884281,0.016672804951667786,0.8499593138694763,0.016670595854520798,0.016671430319547653
"DM-15157",False,"valid",0.0,0.5511449575424194,0.0,0.0,0.02372806705534458,0.0,0.0,0.0,0.0,0.4092278778553009
"DM-13970",False,"valid",0.0,0.0,0.0,0.0,0.0,0.0,0.21666571497917175,0.0,0.0,0.75907963514328
"DM-10846",False,"valid",0.0,0.0,0.0,0.0,0.0,0.4690147936344147,0.08920707553625107,0.03936094418168068,0.0,0.3872561752796173
"DM-5932",True,"valid",0.0,0.0,0.0,0.08807728439569473,0.8680233359336853,0.0,0.0,0.0,0.0,0.0
"DM-5532",True,"valid",0.0,0.0,0.041822731494903564,0.0,0.0,0.6675739288330078,0.0,0.0,0.0,0.2805483937263489
"DM-6942",False,"valid",0.7285533547401428,0.14667215943336487,0.0,0.0,0.09138436615467072,0.0,0.0,0.0,0.0,0.0
"DM-8265",False,"valid",0.0,0.0,0.0,0.0,0.0,0.15868106484413147,0.0,0.0,0.0,0.8248821496963501
"DM-10356",True,"valid",0.0,0.17776311933994293,0.0,0.0,0.7652289867401123,0.0,0.0,0.0,0.0,0.0
"DM-10497",False,"valid",0.0,0.0,0.0,0.0,0.13516849279403687,0.7979694604873657,0.0,0.0,0.0,0.0
"DM-916",False,"valid",0.016680622473359108,0.01668066903948784,0.01668032631278038,0.0166801605373621,0.8498508334159851,0.016687806695699692,0.01668023131787777,0.01668107882142067,0.016695154830813408,0.016683122143149376
"DM-8020",False,"valid",0.0,0.0,0.09719379991292953,0.179656520485878,0.0,0.0,0.0,0.09140095114707947,0.0,0.615856409072876
"DM-13670",False,"valid",0.06218956410884857,0.0,0.0,0.0,0.0,0.8852283954620361,0.0,0.03627227619290352,0.0,0.0
"DM-7805",False,"valid",0.0,0.0,0.0,0.6627478003501892,0.0,0.0,0.0,0.0,0.18022190034389496,0.13371095061302185
"DM-14563",False,"valid",0.0,0.0,0.27736762166023254,0.0,0.0,0.0,0.3511943221092224,0.0,0.0,0.33325594663619995
"DM-8428",False,"valid",0.0,0.5376697778701782,0.0,0.0,0.0,0.0,0.39666181802749634,0.0,0.0,0.0
"DM-12233",False,"valid",0.0,0.0,0.7580878138542175,0.0,0.0,0.0,0.0,0.0,0.0,0.2281123846769333
"DM-10777",True,"valid",0.0,0.0,0.0,0.0,0.0,0.8271080851554871,0.0,0.16249287128448486,0.0,0.0
"DM-8665",False,"valid",0.0,0.0,0.11839516460895538,0.1510739028453827,0.0,0.0,0.5413427352905273,0.0,0.15364530682563782,0.0
"DM-3257",True,"valid",0.0,0.0,0.0,0.0,0.0,0.36683058738708496,0.0,0.0,0.0,0.5899105072021484
"DM-4367",False,"valid",0.0,0.9808411002159119,0.0,0.0,0.0,0.0,0.0,0.0,0.0,0.0
"DM-5771",False,"valid",0.0,0.0,0.6172341108322144,0.0,0.10078345239162445,0.0,0.0,0.14513897895812988,0.0,0.11937794834375381
"DM-10026",False,"valid",0.0,0.0,0.0,0.0,0.4324428141117096,0.0,0.0,0.510239839553833,0.0,0.0
"DM-631",False,"valid",0.02505364455282688,0.30615130066871643,0.02505367621779442,0.49340465664863586,0.02505422942340374,0.02505388855934143,0.02506110817193985,0.025059400126338005,0.025054220110177994,0.02505389414727688
"DM-6627",False,"valid",0.0,0.0,0.0,0.0,0.0,0.4267294704914093,0.0,0.38000696897506714,0.0,0.1642543077468872
"DM-915",False,"valid",0.016717232763767242,0.016714224591851234,0.01671321503818035,0.016713006421923637,0.8495687246322632,0.016714081168174744,0.016713133081793785,0.016713928431272507,0.01671302132308483,0.01671944186091423
"DM-4367",False,"valid",0.0,0.9808411002159119,0.0,0.0,0.0,0.0,0.0,0.0,0.0,0.0
"DM-15776",False,"valid",0.0,0.0,0.0,0.0,0.0,0.0,0.7158347368240356,0.0,0.0,0.26060426235198975
"DM-9187",False,"valid",0.0,0.9399130940437317,0.0,0.0,0.0,0.0,0.0,0.0,0.0,0.0
"DM-5301",False,"valid",0.0,0.0,0.0,0.0,0.6125732660293579,0.0,0.0,0.0,0.0,0.37633225321769714
"DM-5659",True,"valid",0.9639782309532166,0.0,0.0,0.0,0.0,0.0,0.0,0.0,0.0,0.0
"DM-15611",False,"valid",0.0,0.0,0.0,0.0,0.0,0.9174785614013672,0.0,0.0,0.0,0.0
"DM-4497",True,"valid",0.016669267788529396,0.01666928455233574,0.016675207763910294,0.01667175069451332,0.016669882461428642,0.016668934375047684,0.01667068526148796,0.849964439868927,0.01666918583214283,0.01667134277522564
"DM-17433",False,"valid",0.37827926874160767,0.012420137412846088,0.012416612356901169,0.012417368590831757,0.012416921555995941,0.5223776698112488,0.012421021237969398,0.012416663579642773,0.012417183257639408,0.01241719163954258
"DM-14135",True,"valid",0.0,0.0,0.0,0.0,0.0,0.0,0.0,0.2630866765975952,0.6643350124359131,0.0
"DM-14922",False,"valid",0.016135411337018013,0.016138818114995956,0.01613602228462696,0.016134798526763916,0.17236731946468353,0.01614321582019329,0.016138801351189613,0.6985294222831726,0.016137445345520973,0.016138732433319092
"DM-5729",False,"valid",0.0,0.0,0.0,0.0,0.0,0.0,0.12988899648189545,0.0,0.0,0.8392945528030396
"DM-4807",False,"valid",0.40472474694252014,0.0,0.0,0.3733486533164978,0.0,0.0,0.0,0.0,0.0,0.18877390027046204
"DM-5192",True,"valid",0.01667363941669464,0.016673216596245766,0.016672547906637192,0.01667470671236515,0.1962788999080658,0.01667560078203678,0.6703186631202698,0.01667717657983303,0.016679517924785614,0.016676023602485657
"DM-8199",True,"valid",0.0,0.0,0.0,0.0,0.31528034806251526,0.0,0.0,0.0,0.0,0.6536633372306824
"DM-8264",False,"valid",0.18792055547237396,0.5086274743080139,0.0,0.0,0.08191046118736267,0.05833301320672035,0.14554421603679657,0.0,0.0,0.0
"DM-6588",False,"valid",0.0,0.0,0.08227965235710144,0.0,0.1615872085094452,0.0,0.0,0.31366536021232605,0.4174325466156006,0.0
"DM-10880",False,"valid",0.01260373555123806,0.012604187242686749,0.01260585431009531,0.09261453151702881,0.01260710321366787,0.012604202143847942,0.1846424639225006,0.6345089077949524,0.012603786773979664,0.0126052750274539
"DM-2433",False,"valid",0.0,0.0,0.0,0.0,0.5482587218284607,0.0,0.0,0.0,0.0,0.44133761525154114
"DM-10336",False,"valid",0.1774854212999344,0.0,0.0,0.0,0.0,0.0,0.0,0.0,0.8158836364746094,0.0
"DM-3987",True,"valid",0.0,0.0,0.0,0.0,0.22825887799263,0.0,0.46848800778388977,0.0,0.24901773035526276,0.0
"DM-4840",False,"valid",0.0,0.0,0.0,0.0,0.0,0.0,0.0,0.9638190865516663,0.0,0.0
"DM-10864",False,"valid",0.0,0.0,0.0,0.0,0.0,0.0,0.0,0.9130128622055054,0.0,0.0448077954351902
"DM-12668",True,"valid",0.024712730199098587,0.0,0.0,0.0,0.30823004245758057,0.0,0.6540600061416626,0.0,0.0,0.0
"DM-7104",False,"valid",0.0,0.5251281261444092,0.0,0.0,0.08214111626148224,0.0,0.2553730010986328,0.0,0.0,0.10706005990505219
"DM-15613",False,"valid",0.0,0.46604329347610474,0.0,0.0,0.0,0.0,0.0,0.0,0.13220691680908203,0.38882577419281006
"DM-625",True,"valid",0.048064976930618286,0.0,0.0,0.0,0.0,0.0,0.09706483036279678,0.0,0.15403956174850464,0.6975753903388977
"DM-13769",False,"valid",0.0,0.08958624303340912,0.04708128422498703,0.0,0.0,0.0,0.20616064965724945,0.0,0.0,0.6418421268463135
"DM-7829",False,"valid",0.0,0.0,0.0,0.8440728783607483,0.12115688621997833,0.0,0.0,0.0,0.0,0.0
"DM-11749",False,"valid",0.0,0.0,0.0,0.0,0.9526176452636719,0.0,0.0,0.0,0.0,0.0
"DM-6983",False,"valid",0.0,0.0,0.0,0.0,0.0,0.0,0.0,0.0,0.9872863292694092,0.0
"DM-4581",False,"valid",0.0,0.0,0.0,0.44562965631484985,0.0,0.0,0.0,0.0,0.5071501731872559,0.0
"DM-7016",False,"valid",0.0,0.0882212370634079,0.0,0.7816807627677917,0.0,0.0,0.0,0.09992842376232147,0.0,0.0
"DM-10777",True,"valid",0.0,0.0,0.0,0.0,0.0,0.8271080851554871,0.0,0.16249287128448486,0.0,0.0
"DM-6832",False,"valid",0.0199262872338295,0.01992933824658394,0.019927700981497765,0.01992986351251602,0.019926002249121666,0.01992747001349926,0.820645809173584,0.01992926560342312,0.01992916874587536,0.01992904581129551
"DM-12802",False,"valid",0.0,0.0,0.0,0.0,0.25581198930740356,0.6904739141464233,0.0,0.0,0.0,0.0
"DM-6151",False,"valid",0.47308477759361267,0.0,0.0,0.0,0.0,0.05982509255409241,0.0,0.0,0.4516056478023529,0.0
"DM-6819",True,"valid",0.0,0.0,0.0,0.0,0.49923211336135864,0.19390282034873962,0.0,0.0,0.2843373417854309,0.0
"DM-7760",False,"valid",0.05890665203332901,0.0,0.0,0.6525902152061462,0.0,0.0,0.0,0.24965408444404602,0.034093163907527924,0.0
"DM-1813",False,"valid",0.0,0.0,0.0,0.0,0.0,0.9437059760093689,0.0,0.0,0.0,0.0
"DM-4893",False,"valid",0.0,0.0,0.0,0.14513565599918365,0.0,0.43668848276138306,0.0,0.0,0.07065162807703018,0.32987990975379944
"DM-15507",False,"valid",0.0,0.0,0.0,0.0,0.0,0.0,0.0,0.9469334483146667,0.0,0.0
"DM-5249",False,"valid",0.01252745185047388,0.01252742949873209,0.012526733800768852,0.8872531652450562,0.012527238577604294,0.012527020648121834,0.012527716346085072,0.012528122402727604,0.012527314946055412,0.012527844868600368
"DM-520",False,"valid",0.0,0.0,0.0,0.0,0.0726914182305336,0.0,0.887132465839386,0.0,0.0,0.0
"DM-12652",True,"valid",0.0,0.0,0.0,0.0,0.0,0.3279704749584198,0.0,0.0,0.0,0.6319931745529175
"DM-9358",True,"valid",0.0,0.0,0.0,0.0,0.0,0.9852397441864014,0.0,0.0,0.0,0.0
"DM-1471",False,"valid",0.0,0.5868634581565857,0.0,0.0,0.0,0.0,0.0,0.39150646328926086,0.0,0.0
"DM-16856",False,"valid",0.0,0.0,0.0,0.0,0.0,0.0,0.0,0.93990159034729,0.0,0.0
"DM-15776",False,"valid",0.0,0.0,0.0,0.0,0.0,0.0,0.7158347368240356,0.0,0.0,0.26060426235198975
"DM-15913",False,"valid",0.0,0.0,0.0,0.0,0.0,0.0,0.7485211491584778,0.0,0.0,0.22793127596378326
"DM-1770",True,"valid",0.0,0.0,0.0,0.7357592582702637,0.0,0.0,0.22947876155376434,0.0,0.0,0.0
"DM-13038",False,"valid",0.0,0.0,0.0,0.0,0.0,0.0,0.9826864004135132,0.0,0.0,0.0
"DM-10948",False,"valid",0.0,0.07077495008707047,0.0,0.42304104566574097,0.0,0.0,0.0,0.0,0.31803402304649353,0.17415761947631836
"DM-1716",False,"valid",0.6379345059394836,0.012394656427204609,0.012394344434142113,0.012395931407809258,0.012395728379487991,0.012393585406243801,0.26290473341941833,0.012396122328937054,0.01239377073943615,0.012396641075611115
"DM-7725",False,"valid",0.0,0.6384353637695312,0.2037956267595291,0.0,0.0,0.0,0.0,0.0,0.126951202750206,0.0
"DM-13884",False,"valid",0.0,0.0,0.0,0.7894976139068604,0.0,0.0,0.0,0.0,0.0,0.15743772685527802
"DM-10887",False,"valid",0.016611093655228615,0.016611624509096146,0.016611121594905853,0.016610918566584587,0.016613120213150978,0.01661244034767151,0.01661008596420288,0.016611985862255096,0.01661846786737442,0.8504891395568848
"DM-11750",False,"valid",0.0,0.0,0.0,0.0,0.9526176452636719,0.0,0.0,0.0,0.0,0.0
"DM-13750",False,"valid",0.0,0.0,0.0,0.0,0.0,0.0,0.8438354730606079,0.1311073750257492,0.0,0.0
"DM-13872",False,"valid",0.5405013561248779,0.0,0.0,0.43023407459259033,0.0,0.0,0.0,0.0,0.0,0.0
"DM-11957",True,"valid",0.0,0.0,0.0,0.0,0.0,0.9762918949127197,0.0,0.0,0.0,0.0
"DM-11921",False,"valid",0.0,0.0,0.0,0.2664886713027954,0.35614636540412903,0.1759098619222641,0.0,0.0,0.0,0.17639566957950592
"DM-8455",False,"valid",0.024111513048410416,0.3602483868598938,0.02411116287112236,0.024110844358801842,0.024112414568662643,0.0241108275949955,0.44686228036880493,0.024110756814479828,0.024110890924930573,0.024110917001962662
"DM-8295",False,"valid",0.0,0.9413928389549255,0.0,0.0,0.0,0.0,0.0,0.0,0.0,0.0
"DM-17248",False,"valid",0.0,0.0,0.0,0.059356022626161575,0.15900631248950958,0.0,0.0,0.0,0.21228142082691193,0.5595329999923706
"DM-13727",False,"valid",0.0,0.0,0.0,0.0,0.0,0.0,0.0,0.0,0.0,0.931018054485321
"DM-13674",False,"valid",0.0,0.0,0.0,0.0,0.0,0.0,0.0,0.9816089868545532,0.0,0.0
"DM-13796",False,"valid",0.0,0.21657706797122955,0.0,0.45247146487236023,0.0,0.265428751707077,0.0,0.0,0.0,0.0502593107521534
"DM-6378",False,"valid",0.0,0.0,0.0,0.2753946781158447,0.0,0.0,0.0,0.0,0.438956081867218,0.2551760971546173
"DM-8147",False,"valid",0.6285271048545837,0.0,0.021383944898843765,0.0,0.0,0.11053219437599182,0.0,0.0,0.23441404104232788,0.0
"DM-12405",False,"valid",0.8213717341423035,0.019847232848405838,0.01984613947570324,0.01984768733382225,0.019846579059958458,0.019846927374601364,0.01984589733183384,0.019851651042699814,0.01984807476401329,0.019848093390464783
"DM-6256",False,"valid",0.010004663839936256,0.11408820003271103,0.010004783049225807,0.010004915297031403,0.8058740496635437,0.010004566051065922,0.010004257783293724,0.010005465708673,0.010004467330873013,0.010004667565226555
"DM-2955",False,"valid",0.0,0.0,0.0,0.0,0.0,0.09934718906879425,0.0,0.0,0.19132040441036224,0.6934534311294556
"DM-17281",False,"valid",0.0,0.0,0.0,0.255372554063797,0.21031172573566437,0.2881011366844177,0.22616101801395416,0.0,0.0,0.0
"DM-17999",False,"valid",0.0,0.0,0.0,0.0,0.0,0.0,0.0,0.0,0.0,0.9589272141456604
"DM-10005",True,"valid",0.0,0.0,0.0,0.0,0.9639822244644165,0.0,0.0,0.0,0.0,0.0
"DM-8869",False,"valid",0.0,0.0,0.0,0.0,0.0,0.0,0.9249571561813354,0.0,0.0,0.0
"DM-1945",False,"valid",0.0,0.1903800070285797,0.0,0.0,0.16133125126361847,0.0,0.0,0.3042466938495636,0.11527881026268005,0.22274865210056305
"DM-12524",True,"valid",0.0,0.9808415174484253,0.0,0.0,0.0,0.0,0.0,0.0,0.0,0.0
"DM-12602",False,"valid",0.2699158191680908,0.0,0.08195056766271591,0.6178026795387268,0.0,0.0,0.0,0.0,0.0,0.0
"DM-4991",False,"valid",0.0,0.15970557928085327,0.0,0.0,0.0,0.0,0.0,0.10628814250230789,0.31418120861053467,0.39759549498558044
"DM-9433",False,"valid",0.0,0.0,0.0,0.028726495802402496,0.0,0.0,0.0,0.0,0.9651628732681274,0.0
"DM-7716",False,"valid",0.0,0.0,0.0,0.45682045817375183,0.0,0.0,0.0,0.07860616594552994,0.44565409421920776,0.0
"DM-6298",True,"valid",0.06479185074567795,0.0,0.0,0.0,0.0,0.0,0.909396231174469,0.0,0.0,0.0
"DM-1899",True,"valid",0.0,0.0,0.0,0.06302431970834732,0.0,0.0,0.0,0.0,0.0,0.9023008942604065
"DM-7596",False,"valid",0.023844275623559952,0.023844262585043907,0.023845810443162918,0.7853882908821106,0.023847976699471474,0.023847127333283424,0.02384445071220398,0.023846961557865143,0.02384381741285324,0.023847024887800217
"DM-14639",False,"valid",0.0,0.0,0.0,0.9608343839645386,0.0,0.0,0.0,0.0,0.0,0.0
"DM-7892",False,"valid",0.0,0.0,0.0,0.0,0.0,0.0,0.0,0.0,0.0,0.976913571357727
"DM-5546",False,"valid",0.020008988678455353,0.020008578896522522,0.020008509978652,0.02001202665269375,0.02001241408288479,0.020008865743875504,0.020008573308587074,0.02000962197780609,0.8199123740196228,0.02001001685857773
"DM-16220",False,"valid",0.0,0.1827707141637802,0.0,0.0,0.0,0.0,0.0,0.0,0.374259889125824,0.39344653487205505
"DM-2982",False,"valid",0.0,0.0,0.0,0.0,0.0,0.0,0.5424945950508118,0.034424081444740295,0.4189876317977905,0.0
"DM-1541",False,"valid",0.060321565717458725,0.0,0.0,0.29380905628204346,0.0,0.0,0.0,0.0,0.0,0.6375607848167419
"DM-4887",False,"valid",0.0,0.09767965972423553,0.0,0.0,0.05652325227856636,0.15148194134235382,0.0635293573141098,0.10273654013872147,0.0,0.5249641537666321
"DM-14024",False,"valid",0.0,0.2023332267999649,0.0,0.0,0.0,0.0,0.0,0.0,0.0,0.7311028838157654
"DM-8199",True,"valid",0.0,0.0,0.0,0.0,0.31528034806251526,0.0,0.0,0.0,0.0,0.6536633372306824
"DM-14392",False,"valid",0.2597290575504303,0.012504528276622295,0.0125040328130126,0.012503696605563164,0.012509019114077091,0.012504222802817822,0.012507392093539238,0.6402297616004944,0.012504108250141144,0.012504195794463158
"DM-6783",True,"valid",0.0,0.2786043882369995,0.0,0.0,0.0,0.0,0.5189869999885559,0.0,0.1884271204471588,0.0
"DM-13372",False,"valid",0.01666995882987976,0.016669973731040955,0.016672473400831223,0.8499515056610107,0.016678692772984505,0.016670163720846176,0.016670413315296173,0.016673725098371506,0.016673116013407707,0.016669977456331253
"DM-13756",False,"valid",0.0,0.0,0.0,0.0,0.0,0.0,0.0,0.9104692339897156,0.0,0.0
"DM-12430",False,"valid",0.45409509539604187,0.0,0.0,0.1784186214208603,0.0,0.0,0.0,0.2949717044830322,0.0,0.057692162692546844
"DM-9895",True,"valid",0.0,0.0,0.05579333007335663,0.28702542185783386,0.0,0.0,0.5192096829414368,0.1197967529296875,0.0,0.0
"DM-2841",False,"valid",0.0,0.0,0.0,0.0,0.3880952000617981,0.0,0.5621106624603271,0.0,0.0,0.0
"DM-6376",False,"valid",0.01792164333164692,0.017930084839463234,0.01792599819600582,0.01792217791080475,0.017922241240739822,0.017922058701515198,0.017927005887031555,0.8386842608451843,0.01792074553668499,0.01792379654943943
"DM-14135",True,"valid",0.0,0.0,0.0,0.0,0.0,0.0,0.0,0.2630866765975952,0.6643350124359131,0.0
"DM-1489",True,"valid",0.0,0.0,0.0,0.0,0.0,0.0,0.22916822135448456,0.0,0.1416664570569992,0.6055988073348999
"DM-6048",True,"valid",0.0,0.0,0.0,0.0,0.0,0.0,0.37243831157684326,0.5087605714797974,0.0,0.08910490572452545
"DM-17095",False,"valid",0.0,0.0,0.0,0.0,0.0,0.0,0.8169651627540588,0.0,0.05184394121170044,0.11173758655786514
"DM-6162",False,"valid",0.0,0.0,0.0,0.9174737930297852,0.06895116716623306,0.0,0.0,0.0,0.0,0.0
"DM-15392",False,"valid",0.0,0.4774883985519409,0.0,0.0,0.0,0.0,0.0,0.12129465490579605,0.21449267864227295,0.17228977382183075
"DM-6359",False,"valid",0.011115020141005516,0.011114568449556828,0.011114763095974922,0.011115211062133312,0.8999648094177246,0.011117291636765003,0.01111458521336317,0.011114775203168392,0.011114390566945076,0.011114658787846565
"DM-5757",False,"valid",0.0,0.0,0.0,0.5612967610359192,0.0,0.0,0.39177021384239197,0.0,0.0,0.0
"DM-16858",False,"valid",0.0,0.0,0.0,0.0,0.0,0.0,0.0,0.9399515390396118,0.0,0.0
"DM-17605",True,"valid",0.0,0.0,0.0,0.11158445477485657,0.0,0.0,0.033237505704164505,0.0,0.0,0.8414598107337952
"DM-241",False,"valid",0.0,0.4319981038570404,0.0,0.0,0.23237651586532593,0.0,0.0,0.0,0.0,0.32389745116233826
"DM-12304",False,"valid",0.0,0.0,0.0,0.0,0.39858630299568176,0.10139502584934235,0.0,0.0,0.0,0.49166008830070496
"DM-10032",True,"valid",0.0,0.0,0.0,0.1138630211353302,0.25904807448387146,0.0,0.0,0.31317588686943054,0.0,0.30166932940483093
"DM-7655",False,"valid",0.26745596528053284,0.0,0.0,0.0,0.09443721920251846,0.0,0.0,0.0,0.0,0.6030821204185486
"DM-17160",False,"valid",0.0,0.92515629529953,0.0,0.0,0.0,0.0,0.0,0.0,0.0,0.0
"DM-8563",False,"valid",0.0,0.0,0.0,0.0,0.64305579662323,0.26233401894569397,0.06199721619486809,0.0,0.0,0.0
"DM-10041",False,"valid",0.0,0.0,0.0,0.0,0.0,0.0,0.9742637872695923,0.0,0.0,0.0
"DM-3893",False,"valid",0.0,0.0,0.0,0.0,0.0,0.0,0.0,0.0,0.0,0.9808288812637329
"DM-12593",False,"valid",0.0,0.0,0.0,0.0,0.0,0.0,0.0,0.910912811756134,0.0,0.0
"DM-7510",False,"valid",0.01410748902708292,0.014105251990258694,0.014103799127042294,0.014105144888162613,0.01410442590713501,0.014104130677878857,0.014111557975411415,0.873047411441803,0.014104699715971947,0.0141060845926404
"DM-5287",False,"valid",0.0,0.0,0.0,0.0,0.0,0.0,0.0,0.5419870615005493,0.4301077723503113,0.0
"DM-7225",False,"valid",0.0,0.7836584448814392,0.0,0.19133210182189941,0.0,0.0,0.0,0.0,0.0,0.0
"DM-12407",False,"valid",0.01250626239925623,0.012505202554166317,0.012506062164902687,0.23959171772003174,0.01250748336315155,0.012506123632192612,0.012505130842328072,0.012505457736551762,0.012504840269684792,0.6603617668151855
"DM-8820",False,"valid",0.0,0.0,0.9356632232666016,0.0,0.0,0.0,0.0,0.0,0.0,0.0
"DM-9945",False,"valid",0.0,0.0,0.14688457548618317,0.0967937707901001,0.0,0.0,0.0,0.1751755177974701,0.0,0.5692715048789978
"DM-13875",False,"valid",0.0,0.24935035407543182,0.0,0.0,0.7007946968078613,0.0,0.0,0.0,0.0,0.0
"DM-9105",False,"valid",0.11802499741315842,0.0,0.0,0.0,0.0,0.0,0.8320655822753906,0.0,0.0,0.0
"DM-10517",False,"valid",0.06828930974006653,0.0,0.27945131063461304,0.0,0.0,0.0,0.0,0.0,0.0,0.6303861141204834
"DM-2435",False,"valid",0.4981011748313904,0.0,0.03542307764291763,0.0,0.0,0.19160693883895874,0.0,0.0,0.2692769765853882,0.0
"DM-5697",False,"valid",0.0,0.0,0.0,0.25782346725463867,0.0,0.0,0.0,0.0,0.34107065200805664,0.385863721370697
"DM-2176",False,"valid",0.20393922924995422,0.0,0.0,0.0,0.0,0.0735686719417572,0.0,0.6939910650253296,0.0,0.0
"DM-9229",False,"valid",0.0,0.0,0.0,0.29056113958358765,0.057885654270648956,0.0,0.0,0.5291569232940674,0.0,0.10936789214611053
"DM-11016",False,"valid",0.0,0.0,0.0,0.0,0.0,0.3485129475593567,0.0,0.0,0.0,0.6391687393188477
"DM-1584",False,"valid",0.0,0.0,0.0,0.030433662235736847,0.0,0.0,0.0,0.0,0.35558581352233887,0.5984039902687073
"DM-10688",False,"valid",0.0,0.4698379635810852,0.0,0.0,0.0,0.0,0.4770784080028534,0.0,0.0,0.0
"DM-6611",False,"valid",0.014198815450072289,0.014200077392160892,0.2205938696861267,0.014199749566614628,0.014207696542143822,0.014202079735696316,0.014205620624125004,0.6657885909080505,0.014201007783412933,0.014202464371919632
"DM-3942",False,"valid",0.0,0.0,0.05040496960282326,0.0,0.5800951719284058,0.0,0.0,0.23294349014759064,0.12382980436086655,0.0
"DM-8254",False,"valid",0.0,0.0,0.0,0.0,0.0,0.0,0.0,0.0,0.7545256614685059,0.2136261910200119
"DM-9143",True,"valid",0.0,0.0,0.11501826345920563,0.0,0.07873017340898514,0.0,0.0,0.0,0.0,0.7907243967056274
"DM-17281",False,"valid",0.0,0.0,0.0,0.255372554063797,0.21031172573566437,0.2881011366844177,0.22616101801395416,0.0,0.0,0.0
"DM-8873",False,"valid",0.0,0.0,0.0,0.0,0.0,0.0,0.9183421730995178,0.0,0.0,0.0
"DM-7343",False,"valid",0.0,0.0,0.09481123089790344,0.0,0.0,0.0,0.8460521101951599,0.0,0.0,0.0
"DM-15835",False,"valid",0.0,0.0,0.0,0.2410263866186142,0.4860318899154663,0.2085082083940506,0.0,0.0,0.0,0.0
"DM-7173",False,"valid",0.012380381114780903,0.01237992662936449,0.012381300330162048,0.012381115928292274,0.012381905689835548,0.012379621155560017,0.8885745406150818,0.012380625121295452,0.012379582971334457,0.012380949221551418
"DM-7538",False,"valid",0.29953205585479736,0.0,0.0,0.0,0.0,0.09018677473068237,0.0,0.3418532609939575,0.2671986520290375,0.0
"DM-5784",False,"valid",0.1512981802225113,0.3012552261352539,0.0,0.0,0.0,0.2010992467403412,0.3260367512702942,0.0,0.0,0.0
"DM-5920",False,"valid",0.0,0.0,0.0,0.22122502326965332,0.0,0.0,0.0,0.7587855458259583,0.0,0.0
"DM-8693",True,"valid",0.0,0.0,0.0,0.0,0.0,0.0,0.9114770293235779,0.0,0.0,0.0
"DM-11407",False,"valid",0.0,0.0,0.0,0.0,0.25268763303756714,0.0,0.0,0.04059412702918053,0.07719125598669052,0.6124401092529297
"DM-5988",False,"valid",0.0,0.3696229159832001,0.3074037730693817,0.0,0.09019492566585541,0.20133976638317108,0.0,0.0,0.0,0.0
"DM-14643",False,"valid",0.03311145678162575,0.033110205084085464,0.033110152930021286,0.40910351276397705,0.03311019390821457,0.03311298415064812,0.03310932591557503,0.03310989961028099,0.3260120451450348,0.03311020880937576
"DM-7137",False,"valid",0.3769055902957916,0.0,0.0,0.0,0.0,0.0,0.6142909526824951,0.0,0.0,0.0
"DM-1924",True,"valid",0.02028946578502655,0.02028953656554222,0.020289506763219833,0.020289452746510506,0.020292483270168304,0.02029327303171158,0.8173869848251343,0.020289937034249306,0.020289462059736252,0.02028985321521759
"DM-12620",True,"valid",0.0,0.0,0.0,0.9238113760948181,0.0,0.0,0.053334999829530716,0.0,0.0,0.0
"DM-9486",False,"valid",0.025002501904964447,0.025003140792250633,0.7749572396278381,0.025002602487802505,0.025002747774124146,0.02500920556485653,0.02500980719923973,0.02500278130173683,0.025005435571074486,0.025004545226693153
"DM-13202",True,"valid",0.0,0.2417551428079605,0.0,0.0,0.0,0.0,0.0,0.6323783993721008,0.11316539347171783,0.0
"DM-3959",False,"valid",0.014247170649468899,0.014243194833397865,0.01424388773739338,0.0142445620149374,0.014244387857615948,0.014245628379285336,0.014243888668715954,0.014247030951082706,0.01424484234303236,0.8717954158782959
"DM-14505",False,"valid",0.0,0.12085612863302231,0.0,0.4033049941062927,0.0,0.0,0.14929765462875366,0.2651945650577545,0.047051798552274704,0.0
"DM-2390",False,"valid",0.0,0.6048361659049988,0.0,0.0,0.0,0.0,0.0,0.0,0.3550955653190613,0.0
"DM-8076",False,"valid",0.0,0.352377712726593,0.0,0.0,0.22368837893009186,0.0,0.12937240302562714,0.0,0.0,0.2887277603149414
"DM-13472",False,"valid",0.0,0.0,0.0,0.0,0.07531537860631943,0.6404374241828918,0.0,0.0,0.0,0.24045582115650177
"DM-13713",False,"valid",0.1115354672074318,0.0,0.08268999308347702,0.7780330181121826,0.0,0.0,0.0,0.0,0.0,0.0
"DM-10465",False,"valid",0.04236379638314247,0.0,0.0,0.0,0.0,0.6908562779426575,0.0,0.0,0.0,0.2525762617588043
"DM-5446",False,"valid",0.0,0.0,0.0,0.0,0.0,0.640253484249115,0.0,0.0,0.0,0.3128417134284973
"DM-8006",False,"valid",0.0,0.0,0.0,0.0,0.0,0.659915566444397,0.0,0.0,0.0,0.3019576668739319
"DM-6542",False,"valid",0.0,0.0,0.0,0.3144803047180176,0.6491085886955261,0.0,0.0,0.0,0.0,0.0
"DM-11682",False,"valid",0.0,0.0,0.9859296679496765,0.0,0.0,0.0,0.0,0.0,0.0,0.0
"DM-10502",True,"valid",0.0,0.0,0.0,0.34935975074768066,0.0,0.0,0.0,0.0,0.0,0.6296017169952393
"DM-8660",True,"valid",0.2192797064781189,0.7386911511421204,0.0,0.0,0.0,0.0,0.0,0.0,0.0,0.0
"DM-5352",False,"valid",0.016673672944307327,0.016672169789671898,0.6250593662261963,0.016676872968673706,0.24155455827713013,0.016672566533088684,0.016673320904374123,0.01667238585650921,0.016673028469085693,0.016672061756253242
"DM-6123",False,"valid",0.0,0.0,0.30432260036468506,0.0,0.07836850732564926,0.37840017676353455,0.09397697448730469,0.0,0.0,0.1321316808462143
"DM-2666",False,"valid",0.0,0.0,0.6943951845169067,0.0,0.0,0.0,0.0,0.0,0.2758033871650696,0.0
"DM-9752",False,"valid",0.0,0.9785315990447998,0.0,0.0,0.0,0.0,0.0,0.0,0.0,0.0
"DM-11325",False,"valid",0.010799122042953968,0.010802211239933968,0.010799030773341656,0.47104185819625854,0.4425588548183441,0.01080058142542839,0.010800532065331936,0.010799677111208439,0.010799105279147625,0.010799058713018894
"DM-12531",False,"valid",0.0,0.0,0.0,0.0,0.0,0.0,0.0,0.0,0.0,0.963957667350769
"DM-10777",True,"valid",0.0,0.0,0.0,0.0,0.0,0.8271080851554871,0.0,0.16249287128448486,0.0,0.0
"DM-9933",True,"valid",0.996563196182251,0.0,0.0,0.0,0.0,0.0,0.0,0.0,0.0,0.0
"DM-6987",False,"valid",0.0,0.0,0.0,0.5041338205337524,0.0,0.0,0.0,0.45742663741111755,0.0,0.0
"DM-8180",False,"valid",0.0,0.0,0.0,0.2894804775714874,0.0,0.0,0.0,0.0394233837723732,0.0,0.6600354909896851
"DM-11037",False,"valid",0.0,0.5430874228477478,0.0,0.4070313572883606,0.0,0.0,0.0,0.0,0.0,0.0
"DM-7651",False,"valid",0.0,0.1567874699831009,0.0,0.0,0.0,0.4337068200111389,0.0,0.0,0.0,0.3929573595523834
"DM-9942",False,"valid",0.0,0.0,0.022238990291953087,0.0,0.0,0.0,0.7494134306907654,0.0,0.0,0.20498180389404297
"DM-10845",False,"valid",0.0,0.2576126456260681,0.0,0.0,0.0,0.0,0.0,0.6980754137039185,0.0,0.0
"DM-4470",False,"valid",0.01991945691406727,0.4596089720726013,0.01991714909672737,0.019921042025089264,0.019918639212846756,0.0199209563434124,0.019917882978916168,0.3810364603996277,0.019921204075217247,0.019918208941817284
"DM-11118",False,"valid",0.0,0.1846708059310913,0.0,0.0,0.4083496630191803,0.09395826607942581,0.17760562896728516,0.0,0.13085976243019104,0.0
"DM-12108",False,"valid",0.0,0.0,0.571212112903595,0.0,0.0,0.0,0.0,0.4037785232067108,0.0,0.0
"DM-15452",False,"valid",0.0,0.0,0.0,0.6766684055328369,0.0,0.0,0.0,0.2812396287918091,0.0,0.0
"DM-16127",False,"valid",0.0,0.0,0.0,0.0,0.0,0.0,0.0,0.0,0.0,0.9774789214134216
"DM-7936",False,"valid",0.5298832058906555,0.0,0.0,0.0,0.41675278544425964,0.0,0.0,0.0,0.0,0.0
"DM-17847",False,"valid",0.0,0.0,0.0,0.0,0.0,0.0,0.0,0.0,0.0,0.9915726184844971
"DM-2390",False,"valid",0.0,0.6048361659049988,0.0,0.0,0.0,0.0,0.0,0.0,0.3550955653190613,0.0
"DM-983",True,"valid",0.012426484376192093,0.012426883913576603,0.01242507342249155,0.012426392175257206,0.012428201735019684,0.888159990310669,0.012428234331309795,0.012426775880157948,0.012425564229488373,0.012426454573869705
"DM-13612",False,"valid",0.0,0.04374028369784355,0.0,0.0,0.0,0.0,0.1289331018924713,0.8060744404792786,0.0,0.0
"DM-14886",False,"valid",0.0,0.0,0.0,0.28543731570243835,0.0,0.7000346779823303,0.0,0.0,0.0,0.0
"DM-6988",False,"valid",0.0,0.0,0.0,0.0,0.0,0.0,0.0,0.9549800157546997,0.0,0.0
"DM-11807",False,"valid",0.0,0.0,0.0,0.0,0.35545220971107483,0.0,0.0,0.0,0.0,0.5873854160308838
"DM-11476",False,"valid",0.0,0.4451710879802704,0.0,0.0,0.0,0.0,0.1813291609287262,0.0,0.0,0.3456609547138214
"DM-17349",False,"valid",0.0,0.0,0.0,0.0,0.0,0.0,0.0,0.0,0.05995011702179909,0.9080181121826172
"DM-10274",False,"valid",0.08064603805541992,0.0,0.0,0.0,0.0,0.0,0.0,0.7948693633079529,0.0,0.11150410771369934
"DM-1647",False,"valid",0.0,0.43615877628326416,0.262421190738678,0.0,0.0,0.0,0.0,0.0,0.0,0.23816804587841034
"DM-4197",False,"valid",0.0,0.0,0.0,0.0,0.0,0.0,0.9652771949768066,0.0,0.0,0.0
"DM-18421",False,"valid",0.0,0.0,0.0,0.0,0.0,0.0,0.0,0.0,0.0,0.970927357673645
"DM-5688",False,"valid",0.6106821298599243,0.0,0.0,0.0,0.0,0.0,0.0,0.0,0.0,0.35283327102661133
"DM-7321",True,"valid",0.11090774834156036,0.5320388674736023,0.0,0.0,0.0,0.07314754277467728,0.19349625706672668,0.0,0.07189235836267471,0.0
"DM-1505",False,"valid",0.0,0.0,0.0,0.023223787546157837,0.0,0.0,0.0,0.0,0.9653911590576172,0.0
"DM-17510",False,"valid",0.40061846375465393,0.016562487930059433,0.01656154729425907,0.016562500968575478,0.46688592433929443,0.016561370342969894,0.01656259037554264,0.016561822965741158,0.01656145602464676,0.016561824828386307
"DM-4504",True,"valid",0.01250537671148777,0.012501349672675133,0.012501574121415615,0.5032655000686646,0.012501484714448452,0.012502256780862808,0.012501562014222145,0.39671772718429565,0.012501392513513565,0.01250180322676897
"DM-10916",False,"valid",0.0,0.0,0.0,0.0,0.0,0.0,0.23853348195552826,0.0,0.0819990336894989,0.6496715545654297
"DM-3371",True,"valid",0.0,0.0,0.0,0.0,0.09372911602258682,0.0,0.0,0.0,0.0,0.8856906294822693
"DM-8016",False,"valid",0.0,0.0,0.0,0.4414680600166321,0.0,0.0,0.0,0.5221096277236938,0.0,0.0
"DM-11905",False,"valid",0.0,0.2268945872783661,0.0,0.0,0.0,0.03673260658979416,0.0,0.624978244304657,0.10088113695383072,0.0
"DM-7824",False,"valid",0.0,0.0,0.0,0.887255072593689,0.0,0.0,0.08187775313854218,0.0,0.0,0.0
"DM-2137",False,"valid",0.016673410311341286,0.016671938821673393,0.016676589846611023,0.01667190156877041,0.4690867066383362,0.016671421006321907,0.39753085374832153,0.016670813784003258,0.016671793535351753,0.016674598678946495
"DM-7137",False,"valid",0.3769055902957916,0.0,0.0,0.0,0.0,0.0,0.6142909526824951,0.0,0.0,0.0
"DM-8500",False,"valid",0.0510287806391716,0.0,0.0,0.0,0.0,0.0,0.7772117853164673,0.0,0.0,0.16028112173080444
"DM-16797",False,"valid",0.0,0.0,0.0,0.8132038712501526,0.0,0.0,0.15475210547447205,0.0,0.0,0.0
"DM-11389",False,"valid",0.0,0.0,0.0,0.0,0.0,0.0,0.0,0.9677606821060181,0.0,0.0
"DM-5357",False,"valid",0.0,0.0,0.0,0.0,0.0,0.9249330759048462,0.0,0.0,0.0,0.0
"DM-15085",False,"valid",0.24673841893672943,0.0,0.0,0.0,0.0,0.13869735598564148,0.6057072877883911,0.0,0.0,0.0
"DM-3895",False,"valid",0.0,0.0,0.0,0.0,0.0,0.7119467258453369,0.0,0.2546975314617157,0.0,0.0
"DM-9636",False,"valid",0.0,0.11777813732624054,0.0,0.0,0.0,0.0,0.21564435958862305,0.0,0.0,0.6373608112335205
"DM-15776",False,"valid",0.0,0.0,0.0,0.0,0.0,0.0,0.7158347368240356,0.0,0.0,0.26060426235198975
"DM-1701",False,"valid",0.0,0.7116556763648987,0.0,0.0,0.0,0.0,0.0,0.0,0.2214449942111969,0.0
"DM-1257",True,"valid",0.019927436485886574,0.019925136119127274,0.019926542416214943,0.019931655377149582,0.3761703073978424,0.01992645114660263,0.019925713539123535,0.019928548485040665,0.019925134256482124,0.4644131064414978
"DM-15371",True,"valid",0.0,0.0,0.0,0.8755539655685425,0.07102610170841217,0.0,0.0,0.0,0.0,0.0
"DM-6612",False,"valid",0.0,0.0,0.0,0.0,0.0,0.0,0.0,0.0,0.0,0.9899909496307373
"DM-3181",False,"valid",0.014033760875463486,0.014034662395715714,0.014033730141818523,0.014034008607268333,0.014035495929419994,0.014033881947398186,0.8736914992332458,0.014034794643521309,0.014033926650881767,0.014034249819815159
"DM-6343",False,"valid",0.0,0.7434895634651184,0.0,0.0,0.23362796008586884,0.0,0.0,0.0,0.0,0.0
"DM-4751",False,"valid",0.0,0.0,0.0,0.9356661438941956,0.0,0.0,0.0,0.0,0.0,0.0
"DM-832",True,"valid",0.0,0.0,0.0,0.9229047894477844,0.0,0.0,0.0,0.05279574543237686,0.0,0.0
"DM-7810",False,"valid",0.014208408072590828,0.014208476059138775,0.014208462089300156,0.87211674451828,0.014214119873940945,0.014208577573299408,0.014208527281880379,0.014208798296749592,0.014208950102329254,0.014208987355232239
"DM-5966",False,"valid",0.0,0.08461353927850723,0.0,0.0,0.0,0.0,0.8833498954772949,0.0,0.0,0.0
"DM-10825",True,"valid",0.0,0.0,0.0,0.0,0.09554212540388107,0.0,0.0,0.0,0.0,0.8724159002304077
"DM-16312",False,"valid",0.0,0.18102523684501648,0.0,0.0,0.0,0.0,0.0,0.7658299803733826,0.0,0.0
"DM-9846",False,"valid",0.0,0.0,0.0,0.0,0.0,0.9639755487442017,0.0,0.0,0.0,0.0
"DM-3249",False,"valid",0.0,0.0,0.0,0.0,0.0,0.0,0.0,0.0,0.0,0.977489173412323
"DM-15232",False,"valid",0.23236368596553802,0.0,0.0,0.0,0.0,0.0,0.0,0.0,0.0,0.7132236957550049
"DM-3940",False,"valid",0.0,0.5241124629974365,0.0,0.0,0.0,0.04303165152668953,0.046438995748758316,0.0,0.0,0.37574121356010437
"DM-7179",False,"valid",0.0,0.0,0.0,0.0,0.0,0.0,0.968570351600647,0.0,0.0,0.0
"DM-4479",False,"valid",0.012508226558566093,0.01250921469181776,0.012508160434663296,0.012508312240242958,0.012507759965956211,0.012508724816143513,0.012508366256952286,0.8874238729476929,0.012507783249020576,0.012509621679782867
"DM-18400",False,"valid",0.8233870267868042,0.0,0.0,0.03163055330514908,0.0,0.0,0.0,0.14299461245536804,0.0,0.0
"DM-5509",True,"valid",0.0,0.0,0.0,0.0,0.0,0.0,0.08459831029176712,0.0,0.0,0.8760090470314026
"DM-13053",False,"valid",0.5779179930686951,0.4053861200809479,0.0,0.0,0.0,0.0,0.0,0.0,0.0,0.0
"DM-1333",False,"valid",0.0,0.4522373080253601,0.0,0.34520649909973145,0.0,0.19423066079616547,0.0,0.0,0.0,0.0
"DM-2430",False,"valid",0.0,0.37226444482803345,0.0,0.0,0.0,0.6143978834152222,0.0,0.0,0.0,0.0
"DM-1755",False,"valid",0.0,0.9717262387275696,0.0,0.0,0.0,0.0,0.0,0.0,0.0,0.0
"DM-12382",False,"valid",0.024210095405578613,0.7821032404899597,0.024209843948483467,0.02421296015381813,0.024210721254348755,0.02421114407479763,0.024210186675190926,0.024211566895246506,0.02421010285615921,0.024210136383771896
"DM-12529",False,"valid",0.05693843960762024,0.0,0.0,0.0,0.0,0.0,0.5495793223381042,0.0,0.0,0.367681086063385
"DM-4882",True,"valid",0.0,0.0,0.0,0.16389484703540802,0.0,0.8120960593223572,0.0,0.0,0.0,0.0
"DM-3173",False,"valid",0.0,0.0,0.0,0.0,0.0,0.9749928116798401,0.0,0.0,0.0,0.0
"DM-1285",False,"valid",0.0,0.0,0.7096201181411743,0.0,0.0,0.0,0.0,0.2503395080566406,0.0,0.0
"DM-12521",False,"valid",0.02682732418179512,0.026824967935681343,0.7585599422454834,0.02682482637465,0.026828013360500336,0.026825595647096634,0.026828564703464508,0.02682482637465,0.026828045025467873,0.026827871799468994
"DM-13341",False,"valid",0.020108330994844437,0.020111525431275368,0.02010837011039257,0.02010834775865078,0.020108399912714958,0.020108582451939583,0.020109988749027252,0.6251375079154968,0.020108317956328392,0.21399065852165222
"DM-13850",False,"valid",0.0,0.5242783427238464,0.0,0.0,0.0,0.0,0.1479664444923401,0.0,0.0,0.288892924785614
"DM-11890",False,"valid",0.0,0.0,0.0,0.0,0.9470028877258301,0.0,0.0,0.0,0.0,0.0
"DM-1210",False,"valid",0.0,0.0,0.0,0.0,0.0,0.0,0.0,0.3336930572986603,0.29614436626434326,0.3564274311065674
"DM-1279",True,"valid",0.0,0.960681676864624,0.0,0.0,0.0,0.0,0.0,0.0,0.0,0.0
"DM-473",False,"valid",0.0,0.35716840624809265,0.045788608491420746,0.0,0.32350096106529236,0.0,0.1739726960659027,0.0,0.0,0.08399301022291183
"DM-7536",False,"valid",0.011151949875056744,0.0,0.0,0.0,0.0,0.0,0.0,0.0,0.986112654209137,0.0
"DM-4494",True,"valid",0.014296330511569977,0.014297973364591599,0.014291088096797466,0.014295895583927631,0.014290235005319118,0.014295128174126148,0.014289439655840397,0.8713582158088684,0.01429086271673441,0.014294837601482868
"DM-16666",False,"valid",0.0,0.0,0.0,0.9185811281204224,0.0,0.0,0.0,0.0,0.0,0.0
"DM-9710",False,"valid",0.0,0.0,0.0,0.20464110374450684,0.0,0.0,0.780474066734314,0.0,0.0,0.0
"DM-17672",False,"valid",0.0,0.7398755550384521,0.0,0.0,0.0,0.0,0.0,0.0,0.2045643925666809,0.0
"DM-3632",True,"valid",0.0,0.0,0.3738102614879608,0.0,0.0,0.0,0.0,0.5818817615509033,0.0,0.0
"DM-9303",False,"valid",0.0,0.4858802258968353,0.0,0.3424018919467926,0.06482288986444473,0.0,0.0,0.0,0.1034853532910347,0.0
"DM-2322",True,"valid",0.0,0.0,0.0,0.0,0.6011273264884949,0.0,0.0,0.0,0.3416823446750641,0.0
"DM-14306",False,"valid",0.0,0.9607508182525635,0.0,0.0,0.0,0.0,0.0,0.0,0.0,0.0
"DM-6522",False,"valid",0.460438996553421,0.011954099871218204,0.011951668187975883,0.011954547837376595,0.44393864274024963,0.011953110806643963,0.011952891014516354,0.011954134330153465,0.01194977667182684,0.01195207517594099
"DM-5694",False,"valid",0.0,0.0,0.0,0.0,0.0,0.0,0.0,0.9470387101173401,0.0,0.0
"DM-8669",False,"valid",0.01977178454399109,0.019771182909607887,0.019772760570049286,0.01977629028260708,0.822037935256958,0.019773392006754875,0.019775163382291794,0.019774170592427254,0.01977079175412655,0.019776485860347748
"DM-13405",False,"valid",0.0,0.0,0.0,0.0,0.0,0.0,0.0,0.14714062213897705,0.0,0.8112930655479431
"DM-11887",False,"valid",0.0,0.0,0.0,0.0,0.9689376950263977,0.0,0.0,0.0,0.0,0.0
"DM-11650",False,"valid",0.0,0.47517988085746765,0.12263395637273788,0.0,0.0,0.0,0.28881359100341797,0.0854264348745346,0.0,0.0
"DM-6656",False,"valid",0.0,0.0,0.0,0.8119595050811768,0.0,0.0,0.17876073718070984,0.0,0.0,0.0
"DM-10403",False,"valid",0.025085758417844772,0.516731321811676,0.025078920647501945,0.025088120251893997,0.025081703439354897,0.025079725310206413,0.025087552145123482,0.28260913491249084,0.025078902021050453,0.025078890845179558
"DM-11764",False,"valid",0.08240195363759995,0.6576499342918396,0.0,0.0,0.15751716494560242,0.0,0.0,0.0,0.09406954795122147,0.0
"DM-1659",False,"valid",0.0,0.25261190533638,0.0,0.7244876027107239,0.0,0.0,0.0,0.0,0.0,0.0
"DM-5939",False,"valid",0.0,0.33514541387557983,0.0,0.0,0.0,0.0,0.08204354345798492,0.18133938312530518,0.392665296792984,0.0
"DM-12536",False,"valid",0.0,0.14781001210212708,0.0,0.0,0.7905231714248657,0.0,0.0,0.0,0.0,0.04570192098617554
"DM-3468",False,"valid",0.41868382692337036,0.0,0.0,0.0,0.0,0.3851844370365143,0.0,0.0,0.0,0.18098218739032745
"DM-10877",False,"valid",0.016670698300004005,0.01667098142206669,0.01667071506381035,0.016671137884259224,0.016670789569616318,0.016670849174261093,0.016670746728777885,0.8499618172645569,0.01667071133852005,0.01667160913348198
"DM-16172",False,"valid",0.0,0.0,0.0,0.0,0.0,0.30259209871292114,0.05690066143870354,0.09213950484991074,0.5385587811470032,0.0
"DM-15027",False,"valid",0.0,0.3031086027622223,0.16291886568069458,0.0,0.0,0.0,0.0,0.510620653629303,0.0,0.0
"DM-5448",False,"valid",0.0,0.9435089826583862,0.0,0.0,0.0,0.0,0.0,0.0,0.0,0.0
"DM-15652",False,"valid",0.0,0.0,0.0,0.0,0.0,0.0,0.9444909691810608,0.0,0.0,0.0
"DM-17269",False,"valid",0.0,0.0,0.5709822177886963,0.0,0.14570219814777374,0.0,0.0,0.0,0.0,0.24989329278469086
"DM-421",False,"valid",0.0,0.0,0.0,0.0,0.0,0.0,0.0,0.0,0.0,0.910732090473175
"DM-5940",False,"valid",0.0,0.5549736618995667,0.0,0.0,0.12301866710186005,0.2967762351036072,0.0,0.0,0.0,0.0
"DM-15046",False,"valid",0.0,0.0,0.0,0.9181294441223145,0.0,0.0,0.0,0.0,0.0,0.0
"DM-5816",False,"valid",0.0,0.5492568016052246,0.0,0.12399087846279144,0.0,0.0,0.0,0.0,0.0,0.31010517477989197
"DM-15887",False,"valid",0.0,0.0,0.0,0.0,0.3264237642288208,0.0,0.3271724283695221,0.0,0.0,0.33351606130599976
"DM-5869",False,"valid",0.0,0.0,0.0,0.0,0.6812159419059753,0.17613761126995087,0.0,0.0,0.0,0.12235412746667862
"DM-4575",True,"valid",0.0,0.0,0.5406857132911682,0.0,0.0,0.0,0.0,0.0,0.16169874370098114,0.26124435663223267
"DM-8496",False,"valid",0.0,0.0,0.0,0.0,0.9399177432060242,0.0,0.0,0.0,0.0,0.0
"DM-6356",False,"valid",0.0,0.0,0.0,0.0,0.0,0.7641339898109436,0.0,0.0,0.0,0.1824863702058792
"DM-4960",False,"valid",0.0,0.0,0.0,0.2739101052284241,0.1649285852909088,0.04025639593601227,0.0,0.1515204757452011,0.23883461952209473,0.12513931095600128
"DM-11349",True,"valid",0.10938628017902374,0.0,0.0,0.7065922021865845,0.0,0.0,0.0,0.1767086386680603,0.0,0.0
"DM-14110",False,"valid",0.011120120994746685,0.011120337061583996,0.011119971983134747,0.8999185562133789,0.011119979433715343,0.011120175942778587,0.01112012192606926,0.011119969189167023,0.011120054870843887,0.011120719835162163
"DM-5775",False,"valid",0.0,0.0,0.28292638063430786,0.5231853127479553,0.0,0.0,0.0,0.0,0.0,0.18637491762638092
"DM-13627",False,"valid",0.0,0.0,0.0,0.9364251494407654,0.0,0.0,0.0,0.0,0.0,0.0
"DM-8720",False,"valid",0.0,0.0,0.0,0.0,0.1863357275724411,0.0,0.0,0.0,0.0,0.7526830434799194
"DM-12472",False,"valid",0.0,0.0,0.0,0.0,0.9534081220626831,0.0,0.0,0.0,0.0,0.0
"DM-17279",False,"valid",0.0,0.13141144812107086,0.0,0.0,0.08484353870153427,0.0,0.0,0.0,0.7567059993743896,0.0
"DM-7489",False,"valid",0.0,0.1838739514350891,0.0,0.2027263641357422,0.0,0.0,0.0,0.5409005880355835,0.04732165485620499,0.0
"DM-12535",False,"valid",0.0,0.0,0.0,0.0,0.2100532501935959,0.0,0.11271582543849945,0.6576113104820251,0.0,0.0
"DM-17506",False,"valid",0.0,0.17635490000247955,0.0,0.2302216738462448,0.08233918994665146,0.0,0.0,0.0,0.0,0.49943315982818604
"DM-12876",False,"valid",0.0,0.0,0.0,0.0,0.9639071822166443,0.0,0.0,0.0,0.0,0.0
"DM-5274",False,"valid",0.0,0.0,0.0,0.43531638383865356,0.0,0.0,0.0,0.0,0.4979223608970642,0.0
"DM-7504",False,"valid",0.0,0.0,0.0,0.0,0.09907785058021545,0.0,0.30037781596183777,0.0,0.0,0.5791930556297302
"DM-4577",False,"valid",0.019968044012784958,0.01996925286948681,0.01997039094567299,0.5906243324279785,0.01996714435517788,0.01996838115155697,0.0199687872081995,0.019969040527939796,0.24962551891803741,0.019969074055552483
"DM-1332",False,"valid",0.017785588279366493,0.4711453318595886,0.0,0.0,0.0,0.44485265016555786,0.0,0.0,0.0,0.058077070862054825
"DM-6358",False,"valid",0.011115018278360367,0.011114565655589104,0.011114760302007198,0.011115208268165588,0.8999646902084351,0.011117290705442429,0.011114582419395447,0.011114772409200668,0.011114388704299927,0.011114655993878841
"DM-12818",False,"valid",0.0,0.13484463095664978,0.5505859851837158,0.0,0.0,0.0,0.0,0.0,0.0,0.29891160130500793
"DM-5289",False,"valid",0.10338805615901947,0.0,0.0,0.0,0.0,0.0,0.0,0.8444908261299133,0.046748626977205276,0.0
"DM-17662",False,"valid",0.033184442669153214,0.03319055959582329,0.033188700675964355,0.2931635081768036,0.033179085701704025,0.033178895711898804,0.441382497549057,0.0331767275929451,0.033177535980939865,0.03317800164222717
"DM-8223",False,"valid",0.0,0.0,0.0,0.8391815423965454,0.0,0.11673282831907272,0.0,0.0,0.0,0.0
"DM-4847",False,"valid",0.0,0.238974928855896,0.0,0.0,0.0,0.0,0.0,0.623212993144989,0.0,0.09302955120801926
"DM-17310",True,"valid",0.0,0.2887722849845886,0.0,0.0,0.0,0.0,0.0,0.0,0.0,0.6813423037528992
"DM-9669",False,"valid",0.0,0.0,0.0,0.96783846616745,0.0,0.0,0.0,0.0,0.0,0.0
"DM-11160",False,"valid",0.0,0.0,0.0,0.0,0.3825339078903198,0.0,0.0,0.23449964821338654,0.3130241930484772,0.0
"DM-13456",True,"valid",0.0,0.0,0.0,0.6758009791374207,0.0,0.0,0.0,0.0,0.0,0.2709484398365021
"DM-17044",False,"valid",0.0,0.0,0.0,0.2765975594520569,0.0,0.35013434290885925,0.0,0.3587152063846588,0.0,0.0
"DM-15322",False,"valid",0.0,0.0,0.4835582673549652,0.0,0.0,0.0,0.2840096354484558,0.0,0.0,0.20559552311897278
"DM-6542",False,"valid",0.0,0.0,0.0,0.3144803047180176,0.6491085886955261,0.0,0.0,0.0,0.0,0.0
"DM-4156",False,"valid",0.0,0.0,0.0,0.0,0.15178024768829346,0.0,0.0,0.8388798236846924,0.0,0.0
"DM-15751",False,"valid",0.0,0.0,0.06466735154390335,0.0,0.17884863913059235,0.0,0.09986989200115204,0.4303884208202362,0.04842928424477577,0.16852742433547974
"DM-5702",False,"valid",0.0,0.0,0.0,0.2122504562139511,0.0,0.0,0.0,0.7706156969070435,0.0,0.0
"DM-4697",True,"valid",0.35619112849235535,0.016674939543008804,0.016671326011419296,0.2143792361021042,0.016671977937221527,0.016672540456056595,0.016673991456627846,0.312719464302063,0.016671424731612206,0.016673972830176353
"DM-9873",False,"valid",0.4241591989994049,0.08031722903251648,0.0,0.0,0.0,0.210793137550354,0.0,0.0,0.0,0.27759239077568054
"DM-8608",False,"valid",0.025022229179739952,0.02501305565237999,0.025013023987412453,0.5401485562324524,0.25970956683158875,0.025014782324433327,0.02502617985010147,0.025016354396939278,0.025022273883223534,0.025014018639922142
"DM-15920",False,"valid",0.0,0.0,0.0,0.7184746265411377,0.0,0.2346171885728836,0.0,0.0,0.0,0.0
"DM-17074",False,"valid",0.0,0.0,0.0,0.0,0.0,0.814574658870697,0.0,0.0,0.0,0.15114201605319977
"DM-18689",False,"valid",0.0,0.0,0.0,0.0,0.13667885959148407,0.0,0.3294370174407959,0.5118904709815979,0.0,0.0
"DM-17384",False,"valid",0.012501193210482597,0.012501371093094349,0.8874865174293518,0.012501653283834457,0.012501662597060204,0.012501150369644165,0.012501147575676441,0.01250268705189228,0.012500959448516369,0.012501675635576248
"DM-11771",False,"valid",0.0,0.0,0.0,0.0,0.0,0.6553226113319397,0.2834620773792267,0.0,0.0,0.0
"DM-10617",False,"valid",0.8599416613578796,0.0,0.0,0.0,0.0,0.0,0.11573281139135361,0.0,0.0,0.0
"DM-11026",True,"valid",0.0,0.47224485874176025,0.0,0.0,0.0,0.0,0.10604454576969147,0.0,0.39695361256599426,0.0
"DM-13687",False,"valid",0.0,0.0,0.0,0.2886618375778198,0.2484571486711502,0.04188299551606178,0.0,0.4113222658634186,0.0,0.0
"DM-2841",False,"valid",0.0,0.0,0.0,0.0,0.3880952000617981,0.0,0.5621106624603271,0.0,0.0,0.0
"DM-3400",False,"valid",0.0,0.652673065662384,0.0,0.0,0.0,0.0,0.0,0.0,0.0,0.31878238916397095
"DM-10926",False,"valid",0.0,0.0,0.0,0.0,0.0,0.0,0.0,0.0,0.9902914762496948,0.0
"DM-11751",False,"valid",0.0,0.0,0.0,0.5968068838119507,0.16816279292106628,0.0,0.21658925712108612,0.0,0.0,0.0
"DM-11536",False,"valid",0.0,0.0,0.0,0.0,0.9136961102485657,0.0,0.0,0.0,0.0,0.0
"DM-12419",False,"valid",0.0,0.0,0.6760192513465881,0.0,0.0,0.0,0.0,0.24123193323612213,0.0,0.05350806564092636
"DM-4323",False,"valid",0.0,0.8248506188392639,0.0,0.0,0.0,0.0,0.0,0.12850557267665863,0.0,0.0
"DM-1944",False,"valid",0.0,0.0,0.0,0.0,0.0,0.0,0.0,0.576500415802002,0.0,0.37980273365974426
"DM-3265",False,"valid",0.0,0.8967052102088928,0.08217061311006546,0.0,0.0,0.0,0.0,0.0,0.0,0.0
"DM-5313",False,"valid",0.015713278204202652,0.015713173896074295,0.015714023262262344,0.015715016052126884,0.8585749268531799,0.015713198110461235,0.015713391825556755,0.015714814886450768,0.015713194385170937,0.0157149825245142
"DM-11905",False,"valid",0.0,0.2268945872783661,0.0,0.0,0.0,0.03673260658979416,0.0,0.624978244304657,0.10088113695383072,0.0
"DM-3143",False,"valid",0.0,0.25533103942871094,0.0,0.10916279256343842,0.0,0.0,0.0,0.0,0.6166072487831116,0.0
"DM-9024",False,"valid",0.0,0.5500816702842712,0.0,0.0,0.0,0.0,0.0,0.0,0.4222509264945984,0.0
"DM-4788",False,"valid",0.5160583853721619,0.20470258593559265,0.0,0.0,0.0,0.0,0.0,0.09695453941822052,0.15218378603458405,0.0
"DM-9846",False,"valid",0.0,0.0,0.0,0.0,0.0,0.9639755487442017,0.0,0.0,0.0,0.0
"DM-12776",True,"valid",0.057167064398527145,0.0,0.0,0.2372838407754898,0.0,0.0,0.0,0.0,0.09007678180932999,0.6011907458305359
"DM-2929",False,"valid",0.0,0.6746035814285278,0.0,0.0,0.0,0.0,0.0,0.0,0.0,0.31242266297340393
"DM-13417",False,"valid",0.0,0.5638668537139893,0.0,0.0,0.0,0.4149472415447235,0.0,0.0,0.0,0.0
"DM-9004",False,"valid",0.0,0.0,0.3601997494697571,0.0,0.0,0.0,0.0,0.35889357328414917,0.25419071316719055,0.0
"DM-6817",False,"valid",0.17698636651039124,0.32565221190452576,0.0,0.0,0.0,0.0,0.0,0.46022355556488037,0.0,0.0
"DM-7554",False,"valid",0.0,0.7127816677093506,0.0,0.0,0.0,0.0,0.0,0.24215231835842133,0.0,0.0
"DM-609",False,"valid",0.0,0.8589003086090088,0.0,0.0,0.0,0.0,0.1240532323718071,0.0,0.0,0.0
"DM-12457",False,"valid",0.0,0.0,0.0,0.36946216225624084,0.18765729665756226,0.0,0.0,0.0,0.4178476929664612,0.0
"DM-1462",False,"valid",0.0,0.613690197467804,0.32891878485679626,0.0,0.0,0.0,0.0,0.0,0.0,0.0
"DM-12697",False,"valid",0.0,0.0,0.2054424285888672,0.19595468044281006,0.2824400067329407,0.29619818925857544,0.0,0.0,0.0,0.0
"DM-2387",False,"valid",0.015567531809210777,0.015568296425044537,0.015567349269986153,0.015568602830171585,0.01556903775781393,0.8598819971084595,0.015569322742521763,0.015570453368127346,0.015569288283586502,0.015568116679787636
"DM-9552",False,"valid",0.414201021194458,0.014247341081500053,0.014247631654143333,0.014247593469917774,0.014246989041566849,0.014248211868107319,0.014247250743210316,0.4718150198459625,0.014249064028263092,0.014249904081225395
"DM-9761",False,"valid",0.0,0.9253308176994324,0.0,0.0,0.0,0.0,0.0,0.0,0.0,0.0
"DM-5681",True,"valid",0.0,0.23693405091762543,0.0,0.0,0.0,0.0,0.0,0.0,0.0,0.7381094098091125
"DM-1497",False,"valid",0.010986633598804474,0.010992959141731262,0.010987367480993271,0.0109879644587636,0.010987721383571625,0.01098928414285183,0.01099085807800293,0.01098805945366621,0.01098778285086155,0.9011014103889465
"DM-4538",False,"valid",0.0,0.0,0.21799392998218536,0.37511542439460754,0.0,0.0,0.0,0.0,0.0,0.37777137756347656
"DM-14429",False,"valid",0.28990358114242554,0.0,0.0,0.0,0.6599574089050293,0.0,0.0,0.0,0.0,0.0
"DM-11360",False,"valid",0.0,0.0,0.115515798330307,0.0,0.0,0.0,0.25894489884376526,0.0,0.0,0.6021621823310852
"DM-10948",False,"valid",0.0,0.07077495008707047,0.0,0.42304104566574097,0.0,0.0,0.0,0.0,0.31803402304649353,0.17415761947631836
"DM-16299",False,"valid",0.0,0.0,0.0,0.8170166015625,0.0,0.0,0.0,0.15852195024490356,0.0,0.0
"DM-7535",False,"valid",0.0,0.0,0.0,0.0,0.0,0.0,0.0,0.6923356056213379,0.281849205493927,0.0
"DM-5729",False,"valid",0.0,0.0,0.0,0.0,0.0,0.0,0.12988899648189545,0.0,0.0,0.8392945528030396
"DM-3632",True,"valid",0.0,0.0,0.3738102614879608,0.0,0.0,0.0,0.0,0.5818817615509033,0.0,0.0
"DM-9170",True,"valid",0.0,0.0,0.0,0.0,0.9437136054039001,0.0,0.0,0.0,0.0,0.0
"DM-7378",False,"valid",0.0,0.28334635496139526,0.0,0.0,0.0,0.0,0.5436381101608276,0.0,0.0,0.1229635551571846
"DM-4036",False,"valid",0.27430859208106995,0.37017685174942017,0.08786051720380783,0.0,0.0,0.0,0.0,0.0,0.0,0.24545584619045258
"DM-5323",False,"valid",0.48991063237190247,0.0,0.0,0.0,0.0,0.0,0.0,0.4632459580898285,0.0,0.0
"DM-7177",True,"valid",0.0,0.4006452262401581,0.0,0.0,0.28293341398239136,0.0,0.0,0.0,0.0,0.27528074383735657
"DM-13693",False,"valid",0.0,0.6961128115653992,0.0,0.0,0.0,0.0,0.21393822133541107,0.0,0.058306194841861725,0.0
"DM-5484",False,"valid",0.0,0.26053187251091003,0.0,0.0,0.16018299758434296,0.0,0.0,0.0,0.529907763004303,0.0
"DM-3632",True,"valid",0.0,0.0,0.3738102614879608,0.0,0.0,0.0,0.0,0.5818817615509033,0.0,0.0
"DM-4236",False,"valid",0.0,0.0,0.0,0.0,0.2085670679807663,0.0,0.12348545342683792,0.0,0.1917649209499359,0.4648720324039459
"DM-5909",False,"valid",0.0,0.0,0.0,0.0,0.0,0.0,0.0,0.0,0.0,0.9571300745010376
"DM-14218",False,"valid",0.014309609308838844,0.8712660670280457,0.014304008334875107,0.01430168841034174,0.014303522184491158,0.01430600043386221,0.014302544295787811,0.014302008785307407,0.014301948249340057,0.01430258248001337
"DM-14429",False,"valid",0.28990358114242554,0.0,0.0,0.0,0.6599574089050293,0.0,0.0,0.0,0.0,0.0
"DM-15364",False,"valid",0.0,0.0,0.0,0.0,0.0,0.32871299982070923,0.07479497045278549,0.0,0.0,0.5719619989395142
"DM-17664",False,"valid",0.0,0.0,0.0,0.0,0.0,0.0,0.9356949329376221,0.0,0.0,0.0
"DM-11691",False,"valid",0.0,0.039744697511196136,0.0,0.0,0.0,0.0,0.0,0.018725721165537834,0.9305601119995117,0.0
"DM-2425",False,"valid",0.0,0.0,0.6470798850059509,0.0,0.0,0.3347006142139435,0.0,0.0,0.0,0.0
"DM-6138",False,"valid",0.0,0.0,0.1786928027868271,0.582432210445404,0.0,0.0,0.0,0.0,0.0,0.2126435786485672
"DM-12700",False,"valid",0.0,0.39356115460395813,0.0,0.0,0.0,0.0,0.0,0.0,0.2781352996826172,0.2717874050140381
"DM-927",False,"valid",0.01666804775595665,0.016668779775500298,0.016668448224663734,0.016668274998664856,0.8499827980995178,0.016668695956468582,0.01666836068034172,0.016669193282723427,0.01666826196014881,0.01666918769478798
"DM-9567",True,"valid",0.0,0.0,0.0,0.045183829963207245,0.1652258038520813,0.20142140984535217,0.0,0.0,0.0,0.580204427242279
"DM-9816",False,"valid",0.0,0.0,0.0,0.1145465299487114,0.0,0.0,0.223453089594841,0.20238043367862701,0.09039949625730515,0.3592264950275421
"DM-4837",False,"valid",0.0,0.0,0.0,0.0,0.0,0.0,0.0,0.7402916550636292,0.22585459053516388,0.0
"DM-9328",False,"valid",0.0,0.5303201675415039,0.0,0.04615132138133049,0.0,0.37540876865386963,0.0,0.021036284044384956,0.0,0.0258333720266819
"DM-5298",False,"valid",0.0,0.0,0.0,0.0,0.3901008665561676,0.0,0.0,0.0,0.0,0.5529679656028748
"DM-788",False,"valid",0.019969318062067032,0.019968459382653236,0.01996844820678234,0.01996614784002304,0.019966168329119682,0.5821658968925476,0.019971122965216637,0.019968731328845024,0.01996687427163124,0.2580888271331787
"DM-9888",False,"valid",0.0,0.0,0.0,0.12870407104492188,0.16965048015117645,0.0,0.6810261607170105,0.0,0.0,0.0
"DM-8080",False,"valid",0.0,0.0,0.09034834057092667,0.0,0.3228732943534851,0.5597833395004272,0.0,0.0,0.0,0.0
"DM-17437",False,"valid",0.0,0.0,0.0,0.0,0.0,0.0,0.9589974880218506,0.0,0.0,0.0
"DM-8752",False,"valid",0.012506877072155476,0.01251209620386362,0.012509331107139587,0.5851485729217529,0.012510082684457302,0.012510205619037151,0.012508713640272617,0.3147803246974945,0.012507317587733269,0.012506453320384026
"DM-8394",False,"valid",0.0,0.0,0.0,0.0,0.0,0.0,0.24881674349308014,0.0,0.6893516778945923,0.0
"DM-14810",False,"valid",0.47161203622817993,0.10883667320013046,0.0,0.0,0.08930613100528717,0.0,0.20465941727161407,0.0,0.0,0.11699172109365463
"DM-17977",False,"valid",0.0,0.0,0.0,0.0,0.0,0.0,0.45872318744659424,0.0,0.11386340111494064,0.4138181507587433
"DM-1352",True,"valid",0.7626985907554626,0.0,0.0,0.0,0.0,0.0,0.02682451717555523,0.0,0.0,0.2008737325668335
"DM-5773",False,"valid",0.08825930953025818,0.3190667927265167,0.0,0.0,0.0,0.0,0.10539379715919495,0.38194409012794495,0.09253736585378647,0.0
"DM-13364",False,"valid",0.10354655981063843,0.0,0.0,0.7107539176940918,0.1221487820148468,0.0,0.0,0.0,0.0,0.0
"DM-9816",False,"valid",0.0,0.0,0.0,0.1145465299487114,0.0,0.0,0.223453089594841,0.20238043367862701,0.09039949625730515,0.3592264950275421
"DM-12424",False,"valid",0.0,0.0,0.0,0.0,0.0,0.9653035402297974,0.0,0.0,0.0,0.0
"DM-10984",False,"valid",0.0,0.0,0.0,0.0,0.0,0.10407394170761108,0.0,0.0,0.0,0.8538351655006409
"DM-4550",False,"valid",0.0,0.0,0.38072168827056885,0.0,0.0,0.0,0.0,0.5505347847938538,0.0,0.0
"DM-5185",True,"valid",0.01667681708931923,0.016669882461428642,0.01667226478457451,0.8499613404273987,0.016669709235429764,0.01667020656168461,0.01667012833058834,0.01667018234729767,0.0166697446256876,0.0166697446256876
"DM-6533",False,"valid",0.0,0.0,0.2917575538158417,0.0,0.5189015865325928,0.0,0.0,0.0,0.0,0.1395474374294281
"DM-10005",True,"valid",0.0,0.0,0.0,0.0,0.9639822244644165,0.0,0.0,0.0,0.0,0.0
"DM-13083",False,"valid",0.0,0.0,0.0,0.705501139163971,0.0,0.26243892312049866,0.0,0.0,0.0,0.0
"DM-2005",False,"valid",0.0,0.0,0.0,0.0,0.5879892706871033,0.0,0.17720714211463928,0.0,0.0,0.19794520735740662
"DM-5827",False,"valid",0.0,0.0,0.0,0.0,0.2615002691745758,0.15721650421619415,0.0,0.5704800486564636,0.0,0.0
"DM-5163",False,"valid",0.0,0.0,0.0,0.22948692739009857,0.0,0.0,0.35472342371940613,0.3916133940219879,0.0,0.0
"DM-14030",True,"valid",0.6937406659126282,0.0,0.0,0.0,0.0,0.0,0.0,0.0,0.08041141927242279,0.21944543719291687
"DM-10895",False,"valid",0.0,0.6401068568229675,0.2668125629425049,0.07195437699556351,0.0,0.0,0.0,0.0,0.0,0.0
"DM-10974",False,"valid",0.0,0.0,0.0,0.0,0.0,0.0,0.0,0.0,0.0,0.9504231214523315
"DM-4152",False,"valid",0.0,0.0,0.0,0.0,0.0,0.0,0.0,0.0,0.0,0.9762798547744751
"DM-15134",False,"valid",0.0,0.0,0.0,0.0,0.0,0.0,0.9465181827545166,0.0,0.0,0.0
"DM-16392",False,"valid",0.0,0.0,0.0,0.45161306858062744,0.0,0.0,0.026455555111169815,0.09532374888658524,0.24076372385025024,0.18222227692604065
"DM-15891",False,"valid",0.1833053082227707,0.0,0.6641217470169067,0.0,0.0,0.0,0.0,0.0,0.0,0.14143411815166473
"DM-17640",False,"valid",0.0,0.7789633274078369,0.0,0.0,0.19322919845581055,0.0,0.0,0.0,0.0,0.0
"DM-1328",False,"valid",0.0,0.0,0.0,0.7274286150932312,0.0,0.07319620251655579,0.1661827713251114,0.0,0.0,0.0
"DM-14074",False,"valid",0.0,0.2445184588432312,0.0,0.7157953977584839,0.0,0.0,0.0,0.0,0.0,0.0
"DM-10046",False,"valid",0.0,0.657854437828064,0.0,0.20261169970035553,0.0,0.11833757162094116,0.0,0.0,0.0,0.0
"DM-10069",False,"valid",0.0,0.0,0.0,0.0,0.0,0.0,0.22805052995681763,0.7410956025123596,0.0,0.0
"DM-2175",False,"valid",0.0,0.0,0.0,0.0,0.0,0.0,0.44072797894477844,0.07615473121404648,0.0,0.46052324771881104
"DM-2837",False,"valid",0.0,0.9808388948440552,0.0,0.0,0.0,0.0,0.0,0.0,0.0,0.0
"DM-17038",False,"valid",0.0,0.0,0.0,0.0,0.0,0.7741804718971252,0.0,0.0,0.19235673546791077,0.0
"DM-17658",False,"valid",0.0,0.0,0.0,0.0,0.0,0.0,0.9399763345718384,0.0,0.0,0.0
"DM-7157",False,"valid",0.0,0.0,0.0,0.0,0.0,0.0,0.9698652029037476,0.0,0.0,0.0
"DM-17195",False,"valid",0.027179205790162086,0.0,0.0,0.0,0.0,0.0,0.01869887299835682,0.0,0.9520313143730164,0.0
"DM-14346",False,"valid",0.010008190758526325,0.010012904182076454,0.010008572600781918,0.010009055025875568,0.9099143147468567,0.010010120458900928,0.010010123252868652,0.01000872254371643,0.01000894419848919,0.010009054094552994
"DM-17501",False,"valid",0.0,0.063130222260952,0.0,0.22160904109477997,0.0,0.13416633009910583,0.0,0.0,0.0,0.5599153637886047
"DM-7164",False,"valid",0.0,0.0,0.0,0.3789609670639038,0.0,0.0,0.0,0.0,0.0,0.6121314167976379
"DM-8105",False,"valid",0.0,0.5011247992515564,0.0,0.0,0.0,0.0,0.3627372682094574,0.0,0.11718691140413284,0.0
"DM-11229",True,"valid",0.0,0.3403685390949249,0.2710449695587158,0.0,0.0,0.0,0.0,0.0,0.0,0.36311155557632446
"DM-18547",True,"valid",0.4794779419898987,0.010991629213094711,0.010990872979164124,0.010990826413035393,0.432591050863266,0.010991435497999191,0.01099140103906393,0.010991971008479595,0.010990486480295658,0.01099233515560627
"DM-13581",True,"valid",0.0,0.0,0.0,0.9499035477638245,0.0,0.0,0.0,0.0,0.0,0.0
"DM-10142",False,"valid",0.0,0.0,0.0,0.0,0.0,0.0,0.0,0.9436071515083313,0.0,0.0
"DM-13349",False,"valid",0.0,0.0,0.0,0.0,0.0,0.0,0.5407811403274536,0.0,0.0,0.4121369421482086
"DM-11902",False,"valid",0.0,0.1806195080280304,0.0,0.0,0.0,0.7993549108505249,0.0,0.0,0.0,0.0
"DM-3926",False,"valid",0.0,0.4020180404186249,0.0,0.0,0.0,0.23513181507587433,0.0,0.08474530279636383,0.0,0.25876516103744507
"DM-11315",False,"valid",0.15750358998775482,0.010989613831043243,0.01098895724862814,0.3534967005252838,0.41207337379455566,0.01098955050110817,0.010989290662109852,0.010989727452397346,0.010989099740982056,0.010990154929459095
"DM-2662",False,"valid",0.0,0.0,0.0,0.0,0.0,0.0,0.0,0.8514989018440247,0.0,0.13597701489925385
"DM-649",True,"valid",0.04848251864314079,0.32202982902526855,0.0,0.0,0.0,0.12973037362098694,0.0,0.47131240367889404,0.0,0.0
"DM-13679",False,"valid",0.0,0.0,0.0,0.0,0.0,0.0,0.0,0.15953728556632996,0.7676709890365601,0.0
"DM-5125",False,"valid",0.0,0.0,0.0,0.0,0.0,0.10743007063865662,0.19536025822162628,0.24320966005325317,0.450052946805954,0.0
"DM-8842",False,"valid",0.0,0.560093343257904,0.2427782565355301,0.0,0.18329143524169922,0.0,0.0,0.0,0.0,0.0
"DM-15899",False,"valid",0.011088759638369083,0.011094086803495884,0.011088525876402855,0.011089698411524296,0.9001897573471069,0.011088992469012737,0.011088963598012924,0.01109135989099741,0.011089240200817585,0.011090537533164024
"DM-14837",False,"valid",0.051282789558172226,0.0834755003452301,0.0,0.39079520106315613,0.0,0.0,0.0,0.0,0.0,0.457376092672348
"DM-5446",False,"valid",0.0,0.0,0.0,0.0,0.0,0.640253484249115,0.0,0.0,0.0,0.3128417134284973
"DM-10346",False,"valid",0.0,0.0,0.0,0.0,0.0,0.0,0.0,0.9666366577148438,0.0,0.0
"DM-7451",False,"valid",0.0,0.0,0.0,0.0,0.11911831051111221,0.0,0.0,0.8475961685180664,0.0,0.0
"DM-7974",False,"valid",0.0,0.0,0.0,0.0,0.0,0.0,0.9879811406135559,0.0,0.0,0.0
"DM-2157",True,"valid",0.0,0.0,0.0,0.0,0.0,0.0,0.6952117085456848,0.0,0.29852935671806335,0.0
"DM-18576",False,"valid",0.05266108736395836,0.8402695655822754,0.0,0.0,0.0,0.0,0.08300261199474335,0.0,0.0,0.0
"DM-14385",False,"valid",0.0,0.0,0.0,0.0,0.2398792803287506,0.0,0.0,0.0,0.0,0.7102081179618835
"DM-2885",True,"valid",0.0,0.0,0.0,0.0,0.0,0.2654898166656494,0.0,0.0,0.0,0.7264101505279541
"DM-7744",False,"valid",0.0,0.0,0.0,0.0,0.8050371408462524,0.0,0.0,0.0,0.0,0.17492492496967316
"DM-8405",False,"valid",0.0992741659283638,0.0,0.0,0.0,0.0,0.0,0.0,0.8508141040802002,0.0,0.0
"DM-8571",True,"valid",0.22006180882453918,0.0,0.0,0.5246440172195435,0.0,0.0,0.0,0.0,0.0,0.2439909726381302
"DM-13771",False,"valid",0.46674802899360657,0.0,0.0,0.5183939933776855,0.0,0.0,0.0,0.0,0.0,0.0
"DM-9872",True,"valid",0.0,0.0,0.0,0.0,0.0,0.0,0.16800358891487122,0.0,0.4075230062007904,0.39545249938964844
"DM-1694",True,"valid",0.016689395532011986,0.01669386215507984,0.016690175980329514,0.47859787940979004,0.01670047454535961,0.016691120341420174,0.016691191121935844,0.38786089420318604,0.016690608114004135,0.016694415360689163
"DM-2662",False,"valid",0.0,0.0,0.0,0.0,0.0,0.0,0.0,0.8514989018440247,0.0,0.13597701489925385
"DM-4833",False,"valid",0.0,0.0,0.0,0.0,0.0,0.9469825029373169,0.0,0.0,0.0,0.0
"DM-15725",False,"valid",0.0,0.0,0.0,0.9762870073318481,0.0,0.0,0.0,0.0,0.0,0.0
"DM-3483",False,"valid",0.27169257402420044,0.1815684288740158,0.0,0.0,0.0,0.0,0.07047680020332336,0.25399523973464966,0.0,0.20562173426151276
"DM-14630",False,"valid",0.0,0.0,0.0,0.0,0.0,0.0,0.9179020524024963,0.0,0.0,0.0
"DM-10304",True,"valid",0.0,0.1351855844259262,0.0,0.1985311359167099,0.5324063301086426,0.0,0.0,0.0,0.10997169464826584,0.0
"DM-2363",False,"valid",0.0,0.0,0.019630108028650284,0.0,0.0,0.0,0.0,0.17939208447933197,0.23832908272743225,0.553156852722168
"DM-1130",False,"valid",0.0,0.591218888759613,0.0,0.0,0.3374946117401123,0.0,0.0,0.0,0.0,0.0
"DM-509",False,"valid",0.0,0.0,0.0,0.0,0.0,0.1482003629207611,0.813643217086792,0.0,0.0,0.0
"DM-11569",False,"valid",0.244265615940094,0.0,0.0,0.6391551494598389,0.0,0.0,0.0,0.0,0.09326151013374329,0.0
"DM-16432",False,"valid",0.1273549497127533,0.0,0.0,0.0,0.0,0.0,0.8490942120552063,0.0,0.0,0.0
"DM-16305",False,"valid",0.0,0.271698534488678,0.0,0.0,0.0,0.38322076201438904,0.0,0.0,0.0,0.32483944296836853
"DM-505",False,"valid",0.010903076268732548,0.010905653238296509,0.010903307236731052,0.01090596430003643,0.010904325172305107,0.01090525183826685,0.6578248143196106,0.01090406347066164,0.010903997346758842,0.2549394965171814
"DM-8419",False,"valid",0.016600115224719048,0.850592851638794,0.01660003699362278,0.016599271446466446,0.01660173200070858,0.016599498689174652,0.016607707366347313,0.016599221155047417,0.016600128263235092,0.016599448397755623
"DM-10435",False,"valid",0.0,0.7182589769363403,0.0,0.0,0.0,0.0,0.0,0.0,0.058107294142246246,0.17967215180397034
"DM-13648",False,"valid",0.0,0.0,0.0,0.0,0.0,0.0,0.9319136738777161,0.0,0.0,0.0
"DM-814",False,"valid",0.0,0.561638593673706,0.0,0.0,0.0,0.3940475881099701,0.0,0.0,0.0,0.0
"DM-1906",False,"valid",0.0,0.0,0.0,0.18689776957035065,0.0,0.07025997340679169,0.0,0.3466465473175049,0.22372372448444366,0.16723239421844482
"DM-1770",True,"valid",0.0,0.0,0.0,0.7357592582702637,0.0,0.0,0.22947876155376434,0.0,0.0,0.0
"DM-14014",False,"valid",0.0,0.09977813810110092,0.0,0.0,0.0,0.3986271917819977,0.06577610224485397,0.28272756934165955,0.0,0.13925370573997498
"DM-10614",True,"valid",0.0,0.0,0.0,0.10616244375705719,0.0,0.0,0.0,0.0,0.0,0.8697473406791687
"DM-17969",False,"valid",0.0,0.0,0.0,0.0,0.0,0.0,0.978030800819397,0.0,0.0,0.0
"DM-13378",False,"valid",0.7078027725219727,0.014289801008999348,0.01429081428796053,0.177869513630867,0.014293194748461246,0.01429049577564001,0.01429133303463459,0.014290769584476948,0.014290440827608109,0.014290894381701946
"DM-11563",False,"valid",0.0,0.6800976395606995,0.0,0.16647659242153168,0.0,0.0,0.0,0.0,0.0,0.128779798746109
"DM-3143",False,"valid",0.0,0.25533103942871094,0.0,0.10916279256343842,0.0,0.0,0.0,0.0,0.6166072487831116,0.0
"DM-17508",False,"valid",0.0,0.1660059541463852,0.0,0.07739076018333435,0.15457481145858765,0.0,0.0,0.5582173466682434,0.0,0.0
"DM-2762",True,"valid",0.13266326487064362,0.0,0.0,0.0,0.0,0.342651903629303,0.06047917157411575,0.0,0.0,0.45390233397483826
"DM-11723",False,"valid",0.011115839704871178,0.011115887202322483,0.01111679244786501,0.6058067083358765,0.011120001785457134,0.011115852743387222,0.011116044595837593,0.30526041984558105,0.011116101406514645,0.011116353794932365
"DM-16304",False,"valid",0.0,0.39520952105522156,0.0,0.11515331268310547,0.42035749554634094,0.0,0.0,0.0,0.0,0.0
"DM-17876",False,"valid",0.0,0.0,0.0,0.0,0.0,0.0,0.0,0.0,0.0,0.9666017889976501
"DM-7456",False,"valid",0.0,0.0,0.0,0.0,0.0,0.0,0.0,0.24561592936515808,0.0,0.7010749578475952
"DM-7255",False,"valid",0.0,0.0876566618680954,0.0,0.0,0.0,0.11291088908910751,0.1652068942785263,0.37653738260269165,0.0,0.25148656964302063
"DM-18318",False,"valid",0.47441086173057556,0.0,0.0,0.12863823771476746,0.0,0.0,0.0,0.0,0.0,0.38013455271720886
"DM-2873",False,"valid",0.0,0.0,0.0,0.02152305655181408,0.0,0.09776867181062698,0.0,0.0,0.0,0.8690350651741028
"DM-7594",True,"valid",0.0,0.0,0.0,0.6486018896102905,0.0,0.20422358810901642,0.0,0.0,0.0,0.12875249981880188
"DM-12514",False,"valid",0.0,0.1792982518672943,0.0,0.0,0.1160709410905838,0.11458729952573776,0.0,0.0,0.5659249424934387,0.0
"DM-441",False,"valid",0.0,0.6017848253250122,0.036480773240327835,0.0,0.0,0.03698589652776718,0.08416780829429626,0.0,0.0,0.23518800735473633
"DM-11052",False,"valid",0.2795277535915375,0.0,0.0,0.0,0.0,0.0,0.1365182250738144,0.0,0.0,0.5626732707023621
"DM-18161",True,"valid",0.9356796741485596,0.0,0.0,0.0,0.0,0.0,0.0,0.0,0.0,0.0
"DM-16183",False,"valid",0.0,0.015434421598911285,0.0,0.0,0.0,0.0,0.027849970385432243,0.01891346275806427,0.9170265793800354,0.01670626923441887
"DM-1579",False,"valid",0.0,0.3184944689273834,0.0,0.0,0.0,0.0,0.6540329456329346,0.0,0.0,0.0
"DM-13313",False,"valid",0.3437597453594208,0.011133111082017422,0.01113217230886221,0.011130657978355885,0.5671845078468323,0.011133476160466671,0.011132737621665001,0.011131440289318562,0.011130345985293388,0.011131836101412773
"DM-10455",False,"valid",0.0,0.0,0.0,0.0,0.0,0.0,0.0,0.0,0.0,0.971842348575592
"DM-2013",False,"valid",0.0,0.0,0.0,0.7610746026039124,0.0,0.0,0.1366717368364334,0.07293190807104111,0.0,0.0
"DM-16554",True,"valid",0.0,0.1345553994178772,0.0,0.0,0.0,0.0,0.7192539572715759,0.0,0.12120213359594345,0.0
"DM-6819",True,"valid",0.0,0.0,0.0,0.0,0.49923211336135864,0.19390282034873962,0.0,0.0,0.2843373417854309,0.0
"DM-10366",False,"valid",0.0,0.0,0.0,0.21171125769615173,0.0,0.0,0.1929856538772583,0.0,0.0,0.570298969745636
"DM-10615",True,"valid",0.0,0.0,0.0,0.0,0.257673978805542,0.0,0.1287562996149063,0.0,0.0,0.5983726978302002
"DM-7846",True,"valid",0.0,0.0,0.0,0.0,0.0,0.0,0.0,0.7207399010658264,0.0,0.229278564453125
"DM-13842",False,"valid",0.0,0.0,0.0,0.3693319261074066,0.0,0.0,0.0,0.0,0.0,0.558186411857605
"DM-3192",False,"valid",0.0,0.0,0.0,0.0,0.7438079118728638,0.0,0.2356616109609604,0.0,0.0,0.0
"DM-11021",False,"valid",0.0,0.0,0.0,0.0,0.09944221377372742,0.0,0.4327172040939331,0.0,0.0,0.45918092131614685
"DM-17669",True,"valid",0.0,0.0,0.7209690809249878,0.0,0.0,0.0,0.11755102127790451,0.1475745439529419,0.0,0.0
"DM-1980",False,"valid",0.0,0.0,0.0,0.0,0.0,0.3671223223209381,0.0,0.0,0.0,0.5598310232162476
"DM-11890",False,"valid",0.0,0.0,0.0,0.0,0.9470028877258301,0.0,0.0,0.0,0.0,0.0
"DM-1810",False,"valid",0.0,0.0,0.0,0.0,0.0,0.9637134671211243,0.0,0.0,0.0,0.0
"DM-3895",False,"valid",0.0,0.0,0.0,0.0,0.0,0.7119467258453369,0.0,0.2546975314617157,0.0,0.0
"DM-8224",False,"valid",0.0,0.0,0.12278895080089569,0.26171964406967163,0.0,0.027722349390387535,0.0,0.0,0.0,0.5777861475944519
"DM-7529",False,"valid",0.0,0.0,0.0,0.0,0.0,0.9211418032646179,0.0,0.0,0.0,0.0
"DM-13782",False,"valid",0.0,0.0,0.0,0.0,0.0,0.0712868869304657,0.060425080358982086,0.045628879219293594,0.4767501950263977,0.3443630337715149
"DM-13478",False,"valid",0.0,0.09356150776147842,0.0,0.0,0.0,0.20551645755767822,0.07207703590393066,0.0,0.08385418355464935,0.5353211760520935
"DM-4483",False,"valid",0.016670694574713707,0.016678130254149437,0.016670046374201775,0.016670312732458115,0.016669828444719315,0.01667068339884281,0.016670076176524162,0.8499580025672913,0.016671197488904,0.016671041026711464
"DM-6561",False,"valid",0.0,0.0,0.0,0.0,0.0,0.925146758556366,0.0,0.0,0.0,0.0
"DM-12132",False,"valid",0.0,0.0,0.0,0.0,0.9785578846931458,0.0,0.0,0.0,0.0,0.0
"DM-14637",False,"valid",0.0,0.08159248530864716,0.0,0.0,0.0,0.8486671447753906,0.0,0.06176365539431572,0.0,0.0
"DM-3452",True,"valid",0.012546801939606667,0.012547152116894722,0.012546774931252003,0.012547241523861885,0.012553318403661251,0.012547673657536507,0.012550225481390953,0.8870654702186584,0.012546679005026817,0.012548652477562428
"DM-12566",False,"valid",0.0,0.0,0.0,0.8583930730819702,0.0,0.0,0.0,0.0,0.0,0.10679608583450317
"DM-10825",True,"valid",0.0,0.0,0.0,0.0,0.09554212540388107,0.0,0.0,0.0,0.0,0.8724159002304077
"DM-9392",False,"valid",0.01661139354109764,0.26470693945884705,0.01661089062690735,0.01661122776567936,0.016611551865935326,0.01661146990954876,0.6024019122123718,0.01661224104464054,0.016610927879810333,0.01661149598658085
"DM-14063",True,"valid",0.0,0.0,0.0,0.0,0.0,0.0,0.0,0.9713180661201477,0.0,0.0
"DM-15364",False,"valid",0.0,0.0,0.0,0.0,0.0,0.32871299982070923,0.07479497045278549,0.0,0.0,0.5719619989395142
"DM-8685",True,"valid",0.0,0.0,0.0,0.17348329722881317,0.0,0.0,0.0,0.0,0.0,0.7871119379997253
"DM-7827",False,"valid",0.0,0.3271884620189667,0.0,0.47767898440361023,0.0,0.0,0.0,0.0,0.1660819798707962,0.0
"DM-6923",False,"valid",0.0,0.0,0.0,0.16367919743061066,0.0,0.3470516800880432,0.0,0.4731152057647705,0.0,0.0
"DM-17675",False,"valid",0.0,0.5410001277923584,0.0,0.0,0.2959272265434265,0.0,0.0,0.0,0.13142479956150055,0.0
"DM-8550",False,"valid",0.9833247661590576,0.0,0.0,0.0,0.0,0.0,0.0,0.0,0.0,0.0
"DM-11749",False,"valid",0.0,0.0,0.0,0.0,0.9526176452636719,0.0,0.0,0.0,0.0,0.0
"DM-14282",False,"valid",0.0,0.0,0.0,0.02701324224472046,0.0,0.0,0.013742310926318169,0.0,0.9486194849014282,0.0
"DM-11625",False,"valid",0.12438677251338959,0.12881526350975037,0.0,0.10486505180597305,0.0,0.0,0.060486599802970886,0.1896662414073944,0.0,0.38483238220214844
"DM-1316",True,"valid",0.0,0.3633943200111389,0.0,0.0,0.0,0.0,0.0,0.0,0.6184040904045105,0.0
"DM-833",False,"valid",0.10660132020711899,0.0,0.0,0.0,0.42626869678497314,0.43267393112182617,0.0,0.0,0.0,0.0
"DM-16017",False,"valid",0.0,0.0,0.0,0.8463953733444214,0.0,0.0,0.0,0.11865992099046707,0.0,0.0
"DM-8660",True,"valid",0.2192797064781189,0.7386911511421204,0.0,0.0,0.0,0.0,0.0,0.0,0.0,0.0
"DM-12378",False,"valid",0.0,0.09198600053787231,0.0,0.0,0.8931875824928284,0.0,0.0,0.0,0.0,0.0
"DM-7452",False,"valid",0.0,0.0,0.0,0.0,0.09663907438516617,0.0,0.0,0.8141553401947021,0.061224713921546936,0.0
"DM-13712",False,"valid",0.0,0.0,0.9699395895004272,0.0,0.0,0.0,0.0,0.0,0.0,0.0
"DM-9682",False,"valid",0.0,0.833991527557373,0.0,0.10914736986160278,0.0,0.0,0.0,0.0,0.0,0.0
"DM-14016",False,"valid",0.31736841797828674,0.08898553252220154,0.0,0.19766247272491455,0.0,0.0,0.0,0.2649381160736084,0.0,0.12543632090091705
"DM-13162",False,"valid",0.0,0.49960318207740784,0.0,0.4744551181793213,0.0,0.0,0.0,0.0,0.0,0.0
"DM-2914",True,"valid",0.0,0.0,0.0,0.0,0.0,0.0,0.0,0.6554985046386719,0.0,0.2915492355823517
"DM-13557",False,"valid",0.0,0.43243786692619324,0.0,0.0,0.5340926051139832,0.0,0.0,0.0,0.0,0.0
"DM-6533",False,"valid",0.0,0.0,0.2917575538158417,0.0,0.5189015865325928,0.0,0.0,0.0,0.0,0.1395474374294281
"DM-16299",False,"valid",0.0,0.0,0.0,0.8170166015625,0.0,0.0,0.0,0.15852195024490356,0.0,0.0
"DM-11902",False,"valid",0.0,0.1806195080280304,0.0,0.0,0.0,0.7993549108505249,0.0,0.0,0.0,0.0
"DM-10065",True,"valid",0.0,0.13460148870944977,0.0,0.21036362648010254,0.0,0.24531055986881256,0.0,0.3225642740726471,0.0,0.08275055885314941
"DM-8157",True,"valid",0.0,0.09130631387233734,0.0,0.6530168652534485,0.0,0.0,0.0,0.0,0.22643165290355682,0.0
"DM-4576",False,"valid",0.0,0.0,0.0,0.0,0.0,0.0,0.0,0.6552031636238098,0.27214187383651733,0.0
"DM-15872",True,"valid",0.0,0.0,0.0,0.0,0.0,0.0,0.0,0.0,0.0,0.9726561307907104
"DM-11528",False,"valid",0.0,0.4800063669681549,0.0,0.0,0.0,0.0,0.2027677744626999,0.27884069085121155,0.0,0.0
"DM-13653",False,"valid",0.0,0.0,0.0,0.0,0.0,0.0,0.0,0.985704779624939,0.0,0.0
"DM-11813",True,"valid",0.010034075938165188,0.010033344849944115,0.010033154860138893,0.6379448771476746,0.010037099942564964,0.010032076388597488,0.010032935068011284,0.010035213083028793,0.2817815840244293,0.010035645216703415
"DM-16476",False,"valid",0.0,0.0,0.0,0.6011802554130554,0.3851865530014038,0.0,0.0,0.0,0.0,0.0
"DM-10933",False,"valid",0.0,0.0,0.0,0.0,0.19265753030776978,0.760952353477478,0.0,0.0,0.0,0.0
"DM-17028",True,"valid",0.014326313510537148,0.014324689283967018,0.01432889699935913,0.2107301652431488,0.15424512326717377,0.19024327397346497,0.014322099275887012,0.014322865754365921,0.014322427101433277,0.3588341474533081
"DM-4591",False,"valid",0.0,0.0,0.4964289963245392,0.0,0.17101530730724335,0.2630353569984436,0.0,0.0523013211786747,0.0,0.0
"DM-12667",False,"valid",0.0,0.0,0.0,0.0,0.17023226618766785,0.0,0.6632466912269592,0.0,0.0,0.1501508504152298
"DM-14356",False,"valid",0.0,0.0,0.0,0.16137933731079102,0.0,0.7557664513587952,0.0,0.0,0.07091665267944336,0.0
"DM-5472",False,"valid",0.0,0.3181302547454834,0.0,0.645147979259491,0.0,0.0,0.0,0.0,0.0,0.0
"DM-15189",True,"valid",0.10539456456899643,0.0,0.0,0.0,0.3964110016822815,0.0,0.0,0.3633672595024109,0.0,0.12054727226495743
"DM-12233",False,"valid",0.0,0.0,0.7580878138542175,0.0,0.0,0.0,0.0,0.0,0.0,0.2281123846769333
"DM-384",False,"valid",0.25930511951446533,0.0,0.0,0.09469008445739746,0.0,0.0,0.09539999812841415,0.1413414031267166,0.0,0.40285882353782654
"DM-13470",True,"valid",0.0,0.0,0.0,0.0,0.3142779469490051,0.0,0.0,0.0,0.0,0.672594428062439
"DM-5308",False,"valid",0.0,0.0,0.0,0.0,0.10952817648649216,0.0,0.6733463406562805,0.0,0.14729280769824982,0.0
"DM-3209",False,"valid",0.0,0.0,0.0,0.0,0.0,0.0,0.0,0.9552392363548279,0.0,0.0
"DM-11049",False,"valid",0.0,0.0,0.0,0.0,0.09958069026470184,0.0,0.0,0.8620152473449707,0.0,0.0
"DM-6290",False,"valid",0.0,0.0,0.3079735040664673,0.0,0.13532663881778717,0.0,0.0,0.0,0.0,0.519441545009613
"DM-12068",False,"valid",0.0,0.0,0.0,0.0,0.0,0.2658654749393463,0.0,0.4398878216743469,0.0,0.2444741278886795
"DM-7268",False,"valid",0.0,0.16763317584991455,0.0,0.0,0.0,0.0,0.22442619502544403,0.4513959586620331,0.131544828414917,0.0
"DM-1287",False,"valid",0.012417909689247608,0.012422153726220131,0.3923916816711426,0.012418589554727077,0.012423254549503326,0.012421189807355404,0.5082433819770813,0.012420670129358768,0.012419519945979118,0.012421591207385063
"DM-18484",False,"valid",0.0,0.0,0.0,0.0,0.0,0.0,0.23001892864704132,0.613113522529602,0.0,0.13690118491649628
"DM-10909",True,"valid",0.0,0.7299372553825378,0.0,0.2035093605518341,0.0,0.0,0.0,0.0,0.0,0.0
"DM-5363",True,"valid",0.5504380464553833,0.0,0.0,0.0,0.0,0.0,0.4075852036476135,0.0,0.0,0.0
"DM-15390",False,"valid",0.0,0.0,0.0,0.0,0.22877351939678192,0.0,0.0,0.0,0.73947674036026,0.0
"DM-7275",False,"valid",0.0,0.03425302356481552,0.0,0.82357257604599,0.0,0.0,0.12271685898303986,0.0,0.0,0.0
"DM-15869",False,"valid",0.028342047706246376,0.0,0.0,0.0,0.0,0.0,0.0,0.0,0.91548091173172,0.043971460312604904
"DM-13799",False,"valid",0.0,0.0,0.0,0.0,0.0,0.0,0.6231725811958313,0.0,0.018200205639004707,0.3218121826648712
"DM-13612",False,"valid",0.0,0.04374028369784355,0.0,0.0,0.0,0.0,0.1289331018924713,0.8060744404792786,0.0,0.0
"DM-7038",True,"valid",0.0,0.0,0.0,0.0,0.0,0.0,0.0,0.9437084794044495,0.0,0.0
"DM-10411",False,"valid",0.21015271544456482,0.0,0.0,0.0,0.0,0.0,0.0,0.0,0.0,0.7669115662574768
"DM-8542",False,"valid",0.08036376535892487,0.0,0.0,0.05941508337855339,0.0,0.0,0.08988666534423828,0.10360740125179291,0.0,0.6536819338798523
"DM-75",False,"valid",0.0,0.3311232626438141,0.0,0.0,0.0,0.0,0.15839950740337372,0.0,0.178349107503891,0.3272777199745178
"DM-17441",False,"valid",0.0,0.0,0.0,0.06434424221515656,0.0,0.0,0.0,0.0,0.05314457416534424,0.8624424338340759
"DM-15014",False,"valid",0.0,0.0,0.0,0.0,0.0,0.0,0.9397062659263611,0.0,0.0,0.0
"DM-9513",False,"valid",0.014385825023055077,0.014386212453246117,0.01438583992421627,0.014385703951120377,0.01438729465007782,0.014388365671038628,0.014385104179382324,0.014386472292244434,0.014391052536666393,0.8705180883407593
"DM-4490",True,"valid",0.016672486439347267,0.016668925061821938,0.01666906103491783,0.01666921190917492,0.016669491305947304,0.01666940376162529,0.22901080548763275,0.6376309394836426,0.016668960452079773,0.016670724377036095
"DM-9873",False,"valid",0.4241591989994049,0.08031722903251648,0.0,0.0,0.0,0.210793137550354,0.0,0.0,0.0,0.27759239077568054
"DM-8361",False,"valid",0.5831473469734192,0.0,0.0158199705183506,0.09671036899089813,0.0,0.0,0.0,0.14065177738666534,0.15857942402362823,0.0
"DM-14155",False,"valid",0.0,0.11372984200716019,0.0,0.0,0.0,0.6978933811187744,0.040485531091690063,0.13165752589702606,0.0,0.0
"DM-14275",True,"valid",0.0,0.0,0.0,0.0,0.0,0.9653084874153137,0.0,0.0,0.0,0.0
"DM-1395",False,"valid",0.014253806322813034,0.014253961853682995,0.014252549037337303,0.014252319000661373,0.014260745607316494,0.19082370400428772,0.6951450705528259,0.014252450317144394,0.014252224005758762,0.014253196306526661
"DM-16292",True,"valid",0.0,0.042500969022512436,0.3513109087944031,0.03486371040344238,0.0,0.0,0.0,0.4381040930747986,0.13110855221748352,0.0
"DM-14560",True,"valid",0.17746202647686005,0.5277343392372131,0.0,0.23197205364704132,0.0,0.0,0.0,0.0,0.0,0.0
"DM-8155",False,"valid",0.0,0.23610608279705048,0.0,0.0,0.0,0.0,0.6632809042930603,0.0,0.07175997644662857,0.0
"DM-9817",False,"valid",0.0,0.5125681757926941,0.0,0.0,0.05965791270136833,0.0,0.23881272971630096,0.0,0.0,0.16896449029445648
"DM-12371",True,"valid",0.0,0.0,0.0,0.3761836290359497,0.0,0.0,0.40033575892448425,0.0,0.1846095621585846,0.0
"DM-10529",False,"valid",0.0,0.0,0.0,0.0,0.0,0.8689974546432495,0.0,0.0,0.0,0.06399394571781158
"DM-10234",False,"valid",0.0,0.0,0.0,0.0,0.9718349575996399,0.0,0.0,0.0,0.0,0.0
"DM-12101",False,"valid",0.0,0.9306141138076782,0.0,0.0,0.0,0.0,0.0,0.0,0.0,0.0
"DM-13850",False,"valid",0.0,0.5242783427238464,0.0,0.0,0.0,0.0,0.1479664444923401,0.0,0.0,0.288892924785614
"DM-17246",False,"valid",0.0,0.0,0.0,0.0,0.0,0.0,0.1940687745809555,0.0,0.0,0.7485199570655823
"DM-16070",False,"valid",0.0,0.030212147161364555,0.0,0.0,0.9523654580116272,0.0,0.0,0.0,0.0,0.0
"DM-2643",False,"valid",0.0,0.0,0.2599444091320038,0.0,0.4515329897403717,0.0,0.2351749688386917,0.0,0.0,0.0
"DM-1614",False,"valid",0.0,0.25501182675361633,0.38496291637420654,0.0,0.14760179817676544,0.0,0.0,0.18059319257736206,0.0,0.0
"DM-6474",False,"valid",0.0,0.0,0.0,0.0,0.0,0.12940914928913116,0.0,0.0,0.0,0.8205289840698242
"DM-7912",False,"valid",0.0,0.0,0.0,0.0,0.0,0.0,0.0,0.0,0.0,0.9637972712516785
"DM-13038",False,"valid",0.0,0.0,0.0,0.0,0.0,0.0,0.9826864004135132,0.0,0.0,0.0
"DM-17447",False,"valid",0.0,0.0,0.0,0.9420034289360046,0.0,0.0,0.0,0.0,0.0,0.0
"DM-1322",False,"valid",0.0,0.0,0.0,0.0,0.1194223165512085,0.0,0.0,0.694260835647583,0.15137676894664764,0.0
"DM-1733",False,"valid",0.01973872259259224,0.01973867416381836,0.019738566130399704,0.01973901316523552,0.01974259689450264,0.019738832488656044,0.8223445415496826,0.019740521907806396,0.01973886974155903,0.019739605486392975
"DM-7030",True,"valid",0.025002505630254745,0.02500314451754093,0.7749567627906799,0.025002606213092804,0.025002751499414444,0.025009211152791977,0.02501026540994644,0.02500278502702713,0.025005441159009933,0.0250045508146286
"DM-3692",True,"valid",0.56685870885849,0.0,0.0,0.0,0.0,0.22203533351421356,0.0,0.14919587969779968,0.0,0.03862270712852478
"DM-914",False,"valid",0.01981140859425068,0.01981249637901783,0.01981200836598873,0.019811738282442093,0.8216903805732727,0.01981220208108425,0.01981184259057045,0.019813112914562225,0.019811708480119705,0.01981307752430439
"DM-1962",True,"valid",0.011122491210699081,0.011125953868031502,0.011122249998152256,0.011123051866889,0.01112185325473547,0.011122849769890308,0.011125084944069386,0.8998892903327942,0.011122416704893112,0.011124733835458755
"DM-1498",False,"valid",0.0,0.0,0.0,0.0,0.0,0.0,0.3501865863800049,0.0,0.0,0.5773890614509583
"DM-12089",False,"valid",0.0,0.0,0.0,0.12222670763731003,0.0,0.0,0.7765632271766663,0.0,0.0,0.09186875820159912
"DM-10302",False,"valid",0.0,0.0,0.0,0.0,0.0,0.0,0.0,0.4993041157722473,0.0,0.4875187575817108
"DM-13799",False,"valid",0.0,0.0,0.0,0.0,0.0,0.0,0.6231725811958313,0.0,0.018200205639004707,0.3218121826648712
"DM-13472",False,"valid",0.0,0.0,0.0,0.0,0.07531537860631943,0.6404374241828918,0.0,0.0,0.0,0.24045582115650177
"DM-5280",False,"valid",0.07175668329000473,0.0,0.0,0.0,0.0,0.0,0.0,0.8460665941238403,0.0,0.07719754427671432
"DM-13554",False,"valid",0.0,0.0,0.0,0.0,0.0,0.0,0.0,0.0,0.0,0.9473292827606201
"DM-12619",False,"valid",0.0,0.0,0.0,0.9699869155883789,0.0,0.0,0.0,0.0,0.0,0.0
"DM-11575",False,"valid",0.0,0.07052912563085556,0.0,0.7738445401191711,0.13224302232265472,0.0,0.0,0.0,0.0,0.0
"DM-1881",False,"valid",0.0,0.48174649477005005,0.2851349711418152,0.18320542573928833,0.0,0.0,0.0,0.0,0.0,0.0
"DM-5036",False,"valid",0.22066964209079742,0.0,0.0,0.0,0.4509592056274414,0.0,0.0,0.2894599437713623,0.0,0.0
"DM-3693",False,"valid",0.0,0.0,0.0,0.0,0.0,0.0,0.0,0.09119174629449844,0.0,0.8971897959709167
"DM-9194",True,"valid",0.0,0.0,0.0,0.0,0.0,0.0,0.0,0.9653599858283997,0.0,0.0
"DM-18124",False,"valid",0.0,0.5567001700401306,0.0,0.0,0.2512355148792267,0.0,0.0,0.0,0.0,0.14515870809555054
"DM-13307",False,"valid",0.0,0.0,0.0,0.0,0.0,0.0,0.7004463076591492,0.0,0.0,0.24938444793224335
"DM-3460",False,"valid",0.0,0.46003982424736023,0.0,0.0,0.0,0.15088266134262085,0.0,0.0,0.3563731908798218,0.0
"DM-7936",False,"valid",0.5298832058906555,0.0,0.0,0.0,0.41675278544425964,0.0,0.0,0.0,0.0,0.0
"DM-13849",False,"valid",0.0,0.0,0.040571365505456924,0.0,0.0,0.0,0.9410891532897949,0.0,0.0,0.0
"DM-16901",False,"valid",0.016510549932718277,0.01651589386165142,0.016512153670191765,0.016512634232640266,0.01651199907064438,0.01651250757277012,0.3175969123840332,0.016512392088770866,0.22796592116355896,0.3388490080833435
"DM-4705",False,"valid",0.0,0.0,0.0,0.0,0.0,0.0,0.24458684027194977,0.0,0.2358892560005188,0.5072951912879944
"DM-14758",False,"valid",0.15383794903755188,0.0,0.0,0.0,0.7961317300796509,0.0,0.0,0.0,0.0,0.0
"DM-2792",False,"valid",0.0,0.755904495716095,0.0,0.0,0.0,0.0,0.0,0.19714000821113586,0.0,0.0
"DM-8708",False,"valid",0.012116863392293453,0.012115439400076866,0.0121157793328166,0.012118198908865452,0.01211741752922535,0.012115499936044216,0.012116415426135063,0.2048838883638382,0.012116390280425549,0.698184072971344
"DM-9491",False,"valid",0.0,0.3247181475162506,0.0,0.6644647717475891,0.0,0.0,0.0,0.0,0.0,0.0
"DM-9604",False,"valid",0.0,0.0,0.0,0.0,0.0,0.0,0.0,0.9653673768043518,0.0,0.0
"DM-7411",False,"valid",0.011114328168332577,0.011114458553493023,0.01111452467739582,0.011114600114524364,0.8999695777893066,0.011114326305687428,0.01111436914652586,0.011114675551652908,0.01111479103565216,0.01111435517668724
"DM-17393",True,"valid",0.0,0.0,0.0,0.28136926889419556,0.29056698083877563,0.0,0.16484826803207397,0.0,0.24974456429481506,0.0
"DM-11556",False,"valid",0.04554743319749832,0.0,0.0,0.3983565866947174,0.0,0.0,0.0,0.0,0.0,0.533669650554657
"DM-16224",False,"valid",0.0,0.0,0.0,0.0,0.0,0.0,0.9146649837493896,0.0,0.0,0.07792071998119354
"DM-8462",True,"valid",0.020006485283374786,0.26998481154441833,0.020007150247693062,0.0200071819126606,0.02000696398317814,0.020006990060210228,0.5699535608291626,0.020006088539958,0.020014574751257896,0.02000618912279606
"DM-7828",True,"valid",0.0,0.0,0.0,0.0,0.0,0.0,0.21999680995941162,0.7526228427886963,0.0,0.0
"DM-6356",False,"valid",0.0,0.0,0.0,0.0,0.0,0.7641339898109436,0.0,0.0,0.0,0.1824863702058792
"DM-9170",True,"valid",0.0,0.0,0.0,0.0,0.9437136054039001,0.0,0.0,0.0,0.0,0.0
"DM-8571",True,"valid",0.22006180882453918,0.0,0.0,0.5246440172195435,0.0,0.0,0.0,0.0,0.0,0.2439909726381302
"DM-1692",False,"valid",0.0,0.0,0.0,0.14886192977428436,0.0,0.21238306164741516,0.0,0.05022667720913887,0.0,0.5812193155288696
"DM-17437",False,"valid",0.0,0.0,0.0,0.0,0.0,0.0,0.9589974880218506,0.0,0.0,0.0
"DM-8660",True,"valid",0.2192797064781189,0.7386911511421204,0.0,0.0,0.0,0.0,0.0,0.0,0.0,0.0
"DM-2258",False,"valid",0.0,0.0,0.0,0.0,0.0,0.0,0.0,0.0,0.0,0.9727134108543396
"DM-17399",False,"valid",0.0,0.4474191963672638,0.152078315615654,0.0,0.0,0.0,0.0,0.10536941885948181,0.14295293390750885,0.1460910439491272
"DM-16413",False,"valid",0.0,0.0,0.0,0.0,0.0,0.9356467723846436,0.0,0.0,0.0,0.0
"DM-17509",False,"valid",0.2856065630912781,0.3869858980178833,0.0,0.0,0.0,0.0,0.0,0.26856812834739685,0.0,0.0
"DM-11723",False,"valid",0.011115839704871178,0.011115887202322483,0.01111679244786501,0.6058067083358765,0.011120001785457134,0.011115852743387222,0.011116044595837593,0.30526041984558105,0.011116101406514645,0.011116353794932365
"DM-9603",False,"valid",0.03376508131623268,0.24565225839614868,0.0,0.1370110958814621,0.15733185410499573,0.0,0.0,0.12946142256259918,0.17412234842777252,0.11867880821228027
"DM-11599",True,"valid",0.0,0.0,0.0,0.0,0.18882037699222565,0.0,0.5195348262786865,0.0,0.0,0.26019471883773804
"DM-18421",False,"valid",0.0,0.0,0.0,0.0,0.0,0.0,0.0,0.0,0.0,0.970927357673645
"DM-5453",False,"valid",0.0,0.0,0.7634821534156799,0.0,0.0,0.0,0.0,0.0,0.22685006260871887,0.0
"DM-3692",True,"valid",0.56685870885849,0.0,0.0,0.0,0.0,0.22203533351421356,0.0,0.14919587969779968,0.0,0.03862270712852478
"DM-8428",False,"valid",0.0,0.5376697778701782,0.0,0.0,0.0,0.0,0.39666181802749634,0.0,0.0,0.0
"DM-3402",False,"valid",0.0,0.43892478942871094,0.0,0.0,0.0,0.0,0.0,0.0,0.0,0.5161203742027283
"DM-8537",False,"valid",0.0,0.0,0.149835005402565,0.0,0.29697197675704956,0.0,0.32463642954826355,0.21053220331668854,0.0,0.0
"DM-17327",False,"valid",0.0,0.0,0.620603084564209,0.0,0.0,0.0,0.3525959849357605,0.0,0.0,0.0
"DM-10803",False,"valid",0.0,0.5280968546867371,0.0,0.1648358553647995,0.0,0.0,0.0,0.2722044885158539,0.0,0.0
"DM-1584",False,"valid",0.0,0.0,0.0,0.030433662235736847,0.0,0.0,0.0,0.0,0.35558581352233887,0.5984039902687073
"DM-545",True,"valid",0.0,0.48859769105911255,0.0,0.0,0.0,0.09392035752534866,0.2360571175813675,0.0,0.0,0.1724557727575302
"DM-9080",False,"valid",0.01355826947838068,0.01355716958642006,0.01355704478919506,0.30781200528144836,0.013557839207351208,0.27287593483924866,0.3244051933288574,0.013558998703956604,0.013559019193053246,0.013558484613895416
"DM-5357",False,"valid",0.0,0.0,0.0,0.0,0.0,0.9249330759048462,0.0,0.0,0.0,0.0
"DM-6303",False,"valid",0.0,0.0,0.0,0.0,0.3809274137020111,0.0,0.5460935235023499,0.0,0.0,0.0
"DM-15651",True,"valid",0.0,0.0,0.0,0.07252629101276398,0.0,0.0,0.6272001266479492,0.2595491111278534,0.0,0.0
"DM-12377",False,"valid",0.1134013831615448,0.0,0.0,0.21401526033878326,0.11379695683717728,0.0,0.5254785418510437,0.0,0.0,0.0
"DM-2926",False,"valid",0.338623583316803,0.0,0.0,0.0,0.0,0.47204387187957764,0.0,0.13656435906887054,0.0,0.0
"DM-12306",False,"valid",0.0,0.5987403988838196,0.0,0.0,0.37967783212661743,0.0,0.0,0.0,0.0,0.0
"DM-7090",True,"valid",0.5806803107261658,0.0,0.0,0.3942301273345947,0.0,0.0,0.0,0.0,0.0,0.0
"DM-7056",True,"valid",0.34040239453315735,0.0,0.0,0.2658648192882538,0.0,0.0,0.3241436183452606,0.0,0.0,0.0
"DM-3501",False,"valid",0.014291566796600819,0.014291878789663315,0.014291360042989254,0.2637485861778259,0.014296450652182102,0.014296267181634903,0.01429382897913456,0.014295862056314945,0.014291423372924328,0.6219027638435364
"DM-5547",False,"valid",0.02000647783279419,0.020007546991109848,0.020005948841571808,0.020010558888316154,0.020010720938444138,0.020008573308587074,0.020008206367492676,0.02001035585999489,0.8199183940887451,0.020013175904750824
"DM-17591",False,"valid",0.0,0.0,0.0,0.0,0.4100330173969269,0.0,0.5101215839385986,0.0,0.0,0.0
"DM-836",True,"valid",0.05165764316916466,0.0,0.0,0.1684662401676178,0.0,0.0,0.0,0.0,0.0,0.7639638185501099
"DM-12409",False,"valid",0.01667279377579689,0.016671888530254364,0.016673171892762184,0.016673507168889046,0.016671715304255486,0.016671599820256233,0.01667163334786892,0.016671963036060333,0.016671236604452133,0.8499505519866943
"DM-9348",True,"valid",0.4187265932559967,0.0,0.0,0.5584062337875366,0.0,0.0,0.0,0.0,0.0,0.0
"DM-15212",False,"valid",0.0,0.0,0.0,0.061307817697525024,0.0,0.0,0.9004053473472595,0.0,0.0,0.0
"DM-707",False,"valid",0.20011945068836212,0.5636136531829834,0.0,0.0,0.0,0.13689172267913818,0.0,0.0,0.09103270620107651,0.0
"DM-7105",False,"valid",0.02635498344898224,0.026355713605880737,0.0263549592345953,0.0263561699539423,0.02636384218931198,0.02635500766336918,0.49338498711586,0.026355991140007973,0.295761376619339,0.026356985792517662
"DM-13852",False,"valid",0.0,0.0,0.0,0.0,0.0,0.0,0.0,0.1597435027360916,0.767464816570282,0.0
"DM-12070",False,"valid",0.0,0.0,0.0,0.0,0.0,0.0,0.7181046009063721,0.23740911483764648,0.0,0.0
"DM-17603",True,"valid",0.0,0.2043270319700241,0.0,0.0,0.0,0.0,0.0,0.4938855469226837,0.0,0.2725462019443512
"DM-5107",False,"valid",0.0,0.6775182485580444,0.0,0.0,0.0,0.0,0.12809668481349945,0.1769736409187317,0.0,0.0
"DM-14539",False,"valid",0.0,0.0,0.0,0.0888134017586708,0.7158038020133972,0.0,0.08902173489332199,0.0,0.0,0.09480824321508408
"DM-4457",False,"valid",0.024717919528484344,0.02472061663866043,0.024719320237636566,0.024719595909118652,0.02471786178648472,0.024719608947634697,0.02471993863582611,0.024719450622797012,0.024718383327126503,0.7775272727012634
"DM-1578",False,"valid",0.0,0.8095201253890991,0.0,0.0,0.0,0.0,0.0,0.0,0.0,0.1329280138015747
"DM-1328",False,"valid",0.0,0.0,0.0,0.7274286150932312,0.0,0.07319620251655579,0.1661827713251114,0.0,0.0,0.0
"DM-6474",False,"valid",0.0,0.0,0.0,0.0,0.0,0.12940914928913116,0.0,0.0,0.0,0.8205289840698242
"DM-4235",False,"valid",0.0,0.0,0.0,0.0,0.985475480556488,0.0,0.0,0.0,0.0,0.0
"DM-13053",False,"valid",0.5779179930686951,0.4053861200809479,0.0,0.0,0.0,0.0,0.0,0.0,0.0,0.0
"DM-3688",False,"valid",0.0,0.0,0.0,0.9812242388725281,0.0,0.0,0.0,0.0,0.0,0.0
"DM-13577",False,"valid",0.0,0.0,0.0,0.0,0.0,0.0,0.9624587297439575,0.0,0.0,0.0
"DM-800",False,"valid",0.0,0.0,0.0,0.16713230311870575,0.0,0.0,0.24824167788028717,0.0,0.0,0.561593234539032
"DM-15438",False,"valid",0.9590656161308289,0.0,0.0,0.0,0.0,0.0,0.0,0.0,0.0,0.0
"DM-3143",False,"valid",0.0,0.25533103942871094,0.0,0.10916279256343842,0.0,0.0,0.0,0.0,0.6166072487831116,0.0
"DM-964",False,"valid",0.0,0.0,0.0,0.0,0.29615169763565063,0.0,0.0,0.0,0.0,0.631536066532135
"DM-7104",False,"valid",0.0,0.5251281261444092,0.0,0.0,0.08214111626148224,0.0,0.2553730010986328,0.0,0.0,0.10706005990505219
"DM-12206",False,"valid",0.0,0.0,0.0,0.2652318477630615,0.0,0.0,0.0,0.11849518120288849,0.5792504549026489,0.0
"DM-13866",True,"valid",0.0,0.0,0.0,0.9785553216934204,0.0,0.0,0.0,0.0,0.0,0.0
"DM-14517",False,"valid",0.0,0.0,0.0,0.9742708802223206,0.0,0.0,0.0,0.0,0.0,0.0
"DM-14894",False,"valid",0.0,0.7950668931007385,0.0,0.0,0.16673316061496735,0.0,0.0,0.0,0.0,0.0
"DM-16828",False,"valid",0.0,0.0,0.0,0.0,0.0,0.0,0.0,0.0,0.0,0.9686999917030334
"DM-15189",True,"valid",0.10539456456899643,0.0,0.0,0.0,0.3964110016822815,0.0,0.0,0.3633672595024109,0.0,0.12054727226495743
"DM-11461",False,"valid",0.0,0.2754689157009125,0.0,0.21026186645030975,0.0,0.0,0.2047681212425232,0.29800838232040405,0.0,0.0
"DM-11790",False,"valid",0.0,0.0,0.0,0.0,0.48342689871788025,0.10521013289690018,0.0,0.0,0.17358003556728363,0.2025212049484253
"DM-4160",False,"valid",0.020877648144960403,0.0,0.0,0.0,0.0,0.0,0.5639476180076599,0.2893618047237396,0.1167202889919281,0.0
"DM-9641",False,"valid",0.02002737857401371,0.819732129573822,0.020025959238409996,0.0200259480625391,0.020046057179570198,0.020026981830596924,0.020025936886668205,0.020035402849316597,0.020027639344334602,0.0200265534222126
"DM-4479",False,"valid",0.012508226558566093,0.01250921469181776,0.012508160434663296,0.012508312240242958,0.012507759965956211,0.012508724816143513,0.012508366256952286,0.8874238729476929,0.012507783249020576,0.012509621679782867
"DM-5641",False,"valid",0.11083244532346725,0.0,0.0,0.0,0.0,0.0,0.3764157295227051,0.49592381715774536,0.0,0.0
"DM-12447",False,"valid",0.0,0.0,0.0,0.0,0.3272177577018738,0.6372734904289246,0.0,0.0,0.0,0.0
"DM-16302",False,"valid",0.0,0.0,0.0,0.0,0.969986617565155,0.0,0.0,0.0,0.0,0.0
"DM-3142",True,"valid",0.0,0.12168323248624802,0.02516561560332775,0.0,0.0,0.07934895902872086,0.0,0.4927765130996704,0.0,0.27502259612083435
"DM-14658",False,"valid",0.47537535429000854,0.0,0.0,0.18294797837734222,0.10533619672060013,0.0,0.06512153893709183,0.15460304915905,0.0,0.0
"DM-17089",True,"valid",0.0,0.0,0.8124874830245972,0.0,0.0,0.0,0.0,0.0,0.0,0.1646239310503006
"DM-2020",False,"valid",0.012453793548047543,0.012454214505851269,0.012453324161469936,0.012453923001885414,0.012456134893000126,0.2033952921628952,0.012456715106964111,0.012454729527235031,0.012453077360987663,0.6969687938690186
"DM-11739",False,"valid",0.01659039594233036,0.016594691202044487,0.016593219712376595,0.01659194938838482,0.3764131963253021,0.49083948135375977,0.01659083552658558,0.016594143584370613,0.016597924754023552,0.016594192013144493
"DM-7902",False,"valid",0.0,0.0,0.0,0.0,0.7856494784355164,0.0,0.0,0.0,0.17988404631614685,0.0
"DM-7038",True,"valid",0.0,0.0,0.0,0.0,0.0,0.0,0.0,0.9437084794044495,0.0,0.0
"DM-8295",False,"valid",0.0,0.9413928389549255,0.0,0.0,0.0,0.0,0.0,0.0,0.0,0.0
"DM-12994",True,"valid",0.0,0.0,0.21571865677833557,0.47916755080223083,0.0,0.0,0.0,0.0,0.2797199785709381,0.0
"DM-17722",False,"valid",0.0,0.0,0.0,0.0,0.0,0.0,0.9380571246147156,0.0,0.0,0.0
"DM-6251",False,"valid",0.0,0.0,0.0,0.0,0.0,0.0,0.0,0.9549473524093628,0.0,0.0
"DM-11682",False,"valid",0.0,0.0,0.9859296679496765,0.0,0.0,0.0,0.0,0.0,0.0,0.0
"DM-18400",False,"valid",0.8233870267868042,0.0,0.0,0.03163055330514908,0.0,0.0,0.0,0.14299461245536804,0.0,0.0
"DM-14220",False,"valid",0.018259325996041298,0.8356534242630005,0.018260516226291656,0.01825997605919838,0.018259629607200623,0.01826241798698902,0.0182621031999588,0.01825980842113495,0.01826055534183979,0.018262198194861412
"DM-6362",False,"valid",0.03339366614818573,0.03339366614818573,0.699444591999054,0.03339366614818573,0.03339366614818573,0.03339366614818573,0.03340200334787369,0.033397603780031204,0.03339385241270065,0.03339366614818573
"DM-13759",False,"valid",0.0,0.0,0.0,0.10049629211425781,0.0,0.0,0.0,0.0,0.08768082410097122,0.7955535650253296
"DM-13671",False,"valid",0.0,0.0,0.0,0.0,0.0,0.0,0.0,0.0,0.0,0.9768919944763184
"DM-706",False,"valid",0.0,0.8672109246253967,0.0,0.0,0.0,0.0,0.11499515920877457,0.0,0.0,0.0
"DM-12536",False,"valid",0.0,0.14781001210212708,0.0,0.0,0.7905231714248657,0.0,0.0,0.0,0.0,0.04570192098617554
"DM-15563",False,"valid",0.0,0.2285897433757782,0.04336145520210266,0.0,0.0,0.0,0.20142707228660583,0.10086211562156677,0.0,0.4170491099357605
"DM-9882",False,"valid",0.062460627406835556,0.24483397603034973,0.0,0.0,0.0,0.445833295583725,0.0,0.0,0.0,0.2338358759880066
"DM-12007",True,"valid",0.04901469871401787,0.5329834818840027,0.0,0.0,0.0,0.0976727083325386,0.0,0.3021770119667053,0.0,0.0
"DM-17669",True,"valid",0.0,0.0,0.7209690809249878,0.0,0.0,0.0,0.11755102127790451,0.1475745439529419,0.0,0.0
"DM-16830",False,"valid",0.0,0.0,0.0,0.0,0.0,0.6582050323486328,0.0,0.3212600350379944,0.0,0.0
"DM-11094",False,"valid",0.0,0.0,0.0,0.23839648067951202,0.0,0.0,0.0,0.7455832958221436,0.0,0.0
"DM-5432",False,"valid",0.0,0.0,0.5617188811302185,0.0,0.0,0.0,0.4118727743625641,0.0,0.0,0.0
"DM-17485",False,"valid",0.012501194141805172,0.012501372024416924,0.887486457824707,0.012501653283834457,0.012501662597060204,0.01250115130096674,0.012501148506999016,0.012502689845860004,0.012500960379838943,0.012501675635576248
"DM-14459",False,"valid",0.0,0.0,0.0,0.0,0.0,0.0,0.2493579089641571,0.0,0.08872509747743607,0.6181782484054565
"DM-5124",False,"valid",0.0,0.6709614396095276,0.0,0.0,0.0,0.0,0.0,0.2525806725025177,0.06821132451295853,0.0
"DM-12992",False,"valid",0.0,0.0,0.0,0.0,0.0,0.0,0.0,0.0,0.0,0.9388669729232788
"DM-3896",True,"valid",0.0,0.0,0.0,0.0,0.0,0.7853184342384338,0.0,0.1813308596611023,0.0,0.0
"DM-4731",False,"valid",0.0,0.0,0.3029940724372864,0.0,0.0,0.0,0.0,0.0,0.07397010922431946,0.6041097640991211
"DM-16830",False,"valid",0.0,0.0,0.0,0.0,0.0,0.6582050323486328,0.0,0.3212600350379944,0.0,0.0
"DM-5192",True,"valid",0.01667363941669464,0.016673216596245766,0.016672547906637192,0.01667470671236515,0.1962788999080658,0.01667560078203678,0.6703186631202698,0.01667717657983303,0.016679517924785614,0.016676023602485657
"DM-12938",False,"valid",0.0,0.0,0.0,0.28760620951652527,0.0,0.10009801387786865,0.19686125218868256,0.0,0.12772595882415771,0.27909839153289795
"DM-2871",False,"valid",0.010002035647630692,0.010003112256526947,0.010002387687563896,0.010003143921494484,0.9099754691123962,0.01000308245420456,0.010003483854234219,0.010002321563661098,0.01000253390520811,0.010002410970628262
"DM-8833",False,"valid",0.0,0.0,0.0,0.9027842283248901,0.07677479088306427,0.0,0.0,0.0,0.0,0.0
"DM-10886",False,"valid",0.016578756272792816,0.016579285264015198,0.016578784212470055,0.01657858118414879,0.016581030562520027,0.016580097377300262,0.01657775230705738,0.01657964661717415,0.016587987542152405,0.8507781028747559
"DM-15137",False,"valid",0.0,0.0,0.9895104765892029,0.0,0.0,0.0,0.0,0.0,0.0,0.0
"DM-6818",False,"valid",0.3113981783390045,0.10433358699083328,0.0,0.0,0.0,0.0,0.0,0.5496731996536255,0.0,0.0
"DM-12764",False,"valid",0.17977789044380188,0.19818824529647827,0.0,0.0,0.0,0.0,0.0,0.6080366373062134,0.0,0.0
"DM-17452",False,"valid",0.0,0.0,0.24316741526126862,0.28206753730773926,0.0,0.0,0.0,0.0,0.0,0.44794026017189026
"DM-14390",False,"valid",0.014253037981688976,0.014252725057303905,0.19939960539340973,0.014256488531827927,0.4462912082672119,0.014252119697630405,0.014251970686018467,0.014254007488489151,0.2545345425605774,0.014254269190132618
"DM-15636",True,"valid",0.0,0.0,0.2233889102935791,0.0,0.0,0.3375698924064636,0.4144332706928253,0.0,0.0,0.0
"DM-16781",True,"valid",0.0,0.0,0.0,0.0,0.0,0.0,0.0,0.9799603819847107,0.0,0.0
"DM-10823",False,"valid",0.0,0.0,0.0,0.0,0.32296139001846313,0.0,0.14285260438919067,0.0,0.0,0.5062386393547058
"DM-11951",True,"valid",0.0,0.0,0.0,0.6184443831443787,0.3341095447540283,0.0,0.0,0.0,0.0,0.0
"DM-8641",False,"valid",0.0,0.0,0.0,0.0,0.0,0.347229540348053,0.06568383425474167,0.0,0.0,0.5659090876579285
"DM-10980",False,"valid",0.010028551332652569,0.010029030963778496,0.010028560645878315,0.39112481474876404,0.010030357167124748,0.010027579963207245,0.010027604177594185,0.010028400458395481,0.5286463499069214,0.010028786025941372
"DM-13746",False,"valid",0.0,0.24427831172943115,0.0,0.0,0.0,0.0,0.7086798548698425,0.0,0.0,0.0
"DM-9991",False,"valid",0.0,0.0,0.0,0.0,0.0,0.0,0.0,0.9469764828681946,0.0,0.0
"DM-13852",False,"valid",0.0,0.0,0.0,0.0,0.0,0.0,0.0,0.1597435027360916,0.767464816570282,0.0
"DM-8872",True,"valid",0.48063337802886963,0.1812773197889328,0.0,0.0,0.0,0.0,0.28851383924484253,0.0,0.0,0.0
"DM-16280",False,"valid",0.0,0.0,0.0,0.28617608547210693,0.0,0.0,0.0,0.6771998405456543,0.0,0.0
"DM-12007",True,"valid",0.04901469871401787,0.5329834818840027,0.0,0.0,0.0,0.0976727083325386,0.0,0.3021770119667053,0.0,0.0
"DM-12873",False,"valid",0.727506697177887,0.07187473773956299,0.04038756340742111,0.0,0.14195391535758972,0.0,0.0,0.0,0.0,0.0
"DM-14639",False,"valid",0.0,0.0,0.0,0.9608343839645386,0.0,0.0,0.0,0.0,0.0,0.0
"DM-8957",True,"valid",0.0,0.0,0.0,0.2877368628978729,0.0,0.4769889712333679,0.0,0.22738763689994812,0.0,0.0
"DM-7107",False,"valid",0.0,0.0,0.0,0.0,0.0,0.0,0.5384780764579773,0.4232187271118164,0.0,0.0
"DM-8011",False,"valid",0.0,0.1822226643562317,0.0,0.0,0.0,0.0,0.7562182545661926,0.0,0.0,0.0
"DM-12640",True,"valid",0.04317978397011757,0.39371156692504883,0.0,0.4459853172302246,0.08666547387838364,0.0,0.0,0.0,0.0,0.024444274604320526
"DM-7939",False,"valid",0.0,0.7027380466461182,0.0,0.0,0.22480952739715576,0.0,0.0,0.0,0.0,0.0
"DM-17041",False,"valid",0.0,0.0,0.0,0.6522879600524902,0.0,0.29959046840667725,0.0,0.0,0.03634469956159592,0.0
"DM-3775",True,"valid",0.16980089247226715,0.16498321294784546,0.0,0.0,0.0,0.2790241539478302,0.0,0.2203504890203476,0.0,0.1545545756816864
"DM-11911",True,"valid",0.0,0.0,0.06897106766700745,0.0,0.0,0.0,0.3983305096626282,0.5023679733276367,0.0,0.0
"DM-5308",False,"valid",0.0,0.0,0.0,0.0,0.10952817648649216,0.0,0.6733463406562805,0.0,0.14729280769824982,0.0
"DM-14146",False,"valid",0.01983477734029293,0.01984231173992157,0.019835954532027245,0.019841568544507027,0.01983475312590599,0.01983804628252983,0.01983613707125187,0.8214630484580994,0.019835950806736946,0.019837459549307823
"DM-17394",False,"valid",0.0,0.0,0.0,0.94350665807724,0.0,0.0,0.0,0.0,0.0,0.0
"DM-12593",False,"valid",0.0,0.0,0.0,0.0,0.0,0.0,0.0,0.910912811756134,0.0,0.0
"DM-3897",True,"valid",0.0,0.0,0.0,0.0,0.15539288520812988,0.8125892877578735,0.0,0.0,0.0,0.0
"DM-4780",False,"valid",0.0,0.0,0.0,0.0,0.0,0.0,0.0,0.0,0.997500479221344,0.0
"DM-1028",False,"valid",0.0,0.1561174988746643,0.0,0.0,0.0,0.40899837017059326,0.30934685468673706,0.0,0.11303790658712387,0.0
"DM-15207",True,"valid",0.0,0.0,0.0,0.7058044672012329,0.0,0.0,0.0,0.0,0.24517905712127686,0.0
"DM-19242",False,"test",0.0,0.0,0.0,0.0,0.0,0.0,0.0,0.0,0.5905492901802063,0.35590988397598267
"DM-19236",False,"test",0.21865758299827576,0.0,0.0,0.0,0.0,0.7528712749481201,0.0,0.0,0.0,0.0
"DM-19220",False,"test",0.0,0.0,0.0,0.31593409180641174,0.0,0.0,0.0,0.2301003485918045,0.0,0.410085529088974
"DM-18897",False,"test",0.013239964842796326,0.2604602873325348,0.013243332505226135,0.013243375346064568,0.013245563954114914,0.013246076181530952,0.6335888504981995,0.013245129026472569,0.01324034295976162,0.013247042894363403
"DM-18863",False,"test",0.0,0.4397379457950592,0.0,0.0,0.0,0.15139740705490112,0.3755109906196594,0.0,0.0,0.0
"DM-18839",False,"test",0.08482964336872101,0.29486408829689026,0.01925150863826275,0.39051610231399536,0.0,0.0,0.0,0.0,0.0,0.20197410881519318
"DM-18836",False,"test",0.0,0.5268937945365906,0.0,0.08367222547531128,0.0,0.08651284873485565,0.0,0.0,0.0,0.27673378586769104
"DM-18748",False,"test",0.03366599231958389,0.0,0.0,0.0,0.0,0.0,0.09102098643779755,0.09110566973686218,0.6909118890762329,0.08679521828889847
"DM-18743",False,"test",0.18157584965229034,0.0,0.0,0.03565897047519684,0.0,0.0,0.12600277364253998,0.22765891253948212,0.0,0.4241544306278229
"DM-18730",False,"test",0.0,0.0,0.0,0.0,0.23625372350215912,0.0,0.0,0.3090440034866333,0.0,0.4001188576221466
"DM-18678",True,"test",0.0,0.0,0.050978388637304306,0.3422802984714508,0.0,0.0,0.0,0.0,0.3707135021686554,0.21723929047584534
"DM-18668",False,"test",0.45742541551589966,0.0,0.0,0.0,0.0,0.0,0.46977904438972473,0.0,0.0,0.0
"DM-18643",True,"test",0.0,0.0,0.0,0.0,0.0,0.0,0.0,0.0,0.0,0.9526036977767944
"DM-18591",True,"test",0.0,0.0,0.0,0.6367847919464111,0.0,0.0,0.04357573762536049,0.0,0.056330882012844086,0.2502511143684387
"DM-18589",False,"test",0.07329607754945755,0.0,0.0,0.0,0.0,0.041941478848457336,0.128115713596344,0.0,0.09761778265237808,0.6506909728050232
"DM-18569",False,"test",0.0,0.0,0.0,0.0,0.0,0.0,0.0,0.0,0.0,0.9356996417045593
"DM-18568",False,"test",0.0,0.06243428587913513,0.0,0.0,0.0,0.0,0.38882577419281006,0.03956504538655281,0.0,0.49796783924102783
"DM-18542",False,"test",0.016673797741532326,0.016674378886818886,0.016673972830176353,0.016676519066095352,0.1491064429283142,0.016674887388944626,0.7174909710884094,0.016675792634487152,0.016674740239977837,0.016678456217050552
"DM-18512",False,"test",0.0,0.4684903919696808,0.0,0.0,0.0,0.5052921175956726,0.0,0.0,0.0,0.0
"DM-18508",False,"test",0.0,0.0,0.3239762485027313,0.0,0.4170640707015991,0.19527877867221832,0.0,0.0,0.0,0.0
"DM-18500",False,"test",0.0,0.0,0.24672052264213562,0.16252070665359497,0.0,0.0,0.5627080202102661,0.0,0.0,0.0
"DM-18455",True,"test",0.0,0.5076560974121094,0.0,0.0,0.0,0.0,0.0,0.0,0.12271026521921158,0.33777326345443726
"DM-18440",False,"test",0.010002881288528442,0.010003529489040375,0.010003022849559784,0.010007078759372234,0.010003912262618542,0.010003580711781979,0.010003446601331234,0.010005013085901737,0.010002490133047104,0.9099650382995605
"DM-18439",False,"test",0.016640527173876762,0.016640175133943558,0.016640231013298035,0.5169066190719604,0.016640175133943558,0.3499610722064972,0.016643589362502098,0.01664130575954914,0.016642557457089424,0.016643766313791275
"DM-18430",False,"test",0.01429590955376625,0.014295898377895355,0.014295888133347034,0.5854805111885071,0.014295888133347034,0.3001500368118286,0.014297207817435265,0.014295888133347034,0.014296705834567547,0.014296085573732853
"DM-18403",False,"test",0.012504241429269314,0.531098484992981,0.012503801845014095,0.012513796798884869,0.012503702193498611,0.3688511252403259,0.012509297579526901,0.012506404891610146,0.01250435784459114,0.012504828162491322
"DM-18401",True,"test",0.10806696116924286,0.8498100638389587,0.0,0.0,0.0,0.0,0.0,0.0,0.0,0.0
"DM-18397",False,"test",0.032648708671331406,0.0,0.064010389149189,0.0,0.04028565064072609,0.11145688593387604,0.0,0.5490831136703491,0.0,0.19241487979888916
"DM-18377",False,"test",0.02005218155682087,0.02005188539624214,0.5905160307884216,0.24905329942703247,0.020059602335095406,0.020051876083016396,0.02005513198673725,0.020052533596754074,0.020054180175065994,0.020053327083587646
"DM-18374",False,"test",0.014255363494157791,0.014258032664656639,0.014257113449275494,0.34407180547714233,0.5418696999549866,0.0142593989148736,0.014256687834858894,0.01425934862345457,0.014255228452384472,0.014257330447435379
"DM-18370",True,"test",0.0,0.0,0.2443496286869049,0.32377129793167114,0.2732294499874115,0.0,0.0,0.0,0.0,0.10703042894601822
"DM-18367",True,"test",0.0,0.2648608982563019,0.0,0.5000408291816711,0.19132478535175323,0.0,0.0,0.0,0.0,0.0
"DM-18363",False,"test",0.0,0.26391154527664185,0.0,0.0,0.0,0.0,0.3988877832889557,0.0,0.29605042934417725,0.0
"DM-18340",False,"test",0.0,0.09825295954942703,0.0,0.47540605068206787,0.0,0.0,0.0,0.0,0.0,0.3970288038253784
"DM-18339",False,"test",0.0,0.25065892934799194,0.0,0.0,0.0,0.0,0.0,0.0,0.0,0.6765756011009216
"DM-18330",False,"test",0.0,0.0,0.0,0.9780365228652954,0.0,0.0,0.0,0.0,0.0,0.0
"DM-18311",False,"test",0.0,0.19100235402584076,0.0,0.0,0.0,0.30352044105529785,0.27474042773246765,0.0,0.0,0.20215462148189545
"DM-18181",True,"test",0.0,0.0,0.0,0.028736937791109085,0.0,0.0,0.4784480035305023,0.178645521402359,0.0,0.30615514516830444
"DM-18167",False,"test",0.11780044436454773,0.3175480365753174,0.0,0.2667265832424164,0.0,0.0,0.0,0.11112935096025467,0.0,0.17489972710609436
"DM-18159",True,"test",0.0,0.2293633073568344,0.0,0.0,0.0,0.0,0.6330987215042114,0.0,0.0,0.09866626560688019
"DM-18154",False,"test",0.0,0.2881931662559509,0.0,0.5118159651756287,0.07454948127269745,0.02778877690434456,0.05507140979170799,0.037414971739053726,0.0,0.0
"DM-18131",False,"test",0.0,0.26149094104766846,0.0,0.023212917149066925,0.0,0.1139722615480423,0.0,0.08497416228055954,0.01913650892674923,0.49213385581970215
"DM-18127",False,"test",0.0,0.38643717765808105,0.0,0.0,0.0,0.1374111771583557,0.322851300239563,0.0,0.0,0.13785667717456818
"DM-18125",False,"test",0.0,0.7462852597236633,0.0,0.20374034345149994,0.0,0.0,0.0,0.0,0.0,0.0
"DM-18121",False,"test",0.03861280903220177,0.0,0.035361021757125854,0.7013168931007385,0.0,0.0,0.16262201964855194,0.0,0.0,0.052250348031520844
"DM-18108",True,"test",0.011114940978586674,0.5936592817306519,0.011114440858364105,0.011114455759525299,0.01111640501767397,0.01111521851271391,0.011118892580270767,0.011116549372673035,0.01111398171633482,0.3174157738685608
"DM-18063",False,"test",0.0,0.26915934681892395,0.0,0.0,0.0,0.2581879794597626,0.4089657664299011,0.0,0.0,0.0
"DM-18033",False,"test",0.0,0.7501142024993896,0.0,0.06828037649393082,0.0,0.0,0.10817747563123703,0.0,0.06591644138097763,0.0
"DM-18009",False,"test",0.09689595550298691,0.0,0.04418912157416344,0.0,0.5318988561630249,0.0,0.0,0.06099848076701164,0.15504202246665955,0.09920813888311386
"DM-18007",False,"test",0.0,0.5916285514831543,0.0,0.0,0.0,0.0,0.0,0.0,0.2500336170196533,0.13659493625164032
"DM-18001",False,"test",0.0,0.18428170680999756,0.0,0.0,0.0,0.44106385111808777,0.1899983137845993,0.0,0.0,0.16917024552822113
"DM-17978",False,"test",0.0,0.0,0.581390380859375,0.0,0.0,0.17557735741138458,0.0,0.0,0.0,0.18924814462661743
"DM-17976",False,"test",0.033239882439374924,0.03324182331562042,0.03324093297123909,0.03323994576931,0.03324070945382118,0.03324074298143387,0.7008339762687683,0.03323991969227791,0.03324035555124283,0.03324173390865326
"DM-17975",False,"test",0.1033875048160553,0.4736897349357605,0.0,0.0,0.0,0.0,0.0,0.1852806657552719,0.08425401151180267,0.1324475109577179
"DM-17974",False,"test",0.074030302464962,0.3066348731517792,0.0,0.0,0.0,0.0,0.584312379360199,0.0,0.0,0.0
"DM-17970",False,"test",0.0,0.7529671788215637,0.0,0.0,0.0,0.0,0.0,0.0,0.0,0.18539047241210938
"DM-17960",True,"test",0.0,0.15402552485466003,0.08570131659507751,0.0,0.41529324650764465,0.10216604918241501,0.19452494382858276,0.03580780699849129,0.0,0.0
"DM-17956",False,"test",0.1571539342403412,0.0,0.0,0.0,0.0,0.30678558349609375,0.0,0.11399131268262863,0.03158874064683914,0.38651013374328613
"DM-17952",False,"test",0.0,0.0,0.0,0.0,0.0,0.1015470027923584,0.0,0.0,0.037229083478450775,0.8417664170265198
"DM-17936",False,"test",0.0,0.047354601323604584,0.3328750729560852,0.14214502274990082,0.10835440456867218,0.0,0.07770368456840515,0.0,0.0,0.28487417101860046
"DM-17933",False,"test",0.0,0.0,0.35559943318367004,0.20001234114170074,0.10847768187522888,0.1017654687166214,0.03818907588720322,0.08191686123609543,0.0,0.11062129586935043
"DM-17930",False,"test",0.6652106642723083,0.0,0.0,0.0,0.0,0.0,0.0,0.0,0.27758392691612244,0.0
"DM-17919",False,"test",0.0,0.0,0.0,0.244101420044899,0.0,0.0,0.0,0.6215464472770691,0.11008751392364502,0.0
"DM-17917",False,"test",0.0,0.0,0.0,0.22049695253372192,0.0,0.34344208240509033,0.0,0.2889860272407532,0.0,0.1284645050764084
"DM-17908",False,"test",0.0,0.0,0.0,0.0,0.0,0.0,0.6788119077682495,0.0,0.0,0.2640017867088318
"DM-17866",False,"test",0.0,0.04737836495041847,0.0,0.0,0.0,0.12102615833282471,0.27788543701171875,0.0,0.04127465561032295,0.49818164110183716
"DM-17858",False,"test",0.0,0.0,0.0,0.0,0.0,0.10153120011091232,0.0,0.0,0.03723815456032753,0.8417730331420898
"DM-17856",False,"test",0.6651214361190796,0.0,0.0,0.0,0.0,0.0,0.0,0.0,0.2776731252670288,0.0
"DM-17837",False,"test",0.0,0.36667266488075256,0.23633074760437012,0.0,0.0,0.24504312872886658,0.0,0.0,0.12323232740163803,0.0
"DM-17824",False,"test",0.011118287220597267,0.011121368035674095,0.011118939146399498,0.011120518669486046,0.011120335198938847,0.200032040476799,0.011119415983557701,0.01112140528857708,0.48536208271980286,0.23676562309265137
"DM-17813",False,"test",0.0,0.15191607177257538,0.0,0.0,0.27173808217048645,0.0,0.0,0.13666443526744843,0.1737956404685974,0.2524905204772949
"DM-17812",False,"test",0.0,0.0,0.038490504026412964,0.0,0.0,0.0,0.1633402407169342,0.1684681475162506,0.0,0.6185439825057983
"DM-17810",False,"test",0.0,0.0,0.0,0.0,0.6326238512992859,0.0,0.0,0.0,0.0,0.3142780065536499
"DM-17788",False,"test",0.10902126133441925,0.0,0.05623776838183403,0.0,0.5278425812721252,0.0,0.0,0.10330811887979507,0.09103391319513321,0.10079588741064072
"DM-17764",False,"test",0.0,0.637235164642334,0.0,0.0,0.0,0.262719988822937,0.0,0.0,0.0,0.07670854032039642
"DM-17757",False,"test",0.10199077427387238,0.0,0.020007317885756493,0.09734645485877991,0.0,0.09367310255765915,0.10676906257867813,0.0,0.5237961411476135,0.05500844120979309
"DM-17741",False,"test",0.06065256521105766,0.13811416923999786,0.0,0.011064471676945686,0.0,0.08967249095439911,0.0,0.07142340391874313,0.4555074870586395,0.17183397710323334
"DM-17740",False,"test",0.0,0.129910409450531,0.0,0.3577697277069092,0.0,0.0,0.0,0.16966047883033752,0.11114070564508438,0.22640927135944366
"DM-17739",False,"test",0.08052071928977966,0.08557529747486115,0.0,0.021949518471956253,0.07912658900022507,0.0,0.0,0.0,0.7260448932647705,0.0
"DM-17694",True,"test",0.0,0.09176895767450333,0.0,0.0,0.0,0.0,0.27476346492767334,0.0,0.3090938329696655,0.2934265434741974
"DM-17693",False,"test",0.0,0.0,0.0,0.0,0.0,0.0,0.0,0.0,0.04894949123263359,0.9213926196098328
"DM-17688",False,"test",0.0,0.40362057089805603,0.0,0.0,0.0,0.0,0.0,0.0,0.0,0.5389021635055542
"DM-17687",False,"test",0.03360464796423912,0.033608127385377884,0.033606916666030884,0.03360590711236,0.03362865746021271,0.697501540184021,0.03360724076628685,0.033614564687013626,0.03360464796423912,0.0336177833378315
"DM-17678",False,"test",0.033239882439374924,0.03324182704091072,0.03324093297123909,0.03323994576931,0.03324070945382118,0.03324074298143387,0.7008339762687683,0.03323991969227791,0.03324035555124283,0.03324173390865326
"DM-17660",True,"test",0.0,0.2516975700855255,0.07067537307739258,0.0,0.0,0.0,0.3220560550689697,0.0,0.0,0.32930710911750793
"DM-17655",True,"test",0.0,0.0,0.0,0.0,0.0,0.0,0.0,0.0,0.0,0.9249803423881531
"DM-17654",True,"test",0.0,0.0,0.0,0.0,0.0,0.0,0.5895171761512756,0.0,0.0,0.3605942726135254
"DM-17641",False,"test",0.0,0.2764713764190674,0.0,0.0,0.0,0.0,0.0,0.0,0.0,0.6460492610931396
"DM-17638",False,"test",0.0,0.6936496496200562,0.0,0.0,0.0,0.0,0.2785160541534424,0.0,0.0,0.0
"DM-17610",False,"test",0.012477528303861618,0.012479291297495365,0.012478086166083813,0.36861470341682434,0.012479715049266815,0.012478889897465706,0.012478352524340153,0.012478712946176529,0.01247765589505434,0.5315570831298828
"DM-17609",True,"test",0.013591024093329906,0.01359841600060463,0.013592141680419445,0.8776604533195496,0.01359481643885374,0.013593675568699837,0.013592517003417015,0.01359269767999649,0.013590690679848194,0.013593597337603569
"DM-17608",False,"test",0.21701142191886902,0.0,0.0,0.36769115924835205,0.0,0.055716246366500854,0.0,0.22314995527267456,0.05325588583946228,0.07670789211988449
"DM-17596",False,"test",0.025007115676999092,0.7749248743057251,0.02500848099589348,0.025010354816913605,0.02501068077981472,0.02500661462545395,0.02500687912106514,0.025011299178004265,0.025005580857396126,0.025008119642734528
"DM-17593",False,"test",0.0,0.0,0.0,0.0,0.0,0.14374905824661255,0.0,0.0,0.06267997622489929,0.7709771394729614
"DM-17561",True,"test",0.0,0.6656829714775085,0.0,0.0,0.0,0.0,0.0,0.0,0.0,0.30353671312332153
"DM-17557",False,"test",0.0,0.0,0.0,0.09392648935317993,0.0,0.1979316622018814,0.08056659251451492,0.0,0.0,0.6088262796401978
"DM-17543",False,"test",0.045147139579057693,0.4340452551841736,0.06831733882427216,0.0,0.0,0.0,0.0,0.05194070562720299,0.0,0.3911225199699402
"DM-17533",False,"test",0.0,0.3730614185333252,0.0,0.0,0.0,0.0,0.3036724925041199,0.0,0.0,0.2903755009174347
"DM-17527",False,"test",0.0,0.0,0.0,0.6196895241737366,0.0,0.0,0.0,0.12957850098609924,0.0,0.23444607853889465
"DM-17525",False,"test",0.0,0.0,0.0,0.0,0.0,0.0,0.9499722123146057,0.0,0.0,0.0
"DM-17503",False,"test",0.0,0.0,0.0,0.034156233072280884,0.04813852533698082,0.13214096426963806,0.0,0.24982881546020508,0.03231598436832428,0.49478253722190857
"DM-17486",False,"test",0.012501193210482597,0.012501371093094349,0.8874865174293518,0.012501653283834457,0.012501662597060204,0.012501150369644165,0.012501147575676441,0.01250268705189228,0.012500959448516369,0.012501675635576248
"DM-17481",False,"test",0.012501193210482597,0.012501371093094349,0.8874865174293518,0.012501653283834457,0.012501662597060204,0.012501150369644165,0.012501147575676441,0.01250268705189228,0.012500959448516369,0.012501675635576248
"DM-17474",True,"test",0.033249057829380035,0.03323553130030632,0.03324231132864952,0.7008346915245056,0.03323684632778168,0.033238913863897324,0.033243756741285324,0.033244553953409195,0.03323952108621597,0.0332348607480526
"DM-17466",False,"test",0.0,0.10303420573472977,0.0,0.3463687598705292,0.13076233863830566,0.0,0.0,0.3966720402240753,0.0,0.0
"DM-17456",False,"test",0.0,0.3850889503955841,0.0,0.07685419172048569,0.0,0.0,0.0,0.45974722504615784,0.05379277095198631,0.0
"DM-17451",False,"test",0.0,0.27053892612457275,0.03205646201968193,0.16650483012199402,0.0,0.2668609023094177,0.0,0.0,0.2542250156402588,0.0
"DM-17445",True,"test",0.023107854649424553,0.02310771308839321,0.023108728229999542,0.7920206189155579,0.023108763620257378,0.023107364773750305,0.02310783602297306,0.02311214618384838,0.023107249289751053,0.023111771792173386
"DM-17442",False,"test",0.0,0.19121412932872772,0.0,0.0,0.24538786709308624,0.0,0.0,0.13467134535312653,0.17868150770664215,0.23629452288150787
"DM-17398",False,"test",0.3240593373775482,0.0,0.0,0.05731680616736412,0.0,0.0,0.29618239402770996,0.0,0.0,0.30772003531455994
"DM-17395",True,"test",0.11333192884922028,0.0,0.0,0.0,0.0,0.1643044650554657,0.37530094385147095,0.0,0.0,0.3230758309364319
"DM-17389",True,"test",0.02500879019498825,0.025006961077451706,0.025017309933900833,0.025005483999848366,0.025005603209137917,0.02501090057194233,0.02500898204743862,0.7749203443527222,0.02500704675912857,0.025008568540215492
"DM-17372",False,"test",0.0,0.0,0.10718138515949249,0.0,0.0,0.0,0.0,0.0,0.0965103954076767,0.7693593502044678
"DM-17368",False,"test",0.456482857465744,0.0,0.0,0.0,0.0,0.0,0.19937185943126678,0.0,0.2902352511882782,0.0
"DM-17366",False,"test",0.0,0.5074834823608398,0.0,0.0,0.0,0.0,0.0,0.0,0.0,0.4509009122848511
"DM-17348",False,"test",0.0,0.43293651938438416,0.0,0.168699711561203,0.0,0.0,0.20177949965000153,0.18084223568439484,0.0,0.0
"DM-17345",False,"test",0.16289159655570984,0.0,0.0,0.0,0.0,0.0,0.0,0.3721160888671875,0.08658108860254288,0.352283239364624
"DM-17344",True,"test",0.0,0.0,0.0,0.25799623131752014,0.0,0.0,0.6947838664054871,0.0,0.0,0.0
"DM-17338",False,"test",0.0,0.0,0.19196327030658722,0.0,0.0,0.0,0.0,0.0,0.0,0.7351245880126953
"DM-17333",True,"test",0.0,0.46215543150901794,0.0,0.0,0.11130954325199127,0.29424992203712463,0.1122841164469719,0.0,0.0,0.0
"DM-17330",False,"test",0.08766130357980728,0.0,0.0,0.0,0.0,0.0,0.42241209745407104,0.44322264194488525,0.0,0.0
"DM-17326",False,"test",0.0,0.1765614002943039,0.0,0.1497778445482254,0.0,0.0,0.6198295950889587,0.0,0.0,0.0
"DM-17324",False,"test",0.0,0.261526495218277,0.0,0.0,0.0,0.0,0.0,0.0,0.522972047328949,0.17653228342533112
"DM-17323",False,"test",0.01254943385720253,0.23899303376674652,0.0,0.0,0.0,0.0,0.07735681533813477,0.2965967655181885,0.0,0.37084028124809265
"DM-17316",False,"test",0.08462636917829514,0.0,0.0,0.4652588963508606,0.0,0.31293293833732605,0.0,0.10716058313846588,0.0,0.0
"DM-17314",False,"test",0.011115132831037045,0.011117101646959782,0.011117160320281982,0.011118804104626179,0.01111743226647377,0.8999531865119934,0.011114520952105522,0.011114783585071564,0.01111510768532753,0.011116727255284786
"DM-17307",False,"test",0.04959836229681969,0.04960862174630165,0.049597714096307755,0.04959737882018089,0.049604084342718124,0.04959932342171669,0.5535910129547119,0.04959847405552864,0.04959726333618164,0.04960779473185539
"DM-17301",False,"test",0.15762647986412048,0.0,0.2908428907394409,0.5146715044975281,0.0,0.0,0.0,0.0,0.0,0.0
"DM-17300",False,"test",0.28604209423065186,0.0,0.0,0.0,0.0,0.4625888168811798,0.0,0.0,0.0,0.21391695737838745
"DM-17296",False,"test",0.0,0.0,0.0,0.43521368503570557,0.0,0.0,0.0,0.5112364888191223,0.0,0.0
"DM-17284",False,"test",0.0,0.47836965322494507,0.0,0.0,0.0,0.0,0.0,0.0,0.4595193564891815,0.0
"DM-17259",True,"test",0.0,0.2398483157157898,0.0,0.2856194078922272,0.1090860664844513,0.3418022394180298,0.0,0.011729656718671322,0.0,0.0
"DM-17249",False,"test",0.0,0.2050136923789978,0.09213434159755707,0.3281766176223755,0.0,0.0,0.3346499502658844,0.0,0.0,0.0
"DM-17227",True,"test",0.0,0.0,0.0,0.0,0.0,0.09113675355911255,0.07807213813066483,0.13093657791614532,0.1766919046640396,0.5117843747138977
"DM-17213",False,"test",0.0,0.0,0.0,0.7801049947738647,0.0,0.0,0.1902446299791336,0.0,0.0,0.0
"DM-17207",False,"test",0.0,0.5391503572463989,0.0,0.0,0.0,0.0,0.0,0.0,0.0,0.4187861680984497
"DM-17204",False,"test",0.0,0.03844202682375908,0.12261760979890823,0.16354815661907196,0.0,0.0,0.39939945936203003,0.26039060950279236,0.0,0.0
"DM-17197",False,"test",0.0,0.0,0.0,0.3542121946811676,0.0,0.28490543365478516,0.06127812713384628,0.0,0.0,0.28380948305130005
"DM-17173",False,"test",0.07162265479564667,0.0,0.0,0.5144503116607666,0.0505734421312809,0.10640553385019302,0.07362286001443863,0.02728135511279106,0.0,0.15332157909870148
"DM-17172",False,"test",0.0,0.2541384994983673,0.0,0.0,0.0,0.10926733165979385,0.0,0.0,0.0,0.6015660166740417
"DM-17171",False,"test",0.053735896944999695,0.0,0.0,0.36719584465026855,0.0,0.5496741533279419,0.0,0.0,0.0,0.0
"DM-17162",False,"test",0.0,0.41403836011886597,0.0,0.0,0.0,0.0,0.46979057788848877,0.0,0.0810193419456482,0.0
"DM-17161",False,"test",0.012502655386924744,0.012504813261330128,0.012503175996243954,0.012503727339208126,0.01250527799129486,0.4287116825580597,0.01250588707625866,0.012504027225077152,0.01250380463898182,0.47125497460365295
"DM-17149",False,"test",0.0,0.0,0.0,0.5239773988723755,0.0,0.11315228044986725,0.0,0.0,0.0,0.3260129988193512
"DM-17148",False,"test",0.0,0.0,0.0,0.0,0.0,0.9699881672859192,0.0,0.0,0.0,0.0
"DM-17110",False,"test",0.0,0.19599151611328125,0.0,0.4606580138206482,0.0,0.3083312213420868,0.0,0.0,0.0,0.0
"DM-17093",False,"test",0.05547420680522919,0.0,0.0,0.0,0.0,0.0,0.0,0.12318100780248642,0.807615339756012,0.0
"DM-17091",False,"test",0.0,0.3644164502620697,0.0,0.0,0.0,0.13787779211997986,0.2684594988822937,0.08317109197378159,0.0,0.13387548923492432
"DM-17066",False,"test",0.0,0.3383995294570923,0.22745142877101898,0.0,0.09584975242614746,0.0,0.14191727340221405,0.1862536072731018,0.0,0.0
"DM-17059",False,"test",0.0,0.6992822289466858,0.0,0.10458146780729294,0.0,0.0,0.0,0.1658519208431244,0.0,0.0
"DM-17045",True,"test",0.16350428760051727,0.0,0.12353568524122238,0.27932706475257874,0.0,0.0,0.0,0.0,0.0,0.4159727394580841
"DM-17043",True,"test",0.0,0.07493483275175095,0.1171555370092392,0.2625838816165924,0.03108733333647251,0.0,0.0,0.0,0.0,0.5067707896232605
"DM-17042",False,"test",0.0,0.0,0.0,0.0,0.0,0.14362893998622894,0.0,0.0,0.0,0.7991756200790405
"DM-17031",False,"test",0.0,0.25886058807373047,0.0,0.0,0.026889784261584282,0.0,0.14258678257465363,0.0,0.0,0.560775876045227
"DM-17029",True,"test",0.0,0.03344671055674553,0.03602103516459465,0.0,0.048026394098997116,0.25890934467315674,0.0,0.0,0.02933191880583763,0.5860117673873901
"DM-17021",False,"test",0.0,0.0,0.0,0.21469879150390625,0.0,0.0,0.27530527114868164,0.0,0.0,0.48941415548324585
"DM-17020",False,"test",0.0,0.481376051902771,0.178702250123024,0.0,0.0,0.1216483786702156,0.0,0.0,0.0,0.19518065452575684
"DM-17004",True,"test",0.060451440513134,0.37001997232437134,0.0,0.0,0.0,0.0,0.0,0.0,0.3423224687576294,0.2084420770406723
"DM-16957",True,"test",0.020149599760770798,0.0,0.0,0.0,0.0,0.0,0.0,0.0,0.9034032225608826,0.07370056211948395
"DM-16902",False,"test",0.0,0.0,0.0,0.0,0.5036926865577698,0.10717131197452545,0.0,0.0,0.21180295944213867,0.14198511838912964
"DM-16871",True,"test",0.0,0.25865787267684937,0.0,0.0,0.0,0.5020421147346497,0.0,0.0,0.0,0.20038677752017975
"DM-16842",False,"test",0.0,0.5217448472976685,0.0,0.0,0.0,0.0,0.0,0.0,0.0,0.44345325231552124
"DM-16832",False,"test",0.0,0.07695408910512924,0.0,0.0,0.0,0.08724471926689148,0.1294299215078354,0.18614020943641663,0.0,0.4974959194660187
"DM-16814",False,"test",0.0,0.17704357206821442,0.09041038155555725,0.0,0.5445498824119568,0.1629873514175415,0.0,0.0,0.0,0.0
"DM-16801",False,"test",0.19949835538864136,0.0,0.1802247166633606,0.5790758728981018,0.0,0.0,0.0,0.0,0.0,0.0
"DM-16756",False,"test",0.0,0.2526479661464691,0.0,0.0,0.0,0.0,0.0,0.42855069041252136,0.08980229496955872,0.21134816110134125
"DM-16734",False,"test",0.4085811376571655,0.21171508729457855,0.0,0.0,0.3207828998565674,0.0,0.0,0.0,0.0,0.0
"DM-16731",False,"test",0.0,0.09324678778648376,0.0,0.26123589277267456,0.0,0.0,0.0,0.0,0.0,0.6065254807472229
"DM-16700",False,"test",0.0,0.0,0.0,0.41755014657974243,0.0,0.029358748346567154,0.0,0.0,0.0,0.5384678244590759
"DM-16667",False,"test",0.0,0.5194281935691833,0.03939849138259888,0.17074106633663177,0.0,0.0,0.0,0.24973073601722717,0.0,0.0
"DM-16661",False,"test",0.0,0.0,0.0,0.40037110447883606,0.0,0.2381824254989624,0.20919930934906006,0.0,0.0,0.1431483030319214
"DM-16642",False,"test",0.0,0.0,0.0,0.4659908413887024,0.0,0.0,0.0,0.0,0.0,0.4807431399822235
"DM-16612",False,"test",0.20584645867347717,0.45758628845214844,0.0,0.0,0.0,0.0,0.0,0.0,0.28655004501342773,0.0
"DM-16589",False,"test",0.020012585446238518,0.02001325599849224,0.020017869770526886,0.02001652866601944,0.020014803856611252,0.020015567541122437,0.02001592516899109,0.020014047622680664,0.8198586106300354,0.020020779222249985
"DM-16558",False,"test",0.2388484925031662,0.0,0.0471789613366127,0.0,0.0,0.0,0.12787915766239166,0.0,0.38059890270233154,0.19854870438575745
"DM-16550",False,"test",0.0,0.2746615409851074,0.0,0.0,0.0,0.0,0.45444393157958984,0.0,0.24288131296634674,0.0
"DM-16546",False,"test",0.019951218739151955,0.019950924441218376,0.019951514899730682,0.38817116618156433,0.45220324397087097,0.01995166204869747,0.019962245598435402,0.01995135098695755,0.01995101198554039,0.019955646246671677
"DM-16539",True,"test",0.0,0.0,0.0,0.49607008695602417,0.0,0.0,0.0,0.1924365758895874,0.0,0.29942837357521057
"DM-16535",False,"test",0.0,0.0,0.18156753480434418,0.0,0.06209869310259819,0.0,0.0,0.4267547130584717,0.0,0.30958065390586853
"DM-16483",False,"test",0.0,0.0,0.0,0.16571827232837677,0.0,0.1913049966096878,0.27178075909614563,0.0,0.0,0.3591103255748749
"DM-16482",False,"test",0.0,0.0,0.0,0.27193683385849,0.0,0.0,0.683840274810791,0.0,0.0,0.0
"DM-16451",False,"test",0.3631219267845154,0.0,0.0,0.38226598501205444,0.0,0.0,0.0,0.0,0.0,0.21570706367492676
"DM-16443",False,"test",0.0,0.0,0.0,0.2948130667209625,0.37516650557518005,0.30330049991607666,0.0,0.0,0.0,0.0
"DM-16429",False,"test",0.0,0.133362278342247,0.1286018341779709,0.0,0.0,0.0,0.0,0.17566804587841034,0.0,0.5531316995620728
"DM-16416",False,"test",0.0,0.27505651116371155,0.0,0.0,0.2540445327758789,0.1718650907278061,0.0,0.0,0.0,0.28268197178840637
"DM-16401",False,"test",0.0,0.36937451362609863,0.09099104255437851,0.0,0.0,0.0,0.09372469782829285,0.0,0.19681639969348907,0.22407281398773193
"DM-16383",True,"test",0.0,0.4769301414489746,0.0,0.0,0.0,0.0,0.0,0.275664746761322,0.0,0.22551560401916504
"DM-16347",False,"test",0.0,0.0,0.0,0.0,0.0,0.0,0.06585332751274109,0.0,0.9272835850715637,0.0
"DM-16343",False,"test",0.0,0.16686789691448212,0.07363799959421158,0.0,0.0,0.0,0.3884858787059784,0.0,0.0,0.3495672047138214
"DM-16320",False,"test",0.0,0.9639843106269836,0.0,0.0,0.0,0.0,0.0,0.0,0.0,0.0
"DM-16311",True,"test",0.0,0.0,0.0,0.0,0.0,0.0,0.0,0.0,0.0,0.9356949329376221
"DM-16284",False,"test",0.012504677288234234,0.012504354119300842,0.5661576986312866,0.01250402256846428,0.012504320591688156,0.012504872865974903,0.012506566941738129,0.33380356431007385,0.012504260055720806,0.012505638413131237
"DM-16275",False,"test",0.0,0.0,0.0,0.14524522423744202,0.0,0.0,0.0,0.07590664178133011,0.0,0.766338050365448
"DM-16274",False,"test",0.0,0.6779767274856567,0.0,0.0,0.0,0.0,0.27199259400367737,0.0,0.0,0.0
"DM-16246",True,"test",0.0,0.0,0.0,0.01663641259074211,0.0,0.0,0.014428174123167992,0.0,0.9678618907928467,0.0
"DM-16235",True,"test",0.31681758165359497,0.030324243009090424,0.0,0.032135359942913055,0.0,0.13416865468025208,0.0,0.24887992441654205,0.23233060538768768,0.0
"DM-16227",False,"test",0.0,0.0,0.0,0.3064153790473938,0.11438317596912384,0.03681517392396927,0.10130941867828369,0.0,0.0,0.4373396337032318
"DM-16192",False,"test",0.0,0.0,0.0,0.0,0.0,0.628915011882782,0.0,0.0,0.0,0.3045607805252075
"DM-16186",True,"test",0.012428604997694492,0.4111252725124359,0.16792361438274384,0.012429093942046165,0.012432009913027287,0.012431814335286617,0.012430263683199883,0.33393529057502747,0.01243180688470602,0.012432205490767956
"DM-16184",False,"test",0.033338259905576706,0.03334207087755203,0.03334450721740723,0.0333414301276207,0.03334977477788925,0.033342648297548294,0.033339325338602066,0.03334759175777435,0.033341262489557266,0.6999131441116333
"DM-16176",False,"test",0.0,0.09174617379903793,0.0,0.0,0.0,0.2730810046195984,0.0,0.4795598089694977,0.0,0.11793872714042664
"DM-16174",False,"test",0.0,0.0,0.024377597495913506,0.0,0.0,0.14472198486328125,0.015606753528118134,0.0,0.8086916208267212,0.0
"DM-16151",False,"test",0.0,0.058057401329278946,0.0,0.10687757283449173,0.0,0.0,0.0,0.16635464131832123,0.0,0.6524996161460876
"DM-16135",False,"test",0.0,0.0,0.0,0.0,0.0,0.0,0.0,0.0,0.0,0.9437272548675537
"DM-16131",False,"test",0.0,0.4732671082019806,0.0,0.48229488730430603,0.0,0.0,0.0,0.0,0.0,0.0
"DM-16128",False,"test",0.0,0.0,0.0,0.0,0.0,0.0,0.0,0.0,0.0,0.9769042730331421
"DM-16069",False,"test",0.0,0.09953183680772781,0.0,0.19685591757297516,0.0,0.0,0.0,0.20362569391727448,0.0,0.4683873653411865
"DM-16060",False,"test",0.0,0.43887683749198914,0.4653235375881195,0.0,0.07320435345172882,0.0,0.0,0.0,0.0,0.0
"DM-16049",False,"test",0.01250456739217043,0.012505403719842434,0.012504310347139835,0.012505527585744858,0.5572943091392517,0.3426666259765625,0.012504955753684044,0.01250491477549076,0.012504085898399353,0.012505294755101204
"DM-16034",True,"test",0.0,0.0,0.08765117824077606,0.2342911958694458,0.0,0.2823461592197418,0.0,0.0,0.0,0.37426111102104187
"DM-16033",False,"test",0.0,0.0,0.0,0.0,0.0,0.0,0.3463901877403259,0.06829275190830231,0.0,0.5611221790313721
"DM-16026",True,"test",0.19207239151000977,0.4974011778831482,0.0,0.2854837477207184,0.0,0.0,0.0,0.0,0.0,0.0
"DM-16023",False,"test",0.0,0.07421980053186417,0.11747535318136215,0.36643773317337036,0.0,0.0,0.0,0.0,0.0,0.4335286617279053
"DM-16022",True,"test",0.1900574117898941,0.5205826759338379,0.0,0.0,0.0,0.0,0.0,0.2602130174636841,0.0,0.0
"DM-16014",False,"test",0.01105828583240509,0.01105999480932951,0.14794619381427765,0.011057755909860134,0.011057697236537933,0.011060191318392754,0.22150284051895142,0.011058731935918331,0.1398799866437912,0.4243183732032776
"DM-16012",False,"test",0.0,0.09528868645429611,0.0,0.34316718578338623,0.04007327929139137,0.11893987655639648,0.0,0.0,0.0,0.38999801874160767
"DM-15982",False,"test",0.0,0.45538145303726196,0.0,0.5179389715194702,0.0,0.0,0.0,0.0,0.0,0.0
"DM-15974",False,"test",0.0,0.0,0.0,0.0,0.8071077466011047,0.0,0.0,0.0,0.0,0.12007109820842743
"DM-15910",False,"test",0.0,0.23142339289188385,0.0,0.43749096989631653,0.29773589968681335,0.0,0.0,0.0,0.0,0.0
"DM-15909",True,"test",0.0,0.27633586525917053,0.0,0.0,0.04130786284804344,0.23524051904678345,0.33382681012153625,0.09410220384597778,0.0,0.0
"DM-15901",False,"test",0.0,0.0,0.0,0.21435776352882385,0.2014921009540558,0.0,0.25936925411224365,0.0,0.07528780400753021,0.2351880520582199
"DM-15897",False,"test",0.0,0.0,0.0,0.3820468783378601,0.22828206419944763,0.0,0.0,0.0,0.3507598340511322,0.0
"DM-15871",False,"test",0.15644483268260956,0.5442246794700623,0.0,0.0,0.0,0.0,0.271312415599823,0.0,0.0,0.0
"DM-15868",False,"test",0.0,0.7178632020950317,0.0,0.0,0.05975231155753136,0.0,0.0,0.19318047165870667,0.0,0.0
"DM-15858",False,"test",0.0,0.0,0.08575122058391571,0.05321608856320381,0.0,0.0,0.0,0.0,0.8391886949539185,0.0
"DM-15831",False,"test",0.11471914499998093,0.0,0.21594132483005524,0.0,0.0,0.28008919954299927,0.21275092661380768,0.06927674263715744,0.09294340759515762,0.0
"DM-15823",False,"test",0.030968524515628815,0.0,0.0,0.4784526228904724,0.0,0.0,0.0,0.12873141467571259,0.0,0.3569859266281128
"DM-15812",False,"test",0.024973690509796143,0.024978483095765114,0.024978866800665855,0.024976050481200218,0.024975212290883064,0.024978047236800194,0.024983592331409454,0.024981621652841568,0.7751991748809814,0.02497527375817299
"DM-15808",False,"test",0.01992400735616684,0.019925037398934364,0.01992354728281498,0.019922493025660515,0.019922807812690735,0.019922684878110886,0.5607011318206787,0.019923055544495583,0.019923213869333267,0.27991199493408203
"DM-15801",False,"test",0.1933954358100891,0.0,0.0,0.0,0.0,0.0,0.16794350743293762,0.31885161995887756,0.0,0.303571492433548
"DM-15795",False,"test",0.10000034421682358,0.09999988228082657,0.10000099241733551,0.09999983012676239,0.10000050067901611,0.09999983757734299,0.09999977052211761,0.09999986737966537,0.09999946504831314,0.09999950975179672
"DM-15794",False,"test",0.0,0.18562477827072144,0.10985545814037323,0.37189263105392456,0.0,0.10681948065757751,0.1924695521593094,0.0,0.0,0.0
"DM-15791",True,"test",0.0,0.0,0.0,0.29856500029563904,0.0,0.0,0.0,0.07558219134807587,0.0,0.6010496616363525
"DM-15772",False,"test",0.012485059909522533,0.012488150037825108,0.012485919520258904,0.012486848048865795,0.01248997263610363,0.012488869950175285,0.012491049244999886,0.01248549111187458,0.012491782195866108,0.8876068592071533
"DM-15767",True,"test",0.0,0.0,0.0,0.0,0.0533902607858181,0.0,0.46727681159973145,0.0,0.0,0.45935696363449097
"DM-15757",False,"test",0.0,0.0,0.0,0.0,0.0757758766412735,0.08159712702035904,0.09876354038715363,0.0,0.3753693103790283,0.361623078584671
"DM-15743",False,"test",0.012488382868468761,0.6912590265274048,0.012487736530601978,0.012487197294831276,0.012488950043916702,0.012488358654081821,0.012487402185797691,0.012487313710153103,0.012491327710449696,0.20883435010910034
"DM-15721",False,"test",0.09362921118736267,0.29955005645751953,0.0584961473941803,0.0,0.08104894310235977,0.0,0.1143963560461998,0.0,0.0,0.34450599551200867
"DM-15705",False,"test",0.0,0.0,0.0,0.0,0.0,0.0,0.0,0.0,0.0,0.9357326626777649
"DM-15693",False,"test",0.0,0.25691449642181396,0.0,0.7188280820846558,0.0,0.0,0.0,0.0,0.0,0.0
"DM-15689",True,"test",0.0,0.465181440114975,0.0,0.16935418546199799,0.0,0.0,0.3386361300945282,0.0,0.0,0.0
"DM-15680",False,"test",0.0,0.0,0.0,0.0,0.3097109794616699,0.0,0.0,0.0,0.0,0.6369395852088928
"DM-15678",False,"test",0.0,0.0,0.0,0.0,0.5193522572517395,0.0,0.12421690672636032,0.0,0.0,0.3025397062301636
"DM-15646",True,"test",0.03427593782544136,0.2015301138162613,0.0,0.0,0.0,0.11379940807819366,0.11719385534524918,0.0,0.0,0.5218873023986816
"DM-15617",False,"test",0.0,0.32820579409599304,0.0,0.0,0.0,0.0,0.0,0.38451284170150757,0.24058634042739868,0.0
"DM-15615",False,"test",0.0,0.16555795073509216,0.0,0.0,0.08918924629688263,0.4967155456542969,0.0,0.0938960462808609,0.0,0.14245469868183136
"DM-15610",False,"test",0.0,0.21207742393016815,0.07724204659461975,0.0,0.28213775157928467,0.04898357018828392,0.06973500549793243,0.0,0.0,0.29985642433166504
"DM-15602",False,"test",0.0,0.0,0.049990929663181305,0.0,0.01791956275701523,0.7299510836601257,0.012688335962593555,0.0,0.18828539550304413,0.0
"DM-15591",False,"test",0.0,0.0,0.0,0.5215094685554504,0.0,0.0,0.0,0.12672491371631622,0.0,0.3338080942630768
"DM-15590",False,"test",0.0,0.2456130087375641,0.0,0.7335007786750793,0.0,0.0,0.0,0.0,0.0,0.0
"DM-15585",False,"test",0.0,0.0,0.0,0.0,0.23046506941318512,0.22512519359588623,0.0,0.0,0.12211280316114426,0.38893547654151917
"DM-15569",False,"test",0.0,0.23786361515522003,0.08699779212474823,0.0,0.0,0.0,0.4984421133995056,0.0,0.0,0.15850427746772766
"DM-15545",True,"test",0.0,0.0,0.0,0.23739582300186157,0.0,0.0,0.0,0.0,0.0,0.7153488397598267
"DM-15528",False,"test",0.4625253975391388,0.23135219514369965,0.0,0.0,0.0,0.2848908007144928,0.0,0.0,0.0,0.0
"DM-15527",False,"test",0.0,0.0,0.0,0.0,0.0,0.39581558108329773,0.0,0.0667121410369873,0.0,0.5178828835487366
"DM-15510",False,"test",0.0,0.0,0.0,0.680909276008606,0.0,0.0,0.0,0.0,0.0,0.2842595875263214
"DM-15491",False,"test",0.0,0.0,0.01615787483751774,0.0,0.0,0.2099379152059555,0.14830069243907928,0.0,0.02177906222641468,0.5981363654136658
"DM-15486",False,"test",0.0,0.2635120451450348,0.0,0.10722926259040833,0.0,0.38423946499824524,0.0,0.0,0.0,0.2264743149280548
"DM-15476",False,"test",0.0,0.06621173769235611,0.0,0.1574850082397461,0.0,0.1343056559562683,0.0,0.0,0.0,0.6314473748207092
"DM-15458",True,"test",0.5628830790519714,0.0,0.0,0.0,0.0,0.0,0.42534714937210083,0.0,0.0,0.0
"DM-15447",False,"test",0.13183468580245972,0.0,0.0,0.3419569730758667,0.0,0.0,0.0,0.0,0.0,0.4911951422691345
"DM-15431",False,"test",0.0,0.0,0.0,0.0,0.0,0.18741682171821594,0.0,0.5944413542747498,0.02830546349287033,0.17998851835727692
"DM-15424",False,"test",0.0,0.0,0.0,0.20649562776088715,0.21593602001667023,0.0,0.14293624460697174,0.0,0.0,0.42288216948509216
"DM-15421",False,"test",0.0,0.30530211329460144,0.0,0.0,0.0,0.0,0.0,0.0,0.0,0.6747032403945923
"DM-15417",False,"test",0.0,0.19617736339569092,0.0,0.0,0.0,0.33685502409935,0.2657567858695984,0.0,0.0,0.18246541917324066
"DM-15396",False,"test",0.0,0.7090635895729065,0.0,0.0,0.0,0.08592680096626282,0.0,0.09200763702392578,0.10204961150884628,0.0
"DM-15381",False,"test",0.10000024735927582,0.09999985992908478,0.100000761449337,0.0999998226761818,0.10000038892030716,0.1000000461935997,0.09999978542327881,0.09999987483024597,0.09999959170818329,0.0999995619058609
"DM-15366",False,"test",0.0,0.24861741065979004,0.0,0.0,0.23007482290267944,0.0,0.0,0.0,0.0,0.4713258147239685
"DM-15365",False,"test",0.0,0.4990912079811096,0.0,0.3099694550037384,0.0,0.0,0.14422489702701569,0.0,0.0,0.0
"DM-15350",False,"test",0.5010530352592468,0.1553727090358734,0.0,0.0,0.0,0.15118078887462616,0.177806094288826,0.0,0.0,0.0
"DM-15337",False,"test",0.046407632529735565,0.0,0.0,0.0,0.0,0.5866878628730774,0.18789295852184296,0.0,0.0,0.16504181921482086
"DM-15333",False,"test",0.08451353758573532,0.20044080913066864,0.0,0.0,0.0,0.0,0.0,0.10807273536920547,0.0,0.5808213353157043
"DM-15332",False,"test",0.0,0.0,0.0,0.08877991139888763,0.0,0.0,0.0,0.10124951601028442,0.0,0.7858728766441345
"DM-15319",True,"test",0.01953512616455555,0.019538896158337593,0.0195322185754776,0.6181303858757019,0.01953183114528656,0.22560034692287445,0.019532669335603714,0.019533131271600723,0.019532958045601845,0.01953239180147648
"DM-15276",False,"test",0.0,0.0,0.0,0.1791047900915146,0.0,0.0,0.5060275197029114,0.0,0.0,0.26816999912261963
"DM-15256",False,"test",0.5233551859855652,0.20056919753551483,0.0,0.0,0.0,0.18355798721313477,0.07536082714796066,0.0,0.0,0.0
"DM-15254",False,"test",0.0,0.0,0.0,0.0,0.0,0.16106809675693512,0.0,0.1449630856513977,0.06595125794410706,0.6183293461799622
"DM-15244",True,"test",0.1554713249206543,0.0,0.0,0.0,0.0,0.31496086716651917,0.0,0.0,0.0,0.5146125555038452
"DM-15230",False,"test",0.0,0.0,0.0,0.8714408278465271,0.0,0.0,0.0,0.0,0.0,0.09218176454305649
"DM-15224",False,"test",0.0,0.0,0.0,0.3198964297771454,0.2315930873155594,0.07387607544660568,0.09864858537912369,0.1555885523557663,0.0,0.11373075097799301
"DM-15217",False,"test",0.17163006961345673,0.0,0.0,0.7865563631057739,0.0,0.0,0.0,0.0,0.0,0.0
"DM-15213",False,"test",0.2843935191631317,0.0,0.0,0.0,0.0,0.0,0.0,0.0,0.5743051767349243,0.11094693839550018
"DM-15206",True,"test",0.09202489256858826,0.17619559168815613,0.0,0.0,0.0,0.0,0.0,0.0,0.0,0.7202482223510742
"DM-15190",False,"test",0.0,0.0,0.0,0.5144583582878113,0.1485603004693985,0.0,0.0,0.0,0.32251062989234924,0.0
"DM-15179",False,"test",0.0,0.0,0.0,0.5371412634849548,0.0,0.0,0.41578054428100586,0.0,0.0,0.0
"DM-15178",True,"test",0.08310258388519287,0.0,0.0,0.19794844090938568,0.101839080452919,0.14111411571502686,0.0,0.20327766239643097,0.0,0.26691728830337524
"DM-15172",False,"test",0.0,0.6410001516342163,0.0,0.0,0.12896867096424103,0.0,0.18648020923137665,0.0,0.0,0.0
"DM-15162",False,"test",0.0,0.07767978310585022,0.19949716329574585,0.0,0.0,0.0,0.0,0.6978627443313599,0.0,0.0
"DM-15152",False,"test",0.04694351553916931,0.08906104415655136,0.042400602251291275,0.0,0.0,0.0,0.07081550359725952,0.0,0.1700139343738556,0.5759981870651245
"DM-15139",True,"test",0.4186079204082489,0.37812191247940063,0.0,0.0,0.0,0.0,0.0,0.17572693526744843,0.0,0.0
"DM-15126",False,"test",0.0,0.7339845299720764,0.0,0.0,0.0,0.09342192858457565,0.0,0.0,0.1390242576599121,0.0
"DM-15108",False,"test",0.0,0.0,0.0,0.0,0.0,0.5395098328590393,0.0,0.0,0.0,0.4033183455467224
"DM-15102",False,"test",0.0,0.0,0.2686097323894501,0.0,0.2922019958496094,0.0,0.0,0.0,0.0,0.39881569147109985
"DM-15098",True,"test",0.2635262906551361,0.0,0.0,0.1644822210073471,0.0,0.0,0.5084196329116821,0.0,0.0,0.0
"DM-15091",False,"test",0.05509050190448761,0.0,0.0,0.1254281848669052,0.0,0.29692450165748596,0.2198687046766281,0.0,0.0,0.28840306401252747
"DM-15082",False,"test",0.0166696235537529,0.8499571084976196,0.016671203076839447,0.016670580953359604,0.016672644764184952,0.016671160236001015,0.016671933233737946,0.016673259437084198,0.016669534146785736,0.016672970727086067
"DM-15081",False,"test",0.0,0.1775658130645752,0.13090722262859344,0.0,0.0,0.0,0.3440045118331909,0.0,0.0,0.33129557967185974
"DM-15071",False,"test",0.0,0.0,0.0,0.09088055789470673,0.0,0.0,0.0,0.41291728615760803,0.0,0.45884108543395996
"DM-15054",False,"test",0.0,0.5275405049324036,0.0,0.0,0.07488640397787094,0.0,0.1678663194179535,0.06002894043922424,0.16246992349624634,0.0
"DM-15028",False,"test",0.0,0.0,0.0,0.5174618363380432,0.0,0.0,0.0,0.19433212280273438,0.0,0.2548503577709198
"DM-15023",False,"test",0.22849436104297638,0.33579373359680176,0.06604909896850586,0.0,0.0,0.07242871075868607,0.0,0.0,0.1940380483865738,0.09723859280347824
"DM-15005",False,"test",0.2181454598903656,0.0,0.0,0.6008691191673279,0.0,0.0,0.0,0.0,0.0,0.13105452060699463
"DM-14986",False,"test",0.0,0.26583224534988403,0.0,0.0,0.0,0.0,0.6238026022911072,0.0,0.0,0.0834142342209816
"DM-14932",True,"test",0.2428021878004074,0.08284052461385727,0.10866905003786087,0.2643907964229584,0.0,0.2817780077457428,0.0,0.0,0.0,0.01495192851871252
"DM-14924",False,"test",0.08007270097732544,0.0,0.0,0.06294210255146027,0.10538089275360107,0.0,0.15805478394031525,0.20357707142829895,0.07687760889530182,0.30762383341789246
"DM-14919",False,"test",0.0,0.2746366262435913,0.0,0.0,0.0,0.30247923731803894,0.17486971616744995,0.0,0.23181407153606415,0.0
"DM-14910",False,"test",0.27855047583580017,0.0914890244603157,0.0,0.0,0.0,0.0,0.0,0.1896256059408188,0.14805617928504944,0.28008925914764404
"DM-14893",False,"test",0.0,0.6605932712554932,0.0,0.0,0.0,0.0,0.0,0.07158472388982773,0.0,0.24532628059387207
"DM-14892",False,"test",0.0,0.0,0.0,0.0,0.0,0.5485341548919678,0.0,0.39804306626319885,0.0,0.0
"DM-14879",False,"test",0.0,0.30298957228660583,0.0,0.0,0.0,0.0,0.4750306010246277,0.0,0.1719655841588974,0.0
"DM-14847",False,"test",0.0,0.33138522505760193,0.0,0.0,0.2880863845348358,0.0,0.0,0.0,0.0,0.3513491153717041
"DM-14842",True,"test",0.01248143706470728,0.8876699209213257,0.012480143457651138,0.012481641955673695,0.012481354176998138,0.012481686659157276,0.012480883859097958,0.012480391189455986,0.012482035905122757,0.012480475939810276
"DM-14838",False,"test",0.0,0.3833964765071869,0.13321857154369354,0.0,0.0,0.4197078049182892,0.0,0.0,0.0,0.0
"DM-14834",True,"test",0.0,0.33559298515319824,0.0,0.0,0.0,0.0,0.4997287392616272,0.0,0.0,0.15422722697257996
"DM-14826",True,"test",0.0,0.1628211885690689,0.0,0.2024187594652176,0.0,0.0,0.1384120136499405,0.0,0.11132854223251343,0.3791506886482239
"DM-14824",False,"test",0.1402796506881714,0.0,0.10455538332462311,0.0,0.0,0.30612698197364807,0.29044127464294434,0.1490495353937149,0.0,0.0
"DM-14823",False,"test",0.22064509987831116,0.0,0.0,0.1395242065191269,0.15190410614013672,0.0,0.07897911220788956,0.0,0.0,0.4047338366508484
"DM-14819",False,"test",0.0,0.19700026512145996,0.07507910579442978,0.27728158235549927,0.09713435918092728,0.0,0.12253567576408386,0.2243032604455948,0.0,0.0
"DM-14814",False,"test",0.1623368263244629,0.0,0.09224369376897812,0.1938600242137909,0.0,0.02349742315709591,0.0,0.0,0.0,0.5205529928207397
"DM-14812",False,"test",0.1460655927658081,0.0,0.07057227194309235,0.0,0.0,0.1619228720664978,0.0,0.5898222327232361,0.0,0.0
"DM-14783",False,"test",0.0,0.15046216547489166,0.02499164268374443,0.14774689078330994,0.0,0.06061213091015816,0.14229816198349,0.09858332574367523,0.0,0.37326836585998535
"DM-14781",False,"test",0.0,0.0,0.0,0.0,0.0,0.0,0.7260070443153381,0.0,0.25868871808052063,0.0
"DM-14779",False,"test",0.0,0.23661720752716064,0.0,0.1351456642150879,0.0,0.0,0.14281706511974335,0.1791224330663681,0.07379861921072006,0.22621846199035645
"DM-14771",False,"test",0.010003074072301388,0.010003039613366127,0.010003657080233097,0.4805711507797241,0.010002093389630318,0.010004364885389805,0.43939781188964844,0.010006008669734001,0.010003244504332542,0.010005583055317402
"DM-14762",True,"test",0.0,0.0,0.0,0.0,0.13146662712097168,0.0798129290342331,0.5609151721000671,0.0,0.0,0.214828759431839
"DM-14741",False,"test",0.0,0.5227527618408203,0.0,0.0,0.0,0.0,0.442448228597641,0.0,0.0,0.0
"DM-14732",False,"test",0.5306525230407715,0.0,0.0,0.0,0.0,0.0,0.19135020673274994,0.0,0.0,0.25048887729644775
"DM-14725",False,"test",0.4342314898967743,0.35655370354652405,0.0,0.0,0.0,0.0,0.19331754744052887,0.0,0.0,0.0
"DM-14714",False,"test",0.014345791190862656,0.014344227500259876,0.014343482442200184,0.014344918541610241,0.014343946240842342,0.014345699921250343,0.6601211428642273,0.2251194566488266,0.01434333249926567,0.014347981661558151
"DM-14712",True,"test",0.016685135662555695,0.8498017191886902,0.01668671891093254,0.016687750816345215,0.01670355536043644,0.016685424372553825,0.01668608747422695,0.016688581556081772,0.01668706350028515,0.01668800413608551
"DM-14710",False,"test",0.0,0.4638764560222626,0.0,0.16716572642326355,0.0,0.0,0.016746703535318375,0.3188592195510864,0.0,0.0
"DM-14709",True,"test",0.02493719756603241,0.02493690885603428,0.024938328191637993,0.024936696514487267,0.02493639476597309,0.7755587697029114,0.024937443435192108,0.024938922375440598,0.024937819689512253,0.024941442534327507
"DM-14699",False,"test",0.0,0.0,0.0,0.0,0.23380513489246368,0.0,0.0,0.0,0.21021144092082977,0.5170039534568787
"DM-14697",True,"test",0.0,0.0,0.0,0.0,0.5123088955879211,0.0,0.0,0.4207684397697449,0.0,0.0
"DM-14694",False,"test",0.04858992248773575,0.24930234253406525,0.0,0.1267358511686325,0.020112184807658195,0.14097319543361664,0.0,0.1454736888408661,0.0,0.26546570658683777
"DM-14677",True,"test",0.0,0.0,0.0,0.47695064544677734,0.0,0.0,0.10200969874858856,0.23743301630020142,0.0,0.16148394346237183
"DM-14673",False,"test",0.0,0.0,0.0,0.5613744854927063,0.0,0.0,0.04467056319117546,0.1832992136478424,0.0,0.19132517278194427
"DM-14670",True,"test",0.0,0.0,0.0,0.0,0.0,0.3664998710155487,0.0,0.4007705748081207,0.0,0.21084094047546387
"DM-14669",True,"test",0.0,0.24792218208312988,0.0,0.0,0.0,0.0,0.06256087869405746,0.2239537090063095,0.0,0.4488854706287384
"DM-14663",True,"test",0.08953481912612915,0.051993709057569504,0.05215046927332878,0.0,0.2561813294887543,0.04025253653526306,0.0,0.16063223779201508,0.025079140439629555,0.3229276239871979
"DM-14659",True,"test",0.49843332171440125,0.014292469248175621,0.014291874133050442,0.014292425476014614,0.1889062076807022,0.01429413165897131,0.014294094406068325,0.014294889755547047,0.2126062959432602,0.014294276013970375
"DM-14648",False,"test",0.0,0.3629896342754364,0.06779021769762039,0.0,0.0,0.10462755709886551,0.3970867693424225,0.0,0.0457688607275486,0.0
"DM-14647",False,"test",0.0,0.0,0.0,0.13847684860229492,0.0,0.07849792391061783,0.05362425372004509,0.08833568543195724,0.0,0.627112865447998
"DM-14642",False,"test",0.0331115797162056,0.033110328018665314,0.033110275864601135,0.4090360999107361,0.03311031684279442,0.033113107085227966,0.033109452575445175,0.03311002254486084,0.32607847452163696,0.03311033174395561
"DM-14641",False,"test",0.033111587166786194,0.03311033546924591,0.03311028331518173,0.4090307056903839,0.033110324293375015,0.03311311453580856,0.03310946002602577,0.033110033720731735,0.326083779335022,0.03311033919453621
"DM-14638",True,"test",0.0,0.0,0.0,0.9499838948249817,0.0,0.0,0.0,0.0,0.0,0.0
"DM-14634",False,"test",0.0,0.5286933779716492,0.0,0.0,0.0,0.16351990401744843,0.12403341382741928,0.0,0.0,0.16800245642662048
"DM-14633",False,"test",0.0,0.0,0.0,0.2235664576292038,0.16967877745628357,0.06504418700933456,0.21976684033870697,0.0,0.0,0.31170597672462463
"DM-14625",False,"test",0.20100955665111542,0.6114853620529175,0.0,0.0,0.0,0.029830731451511383,0.0,0.0,0.13365164399147034,0.0
"DM-14618",False,"test",0.0,0.4354630410671234,0.0,0.0,0.0,0.0,0.18274396657943726,0.0,0.0,0.3379532992839813
"DM-14599",False,"test",0.0,0.0,0.0,0.0,0.0,0.0,0.8027369976043701,0.0,0.1356922686100006,0.0
"DM-14597",False,"test",0.0,0.2443525195121765,0.0,0.0,0.0,0.2807573080062866,0.3121676743030548,0.13780808448791504,0.0,0.0
"DM-14593",False,"test",0.022311298176646233,0.06037050113081932,0.049104414880275726,0.10266612470149994,0.2544914186000824,0.0,0.0,0.14302866160869598,0.0,0.3638584017753601
"DM-14583",False,"test",0.0,0.0,0.0,0.0,0.0,0.13098207116127014,0.4815395176410675,0.0,0.0,0.3237585425376892
"DM-14574",False,"test",0.11038855463266373,0.11409241706132889,0.0,0.0,0.0,0.0,0.0,0.23545823991298676,0.0,0.5200027227401733
"DM-14554",True,"test",0.05833188071846962,0.0,0.0,0.09712742269039154,0.0,0.0,0.0,0.5242148041725159,0.30258581042289734,0.0
"DM-14552",False,"test",0.1464962363243103,0.0,0.0,0.0,0.1705523133277893,0.24757426977157593,0.0,0.0,0.19184914231300354,0.229075625538826
"DM-14545",False,"test",0.011113411746919155,0.011118846945464611,0.011113574728369713,0.8999648094177246,0.011113434098660946,0.011113840155303478,0.01111713144928217,0.011114867404103279,0.011116125620901585,0.011113994754850864
"DM-14543",False,"test",0.011119048111140728,0.011123097501695156,0.011123435571789742,0.011121092364192009,0.011119150556623936,0.011121314018964767,0.504582941532135,0.4064446985721588,0.011121530085802078,0.011123676784336567
"DM-14542",False,"test",0.01000651903450489,0.010008582845330238,0.010006824508309364,0.01000641193240881,0.010006505064666271,0.010007883422076702,0.9099336266517639,0.010008460842072964,0.010006762109696865,0.010008469223976135
"DM-14516",False,"test",0.20405730605125427,0.414002388715744,0.0,0.0,0.0,0.0,0.0,0.0,0.0,0.3461487889289856
"DM-14515",False,"test",0.115218885242939,0.29692262411117554,0.0,0.0,0.0,0.0,0.0,0.0,0.0,0.5741252899169922
"DM-14510",False,"test",0.29588332772254944,0.0,0.033898498862981796,0.1126643717288971,0.0,0.0,0.0,0.21493694186210632,0.06492530554533005,0.27090850472450256
"DM-14509",False,"test",0.0,0.0,0.02827395871281624,0.2912465035915375,0.0,0.15839368104934692,0.0,0.14095601439476013,0.0,0.37233319878578186
"DM-14497",False,"test",0.0,0.20202518999576569,0.0,0.0,0.1973113715648651,0.0,0.0,0.0,0.0,0.576502799987793
"DM-14496",False,"test",0.0,0.0,0.0,0.5206333994865417,0.12208998948335648,0.0,0.0,0.3304339647293091,0.0,0.0
"DM-14494",False,"test",0.0,0.3785538077354431,0.5599333643913269,0.0,0.0,0.0,0.0,0.0,0.0,0.0
"DM-14491",False,"test",0.0,0.5768997669219971,0.09303166717290878,0.10713694244623184,0.0,0.0,0.0,0.0,0.0,0.19303742051124573
"DM-14473",False,"test",0.0,0.0,0.0,0.6607841849327087,0.0,0.0,0.0,0.0,0.0,0.2947579026222229
"DM-14472",False,"test",0.0,0.0,0.2214750200510025,0.0,0.0,0.0,0.3504597246646881,0.17942407727241516,0.2111198604106903,0.0
"DM-14471",False,"test",0.0,0.14527101814746857,0.0,0.28047579526901245,0.0,0.07057584822177887,0.0,0.13998804986476898,0.0,0.34516119956970215
"DM-14440",False,"test",0.0,0.0,0.2919918894767761,0.05821576714515686,0.0,0.2133251428604126,0.0,0.09424708038568497,0.13604606688022614,0.1995660960674286
"DM-14377",False,"test",0.25452637672424316,0.13602524995803833,0.0,0.0,0.0,0.0,0.37135496735572815,0.0,0.19199815392494202,0.0
"DM-14366",False,"test",0.0,0.21141862869262695,0.0,0.0,0.0,0.4343201518058777,0.0,0.0,0.30424484610557556,0.0
"DM-14350",False,"test",0.0,0.13635995984077454,0.0,0.5318220853805542,0.0,0.19834505021572113,0.0,0.0,0.0,0.11633943766355515
"DM-14321",False,"test",0.0,0.5744568705558777,0.0,0.14105048775672913,0.027905019000172615,0.0894462987780571,0.15493227541446686,0.0,0.0,0.0
"DM-14305",True,"test",0.0,0.26577311754226685,0.0,0.0,0.4764150083065033,0.1939137727022171,0.0,0.0,0.0,0.0
"DM-14287",False,"test",0.0,0.8398709893226624,0.0,0.0,0.0,0.0,0.0,0.0,0.13649852573871613,0.0
"DM-14273",False,"test",0.0,0.0,0.0,0.11678516864776611,0.522251307964325,0.0,0.31091877818107605,0.0,0.0,0.0
"DM-14260",False,"test",0.0,0.0,0.19121205806732178,0.0,0.32356247305870056,0.07447104901075363,0.0,0.3821875751018524,0.0,0.0
"DM-14259",True,"test",0.014291035942733288,0.41208094358444214,0.014291615225374699,0.014290643855929375,0.473575621843338,0.014297720976173878,0.014293234795331955,0.014292624779045582,0.014291293919086456,0.014295216649770737
"DM-14253",False,"test",0.0,0.32347583770751953,0.0,0.0,0.0,0.20782405138015747,0.024090543389320374,0.0,0.27294614911079407,0.12997162342071533
"DM-14239",False,"test",0.0,0.0,0.0,0.0,0.0,0.0,0.0,0.0,0.0,0.924972653388977
"DM-14236",False,"test",0.0,0.9525985717773438,0.0,0.0,0.0,0.0,0.0,0.0,0.0,0.0
"DM-14233",False,"test",0.012463217601180077,0.8878079056739807,0.012467104941606522,0.012465854175388813,0.012468316592276096,0.01246412843465805,0.012463826686143875,0.012468228116631508,0.012463127262890339,0.01246828306466341
"DM-14229",False,"test",0.0,0.865374743938446,0.0,0.0,0.0,0.0,0.0,0.0,0.0,0.09484806656837463
"DM-14227",True,"test",0.0,0.0,0.17106583714485168,0.28656816482543945,0.0,0.0,0.0,0.07631343603134155,0.38418224453926086,0.07357002049684525
"DM-14214",False,"test",0.0,0.032544560730457306,0.0,0.42004039883613586,0.0,0.0,0.0,0.0,0.0,0.5214632153511047
"DM-14198",False,"test",0.24433399736881256,0.0,0.0,0.0,0.0,0.0,0.3763989210128784,0.0,0.0,0.3325752019882202
"DM-14197",False,"test",0.0,0.3549492061138153,0.0,0.0,0.0,0.0,0.06933675706386566,0.0,0.0,0.5638680458068848
"DM-14168",False,"test",0.3059530258178711,0.34460732340812683,0.0,0.08489463478326797,0.0,0.0,0.0,0.0,0.0,0.24985599517822266
"DM-14157",False,"test",0.06695382297039032,0.0,0.0,0.6102383136749268,0.05599987879395485,0.0,0.1304612159729004,0.0740581601858139,0.051224175840616226,0.0
"DM-14149",False,"test",0.0,0.18914324045181274,0.04359500855207443,0.05404315143823624,0.0,0.12081322818994522,0.0,0.23342986404895782,0.0,0.3515731394290924
"DM-14134",False,"test",0.0,0.0,0.0,0.3342033326625824,0.0,0.0,0.0,0.12163658440113068,0.0,0.4793882668018341
"DM-14132",False,"test",0.0,0.0,0.33236610889434814,0.0,0.0,0.6009469628334045,0.0,0.0,0.0,0.0
"DM-14125",False,"test",0.0,0.0,0.0,0.0,0.0,0.44349318742752075,0.2752917408943176,0.0,0.0,0.23740242421627045
"DM-14118",False,"test",0.16869711875915527,0.0,0.08044873178005219,0.0,0.0,0.3330780267715454,0.07569393515586853,0.0,0.0,0.3259275555610657
"DM-14116",False,"test",0.0,0.0,0.0,0.0,0.3209122121334076,0.629029393196106,0.0,0.0,0.0,0.0
"DM-14115",False,"test",0.0,0.0,0.0,0.0,0.2827276289463043,0.0,0.0,0.0,0.0,0.6897271871566772
"DM-14114",False,"test",0.31575947999954224,0.45960769057273865,0.0,0.0,0.0,0.16645891964435577,0.0,0.0,0.0,0.0
"DM-14109",False,"test",0.0,0.0,0.0,0.9399662017822266,0.0,0.0,0.0,0.0,0.0,0.0
"DM-14103",False,"test",0.0,0.1618974506855011,0.0,0.6569574475288391,0.0,0.0,0.0,0.16221725940704346,0.0,0.0
"DM-14096",False,"test",0.0,0.0,0.0,0.0,0.0,0.0,0.9249504208564758,0.0,0.0,0.0
"DM-14079",False,"test",0.0,0.0,0.07239097356796265,0.0,0.0,0.42052674293518066,0.0,0.18314646184444427,0.2905607223510742,0.0
"DM-14075",False,"test",0.0,0.0,0.0,0.24848060309886932,0.09719371050596237,0.1639287769794464,0.0,0.0,0.0,0.47417160868644714
"DM-14072",False,"test",0.0,0.0,0.0,0.0,0.0,0.0,0.09406771510839462,0.37851056456565857,0.0,0.501465380191803
"DM-14065",False,"test",0.01667291298508644,0.4656498432159424,0.016670506447553635,0.016673792153596878,0.016673406586050987,0.016672858968377113,0.01667441613972187,0.016674526035785675,0.01667613536119461,0.40096157789230347
"DM-14058",False,"test",0.0,0.0,0.0,0.4976903796195984,0.0,0.0,0.0,0.0,0.01854490488767624,0.4726769030094147
"DM-14045",True,"test",0.0,0.1667148768901825,0.0,0.25688832998275757,0.0,0.0,0.0,0.0,0.0,0.5429368615150452
"DM-14042",False,"test",0.0,0.0,0.0,0.0,0.0,0.0,0.5079455375671387,0.0,0.2233836054801941,0.22480732202529907
"DM-14037",False,"test",0.22118505835533142,0.47344034910202026,0.0,0.0,0.0,0.0,0.0,0.0,0.0,0.2828100025653839
"DM-14001",False,"test",0.012518556788563728,0.35157230496406555,0.012513772584497929,0.35769587755203247,0.012512506917119026,0.20313112437725067,0.012514576315879822,0.012512805871665478,0.012514768168330193,0.012513705529272556
"DM-13996",False,"test",0.020012790337204933,0.020011404529213905,0.020010583102703094,0.02001764625310898,0.2655886113643646,0.24112312495708466,0.020020095631480217,0.020011672750115395,0.020013725385069847,0.3531903624534607
"DM-13986",False,"test",0.024909693747758865,0.024911221116781235,0.42111846804618835,0.024912701919674873,0.024919377639889717,0.02491273358464241,0.37957486510276794,0.024913541972637177,0.024910034611821175,0.024917306378483772
"DM-13971",False,"test",0.01337958313524723,0.013381434604525566,0.28547441959381104,0.013380487449467182,0.6074815392494202,0.013380852527916431,0.013379387557506561,0.01338075753301382,0.013379340060055256,0.0133822001516819
"DM-13960",False,"test",0.01668454520404339,0.8497166633605957,0.016689982265233994,0.016702651977539062,0.016681401059031487,0.016706839203834534,0.0166830662637949,0.016715362668037415,0.016727225854992867,0.0166922714561224
"DM-13959",False,"test",0.033338338136672974,0.3709600865840912,0.03333831578493118,0.3622836768627167,0.03334411233663559,0.033346809446811676,0.03333868831396103,0.03335462883114815,0.03334372863173485,0.03335161134600639
"DM-13955",False,"test",0.03333760052919388,0.03333793953061104,0.03334418311715126,0.6999240517616272,0.03336455300450325,0.0333380326628685,0.033337611705064774,0.03333757445216179,0.033340103924274445,0.033338360488414764
"DM-13954",False,"test",0.1730021983385086,0.0,0.0,0.41641250252723694,0.2736892104148865,0.0,0.0905928909778595,0.0,0.0,0.0
"DM-13949",False,"test",0.0,0.0,0.05456645414233208,0.0,0.18586118519306183,0.0,0.08236052840948105,0.0,0.0,0.6605452299118042
"DM-13941",False,"test",0.0,0.23770587146282196,0.0,0.0,0.0,0.20508940517902374,0.0,0.06219399347901344,0.0,0.4829367399215698
"DM-13919",False,"test",0.01943955570459366,0.0,0.0,0.436665803194046,0.0,0.0,0.06983164697885513,0.0,0.0824139192700386,0.38567569851875305
"DM-13916",False,"test",0.0,0.0,0.0,0.3601973056793213,0.0,0.0,0.0,0.3561737537384033,0.0,0.23360252380371094
"DM-13912",True,"test",0.0,0.0,0.0,0.07117386162281036,0.06681100279092789,0.13721394538879395,0.09107135236263275,0.1196766197681427,0.11677204817533493,0.3934291899204254
"DM-13904",False,"test",0.0,0.26699933409690857,0.0,0.0,0.0,0.0,0.6829416155815125,0.0,0.0,0.0
"DM-13892",False,"test",0.0,0.0,0.0,0.24125826358795166,0.0,0.6971563696861267,0.0,0.0,0.0,0.0
"DM-13873",False,"test",0.0,0.6968064904212952,0.0,0.27964478731155396,0.0,0.0,0.0,0.0,0.0,0.0
"DM-13865",False,"test",0.0,0.0,0.0,0.0,0.23189812898635864,0.0,0.458252489566803,0.0,0.0,0.25983282923698425
"DM-13851",False,"test",0.050576116889715195,0.5398448705673218,0.0,0.0,0.08752693980932236,0.0,0.30871614813804626,0.0,0.0,0.0
"DM-13837",False,"test",0.014448479749262333,0.014450703747570515,0.014450199902057648,0.12782591581344604,0.014448866248130798,0.014452571049332619,0.014453724026679993,0.014449745416641235,0.2616231441497803,0.5093966722488403
"DM-13834",False,"test",0.0,0.0,0.0,0.17324817180633545,0.0,0.0,0.42568448185920715,0.3777545094490051,0.0,0.0
"DM-13823",False,"test",0.0976429134607315,0.0,0.0,0.0,0.0,0.0,0.2494920939207077,0.0,0.6090701818466187,0.0
"DM-13813",False,"test",0.026726672425866127,0.09819301962852478,0.14952845871448517,0.2602298855781555,0.17401222884655,0.0,0.0,0.0,0.0,0.2843671143054962
"DM-13811",False,"test",0.1102478876709938,0.14183206856250763,0.0,0.10279350727796555,0.0,0.0,0.0,0.08509306609630585,0.2949039041996002,0.2564994990825653
"DM-13800",False,"test",0.0,0.0,0.10539642721414566,0.0,0.0,0.0,0.05653940513730049,0.4165966510772705,0.0,0.41177669167518616
"DM-13797",True,"test",0.03428319841623306,0.30089303851127625,0.0,0.5202273726463318,0.0,0.0,0.12694139778614044,0.0,0.0,0.0
"DM-13788",False,"test",0.024935821071267128,0.024938205257058144,0.024942737072706223,0.02493702434003353,0.024936318397521973,0.024936962872743607,0.024939903989434242,0.7755385041236877,0.024957947432994843,0.024936560541391373
"DM-13787",False,"test",0.610288143157959,0.0,0.060146842151880264,0.0,0.0,0.0,0.05580634996294975,0.0,0.1256958246231079,0.14189253747463226
"DM-13770",False,"test",0.0,0.0,0.0,0.342437207698822,0.0,0.10253637284040451,0.0,0.0,0.0,0.538739800453186
"DM-13768",True,"test",0.0,0.4728611707687378,0.0,0.503628134727478,0.0,0.0,0.0,0.0,0.0,0.0
"DM-13762",False,"test",0.0,0.1348991096019745,0.055770449340343475,0.0,0.3661240339279175,0.0,0.0,0.4254567325115204,0.0,0.0
"DM-13749",False,"test",0.010004154406487942,0.010003477334976196,0.4469773471355438,0.010003210976719856,0.010002927854657173,0.010005554184317589,0.01000389363616705,0.010002962313592434,0.010003305971622467,0.47299322485923767
"DM-13747",False,"test",0.10959050059318542,0.27848541736602783,0.0,0.0,0.325008749961853,0.0,0.0,0.23685263097286224,0.0,0.0
"DM-13714",False,"test",0.0,0.34532925486564636,0.0,0.20271575450897217,0.0,0.0,0.0,0.0,0.0,0.4335211217403412
"DM-13700",False,"test",0.010008204728364944,0.010008535347878933,0.010008366778492928,0.9099211096763611,0.010008684359490871,0.010008227080106735,0.010008830577135086,0.010009320452809334,0.01000881940126419,0.010009944438934326
"DM-13698",False,"test",0.0,0.3626832365989685,0.0,0.0,0.10205873101949692,0.0,0.49437215924263,0.0,0.0,0.0
"DM-13696",False,"test",0.0,0.22814267873764038,0.0,0.4292508363723755,0.0,0.0,0.0,0.13011176884174347,0.0,0.20054775476455688
"DM-13690",False,"test",0.10828109830617905,0.5291715860366821,0.0,0.0,0.17029589414596558,0.0,0.0,0.16389311850070953,0.0,0.0
"DM-13655",False,"test",0.35457271337509155,0.2835562527179718,0.0,0.0,0.0,0.3448958396911621,0.0,0.0,0.0,0.0
"DM-13649",False,"test",0.0,0.9181634783744812,0.0,0.0,0.0,0.0,0.0,0.0,0.0,0.0
"DM-13637",True,"test",0.08846943080425262,0.04087325930595398,0.15846996009349823,0.061176128685474396,0.0485190786421299,0.14986737072467804,0.0,0.34306252002716064,0.0,0.10563890635967255
"DM-13633",False,"test",0.0,0.7477176189422607,0.0,0.0,0.0,0.0,0.1852976679801941,0.0,0.0,0.0
"DM-13631",False,"test",0.0,0.4520789682865143,0.37509286403656006,0.0,0.12280116975307465,0.0,0.0,0.0,0.0,0.0
"DM-13629",False,"test",0.0,0.0,0.0,0.0,0.31275463104248047,0.0,0.36871182918548584,0.0,0.0,0.2685009837150574
"DM-13625",False,"test",0.0,0.13839255273342133,0.0,0.6102786660194397,0.0,0.0,0.23882260918617249,0.0,0.0,0.0
"DM-13601",False,"test",0.0,0.0,0.0,0.0,0.0,0.0,0.2632506191730499,0.095303475856781,0.6331038475036621,0.0
"DM-13600",False,"test",0.012507402338087559,0.012508184649050236,0.012507385574281216,0.01250776182860136,0.01250712014734745,0.012509574182331562,0.5937541723251343,0.012508006766438484,0.012506880797445774,0.3061835467815399
"DM-13599",False,"test",0.0,0.0,0.0,0.0,0.0,0.0,0.0,0.0,0.4570688009262085,0.46335095167160034
"DM-13588",False,"test",0.0,0.0,0.0,0.0,0.9526157975196838,0.0,0.0,0.0,0.0,0.0
"DM-13575",False,"test",0.0,0.6112166047096252,0.0,0.0,0.0,0.0,0.0,0.34666091203689575,0.0,0.0
"DM-13574",False,"test",0.0,0.0,0.0,0.0,0.0,0.0,0.8598959445953369,0.09795498847961426,0.0,0.0
"DM-13573",False,"test",0.0,0.049069102853536606,0.0,0.0,0.18260128796100616,0.0,0.26859334111213684,0.0,0.0,0.4895557165145874
"DM-13552",False,"test",0.0,0.0,0.0,0.2277747243642807,0.16865265369415283,0.0,0.0,0.0,0.1515142321586609,0.4402604103088379
"DM-13546",False,"test",0.0,0.0,0.07506503164768219,0.030671874061226845,0.0,0.0,0.4028182029724121,0.062353797256946564,0.022396767511963844,0.3988437354564667
"DM-13536",False,"test",0.0,0.0,0.0,0.0,0.3680233657360077,0.0,0.27761268615722656,0.0,0.0,0.3425362706184387
"DM-13535",False,"test",0.0,0.0,0.0,0.0,0.2642143964767456,0.0,0.0,0.26910874247550964,0.09044238924980164,0.363953560590744
"DM-13530",False,"test",0.0,0.0,0.0,0.2755091190338135,0.0,0.0,0.0,0.0,0.0,0.6911125779151917
"DM-13524",False,"test",0.0,0.4811035990715027,0.0,0.0,0.11857892572879791,0.0,0.0,0.0,0.0,0.3637036383152008
"DM-13521",False,"test",0.054400455206632614,0.06077529117465019,0.05214643105864525,0.240988627076149,0.0,0.0,0.11820197850465775,0.1834309697151184,0.0,0.2800883650779724
"DM-13519",False,"test",0.15397736430168152,0.0,0.13091082870960236,0.18278999626636505,0.13868874311447144,0.0,0.0,0.0,0.0,0.38202017545700073
"DM-13518",False,"test",0.0,0.0,0.0,0.3321739137172699,0.0,0.0,0.0,0.0,0.0,0.6087552905082703
"DM-13514",False,"test",0.0,0.0,0.0,0.3619200885295868,0.11238071322441101,0.0,0.0,0.0,0.0,0.47525933384895325
"DM-13498",True,"test",0.0,0.0,0.0,0.15548479557037354,0.19750277698040009,0.34212061762809753,0.0,0.17988772690296173,0.0,0.11591921001672745
"DM-13489",False,"test",0.0,0.08138055354356766,0.0,0.8360361456871033,0.0,0.07075101137161255,0.0,0.0,0.0,0.0
"DM-13476",False,"test",0.09959188103675842,0.0,0.0,0.0,0.11445177346467972,0.0,0.2650524377822876,0.21810655295848846,0.0,0.2945132255554199
"DM-13459",False,"test",0.0,0.3420925736427307,0.0,0.0,0.0,0.0,0.0,0.0,0.0,0.6214914321899414
"DM-13409",True,"test",0.0,0.0,0.0,0.3685321509838104,0.16983211040496826,0.0,0.0,0.0,0.0,0.42044422030448914
"DM-13404",False,"test",0.0,0.18695607781410217,0.060418155044317245,0.0,0.0,0.24209895730018616,0.0,0.0,0.0,0.49120646715164185
"DM-13399",False,"test",0.0,0.0,0.0,0.0,0.1757199913263321,0.0,0.0,0.0,0.3197627365589142,0.4652734696865082
"DM-13384",False,"test",0.0,0.4679773449897766,0.0,0.0,0.0,0.0,0.49563875794410706,0.0,0.0,0.0
"DM-13381",False,"test",0.0,0.29035404324531555,0.0,0.0,0.0,0.0,0.0,0.38530874252319336,0.0,0.30586376786231995
"DM-13374",False,"test",0.0,0.0,0.0,0.0,0.441901832818985,0.0,0.40923142433166504,0.0,0.0,0.10994331538677216
"DM-13370",False,"test",0.0,0.0,0.0,0.0,0.3676978051662445,0.0,0.5789437890052795,0.0,0.0,0.0
"DM-13366",False,"test",0.2932647466659546,0.0,0.0,0.09105250984430313,0.5823259949684143,0.0,0.0,0.0,0.0,0.0
"DM-13350",False,"test",0.0,0.0,0.0,0.2971028685569763,0.0,0.0,0.49518975615501404,0.0,0.0,0.17587679624557495
"DM-13339",False,"test",0.0,0.0,0.11023727804422379,0.0,0.0,0.0,0.4016662538051605,0.0,0.20549443364143372,0.25772491097450256
"DM-13335",True,"test",0.0,0.03771855682134628,0.0,0.45748695731163025,0.0,0.0,0.03729516267776489,0.0,0.0,0.4557133615016937
"DM-13331",False,"test",0.0,0.0,0.0,0.0,0.0,0.0,0.0,0.27076852321624756,0.0,0.6928377747535706
"DM-13326",False,"test",0.24493594467639923,0.0,0.0,0.2361990213394165,0.024396397173404694,0.0,0.053101975470781326,0.11398299783468246,0.0,0.323678582906723
"DM-13325",True,"test",0.23378264904022217,0.0,0.16149458289146423,0.0,0.0,0.0,0.15588098764419556,0.0,0.11299314349889755,0.308047354221344
"DM-13317",False,"test",0.0,0.0,0.0,0.3874172568321228,0.0,0.30400365591049194,0.07070499658584595,0.0,0.0,0.2317846268415451
"DM-13309",False,"test",0.0,0.13962826132774353,0.04178701341152191,0.39310041069984436,0.03824411332607269,0.08872543275356293,0.0,0.08520405739545822,0.0,0.21156027913093567
"DM-13303",False,"test",0.0,0.0,0.0,0.0,0.0,0.0,0.0,0.5203160047531128,0.0,0.4542589485645294
"DM-13301",False,"test",0.0,0.0,0.0,0.04630196467041969,0.0,0.0,0.05108705535531044,0.2852736711502075,0.0,0.613594114780426
"DM-13297",True,"test",0.0,0.32207462191581726,0.0,0.0,0.0,0.0,0.0,0.0,0.6238997578620911,0.0
"DM-13270",False,"test",0.0,0.2749035656452179,0.0,0.15680477023124695,0.0,0.0,0.19116610288619995,0.33714866638183594,0.0,0.0
"DM-13253",False,"test",0.0,0.0,0.0,0.7292572855949402,0.12484078109264374,0.1152811124920845,0.0,0.0,0.0,0.0
"DM-13250",False,"test",0.0,0.0,0.0,0.0,0.0,0.0,0.0,0.5287578701972961,0.0,0.414134681224823
"DM-13241",True,"test",0.390809029340744,0.23253485560417175,0.0,0.3620658814907074,0.0,0.0,0.0,0.0,0.0,0.0
"DM-13234",False,"test",0.0,0.17673355340957642,0.0,0.0,0.0,0.0,0.0,0.7505822777748108,0.0,0.0
"DM-13222",True,"test",0.0,0.3981425166130066,0.0,0.0,0.0,0.5597606301307678,0.0,0.0,0.0,0.0
"DM-13219",False,"test",0.0,0.0,0.0,0.0,0.0,0.0,0.0,0.0,0.45607849955558777,0.5058099627494812
"DM-13217",False,"test",0.09126254916191101,0.0,0.0,0.0,0.7701734304428101,0.0,0.0,0.0,0.09181546419858932,0.0
"DM-13215",False,"test",0.0,0.23660658299922943,0.09589356929063797,0.3998470604419708,0.0,0.0,0.0,0.0,0.23235797882080078,0.0
"DM-13196",False,"test",0.0,0.0,0.0,0.05692275986075401,0.6018975377082825,0.0,0.0,0.0,0.0,0.3188703954219818
"DM-13192",False,"test",0.0,0.13999907672405243,0.0,0.1292894184589386,0.0,0.0,0.0,0.6938585638999939,0.0,0.0
"DM-13189",False,"test",0.0,0.19102804362773895,0.0,0.0,0.0,0.0,0.18808868527412415,0.0,0.0,0.6049644351005554
"DM-13187",False,"test",0.11884457617998123,0.21832099556922913,0.0,0.14708805084228516,0.0,0.17325785756111145,0.023197729140520096,0.311283141374588,0.0,0.0
"DM-13166",False,"test",0.0,0.0,0.0,0.0,0.0,0.0,0.18854087591171265,0.6426661610603333,0.0,0.12758974730968475
"DM-13155",False,"test",0.0,0.3915616571903229,0.12741470336914062,0.0,0.17574389278888702,0.0,0.0,0.0,0.0,0.26537835597991943
"DM-13154",True,"test",0.36635175347328186,0.0,0.0,0.4262264370918274,0.0,0.0,0.0,0.0,0.16624926030635834,0.0
"DM-13153",False,"test",0.0,0.0,0.0,0.0,0.0,0.0,0.0,0.16051825881004333,0.7666899561882019,0.0
"DM-13096",False,"test",0.0522928386926651,0.0,0.0,0.0,0.0,0.34207552671432495,0.4510161578655243,0.0,0.12956534326076508,0.0
"DM-13095",False,"test",0.01997419446706772,0.019979437813162804,0.01997828111052513,0.019973905757069588,0.019974883645772934,0.019974417984485626,0.019981250166893005,0.01997510716319084,0.019973205402493477,0.8202152848243713
"DM-13080",True,"test",0.0,0.0,0.0,0.5255199670791626,0.0,0.4502257704734802,0.0,0.0,0.0,0.0
"DM-13065",False,"test",0.0,0.2586583197116852,0.0,0.2403184175491333,0.0,0.0,0.0,0.4661966562271118,0.0,0.0
"DM-13059",False,"test",0.02460606023669243,0.521460235118866,0.024606432765722275,0.024606065824627876,0.024606065824627876,0.024607239291071892,0.024610208347439766,0.02461089752614498,0.28168073296546936,0.02460610680282116
"DM-13055",False,"test",0.0,0.1731541007757187,0.0,0.0,0.0,0.0,0.1279774308204651,0.5198575854301453,0.0,0.15827003121376038
"DM-13054",True,"test",0.4485923945903778,0.1757393479347229,0.0,0.0,0.0,0.0,0.0,0.0,0.0,0.3576678931713104
"DM-12993",False,"test",0.0,0.2079477161169052,0.0,0.7420839667320251,0.0,0.0,0.0,0.0,0.0,0.0
"DM-12971",True,"test",0.0,0.0,0.0,0.5883925557136536,0.0,0.0,0.0,0.26330506801605225,0.0,0.1332341581583023
"DM-12957",False,"test",0.016686486080288887,0.016702396795153618,0.01668771542608738,0.01668878085911274,0.8497843146324158,0.01668781414628029,0.01669750176370144,0.016688479110598564,0.016688115894794464,0.016688376665115356
"DM-12940",False,"test",0.0,0.07384948432445526,0.0,0.45836907625198364,0.0,0.0,0.0,0.23577938973903656,0.0,0.21199019253253937
"DM-12937",False,"test",0.0,0.0,0.0,0.6362720131874084,0.0,0.0,0.0,0.0,0.33403488993644714,0.0
"DM-12924",True,"test",0.4452534317970276,0.32367661595344543,0.030612628906965256,0.1469821184873581,0.0,0.0,0.04611654207110405,0.0,0.0,0.0
"DM-12918",True,"test",0.17829591035842896,0.0,0.07912909984588623,0.0,0.42343515157699585,0.0,0.0,0.0,0.0,0.29171639680862427
"DM-12912",False,"test",0.0,0.31555601954460144,0.0,0.3120776414871216,0.0,0.3025053143501282,0.0,0.0,0.0,0.0
"DM-12890",False,"test",0.0,0.2963421642780304,0.0,0.0,0.0,0.0,0.1979089081287384,0.28127244114875793,0.0,0.20513971149921417
"DM-12881",False,"test",0.016684193164110184,0.016686005517840385,0.016685256734490395,0.01668561063706875,0.5186499953269958,0.0166864562779665,0.3478615880012512,0.016686085611581802,0.016687648370862007,0.016687165945768356
"DM-12877",False,"test",0.0,0.0670650526881218,0.0,0.0,0.0,0.0,0.0,0.6847125291824341,0.0,0.22376666963100433
"DM-12875",False,"test",0.2139589488506317,0.0,0.0,0.7459821105003357,0.0,0.0,0.0,0.0,0.0,0.0
"DM-12867",False,"test",0.0,0.0,0.1501861959695816,0.0,0.5961796641349792,0.0,0.0,0.0,0.0,0.22848334908485413
"DM-12866",False,"test",0.0,0.0,0.0,0.0,0.2959839999675751,0.0,0.22305041551589966,0.0,0.4420017600059509,0.0
"DM-12851",False,"test",0.0,0.0,0.01994556002318859,0.1086110845208168,0.21096539497375488,0.17993010580539703,0.10175738483667374,0.27646923065185547,0.0,0.09808719158172607
"DM-12819",False,"test",0.10642961412668228,0.0,0.0,0.31662943959236145,0.03670836240053177,0.0,0.0,0.14879679679870605,0.07260962575674057,0.3107069432735443
"DM-12797",False,"test",0.0,0.0,0.0,0.0,0.0,0.5853680372238159,0.09545393288135529,0.0,0.0,0.2941640317440033
"DM-12794",False,"test",0.0,0.0,0.0,0.0,0.0,0.04459291696548462,0.7154300808906555,0.06853906065225601,0.14525510370731354,0.0
"DM-12783",True,"test",0.11450052261352539,0.0,0.0,0.04543217644095421,0.0,0.0,0.0,0.17426221072673798,0.0,0.6591341495513916
"DM-12771",True,"test",0.30870649218559265,0.2893650531768799,0.0,0.0,0.0,0.0,0.15653793513774872,0.07602064311504364,0.0,0.1532212495803833
"DM-12760",False,"test",0.0,0.25273841619491577,0.0,0.0,0.1578122228384018,0.0,0.0,0.192582368850708,0.0,0.37801530957221985
"DM-12701",False,"test",0.0,0.0,0.0,0.5478713512420654,0.0,0.0,0.0,0.42556431889533997,0.0,0.0
"DM-12664",False,"test",0.0,0.0,0.1312972605228424,0.12329425662755966,0.26296091079711914,0.15819302201271057,0.0,0.0,0.31049150228500366,0.0
"DM-12627",False,"test",0.0,0.0,0.0,0.15627385675907135,0.19320054352283478,0.0,0.0,0.04488642141222954,0.0,0.5838197469711304
"DM-12618",False,"test",0.2365962415933609,0.0,0.0,0.4294149875640869,0.15842722356319427,0.0,0.16054989397525787,0.0,0.0,0.0
"DM-12596",False,"test",0.0,0.7354127764701843,0.18459871411323547,0.0,0.0,0.0,0.0,0.0,0.0,0.0
"DM-12571",False,"test",0.09280289709568024,0.21683432161808014,0.0,0.36025816202163696,0.0,0.011372399516403675,0.0,0.0,0.09988577663898468,0.21666958928108215
"DM-12551",False,"test",0.0,0.0,0.0,0.444828063249588,0.0,0.0,0.0,0.20045579969882965,0.0,0.33527126908302307
"DM-12534",False,"test",0.011114515364170074,0.18936894834041595,0.011115290224552155,0.011115995235741138,0.2924671173095703,0.011115136556327343,0.011117073707282543,0.4403536915779114,0.0111152408644557,0.011116928420960903
"DM-12523",False,"test",0.0,0.10470074415206909,0.0,0.41335946321487427,0.0,0.0,0.0,0.45978525280952454,0.0,0.0
"DM-12513",False,"test",0.13567040860652924,0.0,0.031797803938388824,0.0,0.0,0.0,0.0,0.4010981023311615,0.0,0.40989938378334045
"DM-12480",True,"test",0.07733849436044693,0.24226276576519012,0.0,0.0,0.0,0.21574299037456512,0.4470023512840271,0.0,0.0,0.0
"DM-12476",True,"test",0.0734596773982048,0.3744574189186096,0.0,0.0,0.1545412689447403,0.0,0.0,0.36904680728912354,0.0,0.0
"DM-12473",False,"test",0.0,0.05841497331857681,0.1366921216249466,0.0,0.0,0.22047437727451324,0.22860503196716309,0.0,0.0,0.3422914743423462
"DM-12467",False,"test",0.0,0.0,0.1323823779821396,0.4607468545436859,0.37011489272117615,0.0,0.0,0.0,0.0,0.0
"DM-12466",False,"test",0.0696592926979065,0.0,0.07165442407131195,0.2743176519870758,0.2175523042678833,0.0,0.0,0.33729851245880127,0.0,0.0
"DM-12465",False,"test",0.0,0.0,0.0,0.4668733477592468,0.2510009706020355,0.0,0.0,0.22806689143180847,0.0,0.0
"DM-12464",False,"test",0.0,0.0,0.0,0.27340516448020935,0.6538374423980713,0.0,0.0,0.0,0.0,0.0
"DM-12463",False,"test",0.0,0.2719464898109436,0.0,0.34751951694488525,0.35832417011260986,0.0,0.0,0.0,0.0,0.0
"DM-12462",False,"test",0.09790181368589401,0.0,0.05917540192604065,0.35214945673942566,0.0,0.20090614259243011,0.0,0.0,0.0,0.26812437176704407
"DM-12450",False,"test",0.0,0.0,0.0,0.0,0.19779957830905914,0.06424655020236969,0.0,0.0,0.05727029964327812,0.6630457043647766
"DM-12445",True,"test",0.07043255865573883,0.022573255002498627,0.0,0.0,0.0,0.18456275761127472,0.0,0.03491766378283501,0.3977908194065094,0.28280115127563477
"DM-12431",False,"test",0.11577694118022919,0.0,0.0,0.18891888856887817,0.0,0.0,0.1759195476770401,0.3887946903705597,0.0,0.1095433384180069
"DM-12428",False,"test",0.1150829941034317,0.0,0.0,0.5712389945983887,0.0,0.0,0.0,0.13067999482154846,0.0,0.1490854024887085
"DM-12426",True,"test",0.0,0.14559173583984375,0.0,0.0,0.0,0.0,0.0,0.0,0.0,0.797240138053894
"DM-12423",False,"test",0.0,0.0,0.0,0.23944218456745148,0.0,0.4131528437137604,0.0,0.3248146176338196,0.0,0.0
"DM-12422",False,"test",0.0,0.0,0.0,0.24380455911159515,0.15777577459812164,0.3599821627140045,0.0,0.21699847280979156,0.0,0.0
"DM-12406",False,"test",0.011116177774965763,0.011115901172161102,0.011116648092865944,0.33345794677734375,0.011115779168903828,0.01111639104783535,0.011115643195807934,0.011116298846900463,0.011115942150354385,0.5776132941246033
"DM-12391",False,"test",0.0,0.0,0.010599048808217049,0.0,0.04243745282292366,0.13303008675575256,0.0,0.0,0.8087744116783142,0.0
"DM-12390",False,"test",0.0,0.029115179553627968,0.0,0.0,0.030562520027160645,0.16500891745090485,0.16669540107250214,0.0,0.49222153425216675,0.10949457436800003
"DM-12376",False,"test",0.056683022528886795,0.0,0.0,0.33963868021965027,0.11433522403240204,0.0,0.20411141216754913,0.0,0.0,0.2705150544643402
"DM-12364",False,"test",0.0,0.34108030796051025,0.0,0.0,0.0,0.0,0.40481036901474,0.0,0.0,0.20736289024353027
"DM-12355",False,"test",0.0,0.2457677125930786,0.02468477562069893,0.032378360629081726,0.0,0.049244947731494904,0.0373389907181263,0.0,0.03477035090327263,0.5721421837806702
"DM-12310",False,"test",0.2936130464076996,0.0,0.07536178082227707,0.0,0.18780405819416046,0.10417285561561584,0.0,0.24653594195842743,0.08515439927577972,0.0
"DM-12308",False,"test",0.014296673238277435,0.014304420910775661,0.376804918050766,0.01429696474224329,0.01429639384150505,0.0143006956204772,0.014301321469247341,0.014299321919679642,0.014298928901553154,0.5088003873825073
"DM-12305",False,"test",0.0,0.0,0.0,0.6034485697746277,0.0,0.0,0.0,0.0,0.0,0.3690357506275177
"DM-12257",False,"test",0.0,0.0,0.0,0.0,0.5384324193000793,0.0,0.27590247988700867,0.0,0.15379619598388672,0.0
"DM-12256",False,"test",0.0,0.18007409572601318,0.0,0.0,0.5569029450416565,0.0,0.0,0.0,0.22612597048282623,0.0
"DM-12254",False,"test",0.0,0.0,0.0,0.0,0.0,0.06843562424182892,0.0,0.3332740068435669,0.0,0.5771161913871765
"DM-12230",False,"test",0.0,0.0,0.0,0.0,0.0,0.0,0.0,0.13909350335597992,0.4042331278324127,0.4248473346233368
"DM-12216",False,"test",0.0,0.0,0.0,0.0,0.0,0.2951869070529938,0.09947459399700165,0.5841246247291565,0.0,0.0
"DM-12205",False,"test",0.0,0.0,0.0,0.28722819685935974,0.0,0.0,0.24702049791812897,0.0,0.4424953758716583,0.0
"DM-12175",False,"test",0.024952391162514687,0.024959152564406395,0.02495403029024601,0.3973219394683838,0.02495366893708706,0.40301451086997986,0.024958033114671707,0.0249702800065279,0.024958161637187004,0.024957863613963127
"DM-12157",False,"test",0.0,0.0,0.0,0.0,0.0,0.0,0.0,0.5732510685920715,0.0,0.3695526719093323
"DM-12135",False,"test",0.0,0.0,0.0,0.0,0.9780346751213074,0.0,0.0,0.0,0.0,0.0
"DM-12125",False,"test",0.020006101578474045,0.02000625617802143,0.23210638761520386,0.020007915794849396,0.6078431010246277,0.020005805417895317,0.020006392151117325,0.02000598981976509,0.020006000995635986,0.020006051287055016
"DM-12112",False,"test",0.0,0.08478131145238876,0.0936618447303772,0.38701096177101135,0.0,0.06794474273920059,0.0,0.3500383198261261,0.0,0.0
"DM-12102",False,"test",0.9437057971954346,0.0,0.0,0.0,0.0,0.0,0.0,0.0,0.0,0.0
"DM-12052",False,"test",0.0,0.22058497369289398,0.041840288788080215,0.19144344329833984,0.0,0.0,0.1574278473854065,0.0,0.31612393260002136,0.06005309149622917
"DM-12044",False,"test",0.025004472583532333,0.025004519149661064,0.02500380575656891,0.025003043934702873,0.7749538421630859,0.025009753182530403,0.025004712864756584,0.025003552436828613,0.025005554780364037,0.025006741285324097
"DM-12038",False,"test",0.0,0.0,0.25332552194595337,0.1292799711227417,0.0,0.0,0.0,0.19156016409397125,0.0,0.403669536113739
"DM-12030",False,"test",0.0,0.0,0.0,0.3703424632549286,0.0,0.0,0.21297544240951538,0.0,0.0,0.40112900733947754
"DM-12006",False,"test",0.030173588544130325,0.574858546257019,0.0,0.0,0.0,0.08516418188810349,0.039655812084674835,0.0,0.0,0.26052337884902954
"DM-11987",False,"test",0.0,0.0,0.0,0.0,0.12182397395372391,0.0,0.0,0.11251172423362732,0.08336909115314484,0.6660793423652649
"DM-11977",False,"test",0.0800214558839798,0.0,0.0,0.8087816834449768,0.0,0.0,0.0,0.0,0.0703929141163826,0.0
"DM-11971",False,"test",0.0,0.05141731724143028,0.0,0.0,0.0,0.28536340594291687,0.0,0.0,0.6067999005317688,0.04812183231115341
"DM-11969",False,"test",0.0,0.0,0.0,0.0,0.5637074112892151,0.0,0.0,0.0,0.239014133810997,0.15348681807518005
"DM-11968",False,"test",0.016688359901309013,0.01669432409107685,0.0166879054158926,0.016693120822310448,0.37463563680648804,0.016689123585820198,0.01669132150709629,0.3494161367416382,0.15911592543125153,0.016688181087374687
"DM-11907",False,"test",0.0,0.0,0.0,0.16725918650627136,0.0,0.3379979431629181,0.0,0.0,0.0,0.4435681104660034
"DM-11894",False,"test",0.0,0.0,0.0,0.0,0.0,0.0,0.5644944906234741,0.0,0.0,0.37990623712539673
"DM-11883",True,"test",0.0,0.6484163999557495,0.0,0.0,0.0,0.0,0.28490349650382996,0.0,0.0,0.0
"DM-11856",False,"test",0.0,0.2511724829673767,0.0,0.0,0.0,0.20957797765731812,0.5042797327041626,0.0,0.0,0.0
"DM-11817",False,"test",0.016668807715177536,0.01666976511478424,0.016668803989887238,0.8499681353569031,0.016670718789100647,0.016669733449816704,0.01667056605219841,0.01667124591767788,0.01666814461350441,0.016674069687724113
"DM-11816",True,"test",0.010001367889344692,0.010004335083067417,0.01000143587589264,0.010003610514104366,0.33495858311653137,0.010002261959016323,0.010002908296883106,0.5850214958190918,0.01000088732689619,0.010003100149333477
"DM-11811",False,"test",0.014237754046916962,0.8718260526657104,0.014242068864405155,0.014241262339055538,0.014245452359318733,0.014238881878554821,0.014237993396818638,0.014244100078940392,0.014242206700146198,0.014244225807487965
"DM-11804",False,"test",0.012481589801609516,0.012488575652241707,0.012481833808124065,0.012482472695410252,0.012482704594731331,0.012482143938541412,0.012487571686506271,0.012484964914619923,0.01248224452137947,0.887645959854126
"DM-11800",False,"test",0.6654757857322693,0.13289110362529755,0.0,0.0,0.0,0.1836685985326767,0.0,0.0,0.0,0.0
"DM-11795",False,"test",0.010003182105720043,0.5556320548057556,0.010002744384109974,0.010005406104028225,0.14489464461803436,0.010003834962844849,0.010004810057580471,0.010003780014812946,0.2294452041387558,0.010004361160099506
"DM-11787",False,"test",0.15938788652420044,0.0,0.0,0.22507089376449585,0.0,0.0,0.0,0.5921943783760071,0.0,0.0
"DM-11772",False,"test",0.0,0.0,0.13315777480602264,0.0,0.5846127867698669,0.0,0.07369418442249298,0.15056079626083374,0.0,0.050390537828207016
"DM-11766",False,"test",0.010007440112531185,0.01001047808676958,0.010007678531110287,0.45383188128471375,0.010010198689997196,0.010009623132646084,0.01000879891216755,0.010008535347878933,0.01000824011862278,0.4660971164703369
"DM-11758",False,"test",0.0,0.0,0.0,0.3922841548919678,0.2667977809906006,0.29922306537628174,0.0,0.0,0.0,0.0
"DM-11747",False,"test",0.0,0.39340969920158386,0.0,0.0,0.5620823502540588,0.0,0.0,0.0,0.0,0.0
"DM-11745",False,"test",0.0,0.0,0.0,0.0,0.4055533707141876,0.0,0.5636640191078186,0.0,0.0,0.0
"DM-11738",False,"test",0.0,0.0,0.0,0.0,0.0,0.3569607436656952,0.0,0.0,0.0,0.6049264073371887
"DM-11732",False,"test",0.016675250604748726,0.01667751744389534,0.016674557700753212,0.2614378333091736,0.0166772473603487,0.016675395891070366,0.01667770929634571,0.24594038724899292,0.016677433624863625,0.3758867084980011
"DM-11729",False,"test",0.6092278957366943,0.0,0.0,0.0,0.0,0.0,0.0,0.0,0.12682072818279266,0.24059657752513885
"DM-11718",True,"test",0.0,0.0,0.0,0.0,0.0,0.0,0.0,0.1845943033695221,0.0,0.8000345826148987
"DM-11701",False,"test",0.0,0.12006288766860962,0.0,0.0,0.24593165516853333,0.0,0.0,0.02757890895009041,0.0,0.5955318808555603
"DM-11678",False,"test",0.0,0.4096260368824005,0.27228158712387085,0.12571528553962708,0.0,0.0,0.0,0.0,0.0,0.17591425776481628
"DM-11653",True,"test",0.0,0.3475017249584198,0.0,0.0,0.0,0.0,0.0,0.39940229058265686,0.19920186698436737,0.0
"DM-11628",False,"test",0.0,0.14180344343185425,0.19276872277259827,0.0,0.05287042260169983,0.21162451803684235,0.0,0.0,0.0661093071103096,0.3260384798049927
"DM-11620",True,"test",0.09007211029529572,0.06431327015161514,0.0,0.05545523390173912,0.0,0.0,0.09217371791601181,0.027272503823041916,0.6692134141921997,0.0
"DM-11615",False,"test",0.0,0.5776289105415344,0.0,0.0,0.0,0.07842569798231125,0.3066004514694214,0.0,0.0,0.0
"DM-11609",False,"test",0.0,0.0915209949016571,0.07804475724697113,0.8079653382301331,0.0,0.0,0.0,0.0,0.0,0.0
"DM-11608",False,"test",0.0,0.28291207551956177,0.0,0.0,0.0,0.0,0.2712242007255554,0.2530113160610199,0.16291861236095428,0.0
"DM-11604",False,"test",0.0,0.0,0.0,0.2735956609249115,0.0,0.0,0.1322784721851349,0.5572664737701416,0.0,0.0
"DM-11603",False,"test",0.0,0.0,0.0,0.55801922082901,0.0,0.0,0.3692413568496704,0.0,0.0,0.0
"DM-11595",False,"test",0.0,0.0,0.0,0.32007357478141785,0.07740925997495651,0.0,0.4260977506637573,0.0,0.06301882117986679,0.10024283081293106
"DM-11593",False,"test",0.0,0.0,0.0,0.06362854689359665,0.0,0.0,0.9135355353355408,0.0,0.0,0.0
"DM-11585",False,"test",0.0,0.0,0.0,0.0,0.2734103500843048,0.0,0.2024756222963333,0.0,0.4828614890575409,0.0
"DM-11578",False,"test",0.0,0.0,0.0,0.0,0.06305976957082748,0.3637458384037018,0.0,0.2505910396575928,0.29643917083740234,0.0
"DM-11555",False,"test",0.0,0.0,0.0,0.0,0.0,0.0,0.0,0.9356002807617188,0.0,0.0
"DM-11535",False,"test",0.0,0.21560271084308624,0.0,0.0,0.44378963112831116,0.0,0.30182239413261414,0.0,0.0,0.0
"DM-11523",True,"test",0.0,0.0,0.13155993819236755,0.0,0.6417534351348877,0.0,0.0,0.0,0.0,0.19336363673210144
"DM-11521",False,"test",0.0,0.3540511131286621,0.0,0.0,0.0,0.0,0.0,0.15752044320106506,0.0,0.4782833755016327
"DM-11519",False,"test",0.0,0.0,0.0,0.25820091366767883,0.19228672981262207,0.19413059949874878,0.03540094569325447,0.0,0.0,0.31216156482696533
"DM-11516",False,"test",0.0,0.4173082113265991,0.059203121811151505,0.0,0.0,0.0,0.04798748716711998,0.0,0.0,0.4580843448638916
"DM-11507",False,"test",0.0,0.20164747536182404,0.0,0.19250434637069702,0.0,0.0,0.0,0.0,0.26028475165367126,0.3076815903186798
"DM-11494",False,"test",0.0,0.0,0.0883595272898674,0.0,0.0,0.3705804944038391,0.4306062161922455,0.0,0.0,0.10007219016551971
"DM-11477",False,"test",0.0,0.20805606245994568,0.11449475586414337,0.1276516616344452,0.03887898102402687,0.15658679604530334,0.0,0.0,0.0,0.3471768796443939
"DM-11473",True,"test",0.4484427571296692,0.2851555347442627,0.0,0.0,0.0,0.0,0.0,0.0,0.0,0.2345612794160843
"DM-11467",False,"test",0.01445931475609541,0.014463666826486588,0.014460076577961445,0.3634026348590851,0.014456461183726788,0.014456434175372124,0.5209245681762695,0.014456133358180523,0.014457778073847294,0.014462907798588276
"DM-11457",True,"test",0.0,0.0,0.0,0.5211307406425476,0.0,0.0,0.4317932426929474,0.0,0.0,0.0
"DM-11456",False,"test",0.0,0.0,0.0,0.0,0.2904435992240906,0.0,0.0,0.5544793009757996,0.0,0.12465071678161621
"DM-11450",False,"test",0.3416830003261566,0.0,0.0,0.4302184283733368,0.0,0.0,0.0,0.0,0.0,0.20815487205982208
"DM-11449",False,"test",0.30953681468963623,0.0,0.0,0.25335103273391724,0.0,0.0,0.0,0.0,0.0,0.4172174632549286
"DM-11445",True,"test",0.07953500747680664,0.0,0.0,0.3678812086582184,0.23498661816120148,0.0,0.0,0.3002793490886688,0.0,0.0
"DM-11432",True,"test",0.0,0.0,0.0,0.0,0.949982225894928,0.0,0.0,0.0,0.0,0.0
"DM-11424",False,"test",0.27095016837120056,0.0,0.02986825443804264,0.0,0.0,0.12368854880332947,0.0,0.40063729882240295,0.0,0.16456685960292816
"DM-11421",False,"test",0.0,0.0,0.4527401328086853,0.0,0.0,0.13572940230369568,0.0,0.0,0.36774981021881104,0.0
"DM-11420",False,"test",0.03333432227373123,0.03333432972431183,0.03333523869514465,0.03333447873592377,0.6999884247779846,0.03333479166030884,0.03333473578095436,0.03333442658185959,0.033334773033857346,0.033334508538246155
"DM-11414",False,"test",0.012512502260506153,0.012515371665358543,0.012512308545410633,0.012511893175542355,0.0125117814168334,0.012512951157987118,0.5830109119415283,0.3168831467628479,0.01251587551087141,0.012513251975178719
"DM-11404",False,"test",0.0,0.0,0.0,0.26265573501586914,0.0,0.0,0.0,0.40272006392478943,0.0,0.30544352531433105
"DM-11370",False,"test",0.0,0.0,0.0,0.0,0.0,0.3536382019519806,0.07464517652988434,0.0,0.5475726127624512,0.0
"DM-11350",False,"test",0.0,0.0,0.0,0.21597588062286377,0.0,0.0,0.0,0.7582095861434937,0.0,0.0
"DM-11346",False,"test",0.01429678313434124,0.014297589659690857,0.01429984625428915,0.014298892579972744,0.19756491482257843,0.014298072084784508,0.014298705384135246,0.22101327776908875,0.014297852292656898,0.48133406043052673
"DM-11343",False,"test",0.0,0.6710346937179565,0.0,0.0,0.0,0.0,0.0,0.1800835132598877,0.0,0.10510581731796265
"DM-11329",True,"test",0.016649968922138214,0.016651593148708344,0.01665184646844864,0.016652729362249374,0.01665210910141468,0.016652319580316544,0.01665041223168373,0.016651054844260216,0.2929089367389679,0.5738790035247803
"DM-11322",False,"test",0.0,0.0,0.235367551445961,0.0,0.0,0.5715645551681519,0.0,0.1761678010225296,0.0,0.0
"DM-11318",False,"test",0.0,0.0,0.150966614484787,0.0,0.2591679096221924,0.0,0.20336687564849854,0.0,0.34042733907699585,0.0
"DM-11311",True,"test",0.0,0.0,0.0,0.0,0.0,0.3856755197048187,0.0,0.5779304504394531,0.0,0.0
"DM-11308",False,"test",0.0,0.17844823002815247,0.0,0.0,0.0,0.18689844012260437,0.0,0.0,0.0,0.6054591536521912
"DM-11305",False,"test",0.012503543868660927,0.7137682437896729,0.012503101490437984,0.012506064027547836,0.012503862380981445,0.012506122700870037,0.01250535249710083,0.18619421124458313,0.012504997663199902,0.012504522688686848
"DM-11299",True,"test",0.07592833787202835,0.0,0.0,0.710292398929596,0.0,0.0,0.0,0.06205146014690399,0.0,0.13809669017791748
"DM-11258",False,"test",0.07978157699108124,0.0,0.15846356749534607,0.05951033905148506,0.0,0.08117552101612091,0.06647605448961258,0.0,0.0,0.5467472076416016
"DM-11190",True,"test",0.020004622638225555,0.02000458724796772,0.020004907622933388,0.02000540681183338,0.020003732293844223,0.020005036145448685,0.020012959837913513,0.020005101338028908,0.020005391910672188,0.8199482560157776
"DM-11169",True,"test",0.0,0.19710272550582886,0.0,0.0,0.0,0.11874816566705704,0.0,0.14392468333244324,0.1911962330341339,0.33177074790000916
"DM-11159",False,"test",0.01667116954922676,0.016674131155014038,0.01667236164212227,0.016671599820256233,0.016674110665917397,0.016671761870384216,0.8499476313591003,0.01667260192334652,0.01667112112045288,0.016673527657985687
"DM-11126",False,"test",0.0,0.0,0.0,0.0,0.0,0.21486321091651917,0.38587865233421326,0.3712639808654785,0.0,0.0
"DM-11122",True,"test",0.0,0.0,0.0,0.4476761221885681,0.0,0.0,0.0,0.0,0.0,0.5328206419944763
"DM-11096",False,"test",0.02251390740275383,0.03548587113618851,0.0,0.39259397983551025,0.0,0.07442363351583481,0.0,0.30773311853408813,0.017793068662285805,0.14745160937309265
"DM-11051",False,"test",0.0,0.2374212145805359,0.0,0.0,0.0,0.22863183915615082,0.0,0.4927176237106323,0.0,0.0
"DM-11048",False,"test",0.01400147657841444,0.21602347493171692,0.014003178104758263,0.014008371159434319,0.6719544529914856,0.01400082465261221,0.014000781811773777,0.014002861455082893,0.014000991359353065,0.014003573916852474
"DM-11038",False,"test",0.010010149329900742,0.010009330697357655,0.010009504854679108,0.30605822801589966,0.3802299499511719,0.010010000318288803,0.010011586360633373,0.010009241290390491,0.24363675713539124,0.010015236213803291
"DM-11027",False,"test",0.0,0.0,0.0,0.10510341078042984,0.0,0.0,0.17861585319042206,0.11272181570529938,0.0,0.595758318901062
"DM-11025",False,"test",0.0,0.0,0.0,0.0,0.1716262847185135,0.0,0.5452537536621094,0.11196112632751465,0.13779520988464355,0.0
"DM-11012",True,"test",0.01230477076023817,0.012305530719459057,0.012304563075304031,0.012305596843361855,0.4636583924293518,0.43789729475975037,0.012305978685617447,0.012305528856813908,0.012306120246648788,0.012306221760809422
"DM-11010",False,"test",0.40905216336250305,0.0,0.08357277512550354,0.1543978899717331,0.0,0.0,0.0,0.14655940234661102,0.0,0.19779430329799652
"DM-11001",False,"test",0.0,0.1906880885362625,0.0,0.0,0.34520652890205383,0.10538756102323532,0.0,0.0,0.0,0.33154532313346863
"DM-10988",False,"test",0.0,0.0,0.0,0.044157713651657104,0.0,0.0,0.2313525378704071,0.1593572497367859,0.0,0.5571317672729492
"DM-10986",False,"test",0.010034345090389252,0.010034692473709583,0.010033423081040382,0.010033609345555305,0.010034075006842613,0.7571440935134888,0.010034185834228992,0.01003491971641779,0.010033399797976017,0.16258323192596436
"DM-10971",False,"test",0.0,0.18360459804534912,0.0,0.0,0.0,0.0,0.0,0.0,0.0,0.7593160271644592
"DM-10968",False,"test",0.0,0.40245166420936584,0.0,0.0,0.0,0.0,0.5308642983436584,0.0,0.0,0.0
"DM-10965",False,"test",0.3221154510974884,0.0,0.0,0.0,0.0,0.3692685663700104,0.0,0.0,0.22526532411575317,0.07315491884946823
"DM-10962",False,"test",0.0,0.0725066289305687,0.0,0.4691947102546692,0.2785252034664154,0.0,0.0,0.0,0.0,0.16685159504413605
"DM-10942",False,"test",0.0,0.38267746567726135,0.0,0.2149755358695984,0.0,0.0,0.0,0.0,0.0,0.3844742774963379
"DM-10908",False,"test",0.0,0.4424971342086792,0.0,0.0,0.1325720250606537,0.0,0.188229501247406,0.14542776346206665,0.07340753078460693,0.0
"DM-10905",False,"test",0.0,0.0,0.0,0.3983961343765259,0.0,0.0,0.0,0.0,0.0,0.5594807863235474
"DM-10890",False,"test",0.0,0.14395305514335632,0.0,0.0,0.43975159525871277,0.2827077805995941,0.09534142166376114,0.0,0.0,0.0
"DM-10889",False,"test",0.016670873388648033,0.01667141541838646,0.016670893877744675,0.016670703887939453,0.01667291671037674,0.01667223684489727,0.0166698656976223,0.01667177863419056,0.016678279265761375,0.8499510288238525
"DM-10884",False,"test",0.016670873388648033,0.01667141541838646,0.016670893877744675,0.016670703887939453,0.01667291484773159,0.01667223684489727,0.0166698656976223,0.01667177863419056,0.01667828857898712,0.8499510288238525
"DM-10882",False,"test",0.012671423144638538,0.012671912088990211,0.012672587297856808,0.012679859064519405,0.3542432487010956,0.0126719418913126,0.17581745982170105,0.3812272846698761,0.012671452015638351,0.01267286017537117
"DM-10878",False,"test",0.012599611654877663,0.012600245885550976,0.012600764632225037,0.10152197629213333,0.012602977454662323,0.012600379064679146,0.15572908520698547,0.6545432806015015,0.012599729932844639,0.012601937167346478
"DM-10876",False,"test",0.016705824062228203,0.016706177964806557,0.016705838963389397,0.016706351190805435,0.18403097987174988,0.016706066206097603,0.016711710020899773,0.6823141574859619,0.016705868765711784,0.016707023605704308
"DM-10860",False,"test",0.0,0.0,0.0,0.3244696855545044,0.0,0.0,0.3302273452281952,0.3183826804161072,0.0,0.0
"DM-10850",False,"test",0.0,0.0,0.0,0.4343128204345703,0.17863063514232635,0.0,0.0,0.11022172123193741,0.04304427281022072,0.21987861394882202
"DM-10849",False,"test",0.0,0.19422647356987,0.10113974660634995,0.0,0.0,0.3657186031341553,0.0,0.0,0.0,0.3222423791885376
"DM-10848",False,"test",0.016635989770293236,0.016636906191706657,0.3183426558971405,0.016638102009892464,0.01663677953183651,0.01663644053041935,0.01663786731660366,0.0166371650993824,0.5485590100288391,0.01663908176124096
"DM-10837",False,"test",0.0,0.0,0.08297975361347198,0.0,0.0,0.4808415472507477,0.0,0.0,0.40267515182495117,0.0
"DM-10833",True,"test",0.0,0.0,0.0,0.0,0.0,0.20717370510101318,0.0,0.0,0.0,0.7394129037857056
"DM-10827",True,"test",0.0,0.20594611763954163,0.0,0.0,0.43005895614624023,0.0,0.11386391520500183,0.0,0.0,0.21851427853107452
"DM-10821",False,"test",0.016674689948558807,0.016675667837262154,0.016672441735863686,0.610241174697876,0.01668035425245762,0.016681695356965065,0.0166742242872715,0.016676202416419983,0.016673177480697632,0.2563503384590149
"DM-10820",False,"test",0.0,0.0,0.4359811544418335,0.0,0.0,0.0,0.0,0.0,0.0,0.5107296705245972
"DM-10818",False,"test",0.5925354361534119,0.0,0.0,0.0,0.0,0.0,0.2285507619380951,0.0,0.1244044080376625,0.0
"DM-10807",False,"test",0.0,0.0,0.0,0.07621699571609497,0.32115310430526733,0.0,0.1736202985048294,0.3075372576713562,0.10422512143850327,0.0
"DM-10805",True,"test",0.0,0.0,0.0,0.2672751843929291,0.34084266424179077,0.0,0.10046771168708801,0.0,0.0,0.2656268775463104
"DM-10804",False,"test",0.0,0.0,0.0,0.734546422958374,0.0,0.0,0.0,0.0,0.0,0.19874821603298187
"DM-10799",False,"test",0.1102553978562355,0.0,0.0,0.0,0.0,0.0,0.0,0.4364854097366333,0.39420536160469055,0.0
"DM-10795",False,"test",0.0,0.18659670650959015,0.0,0.0,0.19949042797088623,0.0,0.0,0.256585955619812,0.0,0.32721951603889465
"DM-10779",True,"test",0.014294645749032497,0.29835331439971924,0.014293636195361614,0.014295890927314758,0.01429886743426323,0.014295331202447414,0.014298541471362114,0.37129107117652893,0.014294174499809742,0.23028455674648285
"DM-10767",False,"test",0.01667630672454834,0.016673345118761063,0.016673516482114792,0.016674313694238663,0.016677269712090492,0.016674993559718132,0.65439373254776,0.01667400822043419,0.2122076451778412,0.016674881801009178
"DM-10765",True,"test",0.010062141343951225,0.010061447508633137,0.010059445165097713,0.01005946472287178,0.010058856569230556,0.010058541782200336,0.010059134103357792,0.5102767944335938,0.010058444924652576,0.4092457592487335
"DM-10754",False,"test",0.0,0.5886862874031067,0.10451134294271469,0.0,0.0,0.0,0.09846396744251251,0.0,0.0,0.18835613131523132
"DM-10748",False,"test",0.3488951623439789,0.0,0.0,0.0,0.0,0.1874580681324005,0.43318766355514526,0.0,0.0,0.0
"DM-10740",False,"test",0.02500617504119873,0.3056362569332123,0.025005929172039032,0.4943005442619324,0.025006089359521866,0.02501082606613636,0.02500484138727188,0.02500990778207779,0.025006910786032677,0.025012502446770668
"DM-10620",False,"test",0.0,0.5891263484954834,0.0,0.0,0.0,0.0,0.0,0.0,0.0,0.3537711203098297
"DM-10619",False,"test",0.0,0.09679875522851944,0.3292143642902374,0.0,0.0,0.1863040328025818,0.0,0.12673915922641754,0.05284567177295685,0.1973007321357727
"DM-10605",True,"test",0.0,0.32516753673553467,0.0,0.0,0.0,0.0,0.0,0.0,0.0,0.6081475615501404
"DM-10603",False,"test",0.011113733053207397,0.011114638298749924,0.011113711632788181,0.011114834807813168,0.899971067905426,0.011114531196653843,0.011114944703876972,0.011114598251879215,0.011113891378045082,0.011114053428173065
"DM-10601",True,"test",0.16130587458610535,0.29841548204421997,0.0,0.03188089653849602,0.0,0.0,0.0,0.1777978092432022,0.0,0.3201797902584076
"DM-10596",False,"test",0.0,0.09197980165481567,0.0,0.3879782557487488,0.0,0.0,0.0,0.39346808195114136,0.0,0.11324386298656464
"DM-10569",False,"test",0.012512421235442162,0.6014665961265564,0.29841169714927673,0.012513436377048492,0.012513323687016964,0.012513590045273304,0.012516019865870476,0.012518689036369324,0.012520249001681805,0.012513956055045128
"DM-10565",False,"test",0.0,0.06810891628265381,0.09679371118545532,0.09941822290420532,0.0,0.08096104115247726,0.0,0.40080976486206055,0.0,0.25070318579673767
"DM-10560",False,"test",0.0,0.0,0.0,0.3444117307662964,0.0,0.6174817085266113,0.0,0.0,0.0,0.0
"DM-10542",False,"test",0.0,0.0,0.4664388597011566,0.0,0.0,0.13994526863098145,0.0,0.3643973171710968,0.0,0.0
"DM-10524",True,"test",0.0,0.0,0.07894232869148254,0.0,0.0,0.0,0.12074527889490128,0.30971768498420715,0.0,0.48061439394950867
"DM-10514",False,"test",0.0,0.32173898816108704,0.0,0.0,0.0,0.0,0.35450196266174316,0.26001593470573425,0.0,0.0
"DM-10508",False,"test",0.0,0.0,0.0,0.0,0.1826588660478592,0.36762118339538574,0.40356096625328064,0.0,0.0,0.0
"DM-10500",False,"test",0.0,0.0,0.0,0.48919183015823364,0.0,0.0,0.0,0.1867113709449768,0.0,0.2890848219394684
"DM-10489",False,"test",0.6722601056098938,0.024337871000170708,0.0,0.0,0.0,0.07521848380565643,0.0,0.0,0.225362166762352,0.0
"DM-10485",False,"test",0.10765489190816879,0.0,0.1550949364900589,0.013326894491910934,0.0,0.05277032032608986,0.1801537573337555,0.0,0.156656876206398,0.3286695182323456
"DM-10483",False,"test",0.0,0.24077360332012177,0.0,0.0,0.0,0.0,0.13842126727104187,0.0,0.0,0.5889083743095398
"DM-10463",False,"test",0.0,0.0,0.0,0.6723979115486145,0.0,0.0,0.0,0.3120800852775574,0.0,0.0
"DM-10453",False,"test",0.0,0.0,0.0,0.29599228501319885,0.0,0.0,0.22859793901443481,0.45039498805999756,0.0,0.0
"DM-10452",False,"test",0.0,0.2034614533185959,0.3561238646507263,0.0,0.23817764222621918,0.0,0.0,0.16687025129795074,0.0,0.0
"DM-10441",False,"test",0.0,0.0,0.0,0.6301379203796387,0.0,0.0,0.0,0.0,0.0,0.3378463685512543
"DM-10440",False,"test",0.0,0.0,0.0,0.6987138390541077,0.0,0.0,0.0,0.0,0.21739046275615692,0.05206436663866043
"DM-10434",False,"test",0.0,0.23421965539455414,0.0,0.0,0.0,0.0,0.0,0.5550292730331421,0.0,0.18661023676395416
"DM-10426",True,"test",0.0,0.4542282819747925,0.0,0.0,0.0,0.08984442055225372,0.3098333179950714,0.1144307404756546,0.0,0.0
"DM-10425",True,"test",0.02500654011964798,0.025011789053678513,0.02500772476196289,0.3996712267398834,0.02500992640852928,0.02501262165606022,0.025007786229252815,0.4002560079097748,0.0250089094042778,0.025007471442222595
"DM-10424",True,"test",0.0250089168548584,0.4320865273475647,0.025003723800182343,0.36785104870796204,0.025007829070091248,0.02500981278717518,0.02500678040087223,0.025007540360093117,0.025004133582115173,0.025013715028762817
"DM-10423",True,"test",0.02500326745212078,0.025008073076605797,0.02500399574637413,0.02500799298286438,0.025007497519254684,0.025011200457811356,0.3556149899959564,0.4443334639072418,0.025003215298056602,0.025006279349327087
"DM-10412",False,"test",0.0,0.2934039831161499,0.0,0.2716560363769531,0.0,0.0,0.0,0.17052771151065826,0.0,0.24309955537319183
"DM-10410",True,"test",0.0,0.16660724580287933,0.0,0.35979941487312317,0.0,0.0,0.0,0.0,0.0,0.4099388122558594
"DM-10407",False,"test",0.0,0.0,0.0,0.0,0.0,0.0,0.5497955083847046,0.0,0.0,0.4031561315059662
"DM-10398",False,"test",0.0,0.0,0.0,0.4505678415298462,0.0,0.0,0.0,0.0,0.0,0.5049935579299927
"DM-10397",False,"test",0.0,0.0,0.0,0.2469511330127716,0.0,0.26514166593551636,0.0,0.1401694416999817,0.0,0.32776138186454773
"DM-10386",False,"test",0.0,0.0,0.0,0.0,0.0,0.0,0.07169528305530548,0.0,0.0,0.8751311302185059
"DM-10375",False,"test",0.0,0.0,0.0,0.6256323456764221,0.0,0.28026148676872253,0.0,0.0,0.062465015798807144,0.0
"DM-10372",False,"test",0.0,0.1632850021123886,0.0,0.6311976313591003,0.1665809452533722,0.0,0.0,0.0,0.0,0.0
"DM-10370",False,"test",0.0,0.0,0.0,0.301849365234375,0.05099808797240257,0.0,0.0,0.07130926102399826,0.0,0.5576450824737549
"DM-10362",True,"test",0.1385432630777359,0.0,0.0,0.0,0.6372227072715759,0.0,0.0,0.0,0.16614319384098053,0.0
"DM-10361",False,"test",0.0,0.0,0.0,0.5525546669960022,0.0,0.0,0.0,0.0,0.1395092010498047,0.26416534185409546
"DM-10360",False,"test",0.0,0.0,0.0,0.0,0.0,0.0,0.31019049882888794,0.256242036819458,0.0,0.4017316699028015
"DM-10354",False,"test",0.09436771273612976,0.0,0.04611508920788765,0.21793031692504883,0.202206552028656,0.0,0.0,0.1597173810005188,0.0,0.2651979625225067
"DM-10343",False,"test",0.0,0.45305296778678894,0.03843243792653084,0.0,0.0,0.2666502594947815,0.0,0.0,0.22310297191143036,0.0
"DM-10342",False,"test",0.0,0.0,0.0,0.0,0.5666836500167847,0.0,0.0,0.0,0.12676851451396942,0.24287918210029602
"DM-10338",False,"test",0.0,0.26572543382644653,0.0,0.0,0.0,0.6872249841690063,0.0,0.0,0.0,0.0
"DM-10328",False,"test",0.07431679219007492,0.22010575234889984,0.0,0.011559122242033482,0.0,0.35530880093574524,0.0,0.0,0.32201600074768066,0.0
"DM-10314",False,"test",0.0,0.9101976752281189,0.0,0.0,0.0,0.0,0.0,0.0,0.0,0.0
"DM-10310",True,"test",0.0125023378059268,0.012504443526268005,0.012503515928983688,0.012502667494118214,0.19318628311157227,0.01250214222818613,0.7067892551422119,0.012503720819950104,0.012502145022153854,0.012503507547080517
"DM-10298",False,"test",0.0,0.0,0.0,0.0,0.0,0.0,0.06710423529148102,0.510709822177887,0.0,0.3996657431125641
"DM-10289",False,"test",0.5575840473175049,0.0,0.0,0.0,0.0,0.15892668068408966,0.1411447674036026,0.0,0.0,0.11502017080783844
"DM-10286",False,"test",0.0,0.24439936876296997,0.0,0.0,0.0,0.11272921413183212,0.4896310567855835,0.0,0.0,0.11499901115894318
"DM-10271",False,"test",0.0,0.0,0.0,0.0,0.0,0.0,0.0,0.4848673343658447,0.0,0.5031892657279968
"DM-10270",False,"test",0.0,0.0,0.0,0.0,0.0,0.0,0.34416016936302185,0.0,0.13953399658203125,0.4893644452095032
"DM-10266",False,"test",0.0,0.4165107011795044,0.0,0.1156645342707634,0.1307099461555481,0.0,0.12489566951990128,0.0,0.08445364236831665,0.12104608118534088
"DM-10263",False,"test",0.0,0.1176234781742096,0.0,0.0,0.20168408751487732,0.0,0.5632399916648865,0.10981329530477524,0.0,0.0
"DM-10252",False,"test",0.030747773125767708,0.0,0.0,0.0,0.0,0.0,0.0,0.0,0.23338916897773743,0.7105751633644104
"DM-10242",True,"test",0.0,0.12388479709625244,0.0,0.0,0.0,0.2145775854587555,0.0,0.364915132522583,0.0,0.27764150500297546
"DM-10235",False,"test",0.0,0.0,0.0,0.25945407152175903,0.16146983206272125,0.30737534165382385,0.0,0.058477021753787994,0.0,0.20299528539180756
"DM-10231",False,"test",0.12766586244106293,0.0,0.0,0.0,0.0,0.13881073892116547,0.03589339554309845,0.0,0.35983750224113464,0.3285576105117798
"DM-10229",False,"test",0.0,0.0,0.0,0.018981382250785828,0.0,0.0,0.0,0.08043920248746872,0.896224319934845,0.0
"DM-10225",False,"test",0.0,0.1590047925710678,0.0,0.0,0.0,0.0,0.0,0.0,0.0,0.7743040323257446
"DM-10220",False,"test",0.0,0.2166108936071396,0.0,0.0,0.0,0.18402448296546936,0.0,0.11480297148227692,0.0,0.47555011510849
"DM-10206",False,"test",0.0,0.0,0.0,0.0,0.0,0.27172866463661194,0.17315012216567993,0.0,0.0,0.5271024703979492
"DM-10189",True,"test",0.0,0.2219519466161728,0.0,0.1856864094734192,0.0,0.0,0.0,0.18744054436683655,0.0,0.3945730924606323
"DM-10187",False,"test",0.0,0.01840946637094021,0.0,0.042046040296554565,0.0,0.0,0.02000288851559162,0.0,0.874500036239624,0.04252789914608002
"DM-10161",True,"test",0.0,0.0,0.0,0.0,0.0,0.0,0.2364136427640915,0.15800423920154572,0.33981218934059143,0.2475052773952484
"DM-10156",False,"test",0.0,0.0,0.0,0.0,0.0,0.0,0.1360352486371994,0.5643105506896973,0.0,0.2801981568336487
"DM-10143",True,"test",0.0,0.0,0.0,0.0,0.2596788704395294,0.0,0.0,0.7106733918190002,0.0,0.0
"DM-10116",False,"test",0.0,0.3211093246936798,0.0,0.0,0.0,0.22856274247169495,0.40250080823898315,0.0,0.0,0.0
"DM-10114",False,"test",0.010010242462158203,0.010011904872953892,0.010010036639869213,0.010011480189859867,0.010010710917413235,0.1838575005531311,0.29378753900527954,0.25537338852882385,0.010010500438511372,0.2069166898727417
"DM-10109",False,"test",0.09214772284030914,0.0,0.0,0.0,0.0,0.6466729044914246,0.2173907309770584,0.0,0.0,0.0
"DM-10108",False,"test",0.0,0.2696768045425415,0.10099542886018753,0.1923850029706955,0.0,0.07429791986942291,0.23256541788578033,0.0,0.0,0.11407934874296188
"DM-10104",False,"test",0.0,0.03303447365760803,0.07395828515291214,0.0,0.8660848736763,0.0,0.0,0.0,0.0,0.0
"DM-10102",False,"test",0.0,0.509084165096283,0.0,0.0,0.0,0.1467549353837967,0.0,0.07648025453090668,0.25494298338890076,0.0
"DM-10100",False,"test",0.0,0.19631658494472504,0.0,0.0975525975227356,0.0,0.0,0.38706788420677185,0.0,0.05981064215302467,0.2449619472026825
"DM-10098",False,"test",0.0,0.0,0.0,0.1628953516483307,0.0,0.4469163417816162,0.0,0.0,0.3512997627258301,0.0
"DM-10096",True,"test",0.0,0.7712290287017822,0.18178845942020416,0.0,0.0,0.0,0.0,0.0,0.0,0.0
"DM-10093",False,"test",0.06963557749986649,0.268693208694458,0.19900481402873993,0.0,0.0,0.0,0.11622060835361481,0.0,0.3141842782497406,0.0260928962379694
"DM-10092",False,"test",0.0459294430911541,0.24813233315944672,0.036534056067466736,0.0,0.25161319971084595,0.0,0.0,0.0,0.0,0.40493521094322205
"DM-10090",False,"test",0.0,0.13891690969467163,0.0,0.13101525604724884,0.0,0.0,0.0,0.10669112205505371,0.0,0.6177856922149658
"DM-10088",False,"test",0.16563133895397186,0.0,0.0,0.0,0.0,0.0,0.0,0.0,0.0,0.7873125076293945
"DM-10087",False,"test",0.0,0.0,0.0,0.0,0.467306524515152,0.0,0.4993467926979065,0.0,0.0,0.0
"DM-10070",False,"test",0.0,0.0,0.0,0.040542300790548325,0.0,0.0,0.20075635612010956,0.0,0.30694061517715454,0.42866089940071106
"DM-10045",False,"test",0.0,0.22300218045711517,0.06990945339202881,0.04097921401262283,0.09015325456857681,0.07957794517278671,0.2593074142932892,0.0,0.0,0.23295432329177856
"DM-10044",False,"test",0.0,0.0,0.28594475984573364,0.0,0.0,0.0,0.0,0.6759387850761414,0.0,0.0
"DM-10043",False,"test",0.09465140104293823,0.0,0.0,0.0,0.0,0.0,0.08412926644086838,0.34157171845436096,0.4589385986328125,0.0
"DM-10035",False,"test",0.050767406821250916,0.3714825510978699,0.10182678699493408,0.4559091329574585,0.0,0.0,0.0,0.0,0.0,0.0
"DM-10002",False,"test",0.37275347113609314,0.0,0.0,0.0,0.29731985926628113,0.3120088577270508,0.0,0.0,0.0,0.0
"DM-9999",True,"test",0.0,0.0,0.0,0.0,0.7689460515975952,0.0,0.0,0.0,0.0,0.17387843132019043
"DM-9996",False,"test",0.0,0.0,0.0,0.49501314759254456,0.4438309073448181,0.0,0.0,0.0,0.0,0.0
"DM-9994",False,"test",0.0,0.0,0.09831376373767853,0.16293615102767944,0.48228323459625244,0.07285919040441513,0.0,0.17076995968818665,0.0,0.0
"DM-9993",False,"test",0.0,0.0,0.13578398525714874,0.0,0.20366831123828888,0.0915880873799324,0.0,0.5262188911437988,0.0,0.0
"DM-9988",True,"test",0.0,0.0,0.0,0.3066316843032837,0.0,0.0,0.0,0.0,0.0,0.6488284468650818
"DM-9987",True,"test",0.0,0.0,0.022197728976607323,0.09788151830434799,0.10254810005426407,0.13297681510448456,0.0,0.0,0.034237608313560486,0.6023136973381042
"DM-9966",False,"test",0.03523052856326103,0.4604877531528473,0.0,0.0,0.0,0.06054703891277313,0.0,0.0,0.0,0.43811795115470886
"DM-9957",True,"test",0.0,0.0,0.0,0.2545345723628998,0.0,0.10444612056016922,0.0,0.0,0.10382100194692612,0.5167950987815857
"DM-9954",True,"test",0.0,0.0,0.0,0.0,0.235580712556839,0.14229054749011993,0.05907426029443741,0.0,0.05237726494669914,0.5025944709777832
"DM-9944",False,"test",0.0,0.0,0.0,0.4682449400424957,0.0,0.0,0.0,0.0,0.0,0.4896165728569031
"DM-9929",True,"test",0.0,0.237576425075531,0.0,0.16728012263774872,0.0,0.0,0.17822328209877014,0.4068826735019684,0.0,0.0
"DM-9925",False,"test",0.38287514448165894,0.0,0.0,0.16269256174564362,0.0,0.10734033584594727,0.1601155549287796,0.0,0.0,0.17826727032661438
"DM-9916",False,"test",0.0,0.0,0.07687462121248245,0.5058382749557495,0.06384493410587311,0.0,0.33409416675567627,0.0,0.0,0.0
"DM-9899",False,"test",0.0,0.0,0.0,0.5486220717430115,0.0,0.0,0.23998036980628967,0.0,0.1745595932006836,0.0
"DM-9871",False,"test",0.0,0.0,0.09203431010246277,0.0,0.0,0.0,0.5023808479309082,0.3805956542491913,0.0,0.0
"DM-9869",False,"test",0.011096913367509842,0.011098664253950119,0.01109816413372755,0.01109696552157402,0.011098257265985012,0.011097230017185211,0.3176290690898895,0.011100461706519127,0.011096292175352573,0.5935879945755005
"DM-9862",False,"test",0.0,0.32985585927963257,0.0,0.3440774977207184,0.0,0.22543369233608246,0.0,0.09381598234176636,0.0,0.0
"DM-9833",False,"test",0.019445136189460754,0.019451605156064034,0.019448697566986084,0.019454853609204292,0.8249581456184387,0.019447972998023033,0.01944953016936779,0.01944888010621071,0.019445762038230896,0.01944943517446518
"DM-9828",False,"test",0.0,0.43782690167427063,0.0,0.0,0.0,0.0,0.0,0.46614566445350647,0.0,0.07174419611692429
"DM-9826",False,"test",0.0,0.0,0.0,0.0,0.0,0.1331087052822113,0.0,0.4773630201816559,0.13053227961063385,0.2336297333240509
"DM-9808",False,"test",0.0,0.15486760437488556,0.0,0.0,0.0,0.0,0.0,0.0,0.6856278777122498,0.12492171674966812
"DM-9803",False,"test",0.0,0.15103699266910553,0.0,0.5181853771209717,0.0,0.0,0.0,0.1822890341281891,0.0,0.12413158267736435
"DM-9802",False,"test",0.0,0.23392820358276367,0.0740312933921814,0.09266296029090881,0.0,0.0,0.3773791491985321,0.0,0.0,0.21321827173233032
"DM-9795",False,"test",0.07828538864850998,0.0,0.0,0.0,0.0,0.0828108936548233,0.06365109980106354,0.0,0.0,0.7666826844215393
"DM-9790",False,"test",0.0,0.43201372027397156,0.0,0.0,0.0771065503358841,0.0,0.18306928873062134,0.13646870851516724,0.16448800265789032,0.0
"DM-9789",True,"test",0.0,0.0,0.04139871522784233,0.0,0.1994377225637436,0.07659761607646942,0.0,0.1768186241388321,0.07973126322031021,0.419101357460022
"DM-9786",True,"test",0.0,0.10816502571105957,0.0,0.1721837818622589,0.0,0.0,0.6862823367118835,0.0,0.0,0.0
"DM-9776",False,"test",0.0,0.0,0.08142444491386414,0.0,0.0,0.0,0.41412150859832764,0.44503137469291687,0.0,0.0
"DM-9775",False,"test",0.0,0.0,0.0,0.18883679807186127,0.0,0.0,0.0,0.1325685679912567,0.0,0.62848961353302
"DM-9765",False,"test",0.0,0.13986004889011383,0.2641479969024658,0.27220213413238525,0.0,0.0,0.08840169757604599,0.0,0.0,0.22611238062381744
"DM-9758",False,"test",0.0,0.0,0.0,0.0,0.0,0.0,0.0,0.0,0.9399862885475159,0.0
"DM-9757",False,"test",0.0,0.0,0.0,0.0,0.0,0.0,0.1662956178188324,0.0,0.0,0.8127058148384094
"DM-9754",False,"test",0.0,0.0,0.0,0.0,0.0,0.0,0.4135817289352417,0.0,0.29773208498954773,0.2497747391462326
"DM-9751",True,"test",0.12452087551355362,0.1241459846496582,0.0,0.2210160493850708,0.0,0.0,0.20478728413581848,0.3163131773471832,0.0,0.0
"DM-9748",False,"test",0.012324348092079163,0.012325932271778584,0.28422534465789795,0.012325707823038101,0.6171651482582092,0.01232997514307499,0.012325220741331577,0.01232517883181572,0.012328295968472958,0.012324795126914978
"DM-9747",False,"test",0.0,0.0,0.025458553805947304,0.0,0.023445138707756996,0.0802900642156601,0.03106471337378025,0.0,0.8321195840835571,0.0
"DM-9743",False,"test",0.0,0.10632862895727158,0.0,0.6718162298202515,0.0,0.028495674952864647,0.0,0.1805858165025711,0.0,0.0
"DM-9737",True,"test",0.01663041114807129,0.016632510349154472,0.2647326588630676,0.01663493737578392,0.016631294041872025,0.016632381826639175,0.6022054553031921,0.016635946929454803,0.01663162186741829,0.01663280837237835
"DM-9732",False,"test",0.011119261384010315,0.4259919822216034,0.01112009771168232,0.011117816902697086,0.011117828078567982,0.011120045557618141,0.48505499958992004,0.011121186427772045,0.011116832494735718,0.011119918897747993
"DM-9721",False,"test",0.016650492325425148,0.016648491844534874,0.0166481863707304,0.016650058329105377,0.016652056947350502,0.016649503260850906,0.01664903573691845,0.016652269288897514,0.016648367047309875,0.8501514792442322
"DM-9701",False,"test",0.0,0.41124027967453003,0.0,0.0,0.0,0.0,0.4575558602809906,0.0,0.08117476850748062,0.0
"DM-9671",False,"test",0.0,0.3520168662071228,0.0,0.0,0.0,0.0,0.6172059178352356,0.0,0.0,0.0
"DM-9654",False,"test",0.0,0.0,0.0,0.0,0.3373527228832245,0.0,0.25890830159187317,0.0,0.0,0.37766170501708984
"DM-9645",False,"test",0.0,0.0,0.0,0.0,0.2678380012512207,0.0,0.0,0.0,0.0,0.6878516674041748
"DM-9643",False,"test",0.020051535218954086,0.45436811447143555,0.020051028579473495,0.020054468885064125,0.020058779045939445,0.020051658153533936,0.02005305513739586,0.38520851731300354,0.020051632076501846,0.020051240921020508
"DM-9642",False,"test",0.020027397200465202,0.8197266459465027,0.02002597600221634,0.020025964826345444,0.020051438361406326,0.020026998594403267,0.02002595365047455,0.020035428926348686,0.020027657970786095,0.020026572048664093
"DM-9640",False,"test",0.0,0.0,0.0,0.10689716786146164,0.0,0.0,0.052315786480903625,0.0,0.0,0.8181583285331726
"DM-9616",False,"test",0.0,0.0,0.0,0.6635711789131165,0.0,0.0,0.0,0.0,0.27501562237739563,0.0
"DM-9614",False,"test",0.0,0.9249776601791382,0.0,0.0,0.0,0.0,0.0,0.0,0.0,0.0
"DM-9598",False,"test",0.0,0.0,0.0,0.0,0.0,0.0,0.0,0.39269277453422546,0.0,0.5672723054885864
"DM-9583",False,"test",0.24741970002651215,0.412356972694397,0.0,0.0,0.0,0.0,0.1524801254272461,0.0,0.16543512046337128,0.0
"DM-9571",False,"test",0.0,0.0,0.0,0.2109369933605194,0.0,0.0,0.22537565231323242,0.16487577557563782,0.0,0.3714808225631714
"DM-9568",False,"test",0.0,0.10170360654592514,0.0,0.0,0.0,0.2960207462310791,0.0,0.5600975155830383,0.0,0.0
"DM-9566",False,"test",0.02500416338443756,0.6024723649024963,0.02500600554049015,0.025005241855978966,0.02500445768237114,0.025004057213664055,0.02500610612332821,0.19748765230178833,0.025003710761666298,0.025006214156746864
"DM-9564",False,"test",0.0,0.0,0.0,0.0,0.14330999553203583,0.11932853609323502,0.026700438931584358,0.4382786154747009,0.05851593241095543,0.20773151516914368
"DM-9548",False,"test",0.0,0.0,0.0,0.0,0.0,0.2251540571451187,0.433430552482605,0.31640326976776123,0.0,0.0
"DM-9535",False,"test",0.0,0.0,0.0,0.16863924264907837,0.0,0.0,0.0,0.5513218641281128,0.17915348708629608,0.08660128712654114
"DM-9515",False,"test",0.016671566292643547,0.016671927645802498,0.1837521642446518,0.016672102734446526,0.01667168363928795,0.016671760007739067,0.01667162775993347,0.6828728914260864,0.01667158119380474,0.016672737896442413
"DM-9514",False,"test",0.019884103909134865,0.019884521141648293,0.019884513691067696,0.019884731620550156,0.019884247332811356,0.019884340465068817,0.01988428458571434,0.821039617061615,0.019884103909134865,0.019885536283254623
"DM-9495",False,"test",0.0,0.35707107186317444,0.0,0.0,0.0,0.19789691269397736,0.0,0.0,0.0,0.42003175616264343
"DM-9490",False,"test",0.0,0.11454540491104126,0.0,0.38788384199142456,0.0,0.0,0.0,0.0,0.0,0.47498103976249695
"DM-9465",False,"test",0.0,0.2919032871723175,0.0,0.279935747385025,0.0,0.0,0.12950550019741058,0.0,0.024891246110200882,0.264500230550766
"DM-9464",True,"test",0.0,0.0,0.0,0.0,0.0,0.7835015654563904,0.0,0.0,0.0,0.17230947315692902
"DM-9440",False,"test",0.01000392809510231,0.010007084347307682,0.010003775358200073,0.010005476884543896,0.010004207491874695,0.010004697367548943,0.010005427524447441,0.36336466670036316,0.19769057631492615,0.36891016364097595
"DM-9432",True,"test",0.4495260417461395,0.01996065117418766,0.019968651235103607,0.01995999366044998,0.0199599526822567,0.019960056990385056,0.01996227353811264,0.01996065117418766,0.3907817602157593,0.019959978759288788
"DM-9430",False,"test",0.0,0.0,0.0,0.4245627224445343,0.0,0.2149684727191925,0.0,0.3194710612297058,0.0,0.0
"DM-9425",False,"test",0.0,0.17345911264419556,0.0,0.6560068130493164,0.0,0.0,0.0,0.0,0.0,0.14640088379383087
"DM-9419",False,"test",0.0,0.0,0.0,0.0,0.27424219250679016,0.10383094847202301,0.0,0.4768945276737213,0.0,0.12288479506969452
"DM-9386",True,"test",0.0,0.0,0.0,0.7943858504295349,0.0,0.0,0.0,0.06561548262834549,0.12727974355220795,0.0
"DM-9384",False,"test",0.26606613397598267,0.5964028835296631,0.0,0.0,0.0,0.05202892795205116,0.0704890564084053,0.0,0.0,0.0
"DM-9383",False,"test",0.0,0.018336836248636246,0.021971633657813072,0.07599607855081558,0.0,0.3684816062450409,0.0,0.404928058385849,0.0,0.10613176226615906
"DM-9382",False,"test",0.0,0.1422693431377411,0.0,0.5706269145011902,0.0,0.27002766728401184,0.0,0.0,0.0,0.0
"DM-9380",False,"test",0.0,0.6409873962402344,0.0,0.0,0.0,0.0,0.0,0.0,0.29233890771865845,0.0
"DM-9363",False,"test",0.0,0.0,0.0,0.0,0.07152660191059113,0.0,0.0,0.73809415102005,0.16258196532726288,0.0
"DM-9361",False,"test",0.0,0.0,0.06896695494651794,0.0,0.48022469878196716,0.0,0.0,0.4203299283981323,0.0,0.0
"DM-9353",False,"test",0.0,0.0,0.0,0.0,0.0,0.0,0.0,0.46999526023864746,0.0,0.4729330539703369
"DM-9346",False,"test",0.0,0.0,0.0,0.7715221047401428,0.0,0.0,0.10981731116771698,0.09806273877620697,0.0,0.0
"DM-9326",False,"test",0.0,0.0,0.0,0.27106210589408875,0.0,0.0,0.0,0.6859421133995056,0.0,0.0
"DM-9323",True,"test",0.0,0.0,0.0,0.22694191336631775,0.0,0.2299031764268875,0.0,0.0,0.15325398743152618,0.37678804993629456
"DM-9313",False,"test",0.3216746151447296,0.43022435903549194,0.0,0.0,0.0,0.0,0.23286621272563934,0.0,0.0,0.0
"DM-9308",False,"test",0.012615850195288658,0.012615757063031197,0.012616441585123539,0.012629822827875614,0.012620355933904648,0.01261577196419239,0.14241118729114532,0.7566393613815308,0.01261870563030243,0.012616747990250587
"DM-9307",False,"test",0.012630470097064972,0.01263092178851366,0.1815832108259201,0.11548290401697159,0.012634155340492725,0.012630910612642765,0.14318162202835083,0.4839634895324707,0.012630505487322807,0.012631799094378948
"DM-9306",False,"test",0.014351684600114822,0.014352296479046345,0.014353561215102673,0.12884996831417084,0.0143559155985713,0.014352325350046158,0.16563007235527039,0.605048656463623,0.014351709745824337,0.014353778213262558
"DM-9304",False,"test",0.014393797144293785,0.0143943065777421,0.014395391568541527,0.12945576012134552,0.014397946186363697,0.014394327066838741,0.1648179441690445,0.6049609780311584,0.0143937598913908,0.014395780861377716
"DM-9302",False,"test",0.0,0.3806374669075012,0.0,0.0,0.0,0.0,0.0,0.0,0.5829702019691467,0.0
"DM-9297",False,"test",0.0,0.2566520869731903,0.0,0.0410696417093277,0.0,0.0,0.28267765045166016,0.07636294513940811,0.0,0.3336264193058014
"DM-9279",False,"test",0.014293485321104527,0.448804646730423,0.014293077401816845,0.014301608316600323,0.014293650165200233,0.014295169152319431,0.436827689409256,0.014294792897999287,0.014301799237728119,0.014294099994003773
"DM-9277",False,"test",0.014289562590420246,0.20607250928878784,0.014289220795035362,0.014289451763033867,0.014289658516645432,0.014290397055447102,0.6796095967292786,0.014290105551481247,0.014289758168160915,0.014289709739387035
"DM-9276",True,"test",0.01428897399455309,0.2889428734779358,0.014288609847426414,0.014288865961134434,0.014289088547229767,0.01428902242332697,0.5967450737953186,0.014289580285549164,0.0142888855189085,0.014289050363004208
"DM-9253",False,"test",0.058366160839796066,0.0,0.10572634637355804,0.3245754539966583,0.3464342951774597,0.0,0.0,0.14640067517757416,0.0,0.0
"DM-9251",False,"test",0.014242899604141712,0.014242812991142273,0.01424244325608015,0.014242568053305149,0.014243566431105137,0.014242607168853283,0.8718146681785583,0.014242737554013729,0.014242392964661121,0.014243271201848984
"DM-9241",False,"test",0.14100757241249084,0.28721174597740173,0.0,0.10689614713191986,0.0,0.0,0.0,0.42191553115844727,0.0,0.0
"DM-9208",False,"test",0.0,0.2882955074310303,0.0,0.18186534941196442,0.10402271896600723,0.0,0.0,0.0,0.0,0.39250099658966064
"DM-9205",False,"test",0.011143277399241924,0.011144300922751427,0.011142141185700893,0.011144385673105717,0.01114814355969429,0.4319961667060852,0.011143100447952747,0.30185025930404663,0.18814459443092346,0.011143633164465427
"DM-9203",False,"test",0.03321809321641922,0.03321821615099907,0.03321760520339012,0.03321921452879906,0.03321799635887146,0.03321828693151474,0.03321774676442146,0.7010325789451599,0.033217739313840866,0.033222496509552
"DM-9195",True,"test",0.0,0.0,0.0,0.05647005885839462,0.0,0.12320587784051895,0.0,0.6363265514373779,0.0,0.16898147761821747
"DM-9192",False,"test",0.09289192408323288,0.0,0.0,0.0,0.44954922795295715,0.0,0.0,0.4075263738632202,0.0,0.0
"DM-9172",False,"test",0.0,0.0,0.0,0.0,0.0,0.0,0.0,0.21579015254974365,0.2849763035774231,0.4699814021587372
"DM-9156",False,"test",0.0200054869055748,0.2609845697879791,0.020004916936159134,0.020006446167826653,0.020005162805318832,0.020004961639642715,0.5789720416069031,0.02000429853796959,0.020007671788334846,0.020004400983452797
"DM-9140",False,"test",0.0,0.5563677549362183,0.0,0.0,0.0,0.0,0.34546753764152527,0.07931848615407944,0.0,0.0
"DM-9135",True,"test",0.19626080989837646,0.29354724287986755,0.0,0.0,0.044122785329818726,0.0,0.2931918799877167,0.0,0.0,0.1603679060935974
"DM-9134",False,"test",0.0,0.0,0.0,0.2565518021583557,0.0,0.0,0.3713743984699249,0.0,0.0,0.3137032091617584
"DM-9133",True,"test",0.0,0.0,0.4997236728668213,0.0,0.07740164548158646,0.07376203685998917,0.0,0.32904407382011414,0.0,0.0
"DM-9132",False,"test",0.0,0.0,0.0,0.12486124783754349,0.39530879259109497,0.2392323762178421,0.06382773816585541,0.15851253271102905,0.0,0.0
"DM-9125",False,"test",0.01000372227281332,0.010006320662796497,0.010003277100622654,0.40620729327201843,0.010004243813455105,0.010003242641687393,0.010005388408899307,0.010005071759223938,0.010005120187997818,0.5137563347816467
"DM-9111",True,"test",0.0,0.0,0.0,0.09060346335172653,0.0,0.03883840888738632,0.0,0.26209086179733276,0.0,0.5948424339294434
"DM-9107",False,"test",0.0,0.0,0.0,0.0,0.0,0.0,0.0,0.0,0.42027589678764343,0.5128198862075806
"DM-9098",False,"test",0.0,0.46546992659568787,0.0,0.0,0.0,0.0,0.0,0.13797348737716675,0.0,0.36737367510795593
"DM-9087",False,"test",0.0,0.0,0.0,0.0,0.0,0.0,0.4474741816520691,0.0,0.0,0.49915340542793274
"DM-9076",False,"test",0.0,0.0,0.09485967457294464,0.7327396869659424,0.14238865673542023,0.0,0.0,0.0,0.0,0.0
"DM-9060",False,"test",0.07419292628765106,0.0,0.0,0.09925945848226547,0.05221479758620262,0.0,0.0,0.25984594225883484,0.34076830744743347,0.1712142527103424
"DM-9055",False,"test",0.0,0.0,0.0,0.0,0.0,0.0,0.0,0.0,0.0,0.9500481486320496
"DM-9041",False,"test",0.0,0.0,0.0,0.0,0.0,0.15922415256500244,0.5479822754859924,0.0,0.0,0.27259498834609985
"DM-9039",False,"test",0.0,0.3097522556781769,0.0,0.28784462809562683,0.30161595344543457,0.0,0.0,0.0,0.07781566679477692,0.0
"DM-9035",True,"test",0.0,0.15441128611564636,0.0,0.1902054250240326,0.20538541674613953,0.0,0.0,0.24221447110176086,0.0,0.19528841972351074
"DM-9019",False,"test",0.0,0.0,0.0,0.0,0.0,0.0,0.8381479382514954,0.0,0.0,0.09515608847141266
"DM-9018",False,"test",0.031053762882947922,0.30699577927589417,0.09377485513687134,0.0392257384955883,0.0,0.04631393775343895,0.44046661257743835,0.0,0.0,0.03789212554693222
"DM-9014",False,"test",0.0,0.22951674461364746,0.0,0.0,0.0,0.08275997638702393,0.6636136174201965,0.0,0.0,0.0
"DM-9007",False,"test",0.19995243847370148,0.28642475605010986,0.0,0.0,0.0,0.0,0.0,0.0,0.0,0.4636503756046295
"DM-9005",False,"test",0.0,0.21028658747673035,0.0,0.0,0.011589008383452892,0.026829062029719353,0.0,0.01419361773878336,0.722459077835083,0.012269476428627968
"DM-9003",False,"test",0.5199458003044128,0.3312219977378845,0.0,0.0,0.0,0.0,0.09880581498146057,0.0,0.0,0.0
"DM-8990",False,"test",0.0,0.0,0.0,0.0,0.0,0.11441212147474289,0.24564090371131897,0.0,0.10862252116203308,0.5249753594398499
"DM-8985",False,"test",0.0,0.0726572722196579,0.0,0.19836294651031494,0.141559898853302,0.0,0.0,0.09059873968362808,0.0,0.4888158440589905
"DM-8914",False,"test",0.0,0.15063033998012543,0.0,0.0,0.0,0.0,0.7878032326698303,0.0,0.0,0.0
"DM-8877",False,"test",0.10094691067934036,0.0,0.0,0.0,0.0,0.0,0.8323556780815125,0.0,0.0,0.0
"DM-8871",False,"test",0.0,0.0,0.0,0.0,0.0,0.0,0.9181626439094543,0.0,0.0,0.0
"DM-8870",False,"test",0.0,0.0,0.0,0.0,0.0,0.0,0.9181627631187439,0.0,0.0,0.0
"DM-8868",False,"test",0.0,0.0,0.0,0.0,0.0,0.0,0.8267988562583923,0.0,0.10650252550840378,0.0
"DM-8825",False,"test",0.0,0.09014776349067688,0.0,0.0,0.0,0.0,0.0,0.667147159576416,0.22605639696121216,0.0
"DM-8819",False,"test",0.0,0.0,0.03895731642842293,0.0,0.0,0.0,0.08205593377351761,0.3402532935142517,0.0,0.5260776877403259
"DM-8809",False,"test",0.0,0.6264157891273499,0.0,0.0,0.09403710067272186,0.24277135729789734,0.0,0.0,0.0,0.0
"DM-8807",False,"test",0.0,0.0,0.0,0.0,0.0,0.37761256098747253,0.21017897129058838,0.0,0.22809381783008575,0.16267362236976624
"DM-8805",False,"test",0.024292387068271637,0.35316935181617737,0.0,0.0715058371424675,0.1267061084508896,0.03254628926515579,0.23120293021202087,0.0,0.07814261317253113,0.08122828602790833
"DM-8801",True,"test",0.1383388787508011,0.10305533558130264,0.0,0.0,0.0,0.0,0.0,0.2539203464984894,0.0,0.48591455817222595
"DM-8799",False,"test",0.0,0.0,0.13807685673236847,0.13909178972244263,0.4771963655948639,0.0,0.0,0.0,0.0,0.22560253739356995
"DM-8798",False,"test",0.0,0.0,0.0,0.44485828280448914,0.0,0.0,0.0,0.0,0.0,0.5308884382247925
"DM-8797",False,"test",0.043956782668828964,0.0,0.0,0.24652044475078583,0.31600743532180786,0.0,0.37771597504615784,0.0,0.0,0.0
"DM-8796",False,"test",0.0,0.0,0.0,0.3309265971183777,0.5631725788116455,0.0799417644739151,0.0,0.0,0.0,0.0
"DM-8761",False,"test",0.0,0.604181170463562,0.0,0.359479695558548,0.0,0.0,0.0,0.0,0.0,0.0
"DM-8760",False,"test",0.0,0.5899256467819214,0.0,0.37202972173690796,0.0,0.0,0.0,0.0,0.0,0.0
"DM-8758",False,"test",0.0,0.5325546860694885,0.0,0.359699547290802,0.0,0.0,0.0,0.0,0.0758609026670456,0.0
"DM-8757",False,"test",0.0,0.5734829306602478,0.0,0.0,0.0,0.0,0.2297358363866806,0.16342690587043762,0.0,0.0
"DM-8756",False,"test",0.012503521516919136,0.012507949955761433,0.012504172511398792,0.887449324131012,0.012506003491580486,0.012506338767707348,0.012505397200584412,0.012508598156273365,0.012503940612077713,0.012504723854362965
"DM-8755",False,"test",0.01426474004983902,0.01427010539919138,0.0142861008644104,0.8715780973434448,0.01426755916327238,0.01426832377910614,0.014266414567828178,0.01426949817687273,0.014265023171901703,0.014264141209423542
"DM-8754",True,"test",0.011124176904559135,0.011127551086246967,0.1607600301504135,0.7502354383468628,0.011125857010483742,0.011126023717224598,0.011125228367745876,0.011127490550279617,0.011124412529170513,0.011123820208013058
"DM-8717",False,"test",0.0,0.5180846452713013,0.0,0.32444366812705994,0.0,0.0,0.12244817614555359,0.0,0.0,0.0
"DM-8714",False,"test",0.0,0.0,0.0,0.0,0.0,0.7128175497055054,0.0,0.2491660714149475,0.0,0.0
"DM-8707",False,"test",0.0,0.0,0.0,0.0,0.0,0.0,0.0,0.0,0.29912614822387695,0.634181797504425
"DM-8696",False,"test",0.014263895340263844,0.014267300255596638,0.01426559779793024,0.014264832250773907,0.014264244586229324,0.014265340752899647,0.8716134428977966,0.014265542849898338,0.014263656921684742,0.014266129583120346
"DM-8688",False,"test",0.0,0.07752250880002975,0.0,0.0,0.046014200896024704,0.3338993787765503,0.13587361574172974,0.06598838418722153,0.33925265073776245,0.0
"DM-8686",False,"test",0.0,0.0,0.0,0.48389679193496704,0.0,0.0,0.09436865150928497,0.0,0.21340027451515198,0.20277222990989685
"DM-8684",False,"test",0.0,0.0391400046646595,0.0,0.7123242020606995,0.0,0.05234762281179428,0.020325616002082825,0.10384058952331543,0.0,0.06629874557256699
"DM-8676",False,"test",0.0,0.35338732600212097,0.0,0.014845798723399639,0.0,0.4928736090660095,0.0,0.1222601905465126,0.0,0.0
"DM-8674",True,"test",0.0,0.0,0.0,0.0,0.0,0.0,0.624337911605835,0.0,0.0,0.30271923542022705
"DM-8670",True,"test",0.0,0.0,0.0,0.9181489944458008,0.0,0.0,0.0,0.0,0.0,0.0
"DM-8668",False,"test",0.0,0.0,0.0,0.6096183061599731,0.0,0.0,0.0,0.0,0.049097511917352676,0.31538909673690796
"DM-8656",False,"test",0.08219026774168015,0.12439766526222229,0.0,0.0,0.0,0.24318525195121765,0.0,0.0,0.5441486239433289,0.0
"DM-8654",False,"test",0.11819517612457275,0.0,0.3585554361343384,0.0,0.0,0.07989741861820221,0.24870403110980988,0.0,0.1861642748117447,0.0
"DM-8650",False,"test",0.016672765836119652,0.01667182520031929,0.3797186613082886,0.016671663150191307,0.20966055989265442,0.016672132536768913,0.016672542318701744,0.01667053811252117,0.29391855001449585,0.01667073555290699
"DM-8647",False,"test",0.0,0.10131248086690903,0.0,0.0,0.0,0.2761189341545105,0.05018569529056549,0.0,0.0,0.5557163953781128
"DM-8636",True,"test",0.0,0.49655845761299133,0.0,0.23729798197746277,0.0,0.0,0.0,0.0,0.0,0.22726716101169586
"DM-8630",False,"test",0.0,0.0,0.0,0.0,0.0,0.0,0.0,0.12482409179210663,0.8543156981468201,0.0
"DM-8626",False,"test",0.0,0.0,0.0,0.0,0.0,0.28076860308647156,0.21218839287757874,0.0,0.29495900869369507,0.19270926713943481
"DM-8624",False,"test",0.0,0.0,0.2419685572385788,0.0,0.0,0.0,0.0,0.0,0.0,0.7357980012893677
"DM-8619",False,"test",0.0,0.30634620785713196,0.0,0.0,0.0,0.0,0.620344877243042,0.0,0.0,0.0
"DM-8612",False,"test",0.0,0.0,0.0,0.11573173850774765,0.0,0.0,0.6021212339401245,0.0,0.08193203061819077,0.18524055182933807
"DM-8610",False,"test",0.0,0.0,0.0,0.0,0.0,0.0,0.0,0.0,0.09675244987010956,0.8746405243873596
"DM-8606",False,"test",0.5099918842315674,0.22343920171260834,0.0,0.0,0.0,0.0,0.23177048563957214,0.0,0.0,0.024339865893125534
"DM-8598",True,"test",0.03878779709339142,0.0,0.0,0.5789978504180908,0.0,0.0,0.06407957524061203,0.0,0.06709282100200653,0.24125683307647705
"DM-8594",False,"test",0.0,0.11013126373291016,0.0,0.6870055198669434,0.0,0.09864220768213272,0.0,0.0,0.0,0.0781031996011734
"DM-8589",True,"test",0.0,0.0,0.0,0.18940718472003937,0.2567395567893982,0.1372939646244049,0.0,0.0,0.0,0.3951680660247803
"DM-8566",True,"test",0.0,0.6076514720916748,0.18223395943641663,0.0,0.0,0.0,0.17518845200538635,0.0,0.0,0.0
"DM-8564",False,"test",0.0,0.0735846608877182,0.0,0.20697294175624847,0.3224104046821594,0.0,0.0,0.0,0.0,0.37895455956459045
"DM-8562",False,"test",0.0,0.0,0.0,0.0,0.0,0.0,0.776448667049408,0.0,0.19153627753257751,0.0
"DM-8556",False,"test",0.0,0.9021240472793579,0.0,0.0,0.0,0.0,0.0,0.0,0.06933190673589706,0.0
"DM-8552",False,"test",0.0,0.0,0.0,0.0,0.0,0.0,0.15348684787750244,0.6241735219955444,0.0,0.19905352592468262
"DM-8551",False,"test",0.0,0.0,0.0,0.2378256618976593,0.0,0.08459778130054474,0.27926087379455566,0.3829883635044098,0.0,0.0
"DM-8548",False,"test",0.0,0.0,0.0,0.4770214557647705,0.0,0.3443446755409241,0.0,0.14677147567272186,0.0,0.0
"DM-8536",False,"test",0.0,0.0,0.07030244916677475,0.18385499715805054,0.0,0.0,0.0,0.657934844493866,0.0,0.0744512602686882
"DM-8521",False,"test",0.0,0.38241714239120483,0.0,0.579475998878479,0.0,0.0,0.0,0.0,0.0,0.0
"DM-8520",False,"test",0.0,0.09742801636457443,0.02859002910554409,0.43510884046554565,0.2362602949142456,0.0,0.0,0.0,0.0,0.19383901357650757
"DM-8491",True,"test",0.0,0.06836923956871033,0.0,0.18047289550304413,0.4733833968639374,0.11026893556118011,0.0,0.0,0.06415174901485443,0.09709600359201431
"DM-8466",True,"test",0.02000262215733528,0.819968044757843,0.020002180710434914,0.02000167965888977,0.020004263147711754,0.020002538338303566,0.02001221291720867,0.02000180259346962,0.020002543926239014,0.02000213786959648
"DM-8465",False,"test",0.020010463893413544,0.3155379295349121,0.020013805478811264,0.02000983990728855,0.02001129649579525,0.02001345343887806,0.3238779902458191,0.020009763538837433,0.2205055207014084,0.02000991813838482
"DM-8464",True,"test",0.020005840808153152,0.3102029860019684,0.2273060381412506,0.020005224272608757,0.020006682723760605,0.02000521309673786,0.32245171070098877,0.02000567689538002,0.020005280151963234,0.020005302503705025
"DM-8463",False,"test",0.020003056153655052,0.8199659585952759,0.020002489909529686,0.020002219825983047,0.020004205405712128,0.020002232864499092,0.02001301571726799,0.020002147182822227,0.020002303645014763,0.02000233344733715
"DM-8459",False,"test",0.020015915855765343,0.31013864278793335,0.020015506073832512,0.020015301182866096,0.020016754046082497,0.020015498623251915,0.32653576135635376,0.020015224814414978,0.22321602702140808,0.020015379413962364
"DM-8458",True,"test",0.020003564655780792,0.8199605941772461,0.020003383979201317,0.02000272460281849,0.02000471204519272,0.02000274695456028,0.02001359686255455,0.020002983510494232,0.020002814009785652,0.020002879202365875
"DM-8456",False,"test",0.02001222036778927,0.2651411294937134,0.02001199685037136,0.020011890679597855,0.02001269720494747,0.020015334710478783,0.5747585892677307,0.02001182548701763,0.020011913031339645,0.02001234143972397
"DM-8452",False,"test",0.020014895126223564,0.28461626172065735,0.020016783848404884,0.020014552399516106,0.020015385001897812,0.020014528185129166,0.5552621483802795,0.020014489069581032,0.020016290247440338,0.020014680922031403
"DM-8425",False,"test",0.0,0.27930477261543274,0.0,0.0,0.07912274450063705,0.0,0.0,0.4667770564556122,0.0,0.14751018583774567
"DM-8420",True,"test",0.0,0.0,0.0,0.0,0.0,0.0,0.9182628393173218,0.0,0.0,0.0
"DM-8409",True,"test",0.019629167392849922,0.09255547821521759,0.0,0.306720107793808,0.0,0.11637624353170395,0.0,0.16060900688171387,0.0,0.3018437623977661
"DM-8406",False,"test",0.0,0.0,0.0,0.0,0.32621026039123535,0.0,0.0,0.6204326152801514,0.0,0.0
"DM-8385",False,"test",0.0,0.4542984962463379,0.0,0.0,0.0,0.0,0.0,0.0,0.19320498406887054,0.324476957321167
"DM-8374",False,"test",0.2586768567562103,0.30460062623023987,0.0,0.0,0.0,0.0,0.3159720301628113,0.0,0.0,0.1102156937122345
"DM-8367",False,"test",0.011113084852695465,0.01111336424946785,0.011112865060567856,0.011114059947431087,0.011113661341369152,0.011113678105175495,0.01111349556595087,0.011114444583654404,0.28494134545326233,0.6261499524116516
"DM-8336",False,"test",0.0,0.0,0.0,0.16214214265346527,0.0,0.0,0.321219265460968,0.3792692720890045,0.0,0.11659696698188782
"DM-8334",False,"test",0.0,0.0,0.0,0.9055195450782776,0.0,0.0,0.07496173679828644,0.0,0.0,0.0
"DM-8303",False,"test",0.11655972898006439,0.0,0.1631079465150833,0.43497997522354126,0.0,0.0,0.21004141867160797,0.07049785554409027,0.0,0.0
"DM-8298",False,"test",0.0,0.07604610919952393,0.06150873750448227,0.026809928938746452,0.025221429765224457,0.449227899312973,0.0,0.0,0.23054912686347961,0.12503714859485626
"DM-8297",False,"test",0.0,0.0,0.0,0.18382643163204193,0.1476035714149475,0.47119536995887756,0.0,0.17236001789569855,0.0,0.0
"DM-8287",False,"test",0.0,0.0,0.0,0.0,0.0,0.2935224175453186,0.0,0.22206194698810577,0.0,0.4680193364620209
"DM-8286",False,"test",0.0,0.0,0.0,0.2936338186264038,0.39051318168640137,0.0,0.0,0.19992226362228394,0.09366702288389206,0.0
"DM-8252",True,"test",0.0,0.0,0.1225179135799408,0.7037264704704285,0.0,0.16372884809970856,0.0,0.0,0.0,0.0
"DM-8242",False,"test",0.0,0.22142918407917023,0.0,0.0,0.0,0.0,0.0,0.3192399740219116,0.1254677027463913,0.31505152583122253
"DM-8241",False,"test",0.08816532045602798,0.217007577419281,0.09388141334056854,0.15954512357711792,0.0,0.0,0.0,0.21781596541404724,0.0,0.2162749469280243
"DM-8233",False,"test",0.0,0.0,0.0,0.0,0.0,0.0,0.0,0.0,0.1066480278968811,0.8361403346061707
"DM-8230",False,"test",0.15375949442386627,0.0,0.0,0.06422586739063263,0.0,0.058846306055784225,0.2831532955169678,0.0,0.0854821428656578,0.3435240685939789
"DM-8229",False,"test",0.012472601607441902,0.26831555366516113,0.012473097071051598,0.012473330833017826,0.012472959235310555,0.3684013783931732,0.012475959956645966,0.012473706156015396,0.27596819400787354,0.01247317437082529
"DM-8226",False,"test",0.0,0.0,0.0,0.06144309043884277,0.0,0.12295873463153839,0.23910239338874817,0.0,0.0,0.5568370819091797
"DM-8221",False,"test",0.0,0.0,0.0,0.32192885875701904,0.0,0.24081851541996002,0.0627320408821106,0.0,0.0,0.35769230127334595
"DM-8212",False,"test",0.11584335565567017,0.0,0.0,0.8545159101486206,0.0,0.0,0.0,0.0,0.0,0.0
"DM-8211",False,"test",0.4383675158023834,0.0,0.0,0.2508689761161804,0.0,0.1518179476261139,0.0,0.14465123414993286,0.0,0.0
"DM-8208",False,"test",0.04377317056059837,0.1393623799085617,0.029654279351234436,0.0,0.0,0.4270186424255371,0.0,0.0,0.0,0.3527616560459137
"DM-8201",False,"test",0.0,0.5413686037063599,0.0,0.0,0.4165111780166626,0.0,0.0,0.0,0.0,0.0
"DM-8197",False,"test",0.0,0.0,0.0,0.0,0.47293412685394287,0.0,0.2383982390165329,0.0,0.0,0.24953638017177582
"DM-8189",False,"test",0.0,0.0,0.0,0.4164849817752838,0.0,0.5515879988670349,0.0,0.0,0.0,0.0
"DM-8181",False,"test",0.0,0.0,0.0,0.4695890247821808,0.0,0.19679510593414307,0.0,0.0,0.0,0.2967962920665741
"DM-8179",False,"test",0.0,0.0,0.0,0.1323809027671814,0.0,0.09933953732252121,0.0,0.0,0.0,0.7493621706962585
"DM-8176",False,"test",0.014292759820818901,0.3471703827381134,0.014294068329036236,0.01429583877325058,0.3548421859741211,0.014292811043560505,0.014293184503912926,0.014294340275228024,0.014292692765593529,0.19793173670768738
"DM-8168",False,"test",0.011124002747237682,0.011123266071081161,0.28209346532821655,0.01112343743443489,0.01112408097833395,0.01112764049321413,0.011123375035822392,0.011123360134661198,0.01112376432865858,0.6289135813713074
"DM-8150",False,"test",0.0,0.0,0.0,0.0,0.0,0.1944914013147354,0.35602065920829773,0.0,0.0,0.4418831765651703
"DM-8145",True,"test",0.0,0.0,0.0,0.2791666090488434,0.2754649519920349,0.0,0.0,0.1839497685432434,0.0,0.23740537464618683
"DM-8143",False,"test",0.12967711687088013,0.0,0.0,0.0,0.0,0.08185821771621704,0.0,0.5148417949676514,0.0,0.2619751989841461
"DM-8138",False,"test",0.0,0.0,0.0,0.0,0.28209158778190613,0.0,0.0,0.6564421057701111,0.0,0.0
"DM-8122",False,"test",0.0,0.14354483783245087,0.0,0.0791463628411293,0.0,0.0,0.0,0.06312387436628342,0.7008447051048279,0.0
"DM-8111",False,"test",0.0,0.152615487575531,0.0,0.299034059047699,0.05931892246007919,0.0,0.2400466501712799,0.2226291000843048,0.0,0.0
"DM-8109",False,"test",0.12415984272956848,0.0,0.0,0.4440121054649353,0.0769207626581192,0.0,0.0,0.3215341866016388,0.0,0.0
"DM-8066",False,"test",0.0,0.0,0.11716517060995102,0.0,0.4074266254901886,0.0,0.10156626999378204,0.0,0.0,0.36103081703186035
"DM-8059",False,"test",0.04137366637587547,0.0,0.0,0.301540344953537,0.0,0.0,0.027392636984586716,0.13635995984077454,0.0,0.48833167552948
"DM-8057",False,"test",0.0,0.0,0.0,0.0,0.17197811603546143,0.22168169915676117,0.17058873176574707,0.0,0.0,0.42002153396606445
"DM-8049",False,"test",0.0,0.8750863671302795,0.0,0.0,0.0,0.0,0.0,0.0,0.0,0.09173527359962463
"DM-8048",False,"test",0.0,0.0,0.0,0.0,0.36326491832733154,0.1135081946849823,0.11323388665914536,0.1334914118051529,0.0,0.25859910249710083
"DM-8047",False,"test",0.016677379608154297,0.2394128441810608,0.016678575426340103,0.01667769066989422,0.6271620988845825,0.01667836681008339,0.016676809638738632,0.016681477427482605,0.016676872968673706,0.016677919775247574
"DM-8040",False,"test",0.0,0.2703994810581207,0.0,0.0,0.0,0.0,0.0,0.4250003397464752,0.0,0.28125590085983276
"DM-8030",False,"test",0.0,0.0,0.05806732922792435,0.3441416621208191,0.0,0.0,0.0,0.0,0.3066612482070923,0.26045864820480347
"DM-8028",False,"test",0.0,0.9440946578979492,0.0,0.0,0.0,0.0,0.0,0.0,0.0,0.0
"DM-8027",False,"test",0.0,0.0,0.4678521156311035,0.0,0.0,0.0,0.0,0.19685180485248566,0.0,0.285011351108551
"DM-8015",False,"test",0.15400095283985138,0.0,0.0,0.0,0.0,0.0,0.0,0.189663827419281,0.0,0.6374185681343079
"DM-8012",False,"test",0.13412319123744965,0.0,0.0,0.5148726105690002,0.0,0.3009781241416931,0.0,0.0,0.0,0.0
"DM-8010",False,"test",0.0,0.0,0.0,0.5689730644226074,0.0,0.0,0.13085788488388062,0.1575203388929367,0.0,0.12389453500509262
"DM-7991",True,"test",0.0,0.0,0.0,0.36064743995666504,0.0,0.08593478798866272,0.0,0.3165925443172455,0.0,0.22888243198394775
"DM-7987",False,"test",0.3152683675289154,0.11896568536758423,0.0,0.08632256090641022,0.0,0.14445756375789642,0.1059785708785057,0.2209969162940979,0.0,0.0
"DM-7979",False,"test",0.0,0.0,0.0,0.5371101498603821,0.11245761066675186,0.0,0.0,0.0,0.0,0.33044296503067017
"DM-7976",True,"test",0.5535680651664734,0.014535276219248772,0.0,0.0,0.011081308126449585,0.0,0.0,0.0,0.3817121982574463,0.035815078765153885
"DM-7969",False,"test",0.03531049191951752,0.0,0.0,0.5952318906784058,0.0,0.3515114188194275,0.0,0.0,0.0,0.0
"DM-7959",False,"test",0.0,0.0,0.13215841352939606,0.0,0.17227405309677124,0.0,0.0,0.09566984325647354,0.0,0.5695999264717102
"DM-7955",False,"test",0.0,0.3394244313240051,0.0,0.0,0.0,0.20074233412742615,0.07080858200788498,0.0,0.0,0.37323248386383057
"DM-7947",False,"test",0.0,0.7538015842437744,0.0,0.0,0.0,0.0,0.0,0.17965790629386902,0.0,0.0
"DM-7942",False,"test",0.0,0.3172985315322876,0.035584401339292526,0.2535610496997833,0.0,0.0,0.12017197161912918,0.0,0.0,0.2603032886981964
"DM-7928",False,"test",0.0,0.0,0.0,0.0,0.46073228120803833,0.0,0.0,0.5011545419692993,0.0,0.0
"DM-7924",True,"test",0.0124925272539258,0.012490831315517426,0.01248842105269432,0.012491116300225258,0.012490006163716316,0.012488868087530136,0.012489449232816696,0.01249051932245493,0.18035706877708435,0.7197211980819702
"DM-7921",False,"test",0.0,0.0,0.0,0.9154782295227051,0.054869890213012695,0.0,0.0,0.0,0.0,0.0
"DM-7915",False,"test",0.0,0.0536850243806839,0.0,0.0,0.0,0.08894853293895721,0.3033598065376282,0.0,0.0,0.5463880300521851
"DM-7901",False,"test",0.0,0.0,0.0,0.0,0.0,0.0,0.0,0.0,0.4930589497089386,0.4811220169067383
"DM-7900",False,"test",0.0,0.24578671157360077,0.0,0.0,0.0,0.0,0.0,0.0,0.29190555214881897,0.43444278836250305
"DM-7897",False,"test",0.0,0.5723187327384949,0.0,0.0,0.0,0.0,0.40267258882522583,0.0,0.0,0.0
"DM-7895",False,"test",0.0,0.20161306858062744,0.0,0.2546828091144562,0.0,0.0,0.0,0.11308738589286804,0.3905709981918335,0.0
"DM-7893",True,"test",0.04543936252593994,0.0,0.0,0.0,0.0,0.0,0.23082491755485535,0.0,0.10293328016996384,0.6036531925201416
"DM-7889",True,"test",0.0,0.0,0.0,0.0,0.3796142637729645,0.0,0.0,0.0,0.0,0.5733098387718201
"DM-7884",False,"test",0.0,0.0,0.0,0.5346094965934753,0.0,0.0,0.0,0.0,0.0,0.4256936311721802
"DM-7869",False,"test",0.40152058005332947,0.0,0.0,0.5369101762771606,0.0,0.0,0.0,0.0,0.0,0.0
"DM-7866",False,"test",0.0,0.17020882666110992,0.0,0.4837202727794647,0.3204730153083801,0.0,0.0,0.0,0.0,0.0
"DM-7858",True,"test",0.26614534854888916,0.0,0.0,0.0,0.6660163402557373,0.0,0.0,0.0,0.0,0.0
"DM-7855",False,"test",0.011209272779524326,0.01121111586689949,0.011209887452423573,0.5137497186660767,0.2809843420982361,0.011209744960069656,0.011210082098841667,0.12679627537727356,0.01120931189507246,0.01121023204177618
"DM-7843",False,"test",0.01642896980047226,0.016429413110017776,0.016427960246801376,0.016430314630270004,0.5192508697509766,0.3493143916130066,0.016426729038357735,0.016429129987955093,0.01643085479736328,0.01643139310181141
"DM-7840",False,"test",0.0,0.11148371547460556,0.0,0.6381667256355286,0.0,0.02829030528664589,0.0,0.03739474341273308,0.012652206234633923,0.16870157420635223
"DM-7830",False,"test",0.0,0.0,0.0,0.9653598666191101,0.0,0.0,0.0,0.0,0.0,0.0
"DM-7822",False,"test",0.0,0.5675601363182068,0.0,0.3879666030406952,0.0,0.0,0.0,0.0,0.0,0.0
"DM-7809",False,"test",0.0,0.0,0.0,0.5427007079124451,0.3351863622665405,0.0,0.0,0.0,0.0,0.08089740574359894
"DM-7808",False,"test",0.0,0.4528663754463196,0.0,0.05846692994236946,0.0,0.20669293403625488,0.26619216799736023,0.0,0.0,0.0
"DM-7803",False,"test",0.0,0.0,0.0,0.4286350905895233,0.0,0.22406084835529327,0.0,0.306078165769577,0.0,0.0
"DM-7802",True,"test",0.0,0.0,0.0,0.918152928352356,0.0,0.0,0.0,0.0,0.0,0.0
"DM-7800",False,"test",0.0,0.0,0.0,0.9282848834991455,0.0,0.0,0.0,0.05065622553229332,0.0,0.0
"DM-7799",False,"test",0.07542682439088821,0.0,0.0,0.0,0.0,0.0,0.9016473889350891,0.0,0.0,0.0
"DM-7798",True,"test",0.0,0.0,0.0,0.5841195583343506,0.0,0.0,0.0,0.3838626742362976,0.0,0.0
"DM-7789",True,"test",0.01250487007200718,0.887448251247406,0.01250413153320551,0.012503929436206818,0.012503844685852528,0.012504818849265575,0.012507917359471321,0.012510786764323711,0.01250639371573925,0.012505062855780125
"DM-7783",False,"test",0.0,0.564221978187561,0.0,0.0,0.0,0.0,0.0,0.0,0.0,0.3824177086353302
"DM-7779",False,"test",0.0,0.949977457523346,0.0,0.0,0.0,0.0,0.0,0.0,0.0,0.0
"DM-7776",False,"test",0.0,0.0,0.0,0.0,0.6984477639198303,0.0,0.0,0.0,0.23496590554714203,0.0
"DM-7767",False,"test",0.010915989987552166,0.21430650353431702,0.010914862155914307,0.6983687281608582,0.010915069840848446,0.010914880782365799,0.01091755647212267,0.010915101505815983,0.010914883576333523,0.01091636624187231
"DM-7756",False,"test",0.012504559010267258,0.012507631443440914,0.012503608129918575,0.012506197206676006,0.01250511035323143,0.012506703846156597,0.012505415827035904,0.012508303858339787,0.8874480724334717,0.012504416517913342
"DM-7739",False,"test",0.0,0.13301366567611694,0.0,0.12012863159179688,0.0,0.25998082756996155,0.0,0.0,0.10221191495656967,0.37503549456596375
"DM-7720",True,"test",0.0,0.0,0.0,0.0,0.558790922164917,0.04504590481519699,0.23035503923892975,0.0,0.0,0.1504809707403183
"DM-7710",False,"test",0.0,0.0,0.0,0.27288851141929626,0.0,0.0,0.0,0.0,0.2334568202495575,0.4299542307853699
"DM-7691",False,"test",0.0,0.0,0.0,0.08363577723503113,0.06369183212518692,0.28412237763404846,0.0,0.0,0.4948410093784332,0.06703344732522964
"DM-7690",False,"test",0.0,0.28563058376312256,0.0,0.0,0.0,0.0,0.6961866021156311,0.0,0.0,0.0
"DM-7665",False,"test",0.049153756350278854,0.1325072944164276,0.0,0.2457122802734375,0.0,0.0,0.0,0.5608629584312439,0.0,0.0
"DM-7611",False,"test",0.014287245459854603,0.01428728923201561,0.014287718571722507,0.8714103102684021,0.014287441968917847,0.01428835280239582,0.014288158155977726,0.014288336969912052,0.014287860132753849,0.01428725104779005
"DM-7593",False,"test",0.0,0.0,0.0,0.45910853147506714,0.0,0.49458369612693787,0.0,0.0,0.0,0.0
"DM-7591",False,"test",0.0,0.0,0.0,0.0,0.0,0.0,0.0,0.9181603789329529,0.0,0.0
"DM-7578",False,"test",0.0,0.41234928369522095,0.0,0.0,0.0,0.08713275194168091,0.47930195927619934,0.0,0.0,0.0
"DM-7576",False,"test",0.0,0.0,0.1267225593328476,0.10578785836696625,0.0,0.10428701341152191,0.0,0.0,0.12889114022254944,0.5125192403793335
"DM-7560",True,"test",0.0,0.0,0.05939198285341263,0.19658952951431274,0.5450605750083923,0.0,0.06007639691233635,0.0,0.0,0.11506681144237518
"DM-7559",False,"test",0.0,0.2126220464706421,0.0,0.0,0.15992704033851624,0.0,0.0,0.0,0.0,0.5774142742156982
"DM-7543",False,"test",0.2152278572320938,0.04337165504693985,0.12241878360509872,0.3718988597393036,0.09588818997144699,0.0,0.14165417850017548,0.0,0.0,0.0
"DM-7519",False,"test",0.0,0.20626692473888397,0.0,0.0,0.0,0.0,0.7694904208183289,0.0,0.0,0.0
"DM-7518",False,"test",0.0,0.0,0.0,0.0,0.0,0.3784131407737732,0.5794692039489746,0.0,0.0,0.0
"DM-7490",True,"test",0.0,0.12550003826618195,0.0,0.0,0.8344548940658569,0.0,0.0,0.0,0.0,0.0
"DM-7469",False,"test",0.010002341121435165,0.010003374889492989,0.010002436116337776,0.9099718928337097,0.010004047304391861,0.010002754628658295,0.010003301315009594,0.010003742761909962,0.010002181865274906,0.010003935545682907
"DM-7467",False,"test",0.0,0.0,0.0,0.0,0.3119981288909912,0.12362275272607803,0.0,0.0,0.0,0.5351945161819458
"DM-7464",False,"test",0.0,0.0,0.0,0.11806397140026093,0.0,0.0,0.0,0.24646607041358948,0.18735407292842865,0.44011083245277405
"DM-7460",False,"test",0.0,0.0,0.0,0.8080115914344788,0.0,0.0,0.0,0.0,0.0,0.16615618765354156
"DM-7457",False,"test",0.0,0.0,0.0,0.0,0.1370350569486618,0.0458824522793293,0.021993020549416542,0.024912990629673004,0.7661625146865845,0.0
"DM-7445",False,"test",0.0,0.0,0.0,0.4326613247394562,0.0,0.0,0.33446601033210754,0.0,0.0,0.20242297649383545
"DM-7424",False,"test",0.0,0.0,0.0,0.19307251274585724,0.37325626611709595,0.0,0.19062231481075287,0.12839056551456451,0.0,0.10135504603385925
"DM-7423",False,"test",0.0,0.0,0.0,0.0,0.0,0.3971109986305237,0.0,0.44437867403030396,0.0,0.0949043482542038
"DM-7419",False,"test",0.014291893690824509,0.33958038687705994,0.014290167950093746,0.014291185885667801,0.014292274601757526,0.01429059263318777,0.014292271807789803,0.014297031797468662,0.5460835099220276,0.01429067738354206
"DM-7405",False,"test",0.0,0.3044561445713043,0.0,0.4458819329738617,0.0,0.0,0.0,0.0,0.0,0.22903180122375488
"DM-7376",False,"test",0.0,0.01102636568248272,0.0,0.29025253653526306,0.0,0.04967723414301872,0.0,0.11744865775108337,0.21411022543907166,0.3149830400943756
"DM-7372",False,"test",0.0,0.0,0.0,0.0,0.9385982155799866,0.0,0.0,0.0,0.0,0.0
"DM-7358",False,"test",0.0,0.0,0.0,0.0,0.0,0.0,0.6537484526634216,0.0,0.1907937377691269,0.10538700968027115
"DM-7346",False,"test",0.0,0.3059997260570526,0.0,0.0,0.0,0.0,0.5221582055091858,0.0,0.0,0.11793038994073868
"DM-7329",False,"test",0.0,0.0,0.0,0.0,0.0,0.0,0.840534508228302,0.0,0.0,0.10224450379610062
"DM-7324",False,"test",0.010003803297877312,0.010004417039453983,0.01000337302684784,0.010004797019064426,0.010004318319261074,0.010003163479268551,0.3473762571811676,0.01000318955630064,0.5725929141044617,0.010003780014812946
"DM-7320",False,"test",0.0,0.0,0.0,0.0,0.0,0.19103410840034485,0.6385565400123596,0.0,0.0,0.11649507284164429
"DM-7311",False,"test",0.23600149154663086,0.025008806958794594,0.025008605793118477,0.025008229538798332,0.2901678681373596,0.025008976459503174,0.02501014992594719,0.02500867284834385,0.29876869916915894,0.025008510798215866
"DM-7273",False,"test",0.2058207392692566,0.0,0.0,0.32737138867378235,0.0,0.0,0.12081518024206161,0.0,0.0,0.3307711184024811
"DM-7271",False,"test",0.0,0.0,0.0,0.34232497215270996,0.0,0.4613838791847229,0.0,0.0,0.0,0.17214488983154297
"DM-7250",False,"test",0.0688963532447815,0.0,0.0,0.0,0.0,0.0,0.14576420187950134,0.0,0.4860038757324219,0.26776599884033203
"DM-7237",False,"test",0.0,0.6036410331726074,0.0,0.0,0.0,0.0,0.17781426012516022,0.0,0.18519839644432068,0.0
"DM-7214",False,"test",0.01000762078911066,0.010009752586483955,0.010007775388658047,0.47633934020996094,0.010010842233896255,0.010008098557591438,0.23094168305397034,0.010009576566517353,0.010009223595261574,0.22265605628490448
"DM-7208",False,"test",0.011059065349400043,0.3921947777271271,0.011058882810175419,0.011059767566621304,0.011058681644499302,0.5193331241607666,0.011058671399950981,0.011058995500206947,0.011059088632464409,0.011058943346142769
"DM-7180",False,"test",0.010011080652475357,0.17204730212688446,0.10797908157110214,0.010011869482696056,0.01001095212996006,0.010013707913458347,0.010013081133365631,0.6498883366584778,0.010011576116085052,0.01001304667443037
"DM-7176",False,"test",0.0,0.0,0.0,0.3277239203453064,0.0,0.0,0.19193224608898163,0.0,0.0,0.4376114308834076
"DM-7174",False,"test",0.013608879409730434,0.013607481494545937,0.013608246110379696,0.01360827311873436,0.8775263428688049,0.013606300577521324,0.01361059583723545,0.013608011417090893,0.013606863096356392,0.013608977198600769
"DM-7172",False,"test",0.012347087264060974,0.0123489024117589,0.33579957485198975,0.012347184121608734,0.012349116615951061,0.012346739880740643,0.5654190182685852,0.012347474694252014,0.012346656993031502,0.012348257005214691
"DM-7167",True,"test",0.0,0.0,0.0,0.3361666202545166,0.0,0.09429185837507248,0.0,0.0,0.04992636293172836,0.5111581683158875
"DM-7156",False,"test",0.0,0.5748339891433716,0.0,0.0,0.0,0.14334212243556976,0.0,0.0,0.2576257884502411,0.0
"DM-7149",False,"test",0.38703063130378723,0.0,0.0,0.5630606412887573,0.0,0.0,0.0,0.0,0.0,0.0
"DM-7139",False,"test",0.0,0.5074785947799683,0.0,0.0,0.0,0.0,0.0,0.12163262069225311,0.0,0.3393310308456421
"DM-7134",False,"test",0.15165823698043823,0.0,0.0,0.0,0.0,0.0,0.0,0.2542340159416199,0.0,0.5403241515159607
"DM-7127",False,"test",0.0,0.08971425890922546,0.0,0.0,0.5449858903884888,0.3185001611709595,0.0,0.0,0.0,0.0
"DM-7119",False,"test",0.0,0.5673272013664246,0.10175954550504684,0.0,0.0,0.1279064267873764,0.0,0.1863292157649994,0.0,0.0
"DM-7117",False,"test",0.05255838856101036,0.0,0.0,0.0,0.10244402289390564,0.2750229239463806,0.028481099754571915,0.1261565387248993,0.1498943716287613,0.2622821033000946
"DM-7116",True,"test",0.5525844693183899,0.0,0.0,0.2000001221895218,0.0,0.0,0.09236935526132584,0.1373838633298874,0.0,0.0
"DM-7103",False,"test",0.0,0.46513158082962036,0.0,0.0,0.0,0.0,0.07310905307531357,0.1381467580795288,0.0,0.29772716760635376
"DM-7088",False,"test",0.0,0.0,0.0,0.6074908971786499,0.0,0.0,0.33534011244773865,0.0,0.0,0.0
"DM-7083",False,"test",0.0,0.0,0.0,0.0,0.0,0.21781794726848602,0.04763051122426987,0.20024271309375763,0.0,0.5203262567520142
"DM-7068",False,"test",0.2026931196451187,0.0,0.0,0.5409814119338989,0.0,0.0,0.0,0.24960806965827942,0.0,0.0
"DM-7067",False,"test",0.0,0.0,0.0,0.0,0.0,0.0,0.4129600524902344,0.0,0.0,0.5506541728973389
"DM-7049",False,"test",0.0,0.3065299093723297,0.0,0.1328166425228119,0.0,0.13009029626846313,0.0,0.261187344789505,0.0,0.1617177426815033
"DM-7045",False,"test",0.0,0.0,0.0,0.2815438210964203,0.21750466525554657,0.07136432826519012,0.0,0.4009568989276886,0.0,0.0
"DM-7040",False,"test",0.0,0.0,0.0,0.32822778820991516,0.10650593787431717,0.18655826151371002,0.0,0.16580608487129211,0.20961910486221313,0.0
"DM-7022",False,"test",0.36063024401664734,0.31822773814201355,0.0,0.0,0.0,0.0,0.07903319597244263,0.09933505952358246,0.0,0.12663714587688446
"DM-7018",False,"test",0.0,0.5079178810119629,0.0,0.0,0.0,0.0,0.1751406341791153,0.0,0.0,0.2836575508117676
"DM-7017",False,"test",0.0,0.6455895900726318,0.0,0.0,0.0,0.0,0.0,0.3163037598133087,0.0,0.0
"DM-7010",False,"test",0.0,0.0,0.0,0.0,0.0,0.0,0.0,0.0,0.2964750826358795,0.6793639659881592
"DM-7001",False,"test",0.0,0.0,0.15721410512924194,0.6175779700279236,0.0,0.0,0.16152063012123108,0.0,0.0,0.0
"DM-6989",True,"test",0.0,0.1217682883143425,0.0,0.0,0.0,0.1227065846323967,0.3488266170024872,0.0,0.3860500156879425,0.0
"DM-6982",True,"test",0.0,0.0,0.0,0.0,0.0,0.0,0.0,0.5245752930641174,0.0,0.45044392347335815
"DM-6976",False,"test",0.0,0.0,0.0,0.10237980633974075,0.1375020146369934,0.05998086929321289,0.0,0.0,0.0,0.6770395040512085
"DM-6974",True,"test",0.0,0.6314521431922913,0.0,0.0,0.0,0.23959165811538696,0.0,0.097163125872612,0.0,0.0
"DM-6966",False,"test",0.0,0.16577711701393127,0.0,0.0,0.4607018828392029,0.0,0.0,0.0,0.0,0.33458468317985535
"DM-6945",False,"test",0.0,0.10614720731973648,0.0,0.0,0.5401784777641296,0.0,0.028149517253041267,0.0,0.0,0.3145691156387329
"DM-6929",False,"test",0.4289856255054474,0.0,0.0,0.0,0.0,0.0,0.0,0.09151716530323029,0.0,0.45760828256607056
"DM-6925",True,"test",0.04977140948176384,0.0,0.05753765255212784,0.322782427072525,0.0,0.5220740437507629,0.0,0.0,0.037631742656230927,0.0
"DM-6922",False,"test",0.0,0.4645712077617645,0.0,0.0,0.0,0.0,0.0,0.0,0.24793526530265808,0.2572267949581146
"DM-6908",False,"test",0.5479294657707214,0.0,0.0,0.0,0.0,0.0,0.0,0.0,0.0,0.38082942366600037
"DM-6905",False,"test",0.0,0.4102330505847931,0.0,0.0,0.0,0.0,0.0,0.5326007008552551,0.0,0.0
"DM-6902",False,"test",0.0,0.0,0.0,0.500182032585144,0.0,0.0,0.1123889908194542,0.0,0.05485834181308746,0.32240888476371765
"DM-6886",False,"test",0.5405573844909668,0.0,0.030229520052671432,0.0,0.0,0.07168183475732803,0.0,0.0,0.3057645261287689,0.04594161733984947
"DM-6884",False,"test",0.17473511397838593,0.0,0.0,0.2151181548833847,0.0,0.0,0.0,0.0,0.0,0.5862033367156982
"DM-6878",True,"test",0.0,0.0,0.0,0.0,0.1888723373413086,0.14073032140731812,0.5382689237594604,0.0,0.0,0.1221395879983902
"DM-6858",True,"test",0.0,0.3476755619049072,0.0,0.0,0.0,0.0,0.19394883513450623,0.38100284337997437,0.0,0.06070311367511749
"DM-6831",False,"test",0.019926125183701515,0.019930139183998108,0.01992594636976719,0.01993487775325775,0.019927572458982468,0.019928332418203354,0.8206385970115662,0.019929708912968636,0.0199305210262537,0.019928138703107834
"DM-6830",False,"test",0.0,0.0,0.0,0.04201670363545418,0.09243389219045639,0.20525315403938293,0.0,0.0,0.1485462784767151,0.5067445039749146
"DM-6815",False,"test",0.0,0.0,0.017595291137695312,0.0,0.04815572872757912,0.0,0.0,0.144754558801651,0.11237017065286636,0.6714300513267517
"DM-6814",False,"test",0.42739444971084595,0.020008135586977005,0.02000575140118599,0.020013073459267616,0.020006457343697548,0.02000674419105053,0.41253861784935,0.020010169595479965,0.020005758851766586,0.02001079171895981
"DM-6813",False,"test",0.014289919286966324,0.014288539998233318,0.014288476668298244,0.014288048259913921,0.014289031736552715,0.014288797043263912,0.014290260151028633,0.014288396574556828,0.014289586804807186,0.87139892578125
"DM-6788",False,"test",0.0,0.470154732465744,0.0,0.0,0.0,0.31027737259864807,0.18740130960941315,0.0,0.0,0.0
"DM-6785",False,"test",0.0,0.0,0.0,0.0,0.08290529251098633,0.0,0.0,0.2317858189344406,0.0,0.662792980670929
"DM-6726",False,"test",0.0,0.027706589549779892,0.0,0.35804295539855957,0.0,0.037641387432813644,0.07263188064098358,0.0,0.02214144542813301,0.4757683277130127
"DM-6718",False,"test",0.0,0.0,0.0,0.0,0.0,0.18550905585289001,0.0,0.18909785151481628,0.05257198587059975,0.5639355182647705
"DM-6717",False,"test",0.016905471682548523,0.016904400661587715,0.016904037445783615,0.01690307818353176,0.016903137788176537,0.016904307529330254,0.4827897250652313,0.016905639320611954,0.016904929652810097,0.38197529315948486
"DM-6663",False,"test",0.05107252299785614,0.23059780895709991,0.0,0.0,0.0,0.06146962195634842,0.0,0.0,0.20492708683013916,0.4458446204662323
"DM-6660",False,"test",0.0,0.0,0.0,0.48680469393730164,0.22107873857021332,0.27815571427345276,0.0,0.0,0.0,0.0
"DM-6647",False,"test",0.0,0.0,0.0,0.41001367568969727,0.0,0.0,0.0,0.3518803119659424,0.2223692238330841,0.0
"DM-6631",False,"test",0.0,0.0846937820315361,0.0,0.38114380836486816,0.0,0.0,0.0,0.0,0.0,0.5232288241386414
"DM-6626",False,"test",0.539958655834198,0.0,0.0,0.0,0.0,0.0,0.014094678685069084,0.029271963983774185,0.4144621789455414,0.0
"DM-6593",False,"test",0.0,0.4961370825767517,0.0,0.202339768409729,0.0,0.271070271730423,0.0,0.0,0.0,0.0
"DM-6592",False,"test",0.1176847442984581,0.44539543986320496,0.1413278877735138,0.0,0.24554909765720367,0.0,0.0,0.0,0.0,0.0
"DM-6590",False,"test",0.2479914426803589,0.2673312723636627,0.03200271725654602,0.10391699522733688,0.0,0.0,0.0,0.0,0.08981440961360931,0.24923650920391083
"DM-6587",False,"test",0.14921343326568604,0.11346558481454849,0.0,0.0,0.0,0.08571325987577438,0.22760680317878723,0.0,0.13348835706710815,0.2839721739292145
"DM-6580",False,"test",0.0,0.0,0.0,0.3521077036857605,0.36810609698295593,0.0,0.0,0.0,0.0,0.23309791088104248
"DM-6562",False,"test",0.18356181681156158,0.08246555924415588,0.0,0.4054742157459259,0.0,0.15936170518398285,0.16155867278575897,0.0,0.0,0.0
"DM-6550",True,"test",0.0,0.11804501712322235,0.0,0.0,0.5000911951065063,0.0,0.0,0.12402787804603577,0.0,0.24930621683597565
"DM-6549",True,"test",0.2980549931526184,0.042277995496988297,0.0,0.0,0.3332342803478241,0.0,0.06658650934696198,0.24897563457489014,0.0,0.0
"DM-6548",True,"test",0.2355644553899765,0.0,0.0,0.0,0.473539263010025,0.24160484969615936,0.0,0.0,0.0,0.0
"DM-6540",False,"test",0.0,0.9399709701538086,0.0,0.0,0.0,0.0,0.0,0.0,0.0,0.0
"DM-6516",False,"test",0.014289486221969128,0.014290833845734596,0.014288455247879028,0.014291159808635712,0.014288649894297123,0.2948686182498932,0.20259295403957367,0.014291007071733475,0.014288529753684998,0.40251025557518005
"DM-6514",False,"test",0.0,0.05375736579298973,0.0,0.0,0.0,0.07833933085203171,0.13851134479045868,0.0,0.0,0.7206215858459473
"DM-6497",False,"test",0.0,0.0,0.0,0.09057401865720749,0.0,0.0,0.17903976142406464,0.0,0.0,0.7160784602165222
"DM-6494",False,"test",0.0,0.01122723612934351,0.0,0.0,0.0,0.017697768285870552,0.0,0.0,0.9194782972335815,0.04724084958434105
"DM-6490",False,"test",0.0,0.04767051339149475,0.011887594126164913,0.1324097365140915,0.0,0.3110879957675934,0.0,0.12156534940004349,0.2519663870334625,0.12229958921670914
"DM-6467",False,"test",0.0,0.08177956938743591,0.0,0.19709345698356628,0.0,0.5061948895454407,0.0,0.19618113338947296,0.0,0.0
"DM-6466",False,"test",0.0,0.0,0.0,0.0,0.3408324718475342,0.40654557943344116,0.0,0.0,0.0,0.22456751763820648
"DM-6465",False,"test",0.0,0.0,0.0,0.0,0.0,0.0,0.0,0.0,0.47104886174201965,0.48186665773391724
"DM-6464",False,"test",0.19666282832622528,0.0,0.0,0.0,0.0,0.0,0.0,0.0,0.24805407226085663,0.5140918493270874
"DM-6463",False,"test",0.0,0.0,0.0,0.0,0.379017174243927,0.2958759069442749,0.0,0.0,0.0,0.3044823408126831
"DM-6439",False,"test",0.0,0.2398216277360916,0.0,0.0,0.0,0.42579182982444763,0.0,0.0,0.29054105281829834,0.0
"DM-6437",False,"test",0.0,0.21633101999759674,0.0,0.0,0.0,0.5105195641517639,0.0,0.226446270942688,0.0,0.0
"DM-6373",False,"test",0.0,0.19726218283176422,0.0,0.0,0.4915379285812378,0.0,0.10047286748886108,0.0,0.0,0.19308415055274963
"DM-6364",True,"test",0.025009803473949432,0.3637080192565918,0.02501274086534977,0.43617814779281616,0.025010420009493828,0.02501247450709343,0.02501692809164524,0.025028027594089508,0.025012565776705742,0.025010865181684494
"DM-6363",False,"test",0.04984679073095322,0.049846719950437546,0.5513789653778076,0.04984671249985695,0.04984681308269501,0.04984671622514725,0.049846723675727844,0.049847282469272614,0.04984665289521217,0.04984666407108307
"DM-6361",False,"test",0.03348832577466965,0.03348832577466965,0.3683243691921234,0.03348832577466965,0.033489156514406204,0.03348832577466965,0.03350100293755531,0.03348832577466965,0.03348832577466965,0.36375555396080017
"DM-6360",False,"test",0.0,0.0,0.0,0.0,0.0,0.0,0.0,0.0,0.0,0.960857093334198
"DM-6352",False,"test",0.0,0.5738661289215088,0.0,0.0,0.0,0.0,0.0,0.2557215094566345,0.0,0.12082985043525696
"DM-6349",False,"test",0.06619404256343842,0.1285928189754486,0.0,0.0,0.0,0.2945830821990967,0.29962289333343506,0.08708475530147552,0.11280002444982529,0.0
"DM-6345",False,"test",0.0,0.11847477406263351,0.0,0.0,0.22882500290870667,0.0,0.0,0.4074772298336029,0.2289990335702896,0.0
"DM-6331",False,"test",0.26556628942489624,0.273057758808136,0.0,0.0,0.39788901805877686,0.0,0.0,0.0,0.0,0.0
"DM-6300",False,"test",0.013908807188272476,0.013904840685427189,0.5750145316123962,0.013907250948250294,0.013905377127230167,0.01390523836016655,0.31373581290245056,0.013905860483646393,0.01390435267239809,0.01390797272324562
"DM-6297",False,"test",0.05136669799685478,0.0,0.0,0.0,0.0,0.0,0.9228169918060303,0.0,0.0,0.0
"DM-6289",True,"test",0.0,0.0,0.0,0.4981515109539032,0.0,0.0,0.0,0.0,0.0,0.4547775983810425
"DM-6283",False,"test",0.0,0.0,0.0,0.0,0.0,0.0,0.0,0.0,0.9727140069007874,0.0
"DM-6280",False,"test",0.0,0.0,0.0,0.6169788837432861,0.0,0.2339368760585785,0.0,0.0,0.09316281974315643,0.0
"DM-6259",False,"test",0.011116279289126396,0.13248498737812042,0.01111644133925438,0.011116718873381615,0.7785811424255371,0.01111662294715643,0.011116032488644123,0.011118137277662754,0.011116077192127705,0.011117575690150261
"DM-6257",False,"test",0.012505145743489265,0.14950816333293915,0.012504608370363712,0.012504606507718563,0.7504519820213318,0.012505166232585907,0.012504680082201958,0.012505925260484219,0.01250472478568554,0.012505031190812588
"DM-6246",False,"test",0.15043415129184723,0.41500359773635864,0.19857145845890045,0.08544602990150452,0.0,0.0,0.08644722402095795,0.05730617791414261,0.0,0.0
"DM-6243",False,"test",0.0,0.0,0.0,0.6986903548240662,0.14591865241527557,0.05525307357311249,0.0,0.0,0.0,0.08405081182718277
"DM-6240",False,"test",0.7126615643501282,0.0,0.0,0.0,0.0,0.0,0.0,0.0,0.08922351151704788,0.17387975752353668
"DM-6235",False,"test",0.28714311122894287,0.011113700456917286,0.01111376378685236,0.011114099062979221,0.6239466071128845,0.011113990098237991,0.011113710701465607,0.011113707907497883,0.011113558895885944,0.011113787069916725
"DM-6183",False,"test",0.0,0.0,0.1096746027469635,0.6149500608444214,0.0,0.0,0.0,0.0,0.22563254833221436,0.0
"DM-6177",True,"test",0.08720274269580841,0.0,0.0,0.13732588291168213,0.0,0.15925559401512146,0.06296908110380173,0.1954142302274704,0.0,0.35260915756225586
"DM-6141",False,"test",0.4693523049354553,0.0,0.0,0.0,0.0,0.0,0.0,0.5063911080360413,0.0,0.0
"DM-6140",True,"test",0.0,0.0,0.0,0.13167370855808258,0.33224403858184814,0.0,0.0,0.0,0.0,0.5026543140411377
"DM-6139",False,"test",0.09341370314359665,0.7191555500030518,0.0,0.0,0.0,0.0,0.0,0.15677066147327423,0.0,0.0
"DM-6134",False,"test",0.0,0.0,0.0,0.6421863436698914,0.0,0.0,0.0,0.28498080372810364,0.0,0.0
"DM-6133",True,"test",0.09646554291248322,0.15917335450649261,0.06951383501291275,0.0,0.0,0.3196119964122772,0.06786276400089264,0.0,0.28134769201278687,0.0
"DM-6132",False,"test",0.011120478622615337,0.011120001785457134,0.011121676303446293,0.011125041171908379,0.011121289804577827,0.20603787899017334,0.011119423434138298,0.011121941730380058,0.7049922943115234,0.011119927279651165
"DM-6130",False,"test",0.012515830807387829,0.49636784195899963,0.012512038461863995,0.012513349764049053,0.012511951848864555,0.012513963505625725,0.4035252034664154,0.01251194253563881,0.012513167224824429,0.012514729052782059
"DM-6128",False,"test",0.0,0.0,0.09412294626235962,0.2423749715089798,0.0,0.0,0.06311297416687012,0.21619907021522522,0.0,0.36902952194213867
"DM-6124",False,"test",0.0,0.4591989517211914,0.0,0.0,0.2014451026916504,0.0,0.30048996210098267,0.0,0.0,0.0
"DM-6083",False,"test",0.0,0.0,0.2980833947658539,0.0,0.07184953987598419,0.5862642526626587,0.0,0.0,0.0,0.0
"DM-6050",True,"test",0.21040582656860352,0.0,0.0,0.28120023012161255,0.0,0.06912936270236969,0.16029350459575653,0.0,0.04501356557011604,0.22926941514015198
"DM-6043",False,"test",0.481749951839447,0.0,0.0,0.0,0.0,0.0,0.49156996607780457,0.0,0.0,0.0
"DM-6042",True,"test",0.0,0.0,0.0,0.8612775206565857,0.0,0.0,0.0,0.0916394367814064,0.0,0.0
"DM-6029",False,"test",0.3187384307384491,0.012486656196415424,0.012484203092753887,0.012489009648561478,0.012484024278819561,0.5813754200935364,0.01248339843004942,0.012485316023230553,0.012483765371143818,0.012489820830523968
"DM-5967",False,"test",0.019934626296162605,0.019946273416280746,0.019935671240091324,0.0199348833411932,0.019935252144932747,0.01993568241596222,0.8205643892288208,0.019935045391321182,0.01993517391383648,0.01994297280907631
"DM-5933",False,"test",0.0,0.23465557396411896,0.0,0.0,0.0,0.7153288722038269,0.0,0.0,0.0,0.0
"DM-5922",False,"test",0.02804630994796753,0.4237155020236969,0.04794498160481453,0.15196457505226135,0.10451262444257736,0.0,0.16016291081905365,0.07808543741703033,0.0,0.0
"DM-5919",False,"test",0.0,0.0,0.0,0.5461863875389099,0.0,0.0,0.17306149005889893,0.2600959837436676,0.0,0.0
"DM-5914",True,"test",0.0,0.0,0.0,0.12110963463783264,0.29990214109420776,0.5127365589141846,0.049081671983003616,0.0,0.0,0.0
"DM-5913",True,"test",0.0,0.0,0.0,0.0,0.0,0.0,0.8462345004081726,0.11564785987138748,0.0,0.0
"DM-5912",False,"test",0.5044241547584534,0.0,0.0,0.0,0.0,0.0,0.0,0.43408381938934326,0.0,0.0
"DM-5910",False,"test",0.0,0.0,0.0,0.0,0.0,0.0,0.0,0.9469981789588928,0.0,0.0
"DM-5907",False,"test",0.0,0.0,0.0,0.0,0.0,0.0,0.08075370639562607,0.0,0.0,0.8968260884284973
"DM-5885",False,"test",0.0,0.0,0.0,0.0,0.14354093372821808,0.0,0.5249060392379761,0.0,0.0,0.30353739857673645
"DM-5877",False,"test",0.027320323511958122,0.23659896850585938,0.0,0.0,0.08688000589609146,0.2294100970029831,0.0,0.044664233922958374,0.02591969259083271,0.34568890929222107
"DM-5867",True,"test",0.0,0.23867514729499817,0.0,0.0,0.0,0.16880549490451813,0.0,0.0,0.5691719651222229,0.0
"DM-5859",False,"test",0.0,0.0,0.0,0.6227622032165527,0.0,0.3406981825828552,0.0,0.0,0.0,0.0
"DM-5837",False,"test",0.0,0.6490077376365662,0.0,0.0,0.0,0.3213430941104889,0.0,0.0,0.0,0.0
"DM-5830",False,"test",0.011464345268905163,0.12571217119693756,0.011463455855846405,0.011464256793260574,0.011465408839285374,0.3475319445133209,0.011463272385299206,0.44650670886039734,0.011462808586657047,0.01146563608199358
"DM-5823",False,"test",0.0,0.5517758727073669,0.0,0.0,0.0,0.0,0.2779068946838379,0.0,0.12837006151676178,0.0
"DM-5806",False,"test",0.0,0.0,0.0,0.0,0.0,0.0,0.0,0.0,0.0,0.9249758124351501
"DM-5803",False,"test",0.0,0.0,0.0,0.562008261680603,0.0,0.0,0.0,0.0,0.0,0.36522889137268066
"DM-5800",False,"test",0.12791524827480316,0.0,0.09700320661067963,0.4298112988471985,0.0,0.0,0.0,0.31224703788757324,0.0,0.0
"DM-5799",False,"test",0.0,0.6298761367797852,0.05796049162745476,0.0,0.18430215120315552,0.0,0.0,0.0,0.0,0.10713827610015869
"DM-5797",False,"test",0.16834847629070282,0.0,0.018187347799539566,0.0,0.0,0.0,0.0,0.03398418053984642,0.7775117754936218,0.0
"DM-5794",False,"test",0.7749513983726501,0.02500283718109131,0.02500246837735176,0.025009511038661003,0.025003856047987938,0.02500395104289055,0.025006193667650223,0.025009632110595703,0.02500348538160324,0.025006713345646858
"DM-5792",True,"test",0.050006378442049026,0.05000689625740051,0.050005748867988586,0.05000454559922218,0.5499524474143982,0.05000464618206024,0.05000455304980278,0.05000454559922218,0.0500057116150856,0.05000454559922218
"DM-5785",False,"test",0.0,0.0,0.0,0.0,0.0,0.0,0.0,0.04924968257546425,0.9201856255531311,0.0
"DM-5782",False,"test",0.0,0.6980816721916199,0.0,0.0,0.0,0.2574578523635864,0.0,0.0,0.0,0.0
"DM-5776",False,"test",0.0,0.0,0.0,0.0,0.0,0.12404438853263855,0.0,0.0,0.5536718964576721,0.3128211796283722
"DM-5774",False,"test",0.0,0.0,0.0,0.16665290296077728,0.0,0.02703385427594185,0.02148301899433136,0.0,0.7788792848587036,0.0
"DM-5763",False,"test",0.010114447213709354,0.010113063268363476,0.010113200172781944,0.9089682698249817,0.010114096105098724,0.010113634169101715,0.010118257254362106,0.01011513639241457,0.01011450495570898,0.010115379467606544
"DM-5761",True,"test",0.11178432404994965,0.0,0.0,0.8381955027580261,0.0,0.0,0.0,0.0,0.0,0.0
"DM-5734",False,"test",0.0,0.30303066968917847,0.0,0.0,0.0,0.0,0.0,0.3960312604904175,0.0,0.28092828392982483
"DM-5716",True,"test",0.010004001669585705,0.010005289688706398,0.010003211908042431,0.06050541624426842,0.021471010521054268,0.31277331709861755,0.010004110634326935,0.010005281306803226,0.010003176517784595,0.5452251434326172
"DM-5703",False,"test",0.0,0.0,0.0,0.0,0.0,0.0,0.0,0.8582211136817932,0.0,0.12221813201904297
"DM-5700",False,"test",0.010003101080656052,0.010003481060266495,0.010001366958022118,0.9099776744842529,0.010001914575695992,0.010001886636018753,0.010002493858337402,0.010002965107560158,0.010001630522310734,0.010003497824072838
"DM-5699",False,"test",0.0,0.0,0.0,0.7315810918807983,0.0,0.0,0.0,0.25143545866012573,0.0,0.0
"DM-5676",False,"test",0.011616714298725128,0.011617571115493774,0.011617952957749367,0.011616796255111694,0.01161839161068201,0.011618753895163536,0.7862237691879272,0.011617417447268963,0.12083419412374496,0.011618446558713913
"DM-5675",False,"test",0.0,0.0,0.0,0.0,0.0,0.12596847116947174,0.0,0.0,0.8647251129150391,0.0
"DM-5674",False,"test",0.0,0.07348350435495377,0.05708389729261398,0.0,0.6037853360176086,0.0,0.18244527280330658,0.0,0.0614338144659996,0.0
"DM-5652",False,"test",0.01000196486711502,0.01000398863106966,0.01000299770385027,0.010002662427723408,0.010003513656556606,0.010004190728068352,0.010003411211073399,0.010003726929426193,0.010005544871091843,0.9099680185317993
"DM-5650",False,"test",0.0,0.0,0.0,0.0,0.0,0.0,0.0,0.9356634020805359,0.0,0.0
"DM-5643",False,"test",0.0,0.0,0.0,0.25797799229621887,0.0,0.3044929504394531,0.0,0.0,0.14886394143104553,0.26317110657691956
"DM-5634",False,"test",0.010005313903093338,0.010007796809077263,0.010011264123022556,0.010006462223827839,0.010013862513005733,0.010006037540733814,0.9099229574203491,0.010006800293922424,0.010007571429014206,0.010011928156018257
"DM-5607",False,"test",0.0,0.0,0.0,0.10635168850421906,0.0,0.0,0.0,0.0,0.24878326058387756,0.6254079341888428
"DM-5595",False,"test",0.0,0.0,0.07961578667163849,0.0,0.0,0.057832155376672745,0.0,0.10162654519081116,0.7385872602462769,0.018734203651547432
"DM-5584",False,"test",0.0,0.5740991830825806,0.0,0.12343791872262955,0.0,0.2706138789653778,0.0,0.0,0.0,0.0
"DM-5550",False,"test",0.020022068172693253,0.020025232806801796,0.020022038370370865,0.020025411620736122,0.020030464977025986,0.02002226561307907,0.02002250961959362,0.020023062825202942,0.8197830319404602,0.020023923367261887
"DM-5548",False,"test",0.0,0.4874511957168579,0.046291545033454895,0.0,0.1908549815416336,0.0,0.0,0.0,0.0,0.25765395164489746
"DM-5540",False,"test",0.020015133544802666,0.02001482993364334,0.02001478523015976,0.020017113536596298,0.3976815938949585,0.020015021786093712,0.020014828070998192,0.020015858113765717,0.44219502806663513,0.020015783607959747
"DM-5527",False,"test",0.0,0.5756459832191467,0.0,0.0,0.0,0.3799138069152832,0.0,0.0,0.0,0.0
"DM-5525",False,"test",0.20703952014446259,0.35050415992736816,0.18259304761886597,0.07800892740488052,0.0,0.0,0.0,0.16399696469306946,0.0,0.0
"DM-5524",False,"test",0.07113585621118546,0.0,0.19843652844429016,0.0,0.0,0.0,0.3372611701488495,0.12687021493911743,0.0,0.2445223331451416
"DM-5516",True,"test",0.033221252262592316,0.03322182223200798,0.0332220196723938,0.03323524072766304,0.03323382884263992,0.03322283551096916,0.03322175517678261,0.033224523067474365,0.70096755027771,0.033229149878025055
"DM-5514",False,"test",0.21615608036518097,0.016684016212821007,0.016671959310770035,0.016678031533956528,0.01667393185198307,0.016676416620612144,0.016673533245921135,0.016682203859090805,0.01667184568941593,0.6504319310188293
"DM-5512",True,"test",0.025013484060764313,0.025013593956828117,0.025013523176312447,0.02501717209815979,0.47660762071609497,0.025013891980051994,0.02501358836889267,0.025014325976371765,0.32327771186828613,0.02501508593559265
"DM-5507",True,"test",0.02001013606786728,0.02001396007835865,0.020009720697999,0.02001420222222805,0.020013082772493362,0.020010028034448624,0.24999494850635529,0.02001086063683033,0.31061697006225586,0.29930612444877625
"DM-5506",False,"test",0.08510894328355789,0.0,0.0,0.0,0.3483256995677948,0.0,0.0,0.3119521141052246,0.08658012002706528,0.1320626139640808
"DM-5474",False,"test",0.0,0.4948268234729767,0.09566912800073624,0.0,0.0,0.24658606946468353,0.0,0.0,0.14621952176094055,0.0
"DM-5463",False,"test",0.192924365401268,0.0,0.0,0.0,0.0,0.0,0.0,0.11927281320095062,0.0,0.6527756452560425
"DM-5452",False,"test",0.0,0.0,0.0,0.0,0.3028264045715332,0.0,0.0,0.0,0.0,0.6606704592704773
"DM-5435",False,"test",0.0,0.5315543413162231,0.0,0.0,0.0,0.0,0.0,0.0,0.0,0.43643444776535034
"DM-5413",True,"test",0.0,0.0,0.0,0.1818671077489853,0.7607991099357605,0.0,0.0,0.0,0.0,0.03039116971194744
"DM-5406",False,"test",0.0,0.0,0.0,0.0,0.0,0.3459252715110779,0.0,0.0,0.0,0.6318357586860657
"DM-5390",False,"test",0.03334261104464531,0.033356912434101105,0.03334071487188339,0.03334333747625351,0.03334423527121544,0.03334151580929756,0.03334137797355652,0.699903666973114,0.033340368419885635,0.033345211297273636
"DM-5389",False,"test",0.0,0.0,0.0,0.7805862426757812,0.0,0.17232422530651093,0.0,0.0,0.0,0.0
"DM-5384",False,"test",0.0,0.761640727519989,0.0,0.0,0.0,0.0,0.0,0.1938992291688919,0.0,0.0
"DM-5371",False,"test",0.03312789276242256,0.03312741219997406,0.3680466115474701,0.03312439098954201,0.3669390082359314,0.033125609159469604,0.03312467038631439,0.03313085436820984,0.03312524035573006,0.033128295093774796
"DM-5362",True,"test",0.0,0.0,0.0,0.7524601817131042,0.0,0.20749635994434357,0.0,0.0,0.0,0.0
"DM-5356",False,"test",0.0,0.18837732076644897,0.0,0.0,0.0,0.2868924140930176,0.0,0.0,0.0,0.48785272240638733
"DM-5336",False,"test",0.0,0.49855443835258484,0.0,0.0,0.0,0.4442824125289917,0.0,0.0,0.0,0.0
"DM-5319",False,"test",0.011113111861050129,0.4772194027900696,0.011113281361758709,0.011113771237432957,0.011113392189145088,0.011115177534520626,0.43386605381965637,0.011115431785583496,0.011114507913589478,0.011115893721580505
"DM-5316",False,"test",0.020002374425530434,0.020001986995339394,0.020002473145723343,0.02000564895570278,0.020009232684969902,0.020002108067274094,0.020004134625196457,0.02000923827290535,0.02000228315591812,0.8199605345726013
"DM-5312",False,"test",0.025028081610798836,0.02503364533185959,0.025028323754668236,0.025028685107827187,0.02502802200615406,0.025028450414538383,0.49936121702194214,0.30040132999420166,0.025028573349118233,0.02503368817269802
"DM-5307",False,"test",0.0,0.15640415251255035,0.0,0.14489638805389404,0.0,0.0,0.3524535000324249,0.1532580852508545,0.0,0.17296792566776276
"DM-5297",False,"test",0.0,0.4073570668697357,0.0,0.0,0.1678917557001114,0.0,0.3298976719379425,0.0,0.0,0.08208096027374268
"DM-5296",False,"test",0.014290666207671165,0.6488044261932373,0.014291456900537014,0.23686081171035767,0.014293084852397442,0.014291693456470966,0.01429212186485529,0.014293436892330647,0.014291122555732727,0.014291191473603249
"DM-5293",False,"test",0.0,0.8045663833618164,0.0,0.16780105233192444,0.0,0.0,0.0,0.0,0.0,0.0
"DM-5290",False,"test",0.0,0.0,0.0,0.7118293046951294,0.0,0.0,0.22410668432712555,0.0,0.0,0.0
"DM-5288",False,"test",0.0,0.0,0.0,0.0,0.0,0.08904851227998734,0.0,0.4873564839363098,0.2169189304113388,0.19177117943763733
"DM-5286",False,"test",0.0,0.0,0.0,0.0,0.0,0.1719767451286316,0.0,0.282103955745697,0.1414274275302887,0.3886025547981262
"DM-5284",False,"test",0.0,0.257424533367157,0.0,0.0,0.0,0.0,0.0,0.5123184323310852,0.20222672820091248,0.0
"DM-5281",False,"test",0.0,0.1582825928926468,0.0,0.0,0.0,0.0,0.0,0.45208147168159485,0.1224176436662674,0.24259652197360992
"DM-5276",True,"test",0.060304686427116394,0.22796542942523956,0.0,0.0,0.04638202115893364,0.14424876868724823,0.2857613265514374,0.0,0.2279607206583023,0.0
"DM-5273",False,"test",0.0,0.4813000559806824,0.0,0.0,0.0,0.10884378105401993,0.0,0.11136573553085327,0.0,0.2744377553462982
"DM-5248",False,"test",0.0,0.0,0.0,0.30636656284332275,0.0,0.0,0.0,0.0,0.0,0.6514894366264343
"DM-5247",False,"test",0.43228697776794434,0.015920307487249374,0.0,0.0,0.0,0.1263999491930008,0.052446700632572174,0.017422402277588844,0.2892611026763916,0.06428617238998413
"DM-5206",False,"test",0.15834641456604004,0.0,0.0,0.12212804704904556,0.0,0.0,0.0,0.2766088843345642,0.0,0.4352230429649353
"DM-5205",True,"test",0.0,0.18101105093955994,0.5607528686523438,0.0,0.0,0.0,0.22320601344108582,0.0,0.0,0.0
"DM-5204",False,"test",0.011078760027885437,0.43263599276542664,0.011078529991209507,0.011079106479883194,0.0110795171931386,0.011078882962465286,0.47873103618621826,0.01107997540384531,0.011078462935984135,0.011079713702201843
"DM-5202",False,"test",0.0,0.561950147151947,0.0,0.0,0.0,0.39107102155685425,0.0,0.0,0.0,0.0
"DM-5198",True,"test",0.48898670077323914,0.012502183206379414,0.01250187586992979,0.01250254362821579,0.012502596713602543,0.012501864694058895,0.012502426281571388,0.4109951853752136,0.012501545250415802,0.012503104284405708
"DM-5191",True,"test",0.05001401901245117,0.05000593885779381,0.05000174790620804,0.050038788467645645,0.05000825226306915,0.0500023253262043,0.050003472715616226,0.05000389367341995,0.050005387514829636,0.5499162077903748
"DM-5188",True,"test",0.01429059635847807,0.01429057214409113,0.014289668761193752,0.35004520416259766,0.3699566125869751,0.01429000310599804,0.17996446788311005,0.014292309992015362,0.014290030114352703,0.014290563762187958
"DM-5182",True,"test",0.014288650825619698,0.014291569590568542,0.01428820751607418,0.01428976934403181,0.014290579594671726,0.014293191023170948,0.014289784245193005,0.8713875412940979,0.014288361184298992,0.01429232768714428
"DM-5165",True,"test",0.48244282603263855,0.3261910080909729,0.010003972798585892,0.010005979798734188,0.01000578049570322,0.010004638694226742,0.010005158372223377,0.010004421696066856,0.12133090198040009,0.010005263611674309
"DM-5161",False,"test",0.0,0.0,0.0,0.0,0.0,0.0,0.0,0.5467011332511902,0.0,0.43983104825019836
"DM-5109",True,"test",0.0,0.0,0.0,0.30571961402893066,0.0,0.5150931477546692,0.0,0.0,0.0,0.14863285422325134
"DM-5091",False,"test",0.016624076291918755,0.01662519760429859,0.016624774783849716,0.016629617661237717,0.6248091459274292,0.016625158488750458,0.01662731170654297,0.016626795753836632,0.016627237200737,0.2421807199716568
"DM-5088",False,"test",0.0,0.0,0.0,0.7566835880279541,0.0,0.0,0.0,0.05234489589929581,0.0,0.1738796830177307
"DM-5041",True,"test",0.08644621819257736,0.0,0.0,0.0,0.19193141162395477,0.0,0.19600112736225128,0.0,0.0,0.4855911135673523
"DM-5040",False,"test",0.020109664648771286,0.02011122740805149,0.020110564306378365,0.020109860226511955,0.5014081597328186,0.020111991092562675,0.33770081400871277,0.020111849531531334,0.020110610872507095,0.020115233957767487
"DM-5039",False,"test",0.012506620027124882,0.012511318549513817,0.012506760656833649,0.01250667404383421,0.012510995380580425,0.01250786054879427,0.012508504092693329,0.01250724121928215,0.29992517828941345,0.6000088453292847
"DM-5037",False,"test",0.0,0.0,0.0,0.0,0.0,0.0,0.19035105407238007,0.0,0.0,0.748091995716095
"DM-5019",False,"test",0.0,0.0,0.0,0.33012551069259644,0.0,0.0,0.0,0.6083014607429504,0.0,0.0
"DM-5002",False,"test",0.04157515987753868,0.0,0.0,0.0,0.0,0.0,0.554555356502533,0.19503341615200043,0.0,0.19633391499519348
"DM-4998",False,"test",0.0,0.06682126969099045,0.0,0.5710097551345825,0.0,0.0,0.08333554863929749,0.1388077735900879,0.0,0.13442744314670563
"DM-4995",False,"test",0.010006087832152843,0.010006041266024113,0.010006098076701164,0.010007505305111408,0.010005644522607327,0.010006078518927097,0.010007261298596859,0.394296795129776,0.010005881078541279,0.5256525874137878
"DM-4993",False,"test",0.0,0.7201271057128906,0.0,0.0,0.0,0.16360697150230408,0.0,0.0,0.0,0.08124483376741409
"DM-4985",True,"test",0.024959806352853775,0.024962572380900383,0.024961186572909355,0.024962082505226135,0.02497243881225586,0.02496124804019928,0.02496330440044403,0.024963004514575005,0.024960409849882126,0.7753340005874634
"DM-4958",True,"test",0.32613593339920044,0.0,0.0,0.0,0.0,0.0,0.1802942156791687,0.4468849301338196,0.0,0.0
"DM-4940",False,"test",0.010914299637079239,0.2086222618818283,0.010914419777691364,0.17304766178131104,0.010917581617832184,0.010916036553680897,0.010917228646576405,0.010916938073933125,0.010914471931755543,0.5419191122055054
"DM-4917",False,"test",0.0,0.23996539413928986,0.0,0.0,0.0,0.0,0.1856943815946579,0.2949848175048828,0.0,0.25998133420944214
"DM-4904",False,"test",0.0,0.24550338089466095,0.02813631109893322,0.0,0.0,0.034088362008333206,0.0,0.10227973014116287,0.4491068124771118,0.13700050115585327
"DM-4903",True,"test",0.0,0.0,0.0,0.5936472415924072,0.0,0.0,0.0,0.0,0.0,0.38633981347084045
"DM-4897",True,"test",0.0,0.0,0.0,0.2793014347553253,0.0,0.0,0.0,0.0,0.1888851672410965,0.4999963045120239
"DM-4867",False,"test",0.0,0.36008256673812866,0.0,0.12235095351934433,0.0,0.0,0.49061885476112366,0.0,0.0,0.0
"DM-4862",False,"test",0.5237680077552795,0.0,0.0,0.42914989590644836,0.0,0.0,0.0,0.0,0.0,0.0
"DM-4856",False,"test",0.0,0.0,0.0,0.0,0.0,0.0,0.7241225242614746,0.0,0.0,0.21887889504432678
"DM-4851",False,"test",0.012505211867392063,0.012505436316132545,0.7511575222015381,0.012506242841482162,0.012505306862294674,0.01250525377690792,0.012505348771810532,0.012506007216870785,0.1487983763217926,0.012505303137004375
"DM-4850",False,"test",0.0,0.0,0.0,0.0,0.0,0.0,0.0,0.0,0.4425099194049835,0.5148869752883911
"DM-4849",False,"test",0.0,0.0,0.0,0.0,0.30211329460144043,0.0,0.12734735012054443,0.0,0.0,0.5336008667945862
"DM-4845",False,"test",0.10739479213953018,0.0,0.0,0.0,0.07542849332094193,0.0,0.0,0.0,0.0,0.7971025705337524
"DM-4843",False,"test",0.0,0.0,0.0,0.0,0.0,0.06361942738294601,0.0,0.0,0.36310258507728577,0.5397536158561707
"DM-4838",False,"test",0.19867803156375885,0.0,0.0,0.0,0.0,0.0,0.32372987270355225,0.0,0.13064168393611908,0.32744258642196655
"DM-4834",False,"test",0.0,0.0,0.0,0.0,0.5653946399688721,0.0,0.0,0.3924548923969269,0.0,0.0
"DM-4832",False,"test",0.0,0.0,0.0,0.0,0.0,0.10336671769618988,0.0,0.8432695269584656,0.0,0.0
"DM-4831",False,"test",0.0,0.0,0.0,0.0,0.0,0.4926486015319824,0.0,0.0,0.12099257856607437,0.36838003993034363
"DM-4830",False,"test",0.0,0.31237632036209106,0.0,0.0,0.0,0.22694948315620422,0.2630954384803772,0.0,0.17688427865505219,0.0
"DM-4829",True,"test",0.011083061806857586,0.011083578690886497,0.011084402911365032,0.9002559185028076,0.011081748642027378,0.011081879958510399,0.011081879958510399,0.01108307670801878,0.011081776581704617,0.011082690209150314
"DM-4823",False,"test",0.016672957688570023,0.016675490885972977,0.8499394655227661,0.016673481091856956,0.016671476885676384,0.016672661527991295,0.01667332835495472,0.016674736514687538,0.016671154648065567,0.016675245016813278
"DM-4800",False,"test",0.0,0.0,0.0,0.2335377186536789,0.0,0.0,0.0,0.36621248722076416,0.0,0.3612511456012726
"DM-4798",False,"test",0.0,0.0,0.10203834623098373,0.0,0.09083376079797745,0.0,0.0,0.0,0.0,0.7958356738090515
"DM-4797",False,"test",0.0,0.17636415362358093,0.11959424614906311,0.0,0.0,0.18151891231536865,0.0,0.0,0.5047556757926941,0.0
"DM-4786",False,"test",0.03345423936843872,0.03345252573490143,0.03345295414328575,0.03345305845141411,0.033457200974226,0.033453382551670074,0.03345557302236557,0.6989150047302246,0.03345262259244919,0.03345344215631485
"DM-4768",False,"test",0.11824104189872742,0.4253649413585663,0.0,0.0,0.0,0.0,0.0,0.2817049026489258,0.0,0.16005408763885498
"DM-4729",False,"test",0.0,0.0,0.07358368486166,0.18059992790222168,0.0,0.0,0.11849929392337799,0.5370383262634277,0.0816471129655838,0.0
"DM-4704",False,"test",0.09164535254240036,0.5586662888526917,0.0,0.0,0.0,0.06813415139913559,0.17303678393363953,0.0,0.09313556551933289,0.0
"DM-4691",False,"test",0.025632403790950775,0.02562117762863636,0.4920743405818939,0.02561844140291214,0.02561844140291214,0.025621725246310234,0.3029470443725586,0.025625526905059814,0.025622637942433357,0.02561825141310692
"DM-4690",False,"test",0.33968427777290344,0.01667824573814869,0.016674401238560677,0.016676194965839386,0.016675125807523727,0.016675766557455063,0.016676854342222214,0.35641032457351685,0.18717192113399506,0.016676874831318855
"DM-4667",False,"test",0.12861861288547516,0.2944091558456421,0.0,0.0,0.0,0.0,0.0,0.16527961194515228,0.1058078482747078,0.27595680952072144
"DM-4630",False,"test",0.0,0.0,0.0,0.0,0.26504865288734436,0.0,0.0,0.0,0.0,0.6735047101974487
"DM-4617",False,"test",0.0,0.0,0.0,0.0,0.049705103039741516,0.0,0.39325329661369324,0.31372615694999695,0.0,0.22965359687805176
"DM-4616",False,"test",0.0,0.1253223568201065,0.0410802997648716,0.0,0.0,0.3949202597141266,0.131692036986351,0.0,0.12128400802612305,0.1776578724384308
"DM-4609",False,"test",0.06703098863363266,0.33055150508880615,0.0,0.0,0.0,0.0,0.0,0.0,0.10360002517700195,0.48003172874450684
"DM-4596",False,"test",0.0,0.0,0.0,0.0,0.23044824600219727,0.0,0.44121477007865906,0.0,0.0,0.29344412684440613
"DM-4590",True,"test",0.0,0.08962750434875488,0.35399553179740906,0.5194738507270813,0.0,0.0,0.0,0.0,0.0,0.0
"DM-4589",False,"test",0.0,0.0,0.40829384326934814,0.4229666292667389,0.0,0.07458958029747009,0.0,0.0,0.03339843824505806,0.0509418323636055
"DM-4584",False,"test",0.0,0.0,0.0,0.5539923310279846,0.0,0.0,0.0,0.2914702594280243,0.1045159325003624,0.0
"DM-4580",True,"test",0.25830692052841187,0.0,0.0,0.5656428337097168,0.0,0.0,0.0,0.0,0.11744452267885208,0.0
"DM-4574",False,"test",0.0,0.0,0.4824489653110504,0.0,0.263244092464447,0.0,0.0,0.0,0.19064553081989288,0.0
"DM-4573",False,"test",0.0,0.0,0.0,0.0,0.0,0.0,0.9249767661094666,0.0,0.0,0.0
"DM-4571",False,"test",0.25596219301223755,0.0,0.0,0.5421992540359497,0.0,0.0,0.0,0.0,0.1629311591386795,0.0
"DM-4565",False,"test",0.0,0.32392680644989014,0.35710445046424866,0.0,0.0,0.13315971195697784,0.15721702575683594,0.0,0.0,0.0
"DM-4544",False,"test",0.0,0.0,0.0,0.0,0.26501864194869995,0.0,0.0,0.0,0.0,0.6734268069267273
"DM-4507",False,"test",0.02500174380838871,0.025001881644129753,0.025001686066389084,0.025001835078001022,0.025001686066389084,0.025001659989356995,0.025001728907227516,0.7749847769737244,0.02500137872993946,0.025001628324389458
"DM-4506",True,"test",0.020018327981233597,0.020018260926008224,0.020018113777041435,0.02001817151904106,0.020018072798848152,0.0200180746614933,0.02001809887588024,0.8198363780975342,0.020018478855490685,0.020018072798848152
"DM-4503",True,"test",0.012506388127803802,0.012501129880547523,0.012502032332122326,0.012505844235420227,0.012501180171966553,0.01250325795263052,0.012501911260187626,0.8874735832214355,0.012502080760896206,0.0125026386231184
"DM-4500",False,"test",0.024932025000452995,0.024932248517870903,0.02493198774755001,0.024932097643613815,0.024931972846388817,0.024931926280260086,0.02493199333548546,0.7756121754646301,0.024931633844971657,0.024931883439421654
"DM-4499",True,"test",0.01428979355841875,0.014294356107711792,0.014292226172983646,0.01429095957428217,0.014289401471614838,0.014289498329162598,0.014290002174675465,0.8713834881782532,0.014290272258222103,0.014290010556578636
"DM-4496",True,"test",0.01666986010968685,0.016668887808918953,0.01667342521250248,0.01667136326432228,0.016669558361172676,0.016668835654854774,0.01667018048465252,0.8499692678451538,0.01666933111846447,0.01666930876672268
"DM-4493",False,"test",0.01667228527367115,0.016672763973474503,0.01667121984064579,0.016672993078827858,0.016670839861035347,0.01667129620909691,0.016671594232320786,0.8499478697776794,0.01667129248380661,0.016677912324666977
"DM-4488",True,"test",0.020004041492938995,0.02000599354505539,0.020005401223897934,0.19565623998641968,0.02000376209616661,0.020004287362098694,0.02000396139919758,0.6443089246749878,0.02000371739268303,0.020003682002425194
"DM-4486",True,"test",0.38154172897338867,0.01667131669819355,0.01667119562625885,0.01667129248380661,0.016671182587742805,0.01667116768658161,0.016671208664774895,0.4850878119468689,0.01667197048664093,0.01667114533483982
"DM-4484",True,"test",0.016668926924467087,0.016667943447828293,0.016668299213051796,0.01666952669620514,0.016667677089571953,0.01666809804737568,0.016667736694216728,0.8499854803085327,0.016667714342474937,0.01666858047246933
"DM-4478",False,"test",0.01667337864637375,0.016670353710651398,0.2927488088607788,0.016675617545843124,0.016671009361743927,0.016671067103743553,0.016671227291226387,0.5738757848739624,0.01667020097374916,0.016672540456056595
"DM-4454",False,"test",0.13159151375293732,0.06658966839313507,0.0,0.0,0.0,0.0,0.13601815700531006,0.281368225812912,0.09883451461791992,0.2788979113101959
"DM-4443",False,"test",0.0,0.0,0.0,0.08635582029819489,0.0,0.3483762741088867,0.0,0.0,0.2791702151298523,0.27359211444854736
"DM-4398",False,"test",0.0,0.25002631545066833,0.0,0.0,0.0,0.0,0.2740493714809418,0.0,0.4408998191356659,0.0
"DM-4393",False,"test",0.0,0.0,0.10015101730823517,0.0,0.30597275495529175,0.0,0.0,0.15053100883960724,0.0906028151512146,0.34528234601020813
"DM-4387",False,"test",0.0,0.0,0.03737005591392517,0.0,0.0,0.10297635197639465,0.0,0.0,0.8531209230422974,0.0
"DM-4386",False,"test",0.0,0.1284468024969101,0.0,0.0,0.0,0.0,0.0,0.0,0.0,0.8471134901046753
"DM-4383",False,"test",0.0,0.0,0.0,0.11519988626241684,0.0321292020380497,0.0,0.1260308027267456,0.2211465835571289,0.0,0.4987216889858246
"DM-4365",False,"test",0.016670741140842438,0.01667211204767227,0.01667065918445587,0.016672542318701744,0.01667260192334652,0.016672279685735703,0.016671666875481606,0.01667352393269539,0.016677385196089745,0.8499464988708496
"DM-4348",False,"test",0.0,0.0,0.0,0.0,0.08410312980413437,0.0,0.3320411741733551,0.0,0.0,0.5558353662490845
"DM-4295",False,"test",0.0,0.7326412200927734,0.0,0.0,0.07226227968931198,0.0,0.0,0.08635932952165604,0.07709493488073349,0.0
"DM-4259",False,"test",0.0,0.5646722316741943,0.0,0.2603338062763214,0.0,0.046898532658815384,0.0,0.0,0.0,0.11307401210069656
"DM-4258",False,"test",0.0,0.46884968876838684,0.0,0.5089175701141357,0.0,0.0,0.0,0.0,0.0,0.0
"DM-4239",False,"test",0.0,0.0,0.0,0.0,0.0,0.0,0.5337972640991211,0.4190473258495331,0.0,0.0
"DM-4234",True,"test",0.2642228603363037,0.1963384598493576,0.0,0.0,0.0,0.0,0.0,0.5316158533096313,0.0,0.0
"DM-4231",False,"test",0.23818950355052948,0.025626804679632187,0.025627797469496727,0.025624066591262817,0.02562406286597252,0.025625450536608696,0.30159762501716614,0.2808329164981842,0.025627879425883293,0.025623874738812447
"DM-4229",False,"test",0.0,0.0,0.0,0.0,0.0,0.0,0.18659795820713043,0.0,0.0,0.7752035856246948
"DM-4227",False,"test",0.0,0.2420932501554489,0.0,0.0,0.0,0.0,0.04778017848730087,0.0,0.0,0.6941502094268799
"DM-4225",False,"test",0.0,0.0991063192486763,0.0,0.3307175636291504,0.3177189826965332,0.0,0.21519337594509125,0.0,0.0,0.0
"DM-4214",False,"test",0.0,0.29759493470191956,0.0,0.0,0.0,0.1117241159081459,0.07957843691110611,0.15611118078231812,0.05379528924822807,0.2965471148490906
"DM-4185",False,"test",0.02007129043340683,0.020074544474482536,0.0200701542198658,0.2635258436203003,0.02007058635354042,0.020071594044566154,0.5758994817733765,0.020069872960448265,0.02007332257926464,0.02007327601313591
"DM-4184",False,"test",0.0,0.0,0.0,0.0,0.0,0.0,0.26968398690223694,0.0,0.0,0.6795727610588074
"DM-4170",False,"test",0.0,0.0,0.0,0.0,0.0,0.44007688760757446,0.0,0.0,0.0,0.5349383354187012
"DM-4151",False,"test",0.0,0.5034193396568298,0.0,0.14194554090499878,0.0,0.0,0.0,0.0,0.0,0.324146032333374
"DM-4135",False,"test",0.0,0.3998335003852844,0.0,0.0,0.39526864886283875,0.0,0.0,0.0,0.0,0.18543793261051178
"DM-4092",False,"test",0.0,0.0,0.0,0.0,0.0,0.0,0.9357818961143494,0.0,0.0,0.0
"DM-4022",False,"test",0.0,0.0,0.0,0.0,0.0,0.0,0.0,0.0,0.9535437822341919,0.034879934042692184
"DM-4003",False,"test",0.0,0.0,0.0,0.0,0.0,0.0,0.32092106342315674,0.0,0.11965794861316681,0.5127308368682861
"DM-3993",False,"test",0.011064478196203709,0.011062918230891228,0.15318956971168518,0.011063922196626663,0.011061974801123142,0.7583032250404358,0.011062593199312687,0.011063297279179096,0.011062415316700935,0.011065625585615635
"DM-3986",False,"test",0.0,0.0,0.0,0.0,0.0,0.0,0.21534113585948944,0.34428244829177856,0.0,0.41625073552131653
"DM-3966",False,"test",0.020006317645311356,0.6210045218467712,0.020015854388475418,0.020006217062473297,0.2189236432313919,0.02000584453344345,0.020007921382784843,0.020006105303764343,0.02000574581325054,0.020017800852656364
"DM-3960",False,"test",0.0,0.0,0.0,0.0,0.0,0.0,0.0,0.15198054909706116,0.0,0.7752671241760254
"DM-3958",False,"test",0.0,0.0,0.0,0.0,0.13459613919258118,0.0,0.0,0.2028396874666214,0.0,0.6249511241912842
"DM-3951",False,"test",0.012536968104541302,0.012538198381662369,0.4395671486854553,0.012538193725049496,0.012537937611341476,0.012538053095340729,0.46012941002845764,0.012539037503302097,0.012536676600575447,0.012538393028080463
"DM-3946",False,"test",0.03335139900445938,0.03335665166378021,0.03334442898631096,0.03334253281354904,0.03333829343318939,0.03335821256041527,0.03335433825850487,0.6998513340950012,0.033356573432683945,0.033346209675073624
"DM-3945",False,"test",0.02486174926161766,0.024871882051229477,0.7762254476547241,0.024861043319106102,0.02486320398747921,0.024865994229912758,0.02486121654510498,0.02486065775156021,0.024866050109267235,0.02486281469464302
"DM-3943",False,"test",0.0,0.0,0.0,0.09872084856033325,0.0,0.12627235054969788,0.0,0.0,0.0,0.7449183464050293
"DM-3938",True,"test",0.05000162124633789,0.05000292882323265,0.05000133812427521,0.05000324547290802,0.5499681830406189,0.05000482499599457,0.050006601959466934,0.05000218376517296,0.050002556294202805,0.05000655725598335
"DM-3936",False,"test",0.014297209680080414,0.014293963089585304,0.014294062741100788,0.014291806146502495,0.014291866682469845,0.37321141362190247,0.33009132742881775,0.19664044678211212,0.01429266668856144,0.014295201748609543
"DM-3911",True,"test",0.0,0.07727347314357758,0.0,0.043343435972929,0.0,0.0,0.0,0.23728370666503906,0.08288145810365677,0.5510132908821106
"DM-3910",False,"test",0.0,0.22535520792007446,0.0,0.0,0.0,0.0,0.31044816970825195,0.1585545390844345,0.0,0.28896138072013855
"DM-3894",False,"test",0.0,0.0,0.0,0.0,0.0,0.9624799489974976,0.0,0.0,0.0,0.0
"DM-3892",False,"test",0.0,0.1830388605594635,0.2878982424736023,0.0,0.23204006254673004,0.0,0.0,0.19333308935165405,0.08089855313301086,0.0
"DM-3824",True,"test",0.05851885303854942,0.33409857749938965,0.0,0.0,0.0,0.0,0.0,0.34154340624809265,0.0,0.25384753942489624
"DM-3800",True,"test",0.0,0.10827172547578812,0.0,0.10580172389745712,0.0,0.0,0.06953543424606323,0.0,0.1459173858165741,0.5626184344291687
"DM-3791",False,"test",0.0,0.35071632266044617,0.0,0.3858749568462372,0.22662882506847382,0.0,0.0,0.0,0.0,0.0
"DM-3779",False,"test",0.0,0.4757334589958191,0.0,0.0,0.0,0.0,0.0,0.0,0.11329343169927597,0.3839264512062073
"DM-3778",False,"test",0.04412608966231346,0.6284753680229187,0.0,0.0,0.0,0.0,0.0,0.0,0.0,0.30236634612083435
"DM-3755",True,"test",0.518257200717926,0.28227758407592773,0.024928312748670578,0.024937815964221954,0.024945182725787163,0.02492971159517765,0.024930380284786224,0.024936167523264885,0.02492501400411129,0.02493266947567463
"DM-3701",False,"test",0.0,0.0,0.0,0.3457522690296173,0.0,0.4712030291557312,0.0,0.1463128626346588,0.0,0.0
"DM-3700",True,"test",0.0,0.14257027208805084,0.0,0.19691157341003418,0.0,0.0,0.0,0.6068453192710876,0.0,0.0
"DM-3697",False,"test",0.0,0.22936268150806427,0.0,0.0,0.0,0.0,0.0,0.3500698506832123,0.0,0.392563134431839
"DM-3691",False,"test",0.05736500397324562,0.0,0.0,0.0,0.0,0.3662221133708954,0.13675463199615479,0.0,0.0,0.42141738533973694
"DM-3686",False,"test",0.0,0.0,0.050189897418022156,0.0,0.0,0.22434492409229279,0.5774526000022888,0.0,0.0,0.13435256481170654
"DM-3677",True,"test",0.0,0.0,0.0,0.0,0.0,0.0,0.0,0.9100903272628784,0.0,0.0
"DM-3663",False,"test",0.0,0.21993520855903625,0.0,0.0,0.0,0.0,0.1151307225227356,0.36282435059547424,0.0,0.28708702325820923
"DM-3656",False,"test",0.0,0.0,0.0,0.4665706157684326,0.0,0.06943077594041824,0.43206655979156494,0.0,0.0,0.0
"DM-3653",False,"test",0.011122205294668674,0.011122223921120167,0.011122397147119045,0.011122720316052437,0.899895429611206,0.01112323347479105,0.011122370138764381,0.011124386452138424,0.0111219622194767,0.01112300157546997
"DM-3652",False,"test",0.011122208088636398,0.011122225783765316,0.011122399009764194,0.011122722178697586,0.8998955488204956,0.011123236268758774,0.011122372932732105,0.011124375276267529,0.011121965013444424,0.011123004369437695
"DM-3651",False,"test",0.0,0.271119087934494,0.17207874357700348,0.0,0.0,0.07957581430673599,0.0,0.0,0.27341005206108093,0.18992549180984497
"DM-3648",True,"test",0.01113138347864151,0.01113138534128666,0.011131878942251205,0.01113181747496128,0.8998095989227295,0.011133462190628052,0.01113146636635065,0.011135370470583439,0.01113115157932043,0.01113250944763422
"DM-3643",False,"test",0.0,0.3578896224498749,0.0,0.0,0.2198954075574875,0.39806634187698364,0.0,0.0,0.0,0.0
"DM-3637",False,"test",0.0,0.06888151913881302,0.0,0.0,0.0,0.0,0.0,0.894732654094696,0.0,0.0
"DM-3633",False,"test",0.06876858323812485,0.0,0.0,0.0,0.0,0.12208687514066696,0.14923182129859924,0.23603449761867523,0.4174647927284241,0.0
"DM-3619",False,"test",0.012464399449527264,0.2844579815864563,0.012465044856071472,0.012464656494557858,0.012463490478694439,0.01246631145477295,0.6158192753791809,0.0124649778008461,0.01246835757046938,0.01246543601155281
"DM-3618",False,"test",0.0,0.0,0.0,0.42978522181510925,0.0,0.0,0.5281206369400024,0.0,0.0,0.0
"DM-3612",True,"test",0.0,0.0,0.0,0.0,0.0,0.3252120018005371,0.0,0.0,0.19287718832492828,0.4397858679294586
"DM-3608",False,"test",0.0,0.0,0.0,0.45989784598350525,0.0,0.0,0.08958050608634949,0.4292934238910675,0.0,0.0
"DM-3571",False,"test",0.0,0.3270636796951294,0.0,0.0,0.0,0.0,0.2810851037502289,0.0,0.0,0.3699752390384674
"DM-3569",True,"test",0.03306661173701286,0.033070649951696396,0.03306664898991585,0.03306683897972107,0.033066827803850174,0.0330684557557106,0.3677109479904175,0.033066585659980774,0.3677498698234558,0.03306656330823898
"DM-3564",False,"test",0.024965692311525345,0.024967733770608902,0.02496556006371975,0.024965444579720497,0.024963708594441414,0.02496868185698986,0.3120798170566559,0.024966474622488022,0.4881901741027832,0.024966778233647346
"DM-3555",False,"test",0.0,0.0,0.0,0.0,0.0,0.0,0.0,0.0,0.0,0.9470628499984741
"DM-3522",False,"test",0.19516508281230927,0.0,0.15172328054904938,0.0,0.01737084425985813,0.16509585082530975,0.030605386942625046,0.04209079220890999,0.36447951197624207,0.0329282283782959
"DM-3518",False,"test",0.0,0.4896954894065857,0.0,0.0,0.0,0.13218173384666443,0.0,0.2206852287054062,0.13937973976135254,0.0
"DM-3515",False,"test",0.0,0.3456665873527527,0.0,0.3907632529735565,0.0,0.0,0.23646892607212067,0.0,0.0,0.0
"DM-3512",True,"test",0.0,0.0,0.0,0.3888503313064575,0.0,0.0,0.0,0.0,0.0,0.5711676478385925
"DM-3504",False,"test",0.020008333027362823,0.2271825075149536,0.020008839666843414,0.6127489805221558,0.020008744671940804,0.020007895305752754,0.020009497180581093,0.020008184015750885,0.020008353516459465,0.020008690655231476
"DM-3502",False,"test",0.0,0.31762900948524475,0.0,0.0,0.0,0.0,0.0,0.0,0.0,0.6096118092536926
"DM-3491",False,"test",0.0,0.0,0.0,0.0,0.15810047090053558,0.7848617434501648,0.0,0.0,0.0,0.0
"DM-3488",False,"test",0.0,0.0,0.0,0.18697650730609894,0.0,0.0,0.1844988763332367,0.14169661700725555,0.0,0.46051299571990967
"DM-3480",False,"test",0.0,0.0,0.0,0.0,0.0,0.0,0.08806415647268295,0.0,0.0,0.8876833915710449
"DM-3474",False,"test",0.0,0.0,0.0,0.08135199546813965,0.0,0.33714526891708374,0.0,0.0,0.0,0.5446216464042664
"DM-3459",False,"test",0.0,0.0,0.17836596071720123,0.2519538998603821,0.13895072042942047,0.0,0.0,0.0,0.0,0.4066692888736725
"DM-3450",False,"test",0.0,0.31952744722366333,0.0,0.0,0.0,0.42031610012054443,0.0,0.0,0.0,0.2412385642528534
"DM-3447",False,"test",0.0,0.2333286702632904,0.0,0.0,0.0,0.0,0.32253575325012207,0.0,0.0,0.4275098741054535
"DM-3442",False,"test",0.03048470802605152,0.016094155609607697,0.023370955139398575,0.0,0.0,0.0,0.0,0.013247804716229439,0.9156498312950134,0.0
"DM-3440",False,"test",0.0,0.26527872681617737,0.0,0.0,0.0,0.0,0.6509440541267395,0.0,0.05332724750041962,0.0
"DM-3437",False,"test",0.0,0.0,0.08876447379589081,0.3510373532772064,0.0,0.0,0.5251811742782593,0.0,0.0,0.0
"DM-3436",False,"test",0.0,0.3118603229522705,0.0,0.0,0.0,0.39132216572761536,0.2429499477148056,0.0,0.0,0.0
"DM-3390",False,"test",0.010003446601331234,0.010004539974033833,0.010003621689975262,0.010004181414842606,0.010003346018493176,0.010004092007875443,0.38993698358535767,0.5300297737121582,0.0100034074857831,0.010006547905504704
"DM-3380",True,"test",0.0,0.05422971397638321,0.0,0.0,0.0,0.3455243706703186,0.12807029485702515,0.4539415240287781,0.0,0.0
"DM-3373",False,"test",0.0,0.0,0.0,0.09804107248783112,0.0,0.0,0.0,0.6048309803009033,0.2559366524219513,0.0
"DM-3367",False,"test",0.0,0.0,0.28547176718711853,0.0,0.0,0.0,0.41023558378219604,0.0,0.0,0.27258187532424927
"DM-3365",False,"test",0.03335079550743103,0.03335316479206085,0.42904147505760193,0.03335331752896309,0.03335505351424217,0.033362992107868195,0.30411115288734436,0.03336331993341446,0.033351924270391464,0.03335677459836006
"DM-3347",False,"test",0.06698503345251083,0.13130222260951996,0.0,0.0,0.0,0.0,0.0,0.0,0.20894135534763336,0.5845330357551575
"DM-3264",False,"test",0.0,0.0,0.0,0.18750540912151337,0.0,0.0,0.17669498920440674,0.16015508770942688,0.0,0.4561629593372345
"DM-3259",False,"test",0.20783604681491852,0.0,0.0,0.0,0.0,0.34906983375549316,0.0,0.4241514205932617,0.0,0.0
"DM-3245",True,"test",0.0,0.09617866575717926,0.0,0.3014672100543976,0.0,0.0,0.1714373379945755,0.0,0.0,0.40202951431274414
"DM-3237",False,"test",0.0,0.0,0.0,0.0,0.0,0.0,0.5125035047531128,0.08607370406389236,0.0,0.3871234357357025
"DM-3204",False,"test",0.020023003220558167,0.020005082711577415,0.020004723221063614,0.020005039870738983,0.5902202725410461,0.020005900412797928,0.24971148371696472,0.020006965845823288,0.02000899240374565,0.020008476451039314
"DM-3199",False,"test",0.0,0.0,0.0,0.0,0.0,0.0,0.3410301208496094,0.0,0.0,0.6293699741363525
"DM-3179",False,"test",0.014288358390331268,0.014289303682744503,0.014288313686847687,0.014288620091974735,0.014290438033640385,0.014288483187556267,0.8713996410369873,0.014289424754679203,0.014288535341620445,0.01428887527436018
"DM-3176",False,"test",0.014288357459008694,0.01428930088877678,0.014288312755525112,0.014288618229329586,0.014290163293480873,0.014288482256233692,0.8713999390602112,0.014289398677647114,0.01428853441029787,0.014288874343037605
"DM-3163",True,"test",0.2723793387413025,0.0,0.0,0.0,0.0,0.0,0.0,0.0,0.0,0.6957899332046509
"DM-3161",False,"test",0.0,0.0,0.0,0.0,0.29028967022895813,0.0,0.0,0.33050981163978577,0.31568390130996704,0.0
"DM-3159",False,"test",0.014304295182228088,0.014304153621196747,0.01430486235767603,0.014308970421552658,0.01430901326239109,0.014303380623459816,0.871243953704834,0.0143064484000206,0.014304840005934238,0.014310107566416264
"DM-3140",False,"test",0.0,0.8066096901893616,0.0,0.0,0.0,0.0,0.0,0.0,0.11347197741270065,0.0
"DM-3139",False,"test",0.010003977455198765,0.281978577375412,0.010005002841353416,0.010004919953644276,0.010004781186580658,0.010003824718296528,0.01000420656055212,0.6379841566085815,0.010004924610257149,0.010005610063672066
"DM-3112",False,"test",0.8692973852157593,0.0,0.07703996449708939,0.0,0.0,0.04229411855340004,0.0,0.0,0.0,0.0
"DM-3038",False,"test",0.025003114715218544,0.025004135444760323,0.025004003196954727,0.02500566467642784,0.025002429261803627,0.02500511333346367,0.025013219565153122,0.025008348748087883,0.02500324510037899,0.7749507427215576
"DM-3022",False,"test",0.3405742347240448,0.23539985716342926,0.014252838678658009,0.014248641207814217,0.01424693688750267,0.014247260056436062,0.1936160922050476,0.1449192464351654,0.014247062616050243,0.014247845858335495
"DM-2983",False,"test",0.0,0.3544660210609436,0.0,0.0,0.34739115834236145,0.0,0.0,0.24425193667411804,0.0,0.0
"DM-2980",True,"test",0.0,0.4253164529800415,0.0,0.0,0.1156989261507988,0.20973297953605652,0.0,0.0,0.1278097927570343,0.11266425997018814
"DM-2966",False,"test",0.0,0.0,0.2509244680404663,0.0,0.6877538561820984,0.0,0.0,0.0,0.0,0.0
"DM-2953",False,"test",0.10769543796777725,0.34770458936691284,0.0,0.0,0.0,0.0,0.4951578676700592,0.0,0.0,0.0
"DM-2950",False,"test",0.0,0.0,0.0,0.18299326300621033,0.0,0.0,0.0,0.29099345207214355,0.0,0.4956215023994446
"DM-2949",False,"test",0.0,0.21235112845897675,0.0,0.0,0.0,0.18504196405410767,0.44500505924224854,0.14217710494995117,0.0,0.0
"DM-2935",False,"test",0.0,0.0,0.10727418214082718,0.0,0.0,0.2663927376270294,0.29894956946372986,0.30132216215133667,0.0,0.0
"DM-2924",False,"test",0.0,0.3426722586154938,0.0,0.0,0.0,0.0,0.0,0.080561563372612,0.17397025227546692,0.38650134205818176
"DM-2923",True,"test",0.0,0.0,0.1769539713859558,0.0,0.0,0.0,0.0,0.0,0.4620019793510437,0.31102094054222107
"DM-2919",False,"test",0.0,0.48390012979507446,0.042839713394641876,0.08218193799257278,0.0,0.09783509373664856,0.1654755175113678,0.0,0.0,0.11910495162010193
"DM-2915",True,"test",0.06846478581428528,0.0,0.034039873629808426,0.0,0.3036075234413147,0.3282703161239624,0.0,0.0,0.042110294103622437,0.21693886816501617
"DM-2911",False,"test",0.01667025499045849,0.016670234501361847,0.01667013205587864,0.016670478507876396,0.016673587262630463,0.016670340672135353,0.849962055683136,0.016671612858772278,0.016670385375618935,0.016670869663357735
"DM-2892",False,"test",0.0,0.09073064476251602,0.0,0.0,0.0,0.0,0.6100095510482788,0.0,0.0,0.28214678168296814
"DM-2887",True,"test",0.0,0.0,0.0,0.15198686718940735,0.0,0.3625680208206177,0.0,0.0,0.0,0.4743845760822296
"DM-2883",False,"test",0.19624564051628113,0.3261118233203888,0.0,0.2970457375049591,0.0,0.0,0.0,0.1615181565284729,0.0,0.0
"DM-2865",False,"test",0.010004512965679169,0.010005795396864414,0.010006211698055267,0.010005449876189232,0.010005532763898373,0.9099520444869995,0.010003626346588135,0.010006765834987164,0.01000454742461443,0.010005520656704903
"DM-2864",False,"test",0.0,0.0,0.0,0.14719843864440918,0.0,0.20231708884239197,0.0,0.0,0.0,0.641788899898529
"DM-2858",False,"test",0.08158963918685913,0.0,0.0,0.0,0.0,0.273960143327713,0.2615228593349457,0.0,0.0653667002916336,0.3028881251811981
"DM-2856",False,"test",0.0,0.0,0.15529850125312805,0.0,0.0,0.0,0.49616867303848267,0.216493621468544,0.1170211061835289,0.0
"DM-2843",True,"test",0.513186514377594,0.024913234636187553,0.02491447702050209,0.02491929940879345,0.2874978184700012,0.024913787841796875,0.024913981556892395,0.02491205371916294,0.024912633001804352,0.02491624839603901
"DM-2803",False,"test",0.0,0.0,0.0,0.0,0.0,0.0,0.765373945236206,0.0,0.0,0.196513369679451
"DM-2797",True,"test",0.0,0.8459665775299072,0.0,0.0,0.0,0.0,0.12644171714782715,0.0,0.0,0.0
"DM-2787",True,"test",0.03963860496878624,0.08356887847185135,0.01319895125925541,0.0,0.0,0.06935926526784897,0.06570013612508774,0.4492717385292053,0.2767062485218048,0.0
"DM-2779",False,"test",0.09154617786407471,0.0,0.0,0.0,0.0,0.0,0.0,0.0,0.0,0.8751007914543152
"DM-2748",False,"test",0.0,0.20477500557899475,0.0,0.0,0.0,0.38668093085289,0.0,0.0,0.0,0.3716844916343689
"DM-2737",False,"test",0.01872699335217476,0.0,0.0,0.0,0.1694016456604004,0.45353689789772034,0.27884379029273987,0.0,0.07071241736412048,0.0
"DM-2735",False,"test",0.0,0.0,0.06164172291755676,0.0,0.04979928210377693,0.0,0.0,0.8650714159011841,0.0,0.0
"DM-2722",True,"test",0.12453556060791016,0.0,0.0,0.0,0.0,0.0,0.33808302879333496,0.0,0.0,0.5081852078437805
"DM-2720",False,"test",0.4413353204727173,0.0,0.0,0.0,0.0,0.0,0.0,0.0,0.0,0.5145024061203003
"DM-2715",False,"test",0.016670256853103638,0.6546069979667664,0.016669712960720062,0.01666996255517006,0.21202819049358368,0.01667100004851818,0.01667061634361744,0.01667081005871296,0.016670677810907364,0.016671745106577873
"DM-2711",False,"test",0.37350913882255554,0.0,0.0,0.0,0.0,0.0,0.20591025054454803,0.0,0.0,0.3768135607242584
"DM-2699",True,"test",0.0,0.16633227467536926,0.0735074132680893,0.0,0.0,0.07865684479475021,0.18888084590435028,0.0,0.0,0.48572659492492676
"DM-2698",False,"test",0.07369358092546463,0.0,0.0,0.17472514510154724,0.0,0.0,0.44975343346595764,0.0,0.0,0.2904798984527588
"DM-2693",False,"test",0.0,0.3667396903038025,0.0,0.0,0.0,0.0,0.0,0.0,0.0,0.5932502150535583
"DM-2679",False,"test",0.0,0.0,0.0,0.3089263439178467,0.0,0.0,0.39138469099998474,0.1042112410068512,0.1811811774969101,0.0
"DM-2659",False,"test",0.07991137355566025,0.0,0.09752490371465683,0.11280068010091782,0.0,0.07293648272752762,0.0,0.155375674366951,0.0,0.4721381366252899
"DM-2635",True,"test",0.0,0.3391747772693634,0.13417184352874756,0.0,0.0,0.0,0.17721202969551086,0.0,0.0,0.3254244029521942
"DM-2627",False,"test",0.0,0.0,0.0,0.0865209624171257,0.0,0.0,0.48894405364990234,0.15686966478824615,0.05813723802566528,0.19669800996780396
"DM-2618",False,"test",0.020029619336128235,0.020032983273267746,0.819685697555542,0.020032787695527077,0.02002830244600773,0.0200283732265234,0.020038744434714317,0.02005050703883171,0.02002902328968048,0.020043930038809776
"DM-2599",False,"test",0.0888030007481575,0.46945714950561523,0.0,0.37517112493515015,0.0,0.0,0.0,0.04931100830435753,0.0,0.0
"DM-2558",True,"test",0.0,0.0,0.0,0.0,0.0,0.0,0.9307942390441895,0.0,0.0,0.0
"DM-2556",False,"test",0.02502702921628952,0.025028524920344353,0.025032883509993553,0.2745036780834198,0.025027479976415634,0.02502702921628952,0.025027286261320114,0.02502703107893467,0.02502702921628952,0.525272011756897
"DM-2547",False,"test",0.0,0.0,0.0,0.0,0.0,0.43317919969558716,0.2519941031932831,0.09775422513484955,0.20452842116355896,0.0
"DM-2545",False,"test",0.0,0.0,0.0,0.32134953141212463,0.0,0.0,0.0,0.0,0.0,0.6400942802429199
"DM-2537",False,"test",0.0,0.0,0.0,0.284871369600296,0.0,0.3436390161514282,0.0,0.0,0.0,0.34960073232650757
"DM-2521",False,"test",0.0,0.0,0.0,0.0,0.0,0.0,0.0,0.68636155128479,0.25229617953300476,0.0
"DM-2519",False,"test",0.0,0.0,0.0,0.0,0.0,0.11569508910179138,0.0,0.0,0.0,0.8442854285240173
"DM-2511",False,"test",0.0,0.0,0.0,0.29178759455680847,0.0,0.0,0.0,0.666067898273468,0.0,0.0
"DM-2506",False,"test",0.0,0.0,0.0,0.7227573394775391,0.0,0.0,0.22006909549236298,0.0,0.0,0.0
"DM-2475",False,"test",0.01667025312781334,0.016670232638716698,0.01667013019323349,0.016670476645231247,0.016672834753990173,0.016670338809490204,0.8499628901481628,0.016671599820256233,0.016670383512973785,0.016670869663357735
"DM-2451",False,"test",0.0,0.0,0.0,0.0,0.0,0.4167523682117462,0.2507123351097107,0.1067548394203186,0.21297092735767365,0.0
"DM-2437",False,"test",0.0,0.4049409031867981,0.0,0.14548124372959137,0.0,0.0,0.0,0.0,0.0,0.42961859703063965
"DM-2434",False,"test",0.0,0.0,0.0,0.0919116958975792,0.09885574132204056,0.0,0.1844751536846161,0.0,0.0,0.6103233695030212
"DM-2427",False,"test",0.05514802783727646,0.0,0.2799217104911804,0.1610151082277298,0.0,0.0,0.0,0.0,0.0,0.4850071668624878
"DM-2426",False,"test",0.27681878209114075,0.0995970293879509,0.0,0.0,0.0,0.13662023842334747,0.26847830414772034,0.0,0.0,0.20887520909309387
"DM-2419",False,"test",0.0,0.0,0.0,0.0,0.0,0.0,0.06808193027973175,0.6748412847518921,0.0,0.2320898175239563
"DM-2417",False,"test",0.0,0.0,0.0,0.0,0.0,0.0,0.5336121916770935,0.0,0.4409819543361664,0.013602199032902718
"DM-2380",False,"test",0.0,0.0,0.0,0.0,0.0,0.23687969148159027,0.130893737077713,0.0,0.0,0.6027045845985413
"DM-2364",False,"test",0.0,0.0,0.0,0.09886936843395233,0.0,0.0,0.0,0.0,0.12113109230995178,0.7509414553642273
"DM-2320",False,"test",0.1952006220817566,0.1775345802307129,0.0,0.0,0.0,0.5903936624526978,0.0,0.0,0.0,0.0
"DM-2309",False,"test",0.0,0.5598204135894775,0.0,0.0,0.39317068457603455,0.0,0.0,0.0,0.0,0.0
"DM-2282",False,"test",0.0,0.0,0.0,0.0,0.09363255649805069,0.0,0.0,0.0,0.0,0.8682361245155334
"DM-2279",False,"test",0.1938258707523346,0.020009370520710945,0.02001095376908779,0.020010102540254593,0.020017586648464203,0.020009111613035202,0.020013907924294472,0.020009176805615425,0.020009033381938934,0.6460849046707153
"DM-2262",False,"test",0.24323517084121704,0.5966848731040955,0.020006826147437096,0.020005779340863228,0.020008869469165802,0.020010095089673996,0.020014360547065735,0.0200104508548975,0.02001660317182541,0.02000696212053299
"DM-2253",False,"test",0.0,0.5639091730117798,0.0,0.0,0.0,0.05390777066349983,0.27920767664909363,0.0,0.08421554416418076,0.0
"DM-2243",False,"test",0.0,0.0,0.0,0.0,0.0,0.0,0.11942176520824432,0.807920515537262,0.0,0.0
"DM-2201",True,"test",0.0,0.4721044898033142,0.0,0.0,0.0,0.0,0.0,0.0,0.4479956328868866,0.0
"DM-2199",False,"test",0.01429634541273117,0.014296561479568481,0.1790577471256256,0.014296690933406353,0.014298863708972931,0.01429693028330803,0.7065641283988953,0.014297615736722946,0.014298106543719769,0.014297033660113811
"DM-2193",True,"test",0.0,0.17832568287849426,0.0,0.0,0.0,0.0,0.0,0.0,0.0,0.7836192846298218
"DM-2190",False,"test",0.0,0.0,0.0,0.0,0.0,0.0,0.1135898157954216,0.082120880484581,0.0,0.7837068438529968
"DM-2189",False,"test",0.025004742667078972,0.02502458542585373,0.025003744289278984,0.025005633011460304,0.025009335950016975,0.02500501647591591,0.02501531131565571,0.7749183177947998,0.025004839524626732,0.025008518248796463
"DM-2188",False,"test",0.0,0.0,0.0,0.3885686695575714,0.0,0.0,0.0,0.5903552770614624,0.0,0.0
"DM-2186",True,"test",0.0,0.773904025554657,0.0,0.0,0.0,0.0,0.1941431760787964,0.0,0.0,0.0
"DM-2177",False,"test",0.0,0.0,0.04741528630256653,0.0,0.23822766542434692,0.0,0.0,0.2155577838420868,0.0,0.48116180300712585
"DM-2171",False,"test",0.0,0.0,0.0,0.0,0.0,0.0,0.0,0.4229048490524292,0.0,0.527123212814331
"DM-2161",False,"test",0.0,0.2219081073999405,0.0,0.0,0.0,0.0,0.0,0.13484391570091248,0.08968530595302582,0.5159978270530701
"DM-2141",False,"test",0.0,0.37955909967422485,0.0,0.0,0.0,0.0,0.4419174790382385,0.0,0.13831354677677155,0.0
"DM-2060",False,"test",0.019956393167376518,0.01995779573917389,0.01995770074427128,0.019958246499300003,0.01995924673974514,0.0199584923684597,0.01995963230729103,0.8203759789466858,0.01995786651968956,0.01995866559445858
"DM-2022",False,"test",0.010001536458730698,0.46124836802482605,0.010001925751566887,0.010003792122006416,0.010003500618040562,0.010003309696912766,0.45872586965560913,0.010003998875617981,0.010004018433392048,0.010003638453781605
"DM-2009",False,"test",0.924970805644989,0.0,0.0,0.0,0.0,0.0,0.0,0.0,0.0,0.0
"DM-2001",False,"test",0.0,0.42149806022644043,0.0,0.13299627602100372,0.0,0.0,0.0,0.0,0.0,0.4138755798339844
"DM-1978",False,"test",0.0,0.0,0.0,0.4331740736961365,0.0,0.0,0.059701789170503616,0.0,0.11893226951360703,0.35066908597946167
"DM-1974",False,"test",0.0,0.0,0.0,0.0,0.0,0.25862616300582886,0.0,0.0,0.27053409814834595,0.4375685453414917
"DM-1973",False,"test",0.01662810519337654,0.016628088429570198,0.01662798970937729,0.016628319397568703,0.016632545739412308,0.016628213226795197,0.8503403663635254,0.01662948727607727,0.016628220677375793,0.01662871055305004
"DM-1961",False,"test",0.0,0.0,0.0,0.0,0.0,0.0,0.19470828771591187,0.7552793622016907,0.0,0.0
"DM-1952",False,"test",0.0,0.0,0.0,0.10135143995285034,0.0,0.8012549877166748,0.0,0.0712619423866272,0.0,0.0
"DM-1946",False,"test",0.0,0.0,0.0,0.0,0.3872869908809662,0.0,0.05416558310389519,0.10398511588573456,0.0,0.4320656657218933
"DM-1943",False,"test",0.0,0.12847957015037537,0.0,0.0,0.0,0.0,0.0,0.24156294763088226,0.0,0.6074063181877136
"DM-1926",False,"test",0.01666818931698799,0.016672495752573013,0.016669025644659996,0.016670111566781998,0.01666858047246933,0.8499679565429688,0.01667213998734951,0.016669632866978645,0.016668984666466713,0.0166728924959898
"DM-1917",False,"test",0.39217403531074524,0.3576729893684387,0.0,0.20837882161140442,0.0,0.0,0.0,0.0,0.0,0.0
"DM-1900",True,"test",0.08776338398456573,0.0,0.0,0.0,0.0,0.10546289384365082,0.0,0.7770609855651855,0.0,0.0
"DM-1896",False,"test",0.0,0.0,0.0,0.0,0.0,0.0,0.11900442838668823,0.0,0.0,0.8502262234687805
"DM-1884",False,"test",0.0,0.0,0.0,0.0,0.0,0.2846813201904297,0.0,0.0,0.06931988894939423,0.6126473546028137
"DM-1845",False,"test",0.0,0.5737352967262268,0.0,0.18188384175300598,0.0,0.0,0.13134607672691345,0.0,0.08800684660673141,0.0
"DM-1844",False,"test",0.014287603087723255,0.014288434758782387,0.014287957921624184,0.014287782832980156,0.014287442900240421,0.014288347214460373,0.014295938424766064,0.8713991045951843,0.01428782008588314,0.014289550483226776
"DM-1841",False,"test",0.0,0.044455405324697495,0.0,0.0,0.0,0.35046929121017456,0.2052440494298935,0.0,0.0,0.3887050449848175
"DM-1814",False,"test",0.0,0.0,0.25108519196510315,0.0,0.0,0.7018189430236816,0.0,0.0,0.0,0.0
"DM-1811",False,"test",0.0,0.0,0.0,0.0,0.0,0.5789890289306641,0.0,0.35944515466690063,0.0,0.0
"DM-1809",False,"test",0.016698075458407402,0.01669941283762455,0.016699517145752907,0.016699068248271942,0.016700206324458122,0.01670117676258087,0.016697227954864502,0.24436399340629578,0.016698407009243965,0.6220428943634033
"DM-1794",True,"test",0.0,0.8280149698257446,0.0,0.0,0.0,0.0,0.0,0.14243102073669434,0.0,0.0
"DM-1792",False,"test",0.0,0.9308205842971802,0.0,0.0,0.0,0.0,0.0,0.0,0.0,0.0
"DM-1788",False,"test",0.0,0.4700974225997925,0.0,0.03873087838292122,0.0,0.0,0.0,0.18968820571899414,0.17412719130516052,0.11928446590900421
"DM-1787",False,"test",0.0,0.2356889545917511,0.0,0.0,0.0,0.0,0.059344250708818436,0.16098906099796295,0.2245669811964035,0.3141099512577057
"DM-1777",False,"test",0.0,0.0,0.0,0.28520137071609497,0.0,0.16185611486434937,0.14129072427749634,0.3903902471065521,0.0,0.0
"DM-1771",False,"test",0.0,0.21625041961669922,0.0,0.0,0.0,0.23453079164028168,0.0,0.0,0.0,0.5232812166213989
"DM-1766",True,"test",0.0,0.22398610413074493,0.0,0.08657226711511612,0.0,0.4783107340335846,0.1861133724451065,0.0,0.0,0.0
"DM-1762",True,"test",0.0,0.0,0.0,0.0,0.0,0.0,0.32530659437179565,0.0403633639216423,0.17501747608184814,0.44697263836860657
"DM-1743",False,"test",0.0,0.0,0.0,0.17920896410942078,0.0,0.2848336398601532,0.2225985825061798,0.0,0.0,0.29256030917167664
"DM-1732",False,"test",0.0,0.0,0.0,0.10056206583976746,0.0,0.4430190324783325,0.0,0.0,0.12045878916978836,0.33423325419425964
"DM-1731",False,"test",0.0,0.0,0.0,0.2730933725833893,0.0,0.0,0.0,0.0885123685002327,0.10076289623975754,0.5102516412734985
"DM-1700",False,"test",0.0,0.2634012699127197,0.0,0.0,0.2374127060174942,0.0,0.0,0.0,0.4452943503856659,0.0
"DM-1696",False,"test",0.01663864403963089,0.01664290949702263,0.016639264300465584,0.4180195927619934,0.016646485775709152,0.016640156507492065,0.01664070598781109,0.4488483667373657,0.01664051227271557,0.016643347218632698
"DM-1695",True,"test",0.0333392359316349,0.033364295959472656,0.03334636613726616,0.6998039484024048,0.03339597210288048,0.03334888443350792,0.03334997221827507,0.033345773816108704,0.033343613147735596,0.03336199000477791
"DM-1676",False,"test",0.0200041476637125,0.020007077604532242,0.25448212027549744,0.02000490203499794,0.020011691376566887,0.02000599168241024,0.020005617290735245,0.020006416365504265,0.020004549995064735,0.5854674577713013
"DM-1674",False,"test",0.024961596354842186,0.2955588698387146,0.024958902969956398,0.02495986968278885,0.02496306784451008,0.024963360279798508,0.024967346340417862,0.024962235242128372,0.024959992617368698,0.5047447085380554
"DM-1641",False,"test",0.0,0.0,0.0,0.0,0.42635491490364075,0.0,0.0,0.0,0.12786532938480377,0.4153199791908264
"DM-1632",False,"test",0.0,0.0,0.0,0.08464887738227844,0.0,0.08044320344924927,0.5408501625061035,0.0,0.0,0.2853151559829712
"DM-1626",False,"test",0.0,0.0,0.0,0.14850598573684692,0.2700808644294739,0.0,0.0,0.0,0.0,0.517740786075592
"DM-1618",False,"test",0.0,0.0,0.10922356694936752,0.0,0.0,0.0,0.0,0.0,0.22844798862934113,0.6084634065628052
"DM-1615",False,"test",0.0,0.0,0.0,0.0,0.0,0.0,0.0,0.1891966462135315,0.0,0.7885710000991821
"DM-1610",False,"test",0.0,0.0,0.0,0.45645877718925476,0.0,0.0,0.22252413630485535,0.0,0.0,0.28596097230911255
"DM-1590",False,"test",0.0,0.0,0.0,0.0,0.0,0.05447816476225853,0.0,0.29102781414985657,0.0,0.6104806661605835
"DM-1588",True,"test",0.01429077796638012,0.014292680658400059,0.014293180778622627,0.28452977538108826,0.388653427362442,0.014293069019913673,0.01429295726120472,0.22676056623458862,0.014302516356110573,0.014291019178926945
"DM-1587",True,"test",0.014289985410869122,0.014292404986917973,0.014290949329733849,0.3839409649372101,0.014302385970950127,0.014294855296611786,0.014294133521616459,0.5017015933990479,0.014300080947577953,0.014292648993432522
"DM-1585",False,"test",0.0,0.0,0.0,0.0,0.0,0.0,0.12393433600664139,0.18342402577400208,0.14488305151462555,0.529148280620575
"DM-1576",False,"test",0.0,0.0,0.0,0.08421196788549423,0.0,0.0,0.0677962452173233,0.5420042276382446,0.07357284426689148,0.21957947313785553
"DM-1573",False,"test",0.0,0.0,0.0,0.0,0.04719763994216919,0.0,0.0,0.8956331610679626,0.0,0.0
"DM-1570",False,"test",0.0,0.6178579330444336,0.0,0.0,0.0,0.0,0.22300149500370026,0.11246092617511749,0.0,0.0
"DM-1545",True,"test",0.013902148231863976,0.013903671875596046,0.013902834616601467,0.013905210420489311,0.4321269989013672,0.013904545456171036,0.013904489576816559,0.013903718441724777,0.01390461903065443,0.4566417634487152
"DM-1538",False,"test",0.0,0.0,0.0,0.0,0.0,0.0,0.9307318925857544,0.0,0.0,0.0
"DM-1531",False,"test",0.019977906718850136,0.019976817071437836,0.01997523196041584,0.019984878599643707,0.019977157935500145,0.019976941868662834,0.019975299015641212,0.019976859912276268,0.8202006816864014,0.019978176802396774
"DM-1525",False,"test",0.0,0.0,0.019512295722961426,0.04657411947846413,0.0,0.2289872020483017,0.0,0.0,0.3756504952907562,0.31894007325172424
"DM-1515",False,"test",0.0,0.23633405566215515,0.0,0.0,0.0,0.4660484790802002,0.08097217977046967,0.0,0.1346266120672226,0.07355658710002899
"DM-1488",False,"test",0.0,0.0,0.0,0.0,0.0,0.0,0.40637829899787903,0.0,0.0,0.540256679058075
"DM-1482",False,"test",0.0,0.39282962679862976,0.0,0.0,0.0,0.1630069613456726,0.23476426303386688,0.0,0.18331429362297058,0.0
"DM-1473",False,"test",0.0,0.5760559439659119,0.0,0.05947636067867279,0.0,0.07890249043703079,0.0,0.0934138223528862,0.0,0.18646958470344543
"DM-1461",False,"test",0.0,0.0,0.0,0.0,0.5066814422607422,0.0,0.0,0.0,0.0,0.4361368417739868
"DM-1456",True,"test",0.019955918192863464,0.8203842043876648,0.01995590142905712,0.01995447650551796,0.0199564378708601,0.019956151023507118,0.01995866559445858,0.019966162741184235,0.019955569878220558,0.019956545904278755
"DM-1453",False,"test",0.0,0.0,0.0,0.0,0.0,0.0,0.6688657402992249,0.0,0.0,0.2840564548969269
"DM-1439",False,"test",0.0,0.40242236852645874,0.0,0.10042265057563782,0.0,0.0,0.0,0.15821033716201782,0.32419154047966003,0.0
"DM-1431",True,"test",0.0,0.4973113238811493,0.0,0.0,0.18489135801792145,0.0,0.0,0.0,0.28596267104148865,0.0
"DM-1404",False,"test",0.0,0.0,0.0,0.0,0.0,0.0,0.0,0.0,0.2844940423965454,0.6954929828643799
"DM-1389",False,"test",0.02032078243792057,0.29769498109817505,0.5397369861602783,0.020321212708950043,0.020320145413279533,0.02032315917313099,0.020320527255535126,0.02032083086669445,0.020320096984505653,0.020321283489465714
"DM-1388",False,"test",0.011130046099424362,0.18494538962841034,0.19011186063289642,0.011130169034004211,0.011130107566714287,0.011131353676319122,0.011130041442811489,0.5470288991928101,0.01113016065210104,0.011131993494927883
"DM-1362",False,"test",0.0,0.6362379193305969,0.13289634883403778,0.0,0.1116769015789032,0.0,0.0,0.0,0.0,0.09981159120798111
"DM-1355",False,"test",0.0,0.16952012479305267,0.0,0.0,0.0,0.22381390631198883,0.2725628614425659,0.0,0.07798498868942261,0.24650150537490845
"DM-1331",False,"test",0.08091781288385391,0.0,0.3249076306819916,0.21815066039562225,0.0,0.3506458103656769,0.0,0.0,0.0,0.0
"DM-1318",False,"test",0.0,0.27207550406455994,0.0,0.0,0.0,0.0,0.0,0.3150937855243683,0.37597212195396423,0.0
"DM-1311",False,"test",0.0,0.0,0.6440791487693787,0.0,0.0,0.0,0.0,0.31577587127685547,0.0,0.0
"DM-1295",False,"test",0.0,0.3703339397907257,0.09449440240859985,0.0,0.09866713732481003,0.4092147648334503,0.0,0.0,0.0,0.0
"DM-1294",False,"test",0.0,0.4337398111820221,0.0,0.0,0.0,0.1946292221546173,0.0,0.0,0.0,0.339753121137619
"DM-1291",False,"test",0.0,0.3760071396827698,0.0,0.0,0.0,0.22653606534004211,0.0,0.3715400695800781,0.0,0.0
"DM-1286",False,"test",0.04151090234518051,0.0,0.0,0.03933755308389664,0.0,0.0,0.0,0.46818631887435913,0.0,0.43631505966186523
"DM-1258",True,"test",0.0,0.19093434512615204,0.04723329097032547,0.0,0.0,0.0,0.43226227164268494,0.0,0.0,0.301205039024353
"DM-1255",False,"test",0.024947136640548706,0.02494560182094574,0.024946168065071106,0.02495134249329567,0.02495625428855419,0.02494753897190094,0.024947134777903557,0.024948326870799065,0.024945303797721863,0.7754652500152588
"DM-1254",False,"test",0.024936120957136154,0.024933885782957077,0.02493618056178093,0.024942439049482346,0.024943102151155472,0.024937573820352554,0.024935299530625343,0.7755639553070068,0.024932999163866043,0.02493848279118538
"DM-1251",True,"test",0.019937248900532722,0.019938115030527115,0.01993757300078869,0.019940540194511414,0.019944434985518456,0.4636188745498657,0.3768594264984131,0.019941288977861404,0.019940562546253204,0.019941888749599457
"DM-1250",True,"test",0.019914163276553154,0.01992022432386875,0.019915208220481873,0.019918203353881836,0.31228402256965637,0.0199205931276083,0.5283617973327637,0.019916480407118797,0.01992916315793991,0.019920194521546364
"DM-1249",True,"test",0.0,0.0,0.0,0.0,0.0,0.14864709973335266,0.0,0.1896689087152481,0.0,0.607808530330658
"DM-1218",False,"test",0.0,0.6500436663627625,0.0,0.0,0.0,0.0,0.0,0.0,0.0,0.3247030973434448
"DM-1217",False,"test",0.03245781362056732,0.2594379782676697,0.0,0.0,0.0,0.0,0.2971745729446411,0.0,0.08989398926496506,0.31541261076927185
"DM-1213",False,"test",0.0,0.3476496934890747,0.0,0.0,0.15593965351581573,0.0,0.19812524318695068,0.0,0.26969972252845764,0.0
"DM-1196",False,"test",0.0,0.17534418404102325,0.0,0.36294323205947876,0.0,0.0,0.0,0.37980222702026367,0.061158157885074615,0.0
"DM-1188",False,"test",0.0,0.5892431735992432,0.0,0.0,0.15391391515731812,0.0,0.08666504174470901,0.0,0.0,0.1539262980222702
"DM-1152",False,"test",0.0,0.0933314859867096,0.0,0.0831456407904625,0.0,0.0,0.14355376362800598,0.0,0.0,0.6684922575950623
"DM-1087",True,"test",0.0,0.0,0.04741499200463295,0.0,0.23820047080516815,0.0,0.0,0.21551424264907837,0.0,0.48123282194137573
"DM-1086",False,"test",0.0,0.08982191234827042,0.0,0.3351645767688751,0.0,0.0,0.0,0.0,0.47920575737953186,0.07697093486785889
"DM-1076",False,"test",0.2656596302986145,0.6943304538726807,0.0,0.0,0.0,0.0,0.0,0.0,0.0,0.0
"DM-1058",False,"test",0.0,0.4434059262275696,0.0,0.0,0.0,0.0,0.0,0.0,0.0,0.5095145106315613
"DM-1055",False,"test",0.0,0.32645055651664734,0.0,0.04401188716292381,0.0,0.0,0.294130802154541,0.0,0.0,0.32364422082901
"DM-1054",False,"test",0.0,0.0,0.0,0.0,0.0,0.4906124770641327,0.0,0.0,0.0,0.4671212434768677
"DM-1041",False,"test",0.0,0.0,0.02039462886750698,0.0,0.0,0.17836114764213562,0.10787240415811539,0.15154635906219482,0.0,0.5346807241439819
"DM-1029",False,"test",0.0,0.0,0.0,0.0,0.018152879551053047,0.4841892421245575,0.4541933834552765,0.0,0.0,0.03519666939973831
"DM-1005",False,"test",0.012505320832133293,0.012507342733442783,0.01250513456761837,0.012505372986197472,0.012504694983363152,0.012509758584201336,0.012508324347436428,0.8874419927597046,0.012506295926868916,0.012505749240517616
"DM-1002",False,"test",0.0,0.20714320242404938,0.0,0.0,0.0,0.0,0.543473482131958,0.0,0.0,0.19935563206672668
"DM-991",False,"test",0.0,0.1969790756702423,0.0,0.0,0.0,0.13085155189037323,0.3713094890117645,0.2757973372936249,0.0,0.0
"DM-982",True,"test",0.0,0.43121668696403503,0.0,0.0,0.0,0.0,0.5324753522872925,0.0,0.0,0.0
"DM-977",False,"test",0.0,0.33902454376220703,0.3436093032360077,0.0,0.0,0.0,0.0,0.2822524309158325,0.0,0.0
"DM-967",False,"test",0.0,0.2661665678024292,0.0,0.0,0.0,0.0,0.5978479385375977,0.0,0.11996659636497498,0.0
"DM-958",True,"test",0.10364633798599243,0.0,0.0,0.11234213411808014,0.0,0.0,0.19682402908802032,0.0,0.0,0.5762755870819092
"DM-957",False,"test",0.0,0.0,0.0,0.24338771402835846,0.0,0.16468828916549683,0.0,0.0,0.0,0.5627211928367615
"DM-933",False,"test",0.10464253276586533,0.0,0.0,0.20911413431167603,0.0,0.29909923672676086,0.09257924556732178,0.0,0.0,0.283670037984848
"DM-911",False,"test",0.014371614903211594,0.014372228644788265,0.014371921308338642,0.22613899409770966,0.01437494345009327,0.014371782541275024,0.014371583238244057,0.014373707585036755,0.014371939934790134,0.6588813066482544
"DM-875",False,"test",0.0,0.18436063826084137,0.0,0.09493108838796616,0.0,0.2019367218017578,0.3408645987510681,0.0,0.0,0.16887661814689636
"DM-869",False,"test",0.0,0.0,0.0,0.0,0.0,0.6644290089607239,0.0,0.0,0.0,0.2936652600765228
"DM-862",False,"test",0.0,0.5395379662513733,0.16153648495674133,0.0,0.0,0.0,0.1356758177280426,0.0,0.14790327847003937,0.0
"DM-860",True,"test",0.014263932593166828,0.014263118617236614,0.014267530292272568,0.014265606179833412,0.014269325882196426,0.8716031908988953,0.014267112128436565,0.01426668744534254,0.014265202917158604,0.014268242754042149
"DM-848",False,"test",0.0,0.48247042298316956,0.08270133286714554,0.3081950545310974,0.0,0.0,0.0,0.0,0.0,0.11410621553659439
"DM-841",False,"test",0.0,0.0,0.0,0.7090261578559875,0.0,0.0,0.0,0.0,0.0,0.25888675451278687
"DM-837",True,"test",0.0,0.46432527899742126,0.031987566500902176,0.0,0.0,0.20509487390518188,0.0,0.0,0.0,0.28767263889312744
"DM-817",False,"test",0.0,0.0,0.0,0.0,0.0,0.0,0.9700266122817993,0.0,0.0,0.0
"DM-790",False,"test",0.024961913004517555,0.02496083825826645,0.02496117353439331,0.024963287636637688,0.02495741844177246,0.02495921216905117,0.024963369593024254,0.3717503845691681,0.024959735572338104,0.4285626709461212
"DM-787",False,"test",0.014274603687226772,0.01427688729017973,0.014275073073804379,0.01427729707211256,0.014276278205215931,0.01428295113146305,0.014277319423854351,0.6399115324020386,0.014276333153247833,0.24587170779705048
"DM-780",False,"test",0.0,0.0,0.0,0.0,0.0,0.0,0.0,0.17788992822170258,0.0,0.8004866242408752
"DM-767",False,"test",0.0,0.0,0.0,0.0,0.0,0.23082296550273895,0.0,0.18983511626720428,0.0,0.5488826632499695
"DM-766",False,"test",0.7311924695968628,0.2116398811340332,0.0,0.0,0.0,0.0,0.0,0.0,0.0,0.0
"DM-764",False,"test",0.0,0.6180310845375061,0.0,0.0,0.0,0.0,0.3361358046531677,0.0,0.0,0.0
"DM-751",False,"test",0.0,0.0,0.0,0.0,0.0,0.0,0.11958430707454681,0.0,0.6633040308952332,0.21400940418243408
"DM-750",True,"test",0.0,0.4363679587841034,0.0,0.0,0.0,0.0,0.0,0.3242475688457489,0.0,0.21750466525554657
"DM-742",True,"test",0.12667123973369598,0.5686567425727844,0.0,0.0,0.0,0.25465628504753113,0.0,0.0,0.0,0.0
"DM-710",False,"test",0.0,0.0,0.0,0.0,0.0,0.0,0.5063052773475647,0.0,0.16666573286056519,0.30201539397239685
"DM-680",True,"test",0.0,0.0,0.0,0.4067108929157257,0.0,0.059188876301050186,0.13969206809997559,0.0,0.0,0.38163167238235474
"DM-661",True,"test",0.0,0.0,0.0,0.3797491192817688,0.0,0.2603228688240051,0.1870569884777069,0.0,0.0,0.15890739858150482
"DM-658",True,"test",0.0,0.24951131641864777,0.0,0.09401722997426987,0.07373294979333878,0.0,0.0,0.0,0.0,0.5587348937988281
"DM-655",False,"test",0.0,0.0,0.09859564900398254,0.2437545359134674,0.0,0.09613500535488129,0.1367865949869156,0.05593317002058029,0.12139441817998886,0.2460515946149826
"DM-633",True,"test",0.0,0.0,0.0,0.23807111382484436,0.0,0.2987465560436249,0.3017456829547882,0.0,0.1299842745065689,0.0
"DM-630",True,"test",0.016968371346592903,0.0,0.0,0.0,0.024102218449115753,0.08443036675453186,0.1326475441455841,0.13652506470680237,0.4075315296649933,0.19638074934482574
"DM-626",True,"test",0.0,0.0,0.0,0.1840590238571167,0.0,0.08112820982933044,0.0,0.11595471948385239,0.0,0.6082946062088013
"DM-614",False,"test",0.0,0.3941095471382141,0.0,0.0,0.0,0.0,0.5498226881027222,0.0,0.0,0.0
"DM-613",True,"test",0.0,0.4634188711643219,0.0,0.0,0.0,0.0,0.13472020626068115,0.0,0.0,0.372684121131897
"DM-608",True,"test",0.23398065567016602,0.08964407444000244,0.0,0.0,0.0,0.0,0.16524285078048706,0.0,0.10255052894353867,0.3989630341529846
"DM-602",True,"test",0.0,0.0,0.0,0.0,0.19111190736293793,0.4477846324443817,0.0,0.0,0.0,0.32215574383735657
"DM-596",True,"test",0.0,0.4651104807853699,0.0,0.0,0.0,0.0,0.5158426761627197,0.0,0.0,0.0
"DM-590",False,"test",0.0,0.29491013288497925,0.0,0.30837759375572205,0.0,0.0,0.052777621895074844,0.0,0.0,0.333404004573822
"DM-561",False,"test",0.0,0.0,0.0,0.0,0.0,0.0,0.0,0.952618420124054,0.0,0.0
"DM-559",False,"test",0.3559305965900421,0.5304046273231506,0.0,0.0,0.0,0.08030935376882553,0.0,0.0,0.0,0.0
"DM-546",True,"test",0.0,0.0,0.0,0.0,0.0,0.0,0.2842806279659271,0.0,0.7128747701644897,0.0
"DM-527",False,"test",0.0,0.22259558737277985,0.0,0.4806891679763794,0.0,0.0,0.0,0.0,0.0,0.2617728114128113
"DM-518",False,"test",0.0,0.4776938855648041,0.0,0.0,0.0,0.1845277100801468,0.0,0.0,0.14211603999137878,0.16611579060554504
"DM-513",False,"test",0.0,0.0,0.0,0.0,0.11284457892179489,0.0,0.059422045946121216,0.0,0.0,0.8171085119247437
"DM-510",True,"test",0.0626063197851181,0.0,0.0,0.0,0.02312297560274601,0.0,0.19800417125225067,0.0,0.0,0.7094380259513855
"DM-470",True,"test",0.0,0.33075204491615295,0.0,0.0,0.0,0.0,0.0,0.0,0.15306547284126282,0.49248430132865906
"DM-468",False,"test",0.0,0.6831071376800537,0.0,0.0,0.0,0.0,0.0,0.0,0.0,0.28353771567344666
"DM-460",False,"test",0.0,0.0,0.0,0.0,0.0,0.0,0.0,0.13680973649024963,0.0,0.8267788887023926
"DM-448",False,"test",0.02002417854964733,0.6016712188720703,0.02002512663602829,0.02002440020442009,0.020027022808790207,0.020024817436933517,0.23812997341156006,0.020024703815579414,0.020024297758936882,0.020024288445711136
"DM-447",False,"test",0.0,0.743031919002533,0.0,0.0,0.0,0.12024858593940735,0.0,0.0,0.0,0.10846416652202606
"DM-446",True,"test",0.0,0.5688289403915405,0.0,0.0,0.0,0.16597019135951996,0.0,0.0,0.0,0.2319130152463913
"DM-445",False,"test",0.0,0.4278202950954437,0.0,0.15669222176074982,0.0,0.0,0.0,0.36048367619514465,0.034252312034368515,0.0
"DM-443",False,"test",0.0,0.10880641639232635,0.0862809270620346,0.0,0.0,0.0,0.19319036602973938,0.10469125211238861,0.0954270288348198,0.40621858835220337
"DM-433",False,"test",0.011093633249402046,0.31798985600471497,0.01109357550740242,0.011095925234258175,0.011093799024820328,0.011095337569713593,0.19209860265254974,0.412249356508255,0.011094499379396439,0.011095465160906315
"DM-430",False,"test",0.0,0.0,0.0,0.0,0.0,0.18227671086788177,0.0,0.3907535970211029,0.0,0.39516234397888184
"DM-429",True,"test",0.24529588222503662,0.11173610389232635,0.0,0.2949846386909485,0.0,0.0,0.06686181575059891,0.0,0.0,0.26968252658843994
"DM-366",False,"test",0.010002986527979374,0.2589379847049713,0.010003712959587574,0.010003110393881798,0.010005058720707893,0.010006033815443516,0.2817777395248413,0.010003873147070408,0.12529323995113373,0.2739662528038025
"DM-359",False,"test",0.0,0.0,0.0,0.0,0.0,0.19619177281856537,0.0,0.5895474553108215,0.0,0.19933828711509705
"DM-334",False,"test",0.0,0.3240807354450226,0.0,0.0,0.0,0.0,0.6296101212501526,0.0,0.0,0.0
"DM-321",False,"test",0.01249502133578062,0.4708404541015625,0.012492401525378227,0.012496724724769592,0.012494117952883244,0.012494332157075405,0.012493944726884365,0.012498348020017147,0.0125002171844244,0.42919448018074036
"DM-273",False,"test",0.0,0.0,0.0,0.0,0.0,0.2838532328605652,0.0,0.0,0.0,0.6661099195480347
"DM-242",True,"test",0.11165105551481247,0.1764426976442337,0.0,0.23320713639259338,0.0,0.0,0.1412152796983719,0.0,0.0,0.3252916932106018
"DM-240",True,"test",0.0,0.2953927218914032,0.0,0.0,0.22736169397830963,0.0,0.0,0.0,0.0,0.4647483229637146
"DM-215",True,"test",0.02001837268471718,0.020024554803967476,0.02001902461051941,0.23366262018680573,0.22248555719852448,0.020018529146909714,0.4037177264690399,0.020018143579363823,0.020017370581626892,0.020018097013235092
"DM-195",False,"test",0.04178917035460472,0.02589544840157032,0.10813307762145996,0.0,0.0,0.2855553925037384,0.31635308265686035,0.016720199957489967,0.0,0.20252346992492676
"DM-98",False,"test",0.011173832230269909,0.5208583474159241,0.20844322443008423,0.011173424310982227,0.011173121631145477,0.011175112798810005,0.011175033636391163,0.011173982173204422,0.011175746098160744,0.19247812032699585
"DM-78",False,"test",0.0,0.0,0.0,0.0,0.3275632858276367,0.0,0.17437393963336945,0.19294458627700806,0.0,0.28694823384284973
"DM-23",False,"test",0.025013253092765808,0.025006217882037163,0.025005677714943886,0.025007227435708046,0.02500571683049202,0.02500682882964611,0.02500740811228752,0.025006042793393135,0.7749360203742981,0.025005612522363663
"DM-22",False,"test",0.012504381127655506,0.6798534393310547,0.22009222209453583,0.012505226768553257,0.012506367638707161,0.012510808184742928,0.012504363432526588,0.01250685565173626,0.012509000487625599,0.012507372535765171
"DM-20",False,"test",0.012867008335888386,0.012871696613729,0.012867070734500885,0.01286732405424118,0.6033554673194885,0.012868449091911316,0.01286887563765049,0.2936972379684448,0.012867821380496025,0.012869028374552727
"DM-17",False,"test",0.0,0.0,0.0,0.0,0.3129945695400238,0.3061680793762207,0.0,0.0,0.0,0.32263946533203125
