"issue_key","sp_change","type","t0","t1","t2","t3","t4","t5","t6","t7","t8","t9","t10","t11","t12","t13","t14"
"TISTUD-7621",False,"train",0.0,0.0,0.0,0.0,0.0,0.0,0.0,0.0,0.0,0.0,0.0,0.9964483976364136,0.0,0.0,0.0
"TISTUD-8865",False,"train",0.941660463809967,0.0,0.0,0.0,0.0,0.0,0.0,0.0,0.0,0.0,0.0,0.0,0.0,0.0,0.0
"TISTUD-5441",False,"train",0.0,0.0,0.0,0.0,0.0,0.0,0.0,0.0,0.0,0.9766641855239868,0.0,0.0,0.0,0.0,0.0
"TISTUD-7171",False,"train",0.0,0.0,0.0,0.0,0.0,0.0,0.9870359301567078,0.0,0.0,0.0,0.0,0.0,0.0,0.0,0.0
"TISTUD-6890",False,"train",0.0,0.3361770510673523,0.0,0.0,0.0,0.0,0.0,0.0,0.0,0.0,0.6608321666717529,0.0,0.0,0.0,0.0
"TISTUD-7466",False,"train",0.0,0.0,0.0,0.0,0.0,0.0,0.9846981167793274,0.0,0.0,0.0,0.0,0.0,0.0,0.0,0.0
"TISTUD-5322",False,"train",0.0,0.9772339463233948,0.0,0.0,0.0,0.0,0.0,0.0,0.0,0.0,0.0,0.0,0.0,0.0,0.0
"TISTUD-6122",False,"train",0.0,0.0,0.0,0.0,0.0,0.0,0.0,0.0,0.0,0.0,0.0,0.0,0.0,0.0,0.9611073732376099
"TISTUD-8932",False,"train",0.0,0.0,0.0,0.0,0.0,0.0,0.0,0.0,0.0,0.0,0.971714973449707,0.0,0.0,0.0,0.0
"TISTUD-5403",False,"train",0.0,0.0,0.8113098740577698,0.0,0.0,0.0,0.0,0.0,0.0,0.16897538304328918,0.0,0.0,0.0,0.0,0.0
"TISTUD-4977",False,"train",0.0,0.0,0.0,0.0,0.0,0.9747709035873413,0.0,0.0,0.0,0.0,0.0,0.0,0.0,0.0,0.0
"TISTUD-8530",False,"train",0.0,0.0,0.0,0.0,0.0,0.0,0.0,0.0,0.0,0.0,0.9760568737983704,0.0,0.0,0.0,0.0
"TISTUD-7879",False,"train",0.0,0.0,0.0,0.0,0.0,0.9416521787643433,0.0,0.0,0.0,0.0,0.0,0.0,0.0,0.0,0.0
"TISTUD-8788",False,"train",0.0,0.0,0.0,0.0,0.0,0.0,0.0,0.22006088495254517,0.38992199301719666,0.38478031754493713,0.0,0.0,0.0,0.0,0.0
"TISTUD-6084",False,"train",0.5338850617408752,0.0,0.0,0.0,0.0,0.0,0.4480533301830292,0.0,0.0,0.0,0.0,0.0,0.0,0.0,0.0
"TISTUD-8685",False,"train",0.0,0.0,0.0,0.0,0.0,0.0,0.0,0.0,0.9980716109275818,0.0,0.0,0.0,0.0,0.0,0.0
"TISTUD-9092",False,"train",0.9733291864395142,0.0,0.0,0.0,0.0,0.0,0.0,0.0,0.0,0.0,0.0,0.0,0.0,0.0,0.0
"TISTUD-6603",False,"train",0.0,0.0,0.0,0.0,0.0,0.0,0.9782919883728027,0.0,0.0,0.0,0.0,0.0,0.0,0.0,0.0
"TISTUD-7338",False,"train",0.0,0.9481354355812073,0.0,0.0,0.0,0.0,0.0,0.0,0.0,0.0,0.0,0.0,0.0,0.0,0.0
"TISTUD-7611",False,"train",0.0,0.0,0.0,0.0,0.0,0.0,0.41829046607017517,0.0,0.0,0.0,0.0,0.0,0.0,0.0,0.5640180110931396
"TISTUD-5068",False,"train",0.0,0.0,0.971998929977417,0.01897249184548855,0.0,0.0,0.0,0.0,0.0,0.0,0.0,0.0,0.0,0.0,0.0
"TISTUD-6218",False,"train",0.0,0.13370443880558014,0.0,0.0,0.7392076253890991,0.0,0.0,0.0,0.0,0.0,0.0,0.11396224796772003,0.0,0.0,0.0
"TISTUD-5424",False,"train",0.7427854537963867,0.24054116010665894,0.0,0.0,0.0,0.0,0.0,0.0,0.0,0.0,0.0,0.0,0.0,0.0,0.0
"TISTUD-5295",False,"train",0.0,0.28851938247680664,0.0,0.0,0.0,0.0,0.4057701528072357,0.0,0.0,0.0,0.0,0.0,0.0,0.0,0.30033764243125916
"TISTUD-5821",False,"train",0.0,0.0,0.120883047580719,0.0,0.0,0.0,0.0,0.8543500900268555,0.0,0.0,0.0,0.0,0.0,0.0,0.0
"TISTUD-7956",False,"train",0.0,0.07631030678749084,0.0,0.0,0.17330460250377655,0.29392585158348083,0.0,0.0,0.0,0.4469316899776459,0.0,0.0,0.0,0.0,0.0
"TISTUD-8967",False,"train",0.0,0.0,0.0,0.0,0.0,0.0,0.0,0.0,0.0,0.0,0.23205068707466125,0.0,0.0,0.019089484587311745,0.7471357583999634
"TISTUD-7122",False,"train",0.0,0.9725409150123596,0.0,0.0,0.0,0.0,0.0,0.0,0.0,0.0,0.0,0.0,0.0,0.0,0.0
"TISTUD-8925",False,"train",0.0,0.12703250348567963,0.0,0.0,0.0,0.0,0.0,0.18542397022247314,0.0,0.0,0.0,0.0,0.0,0.6774084568023682,0.0
"TISTUD-6709",False,"train",0.0,0.9594078660011292,0.0,0.0,0.0,0.0,0.0,0.0,0.0,0.0,0.0,0.0,0.0,0.0,0.0
"TISTUD-6772",False,"train",0.0,0.19796374440193176,0.0,0.0,0.0,0.0,0.0,0.0,0.0,0.0,0.0,0.0,0.0,0.7862759232521057,0.0
"TISTUD-6337",False,"train",0.0,0.6898528337478638,0.2991754710674286,0.0,0.0,0.0,0.0,0.0,0.0,0.0,0.0,0.0,0.0,0.0,0.0
"TISTUD-8928",False,"train",0.0,0.0,0.0,0.0,0.9626635313034058,0.0,0.0,0.0,0.0,0.0,0.0,0.0,0.0,0.0,0.0
"TISTUD-7971",False,"train",0.0,0.0,0.0,0.0,0.0,0.9839065074920654,0.0,0.0,0.0,0.0,0.0,0.0,0.0,0.0,0.0
"TISTUD-5749",False,"train",0.0,0.9733296632766724,0.0,0.0,0.0,0.0,0.0,0.0,0.0,0.0,0.0,0.0,0.0,0.0,0.0
"TISTUD-5953",False,"train",0.0,0.0,0.0,0.0,0.0,0.0,0.983329176902771,0.0,0.0,0.0,0.0,0.0,0.0,0.0,0.0
"TISTUD-5551",False,"train",0.0,0.0,0.9839043617248535,0.0,0.0,0.0,0.0,0.0,0.0,0.0,0.0,0.0,0.0,0.0,0.0
"TISTUD-5417",False,"train",0.0,0.7342599034309387,0.0,0.0,0.0,0.0,0.0,0.0,0.0,0.25462275743484497,0.0,0.0,0.0,0.0,0.0
"TISTUD-6425",False,"train",0.0,0.0,0.0,0.0,0.0,0.0,0.9688849449157715,0.0,0.0,0.0,0.0,0.0,0.0,0.0,0.0
"TISTUD-8536",False,"train",0.0,0.3299129605293274,0.0,0.0,0.0,0.0,0.0,0.0,0.0,0.0,0.0,0.0,0.6421118974685669,0.0,0.0
"TISTUD-6250",False,"train",0.0,0.4736764430999756,0.0,0.0,0.0,0.0,0.0,0.0,0.0,0.0,0.0,0.0,0.0,0.0,0.5118752717971802
"TISTUD-7979",False,"train",0.0,0.0,0.0,0.0,0.0,0.0,0.9698827266693115,0.0,0.0,0.0,0.0,0.0,0.0,0.0,0.0
"TISTUD-8685",False,"train",0.0,0.0,0.0,0.0,0.0,0.0,0.0,0.0,0.9980716109275818,0.0,0.0,0.0,0.0,0.0,0.0
"TISTUD-5510",False,"train",0.0,0.0,0.0,0.0,0.0,0.0,0.0,0.0,0.0,0.0,0.9698899984359741,0.0,0.0,0.0,0.0
"TISTUD-5610",False,"train",0.0,0.720827043056488,0.0,0.0,0.0,0.0,0.0,0.0,0.0,0.0,0.0,0.0,0.0,0.2544044852256775,0.0
"TISTUD-6273",False,"train",0.0,0.955543041229248,0.0,0.0,0.0,0.0,0.0,0.0,0.0,0.0,0.0,0.0,0.0,0.0,0.0
"TISTUD-5551",False,"train",0.0,0.0,0.9839043617248535,0.0,0.0,0.0,0.0,0.0,0.0,0.0,0.0,0.0,0.0,0.0,0.0
"TISTUD-6834",False,"train",0.0,0.0,0.0,0.0,0.0,0.0,0.9708285927772522,0.0,0.0,0.0,0.0,0.0,0.0,0.0,0.0
"TISTUD-6647",False,"train",0.0,0.0,0.9813314080238342,0.0,0.0,0.0,0.0,0.0,0.0,0.0,0.0,0.0,0.0,0.0,0.0
"TISTUD-4675",False,"train",0.0,0.0,0.0,0.0,0.0,0.0,0.0,0.3736070692539215,0.0,0.6168509125709534,0.0,0.0,0.0,0.0,0.0
"TISTUD-5468",False,"train",0.0,0.0,0.0,0.0,0.0,0.0,0.0,0.945093035697937,0.0,0.0,0.0,0.0,0.0,0.0,0.0
"TISTUD-9055",False,"train",0.0,0.0,0.0,0.0,0.0,0.0,0.0,0.0,0.0,0.0,0.0,0.0,0.0,0.9877175688743591,0.0
"TISTUD-7779",False,"train",0.0,0.0,0.0,0.0,0.0,0.0,0.0,0.982387363910675,0.0,0.0,0.0,0.0,0.0,0.0,0.0
"TISTUD-8714",False,"train",0.0,0.0,0.0,0.0,0.0,0.0,0.0,0.9766585230827332,0.0,0.0,0.0,0.0,0.0,0.0,0.0
"TISTUD-5785",False,"train",0.0,0.0,0.0,0.0,0.0,0.23900409042835236,0.0,0.0,0.0,0.0,0.12004755437374115,0.0,0.6204273700714111,0.0,0.0
"TISTUD-7052",False,"train",0.0,0.9777731895446777,0.0,0.0,0.0,0.0,0.0,0.0,0.0,0.0,0.0,0.0,0.0,0.0,0.0
"TISTUD-8898",False,"train",0.0,0.0,0.0,0.0,0.0,0.7728027701377869,0.0,0.0,0.0,0.20170243084430695,0.0,0.0,0.0,0.0,0.0
"TISTUD-6898",False,"train",0.0,0.0,0.0,0.0,0.0,0.0,0.7188376784324646,0.0,0.0,0.0,0.0,0.0,0.2662144899368286,0.0,0.0
"TISTUD-5320",False,"train",0.0,0.04609587788581848,0.7455739974975586,0.0,0.0,0.0,0.0,0.0,0.0,0.0,0.0,0.0,0.0,0.0,0.1892728954553604
"TISTUD-8693",False,"train",0.5115358233451843,0.4711270332336426,0.0,0.0,0.0,0.0,0.0,0.0,0.0,0.0,0.0,0.0,0.0,0.0,0.0
"TISTUD-5732",False,"train",0.0,0.0,0.0,0.0,0.0,0.0,0.0,0.0,0.0,0.0,0.0,0.0,0.0,0.9918122291564941,0.0
"TISTUD-7971",False,"train",0.0,0.0,0.0,0.0,0.0,0.9839065074920654,0.0,0.0,0.0,0.0,0.0,0.0,0.0,0.0,0.0
"TISTUD-5408",False,"train",0.0,0.8061460852622986,0.0,0.0,0.0,0.0,0.0,0.0,0.0,0.0,0.0,0.0,0.0,0.1525769978761673,0.0
"TISTUD-5364",False,"train",0.0,0.0,0.0,0.0,0.0,0.0,0.0,0.9611082077026367,0.0,0.0,0.0,0.0,0.0,0.0,0.0
"TISTUD-8729",False,"train",0.0,0.0,0.0,0.0,0.0,0.0,0.0,0.0,0.0,0.0,0.0,0.0,0.9858540892601013,0.0,0.0
"TISTUD-8685",False,"train",0.0,0.0,0.0,0.0,0.0,0.0,0.0,0.0,0.9980716109275818,0.0,0.0,0.0,0.0,0.0,0.0
"TISTUD-6425",False,"train",0.0,0.0,0.0,0.0,0.0,0.0,0.9688849449157715,0.0,0.0,0.0,0.0,0.0,0.0,0.0,0.0
"TISTUD-7946",True,"train",0.0,0.0,0.0,0.0,0.0,0.8371511697769165,0.0,0.15310980379581451,0.0,0.0,0.0,0.0,0.0,0.0,0.0
"TISTUD-8859",False,"train",0.0,0.0,0.0,0.0,0.0,0.0,0.0,0.0,0.0,0.0,0.0,0.0,0.0,0.0,0.9913566708564758
"TISTUD-5770",False,"train",0.0,0.9654273390769958,0.0,0.0,0.0,0.0,0.0,0.0,0.0,0.0,0.0,0.0,0.0,0.0,0.0
"TISTUD-8838",False,"train",0.0,0.0,0.0,0.0,0.0,0.0,0.0,0.0,0.0,0.0,0.0,0.0,0.0,0.9892709255218506,0.0
"TISTUD-3863",True,"train",0.0,0.0,0.0,0.0,0.0,0.0,0.0,0.0,0.0,0.0,0.0,0.0,0.0,0.0,0.9481402635574341
"TISTUD-6603",False,"train",0.0,0.0,0.0,0.0,0.0,0.0,0.9782919883728027,0.0,0.0,0.0,0.0,0.0,0.0,0.0,0.0
"TISTUD-5749",False,"train",0.0,0.9733296632766724,0.0,0.0,0.0,0.0,0.0,0.0,0.0,0.0,0.0,0.0,0.0,0.0,0.0
"TISTUD-5077",False,"train",0.0,0.0,0.9597200751304626,0.03125140443444252,0.0,0.0,0.0,0.0,0.0,0.0,0.0,0.0,0.0,0.0,0.0
"TISTUD-5439",False,"train",0.0,0.9891460537910461,0.0,0.0,0.0,0.0,0.0,0.0,0.0,0.0,0.0,0.0,0.0,0.0,0.0
"TISTUD-8576",False,"train",0.0,0.0,0.0,0.0,0.0,0.0,0.0,0.9936898946762085,0.0,0.0,0.0,0.0,0.0,0.0,0.0
"TISTUD-6871",False,"train",0.0,0.9827149510383606,0.0,0.0,0.0,0.0,0.0,0.0,0.0,0.0,0.0,0.0,0.0,0.0,0.0
"TISTUD-6824",False,"train",0.0,0.0,0.0,0.0,0.0,0.0,0.0,0.9555433988571167,0.0,0.0,0.0,0.0,0.0,0.0,0.0
"TISTUD-6307",False,"train",0.0,0.0,0.0,0.0,0.0,0.0,0.0,0.0,0.0,0.0,0.0,0.0,0.0,0.0,0.983328640460968
"TISTUD-7805",False,"train",0.0,0.0,0.0,0.0,0.0,0.0,0.0,0.953323483467102,0.0,0.0,0.0,0.0,0.0,0.0,0.0
"TISTUD-5068",False,"train",0.0,0.0,0.971998929977417,0.01897249184548855,0.0,0.0,0.0,0.0,0.0,0.0,0.0,0.0,0.0,0.0,0.0
"TISTUD-6755",False,"train",0.0,0.9766644835472107,0.0,0.0,0.0,0.0,0.0,0.0,0.0,0.0,0.0,0.0,0.0,0.0,0.0
"TISTUD-8960",True,"train",0.0,0.0,0.0,0.0,0.0,0.0,0.0,0.0,0.0,0.0,0.0,0.0,0.0,0.9888877868652344,0.0
"TISTUD-5510",False,"train",0.0,0.0,0.0,0.0,0.0,0.0,0.0,0.0,0.0,0.0,0.9698899984359741,0.0,0.0,0.0,0.0
"TISTUD-5386",False,"train",0.0,0.9654276967048645,0.0,0.0,0.0,0.0,0.0,0.0,0.0,0.0,0.0,0.0,0.0,0.0,0.0
"TISTUD-9125",False,"train",0.0,0.0,0.0,0.0,0.0,0.0,0.9953073263168335,0.0,0.0,0.0,0.0,0.0,0.0,0.0,0.0
"TISTUD-4977",False,"train",0.0,0.0,0.0,0.0,0.0,0.9747709035873413,0.0,0.0,0.0,0.0,0.0,0.0,0.0,0.0,0.0
"TISTUD-8912",False,"train",0.0,0.0,0.0,0.0,0.1001526489853859,0.0,0.0,0.0,0.0,0.0,0.8516929149627686,0.0,0.0,0.0,0.0
"TISTUD-8913",True,"train",0.0,0.0,0.2597702741622925,0.0,0.0,0.0,0.0,0.0,0.0,0.0,0.0,0.0,0.0,0.0,0.7272824645042419
"TISTUD-6144",False,"train",0.0,0.9841787815093994,0.0,0.0,0.0,0.0,0.0,0.0,0.0,0.0,0.0,0.0,0.0,0.0,0.0
"TISTUD-7523",False,"train",0.0,0.0,0.0,0.0,0.0,0.0,0.0,0.0,0.0,0.0,0.9782934784889221,0.0,0.0,0.0,0.0
"TISTUD-7449",False,"train",0.0,0.0,0.0,0.9555506706237793,0.0,0.0,0.0,0.0,0.0,0.0,0.0,0.0,0.0,0.0,0.0
"TISTUD-7515",False,"train",0.0,0.0,0.0,0.0,0.0,0.0,0.0,0.0,0.0,0.0,0.0,0.0,0.0,0.0,0.9377608299255371
"TISTUD-7942",False,"train",0.0,0.0,0.0,0.0,0.0,0.0,0.9860683083534241,0.0,0.0,0.0,0.0,0.0,0.0,0.0,0.0
"TISTUD-8787",False,"train",0.0,0.39131906628608704,0.0,0.0,0.5831871628761292,0.0,0.0,0.0,0.0,0.0,0.0,0.0,0.0,0.0,0.0
"TISTUD-9048",False,"train",0.0,0.0,0.0,0.0,0.0,0.6524786949157715,0.0,0.0,0.0,0.0,0.0,0.0,0.0,0.33941879868507385,0.0
"TISTUD-5419",False,"train",0.0,0.0,0.0,0.0,0.0,0.0,0.9856361150741577,0.0,0.0,0.0,0.0,0.0,0.0,0.0,0.0
"TISTUD-5359",False,"train",0.0,0.9854142665863037,0.0,0.0,0.0,0.0,0.0,0.0,0.0,0.0,0.0,0.0,0.0,0.0,0.0
"TISTUD-5353",False,"train",0.0,0.9747689366340637,0.0,0.0,0.0,0.0,0.0,0.0,0.0,0.0,0.0,0.0,0.0,0.0,0.0
"TISTUD-5621",False,"train",0.0,0.9766483902931213,0.0,0.0,0.0,0.0,0.0,0.0,0.0,0.0,0.0,0.0,0.0,0.0,0.0
"TISTUD-9063",False,"train",0.0,0.0,0.0,0.0,0.0,0.0,0.0,0.0,0.0,0.0,0.0,0.0,0.982712984085083,0.0,0.0
"TISTUD-4974",False,"train",0.0,0.0,0.0,0.0,0.0,0.9833315014839172,0.0,0.0,0.0,0.0,0.0,0.0,0.0,0.0,0.0
"TISTUD-7469",False,"train",0.0,0.0,0.0,0.0,0.0,0.0,0.5740044116973877,0.0,0.0,0.0,0.40535464882850647,0.0,0.0,0.0,0.0
"TISTUD-7122",False,"train",0.0,0.9725409150123596,0.0,0.0,0.0,0.0,0.0,0.0,0.0,0.0,0.0,0.0,0.0,0.0,0.0
"TISTUD-7982",False,"train",0.0,0.0,0.0,0.0,0.0,0.0,0.9898533225059509,0.0,0.0,0.0,0.0,0.0,0.0,0.0,0.0
"TISTUD-7111",False,"train",0.0,0.9594128727912903,0.0,0.0,0.0,0.0,0.0,0.0,0.0,0.0,0.0,0.0,0.0,0.0,0.0
"TISTUD-8852",False,"train",0.0,0.9626633524894714,0.0,0.0,0.0,0.0,0.0,0.0,0.0,0.0,0.0,0.0,0.0,0.0,0.0
"TISTUD-7597",False,"train",0.0,0.0,0.0,0.0,0.0,0.9657028317451477,0.0,0.020753365010023117,0.0,0.0,0.0,0.0,0.0,0.0,0.0
"TISTUD-6199",False,"train",0.0,0.9809461236000061,0.0,0.0,0.0,0.0,0.0,0.0,0.0,0.0,0.0,0.0,0.0,0.0,0.0
"TISTUD-8453",False,"train",0.0,0.0,0.0,0.0,0.0,0.0,0.9836234450340271,0.0,0.0,0.0,0.0,0.0,0.0,0.0,0.0
"TISTUD-8911",False,"train",0.0,0.0,0.0,0.0,0.0,0.0,0.0,0.0,0.0,0.0,0.9611081480979919,0.0,0.0,0.0,0.0
"TISTUD-7607",False,"train",0.0,0.0,0.0,0.0,0.0,0.0,0.7164474725723267,0.0,0.0,0.25805899500846863,0.0,0.0,0.0,0.0,0.0
"TISTUD-8454",False,"train",0.0,0.0,0.0,0.0,0.0,0.8020671606063843,0.0,0.0,0.0,0.0,0.0,0.16024154424667358,0.0,0.0,0.0
"TISTUD-5538",False,"train",0.0,0.0,0.0,0.0,0.0,0.0,0.0,0.0,0.0,0.0,0.0,0.0,0.0,0.984693706035614,0.0
"TISTUD-6219",False,"train",0.0,0.0,0.6821520924568176,0.0,0.0,0.0,0.0,0.0,0.0,0.0,0.0,0.0,0.0,0.0,0.2844995856285095
"TISTUD-8865",False,"train",0.941660463809967,0.0,0.0,0.0,0.0,0.0,0.0,0.0,0.0,0.0,0.0,0.0,0.0,0.0,0.0
"TISTUD-7754",False,"train",0.0,0.3606259226799011,0.0,0.0,0.0,0.0,0.0,0.0,0.0,0.0,0.0,0.0,0.0,0.0,0.5883819460868835
"TISTUD-5251",False,"train",0.0,0.0,0.8104703426361084,0.0,0.0,0.0,0.16671761870384216,0.0,0.0,0.0,0.0,0.0,0.0,0.0,0.0
"TISTUD-8026",False,"train",0.0,0.0,0.9725454449653625,0.0,0.0,0.0,0.0,0.0,0.0,0.0,0.0,0.0,0.0,0.0,0.0
"TISTUD-7548",False,"train",0.0,0.0,0.13281138241291046,0.0,0.0,0.0,0.0,0.0,0.0,0.0,0.8431054949760437,0.0,0.0,0.0,0.0
"TISTUD-7591",False,"train",0.0,0.0,0.0,0.0,0.0,0.0,0.0,0.0,0.0,0.0,0.0,0.0,0.0,0.9533270597457886,0.0
"TISTUD-5168",False,"train",0.0,0.0,0.0,0.0,0.0,0.0,0.9594164490699768,0.0,0.0,0.0,0.0,0.0,0.0,0.0,0.0
"TISTUD-5302",False,"train",0.0,0.959418535232544,0.0,0.0,0.0,0.0,0.0,0.0,0.0,0.0,0.0,0.0,0.0,0.0,0.0
"TISTUD-6689",False,"train",0.0,0.0,0.0,0.0,0.0,0.0,0.9787855744361877,0.0,0.0,0.0,0.0,0.0,0.0,0.0,0.0
"TISTUD-5661",False,"train",0.0,0.0,0.0,0.0,0.0,0.9508706331253052,0.0,0.0,0.0,0.0,0.0,0.0,0.0,0.0,0.0
"TISTUD-9055",False,"train",0.0,0.0,0.0,0.0,0.0,0.0,0.0,0.0,0.0,0.0,0.0,0.0,0.0,0.9877175688743591,0.0
"TISTUD-7477",False,"train",0.0,0.9666646122932434,0.0,0.0,0.0,0.0,0.0,0.0,0.0,0.0,0.0,0.0,0.0,0.0,0.0
"TISTUD-8476",False,"train",0.0,0.0,0.0,0.0,0.0,0.9864687323570251,0.0,0.0,0.0,0.0,0.0,0.0,0.0,0.0,0.0
"TISTUD-6261",False,"train",0.0,0.4610390365123749,0.21519224345684052,0.0,0.0,0.0,0.0,0.0,0.0,0.0,0.0,0.0,0.30921775102615356,0.0,0.0
"TISTUD-5416",False,"train",0.0,0.24032536149024963,0.0,0.0,0.0,0.0,0.0,0.0,0.0,0.7510918974876404,0.0,0.0,0.0,0.0,0.0
"TISTUD-6237",False,"train",0.0,0.0,0.0,0.0,0.0,0.0,0.9910238981246948,0.0,0.0,0.0,0.0,0.0,0.0,0.0,0.0
"TISTUD-6689",False,"train",0.0,0.0,0.0,0.0,0.0,0.0,0.9787855744361877,0.0,0.0,0.0,0.0,0.0,0.0,0.0,0.0
"TISTUD-6122",False,"train",0.0,0.0,0.0,0.0,0.0,0.0,0.0,0.0,0.0,0.0,0.0,0.0,0.0,0.0,0.9611073732376099
"TISTUD-6523",False,"train",0.0,0.0,0.0,0.0,0.0,0.25917455554008484,0.1910291165113449,0.0,0.0,0.0,0.0,0.5316125750541687,0.0,0.0,0.0
"TISTUD-7426",False,"train",0.0,0.0,0.0,0.0,0.0,0.0,0.0,0.9594120383262634,0.0,0.0,0.0,0.0,0.0,0.0,0.0
"TISTUD-7529",False,"train",0.0,0.9577476382255554,0.0,0.0,0.0,0.02931308187544346,0.0,0.0,0.0,0.0,0.0,0.0,0.0,0.0,0.0
"TISTUD-8769",False,"train",0.0,0.0,0.7938300967216492,0.0,0.0,0.0,0.19172249734401703,0.0,0.0,0.0,0.0,0.0,0.0,0.0,0.0
"TISTUD-4244",False,"train",0.0,0.9222108125686646,0.06333314627408981,0.0,0.0,0.0,0.0,0.0,0.0,0.0,0.0,0.0,0.0,0.0,0.0
"TISTUD-8750",False,"train",0.0,0.9717050194740295,0.0,0.0,0.0,0.0,0.0,0.0,0.0,0.0,0.0,0.0,0.0,0.0,0.0
"TISTUD-8846",False,"train",0.0,0.0,0.18452484905719757,0.0,0.0,0.0,0.0,0.08487651497125626,0.0,0.0,0.0,0.0,0.0,0.0,0.7281190752983093
"TISTUD-8859",False,"train",0.0,0.0,0.0,0.0,0.0,0.0,0.0,0.0,0.0,0.0,0.0,0.0,0.0,0.0,0.9913566708564758
"TISTUD-5960",False,"train",0.0,0.0,0.0,0.0,0.0,0.0,0.0,0.0,0.0,0.0,0.0,0.0,0.9809499979019165,0.0,0.0
"TISTUD-4977",False,"train",0.0,0.0,0.0,0.0,0.0,0.9747709035873413,0.0,0.0,0.0,0.0,0.0,0.0,0.0,0.0,0.0
"TISTUD-7475",False,"train",0.0,0.9864704012870789,0.0,0.0,0.0,0.0,0.0,0.0,0.0,0.0,0.0,0.0,0.0,0.0,0.0
"TISTUD-7916",False,"train",0.0,0.9796979427337646,0.0,0.0,0.0,0.0,0.0,0.0,0.0,0.0,0.0,0.0,0.0,0.0,0.0
"TISTUD-7639",False,"train",0.0,0.0,0.979256808757782,0.0,0.0,0.0,0.0,0.0,0.0,0.0,0.0,0.0,0.0,0.0,0.0
"TISTUD-8787",False,"train",0.0,0.39131906628608704,0.0,0.0,0.5831871628761292,0.0,0.0,0.0,0.0,0.0,0.0,0.0,0.0,0.0,0.0
"TISTUD-5504",False,"train",0.0,0.08137635886669159,0.0,0.0,0.0,0.0,0.0,0.0,0.0,0.0,0.0,0.0,0.0,0.9036766886711121,0.0
"TISTUD-5365",False,"train",0.0,0.472452312707901,0.0,0.0,0.5053211450576782,0.0,0.0,0.0,0.0,0.0,0.0,0.0,0.0,0.0,0.0
"TISTUD-7338",False,"train",0.0,0.9481354355812073,0.0,0.0,0.0,0.0,0.0,0.0,0.0,0.0,0.0,0.0,0.0,0.0,0.0
"TISTUD-4977",False,"train",0.0,0.0,0.0,0.0,0.0,0.9747709035873413,0.0,0.0,0.0,0.0,0.0,0.0,0.0,0.0,0.0
"TISTUD-7474",False,"train",0.0,0.0,0.0,0.0,0.0,0.9888874292373657,0.0,0.0,0.0,0.0,0.0,0.0,0.0,0.0,0.0
"TISTUD-8978",False,"train",0.0,0.0,0.0,0.0,0.0,0.9698895215988159,0.0,0.0,0.0,0.0,0.0,0.0,0.0,0.0,0.0
"TISTUD-5808",False,"train",0.0,0.21195121109485626,0.0,0.0,0.0,0.7383028268814087,0.032350946217775345,0.0,0.0,0.0,0.0,0.0,0.0,0.0,0.0
"TISTUD-7756",True,"train",0.0,0.0,0.0,0.0,0.0,0.0,0.0,0.0,0.0,0.9678133130073547,0.0,0.0,0.0,0.0,0.0
"TISTUD-8658",False,"train",0.0,0.9920200705528259,0.0,0.0,0.0,0.0,0.0,0.0,0.0,0.0,0.0,0.0,0.0,0.0,0.0
"TISTUD-9055",False,"train",0.0,0.0,0.0,0.0,0.0,0.0,0.0,0.0,0.0,0.0,0.0,0.0,0.0,0.9877175688743591,0.0
"TISTUD-7971",False,"train",0.0,0.0,0.0,0.0,0.0,0.9839065074920654,0.0,0.0,0.0,0.0,0.0,0.0,0.0,0.0,0.0
"TISTUD-3970",False,"train",0.0,0.0,0.0,0.0,0.0,0.0,0.0,0.0,0.0,0.0,0.9688870310783386,0.0,0.0,0.0,0.0
"TISTUD-8010",False,"train",0.0,0.0,0.0,0.0,0.9801403880119324,0.0,0.0,0.0,0.0,0.0,0.0,0.0,0.0,0.0,0.0
"TISTUD-8682",False,"train",0.0,0.0,0.0,0.0,0.0,0.9654111862182617,0.0,0.0,0.0,0.0,0.0,0.0,0.0,0.0,0.0
"TISTUD-8835",False,"train",0.0,0.12919220328330994,0.0,0.0,0.0,0.8460397124290466,0.0,0.0,0.0,0.0,0.0,0.0,0.0,0.0,0.0
"TISTUD-4356",False,"train",0.0,0.0,0.0,0.0,0.0,0.0,0.0,0.0,0.0,0.9555456042289734,0.0,0.0,0.0,0.0,0.0
"TISTUD-9029",False,"train",0.978785514831543,0.0,0.0,0.0,0.0,0.0,0.0,0.0,0.0,0.0,0.0,0.0,0.0,0.0,0.0
"TISTUD-5431",False,"train",0.0,0.7504929900169373,0.0,0.0,0.0,0.0,0.2407497763633728,0.0,0.0,0.0,0.0,0.0,0.0,0.0,0.0
"TISTUD-8902",False,"train",0.0,0.20983129739761353,0.0,0.0,0.0,0.0,0.0,0.0,0.0,0.0,0.19988848268985748,0.0,0.0,0.08171765506267548,0.48925870656967163
"TISTUD-6702",False,"train",0.0,0.0,0.0,0.0,0.0,0.0,0.0,0.0,0.0,0.0,0.0,0.9839051365852356,0.0,0.0,0.0
"TISTUD-6323",False,"train",0.0,0.2764054834842682,0.0,0.0,0.0,0.0,0.0,0.0,0.0,0.0,0.0,0.0,0.0,0.0,0.7001661658287048
"TISTUD-5195",False,"train",0.0,0.8235445618629456,0.0,0.0,0.0,0.15719173848628998,0.0,0.0,0.0,0.0,0.0,0.0,0.0,0.0,0.0
"TISTUD-6234",False,"train",0.0,0.0,0.0,0.0,0.0,0.0,0.0,0.0,0.0,0.0,0.0,0.986853301525116,0.0,0.0,0.0
"TISTUD-7805",False,"train",0.0,0.0,0.0,0.0,0.0,0.0,0.0,0.953323483467102,0.0,0.0,0.0,0.0,0.0,0.0,0.0
"TISTUD-7796",False,"train",0.0,0.0,0.0,0.0,0.0,0.0,0.0,0.0,0.0,0.9960780143737793,0.0,0.0,0.0,0.0,0.0
"TISTUD-5425",False,"train",0.0,0.0,0.0,0.0,0.0,0.0,0.0,0.0,0.0,0.0,0.9717152118682861,0.0,0.0,0.0,0.0
"TISTUD-2346",False,"train",0.0,0.9827132225036621,0.0,0.0,0.0,0.0,0.0,0.0,0.0,0.0,0.0,0.0,0.0,0.0,0.0
"TISTUD-7910",False,"train",0.0,0.0,0.0,0.0,0.0,0.3271789252758026,0.0,0.0,0.0,0.0,0.0,0.0,0.6246641874313354,0.0,0.0
"TISTUD-7691",False,"train",0.0,0.2894640564918518,0.0,0.0,0.2505936622619629,0.0,0.4459051489830017,0.0,0.0,0.0,0.0,0.0,0.0,0.0,0.0
"TISTUD-4886",False,"train",0.0,0.0,0.0,0.0,0.0,0.0,0.0,0.0,0.0,0.0,0.0,0.0,0.0,0.9740694165229797,0.0
"TISTUD-5321",False,"train",0.0,0.6407530903816223,0.0,0.0,0.0,0.3082510828971863,0.0,0.0,0.0,0.0,0.0,0.0,0.0,0.0,0.0
"TISTUD-4035",False,"train",0.0,0.0,0.0,0.0,0.0,0.0,0.7914265990257263,0.0,0.0,0.0,0.14189545810222626,0.0,0.0,0.0,0.0
"TISTUD-6124",False,"train",0.0,0.9708283543586731,0.0,0.0,0.0,0.0,0.0,0.0,0.0,0.0,0.0,0.0,0.0,0.0,0.0
"TISTUD-7905",False,"train",0.0,0.0,0.0,0.0,0.0,0.0,0.0,0.0,0.0,0.0,0.9377714991569519,0.0,0.0,0.0,0.0
"TISTUD-9140",False,"train",0.0,0.0,0.0,0.0,0.0,0.0,0.0,0.9919533133506775,0.0,0.0,0.0,0.0,0.0,0.0,0.0
"TISTUD-5325",False,"train",0.0,0.7635241746902466,0.0,0.21878188848495483,0.0,0.0,0.0,0.0,0.0,0.0,0.0,0.0,0.0,0.0,0.0
"TISTUD-8641",False,"train",0.0,0.0,0.4014813303947449,0.0,0.0,0.5792556405067444,0.0,0.0,0.0,0.0,0.0,0.0,0.0,0.0,0.0
"TISTUD-5324",False,"train",0.0,0.0,0.0,0.0,0.0,0.0,0.0,0.0,0.0,0.0,0.0,0.0,0.9481415152549744,0.0,0.0
"TISTUD-7678",True,"train",0.0,0.9575700163841248,0.0,0.0,0.0,0.0,0.0,0.0,0.0,0.0,0.0,0.0,0.0,0.0,0.0
"TISTUD-7708",False,"train",0.0,0.9888876080513,0.0,0.0,0.0,0.0,0.0,0.0,0.0,0.0,0.0,0.0,0.0,0.0,0.0
"TISTUD-6144",False,"train",0.0,0.9841787815093994,0.0,0.0,0.0,0.0,0.0,0.0,0.0,0.0,0.0,0.0,0.0,0.0,0.0
"TISTUD-7784",False,"train",0.0,0.908362865447998,0.0,0.0,0.0,0.0758766159415245,0.0,0.0,0.0,0.0,0.0,0.0,0.0,0.0,0.0
"TISTUD-8998",False,"train",0.0,0.0,0.0,0.0,0.0,0.0,0.0,0.0,0.0,0.0,0.9555493593215942,0.0,0.0,0.0,0.0
"TISTUD-5423",False,"train",0.0,0.0,0.0,0.0,0.0,0.0,0.0,0.0,0.0,0.0,0.0,0.0,0.0,0.992218554019928,0.0
"TISTUD-5660",False,"train",0.0,0.0,0.0,0.0,0.0,0.9733315706253052,0.0,0.0,0.0,0.0,0.0,0.0,0.0,0.0,0.0
"TISTUD-5353",False,"train",0.0,0.9747689366340637,0.0,0.0,0.0,0.0,0.0,0.0,0.0,0.0,0.0,0.0,0.0,0.0,0.0
"TISTUD-5822",False,"train",0.0,0.9640875458717346,0.0,0.0,0.0,0.0,0.0,0.0,0.0,0.0,0.0,0.0,0.0,0.0,0.0
"TISTUD-7477",False,"train",0.0,0.9666646122932434,0.0,0.0,0.0,0.0,0.0,0.0,0.0,0.0,0.0,0.0,0.0,0.0,0.0
"TISTUD-5868",False,"train",0.0,0.0,0.0,0.0,0.0,0.0,0.0,0.0,0.0,0.0,0.16962766647338867,0.802409827709198,0.0,0.0,0.0
"TISTUD-5366",False,"train",0.0,0.9873862266540527,0.0,0.0,0.0,0.0,0.0,0.0,0.0,0.0,0.0,0.0,0.0,0.0,0.0
"TISTUD-7530",False,"train",0.0,0.9575700163841248,0.0,0.0,0.0,0.0,0.0,0.0,0.0,0.0,0.0,0.0,0.0,0.0,0.0
"TISTUD-5779",False,"train",0.0,0.0,0.0,0.0,0.0,0.0,0.6468971371650696,0.0,0.0,0.0,0.0,0.0,0.33761945366859436,0.0,0.0
"TISTUD-7796",False,"train",0.0,0.0,0.0,0.0,0.0,0.0,0.0,0.0,0.0,0.9960780143737793,0.0,0.0,0.0,0.0,0.0
"TISTUD-7595",False,"train",0.0,0.0,0.0,0.0,0.0,0.0,0.0,0.9951127767562866,0.0,0.0,0.0,0.0,0.0,0.0,0.0
"TISTUD-5668",False,"train",0.0,0.9836242198944092,0.0,0.0,0.0,0.0,0.0,0.0,0.0,0.0,0.0,0.0,0.0,0.0,0.0
"TISTUD-8846",False,"train",0.0,0.0,0.18452484905719757,0.0,0.0,0.0,0.0,0.08487651497125626,0.0,0.0,0.0,0.0,0.0,0.0,0.7281190752983093
"TISTUD-7946",True,"train",0.0,0.0,0.0,0.0,0.0,0.8371511697769165,0.0,0.15310980379581451,0.0,0.0,0.0,0.0,0.0,0.0,0.0
"TISTUD-8927",False,"train",0.0,0.0,0.0,0.0,0.0,0.0,0.0,0.0,0.0,0.0,0.0,0.0,0.0,0.0,0.9878719449043274
"TISTUD-7916",False,"train",0.0,0.9796979427337646,0.0,0.0,0.0,0.0,0.0,0.0,0.0,0.0,0.0,0.0,0.0,0.0,0.0
"TISTUD-6890",False,"train",0.0,0.3361770510673523,0.0,0.0,0.0,0.0,0.0,0.0,0.0,0.0,0.6608321666717529,0.0,0.0,0.0,0.0
"TISTUD-5223",False,"train",0.1238025426864624,0.18101026117801666,0.0,0.0,0.0,0.0,0.0,0.6781569719314575,0.0,0.0,0.0,0.0,0.0,0.0,0.0
"TISTUD-5059",False,"train",0.0,0.0,0.0,0.0,0.0,0.9772318601608276,0.0,0.0,0.0,0.0,0.0,0.0,0.0,0.0,0.0
"TISTUD-4318",False,"train",0.0,0.0,0.0,0.0,0.0,0.0,0.0,0.0,0.0,0.0,0.0,0.0,0.44317716360092163,0.5465027689933777,0.0
"TISTUD-5383",False,"train",0.0,0.0,0.0,0.0,0.0,0.0,0.0,0.0,0.0,0.0,0.9717149138450623,0.0,0.0,0.0,0.0
"TISTUD-5368",False,"train",0.0,0.9698858261108398,0.0,0.0,0.0,0.0,0.0,0.0,0.0,0.0,0.0,0.0,0.0,0.0,0.0
"TISTUD-6113",False,"train",0.0,0.7156837582588196,0.0,0.0,0.0,0.0,0.2769048810005188,0.0,0.0,0.0,0.0,0.0,0.0,0.0,0.0
"TISTUD-8873",False,"train",0.0,0.0,0.0,0.0,0.0,0.0,0.0,0.0,0.0,0.0,0.0,0.0,0.9481337070465088,0.0,0.0
"TISTUD-5892",False,"train",0.0,0.0,0.0,0.0,0.0,0.0,0.9805540442466736,0.0,0.0,0.0,0.0,0.0,0.0,0.0,0.0
"TISTUD-8997",False,"train",0.0,0.0,0.0,0.0,0.0,0.3614041209220886,0.0,0.3076687455177307,0.0,0.27374711632728577,0.0,0.0,0.0,0.0,0.0
"TISTUD-5918",False,"train",0.0,0.0,0.9678150415420532,0.0,0.0,0.0,0.0,0.0,0.0,0.0,0.0,0.0,0.0,0.0,0.0
"TISTUD-7946",True,"train",0.0,0.0,0.0,0.0,0.0,0.8371511697769165,0.0,0.15310980379581451,0.0,0.0,0.0,0.0,0.0,0.0,0.0
"TISTUD-7632",False,"train",0.0,0.0,0.0,0.0,0.0,0.0,0.0,0.0,0.0,0.0,0.0,0.9870346784591675,0.0,0.0,0.0
"TISTUD-5761",False,"train",0.0,0.0,0.36119017004966736,0.0,0.0,0.0,0.0,0.0,0.0,0.0,0.0,0.0,0.0,0.01617145538330078,0.6203703284263611
"TISTUD-1594",False,"train",0.0,0.0,0.9481443166732788,0.0,0.0,0.0,0.0,0.0,0.0,0.0,0.0,0.0,0.0,0.0,0.0
"TISTUD-5976",False,"train",0.0,0.0,0.0,0.0,0.0,0.0,0.0,0.0,0.0,0.0,0.0,0.0,0.9698899388313293,0.0,0.0
"TISTUD-4932",False,"train",0.0,0.0,0.22235697507858276,0.0,0.0,0.0,0.0,0.0,0.0,0.0,0.0,0.0,0.7542169094085693,0.0,0.0
"TISTUD-9126",False,"train",0.0,0.0,0.0,0.0,0.0,0.0,0.0,0.0,0.0,0.0,0.0,0.0,0.0,0.9777726531028748,0.0
"TISTUD-8960",True,"train",0.0,0.0,0.0,0.0,0.0,0.0,0.0,0.0,0.0,0.0,0.0,0.0,0.0,0.9888877868652344,0.0
"TISTUD-5457",False,"train",0.0,0.5110980272293091,0.0,0.0,0.0,0.0,0.0,0.0,0.0,0.0,0.38712361454963684,0.0,0.0,0.08475325256586075,0.0
"TISTUD-8652",False,"train",0.0,0.0,0.7531680464744568,0.0,0.0,0.0,0.0,0.21973322331905365,0.0,0.0,0.0,0.0,0.0,0.0,0.0
"TISTUD-8531",False,"train",0.0,0.9688841700553894,0.0,0.0,0.0,0.0,0.0,0.0,0.0,0.0,0.0,0.0,0.0,0.0,0.0
"TISTUD-5132",False,"train",0.0,0.5398097038269043,0.0,0.0,0.0,0.0,0.0,0.0,0.0,0.0,0.0,0.0,0.43674570322036743,0.0,0.0
"TISTUD-7251",False,"train",0.0,0.0,0.0,0.0,0.0,0.0,0.0,0.9947251081466675,0.0,0.0,0.0,0.0,0.0,0.0,0.0
"TISTUD-5610",False,"train",0.0,0.720827043056488,0.0,0.0,0.0,0.0,0.0,0.0,0.0,0.0,0.0,0.0,0.0,0.2544044852256775,0.0
"TISTUD-6909",False,"train",0.0,0.0,0.0,0.9998752474784851,0.0,0.0,0.0,0.0,0.0,0.0,0.0,0.0,0.0,0.0,0.0
"TISTUD-5329",False,"train",0.0,0.5229880213737488,0.0,0.0,0.0,0.0,0.0,0.0,0.0,0.4490465819835663,0.0,0.0,0.0,0.0,0.0
"TISTUD-5425",False,"train",0.0,0.0,0.0,0.0,0.0,0.0,0.0,0.0,0.0,0.0,0.9717152118682861,0.0,0.0,0.0,0.0
"TISTUD-7018",False,"train",0.0,0.38351449370384216,0.0,0.0,0.0,0.6049280762672424,0.0,0.0,0.0,0.0,0.0,0.0,0.0,0.0,0.0
"TISTUD-6951",False,"train",0.0,0.0,0.0,0.0,0.0,0.06247438117861748,0.0,0.0,0.0,0.0,0.0,0.9336883425712585,0.0,0.0,0.0
"TISTUD-7678",True,"train",0.0,0.9575700163841248,0.0,0.0,0.0,0.0,0.0,0.0,0.0,0.0,0.0,0.0,0.0,0.0,0.0
"TISTUD-6755",False,"train",0.0,0.9766644835472107,0.0,0.0,0.0,0.0,0.0,0.0,0.0,0.0,0.0,0.0,0.0,0.0,0.0
"TISTUD-8461",False,"train",0.0,0.0,0.0,0.0,0.0,0.0,0.20326168835163116,0.7831909656524658,0.0,0.0,0.0,0.0,0.0,0.0,0.0
"TISTUD-7612",False,"train",0.0,0.0,0.0,0.0,0.0,0.6046969294548035,0.0,0.0,0.0,0.0,0.0,0.0,0.0,0.37249377369880676,0.0
"TISTUD-8866",False,"train",0.0,0.4799075424671173,0.0,0.0,0.0,0.0,0.0,0.0,0.0,0.0,0.0,0.0,0.0,0.46910685300827026,0.0
"TISTUD-9156",True,"train",0.0,0.0,0.0,0.0,0.0,0.0,0.0,0.0,0.0,0.0,0.0,0.0,0.0,0.9760634303092957,0.0
"TISTUD-9004",False,"train",0.0,0.0,0.0,0.0,0.0,0.0,0.9450863599777222,0.0,0.0,0.0,0.0,0.0,0.0,0.0,0.0
"TISTUD-7705",False,"train",0.0,0.1589595079421997,0.0,0.0,0.0,0.8213385343551636,0.0,0.0,0.0,0.0,0.0,0.0,0.0,0.0,0.0
"TISTUD-6726",False,"train",0.0,0.0,0.0,0.0,0.0,0.0,0.976661205291748,0.0,0.0,0.0,0.0,0.0,0.0,0.0,0.0
"TISTUD-6978",False,"train",0.0,0.9533186554908752,0.0,0.0,0.0,0.0,0.0,0.0,0.0,0.0,0.0,0.0,0.0,0.0,0.0
"TISTUD-4357",False,"train",0.0,0.0,0.0,0.0,0.0,0.0,0.0,0.0,0.0,0.9640988111495972,0.0,0.0,0.0,0.0,0.0
"TISTUD-6299",False,"train",0.0,0.9725397825241089,0.0,0.0,0.0,0.0,0.0,0.0,0.0,0.0,0.0,0.0,0.0,0.0,0.0
"TISTUD-6677",False,"train",0.0,0.9777729511260986,0.0,0.0,0.0,0.0,0.0,0.0,0.0,0.0,0.0,0.0,0.0,0.0,0.0
"TISTUD-5326",False,"train",0.0,0.3421937823295593,0.0,0.0,0.0,0.0,0.0,0.0,0.0,0.6381018161773682,0.0,0.0,0.0,0.0,0.0
"TISTUD-5668",False,"train",0.0,0.9836242198944092,0.0,0.0,0.0,0.0,0.0,0.0,0.0,0.0,0.0,0.0,0.0,0.0,0.0
"TISTUD-8009",False,"train",0.0,0.0,0.0,0.0,0.9805541038513184,0.0,0.0,0.0,0.0,0.0,0.0,0.0,0.0,0.0,0.0
"TISTUD-9043",False,"train",0.0,0.9787802696228027,0.0,0.0,0.0,0.0,0.0,0.0,0.0,0.0,0.0,0.0,0.0,0.0,0.0
"TISTUD-7522",False,"train",0.0,0.9846956133842468,0.0,0.0,0.0,0.0,0.0,0.0,0.0,0.0,0.0,0.0,0.0,0.0,0.0
"TISTUD-4087",False,"train",0.0,0.0,0.0,0.0,0.18228890001773834,0.0,0.0,0.0,0.0,0.0,0.0,0.8141127824783325,0.0,0.0,0.0
"TISTUD-5302",False,"train",0.0,0.959418535232544,0.0,0.0,0.0,0.0,0.0,0.0,0.0,0.0,0.0,0.0,0.0,0.0,0.0
"TISTUD-5195",False,"train",0.0,0.8235445618629456,0.0,0.0,0.0,0.15719173848628998,0.0,0.0,0.0,0.0,0.0,0.0,0.0,0.0,0.0
"TISTUD-5635",False,"train",0.0,0.9349455237388611,0.0,0.0,0.0,0.0,0.0,0.0,0.0,0.0,0.0,0.0,0.05805962532758713,0.0,0.0
"TISTUD-5468",False,"train",0.0,0.0,0.0,0.0,0.0,0.0,0.0,0.945093035697937,0.0,0.0,0.0,0.0,0.0,0.0,0.0
"TISTUD-5943",False,"train",0.0,0.0,0.0,0.0,0.0,0.0,0.0,0.0,0.0,0.0,0.9654276967048645,0.0,0.0,0.0,0.0
"TISTUD-5068",False,"train",0.0,0.0,0.971998929977417,0.01897249184548855,0.0,0.0,0.0,0.0,0.0,0.0,0.0,0.0,0.0,0.0,0.0
"TISTUD-8979",False,"train",0.0,0.0,0.0,0.0,0.0,0.0,0.0,0.0,0.0,0.0,0.0,0.0,0.0,0.9611061811447144,0.0
"TISTUD-5418",False,"train",0.0,0.3691824674606323,0.0,0.0,0.0,0.0,0.0,0.0,0.0,0.0,0.0,0.0,0.618069589138031,0.0,0.0
"TISTUD-8490",False,"train",0.0,0.0,0.0,0.0,0.0,0.0,0.0,0.0,0.0,0.0,0.10178699344396591,0.0,0.0,0.8961182832717896,0.0
"TISTUD-4215",False,"train",0.0,0.3330959975719452,0.3429691791534424,0.0,0.0,0.0,0.0,0.0,0.0,0.0,0.2981196641921997,0.0,0.0,0.0,0.0
"TISTUD-7619",False,"train",0.0,0.0,0.0,0.0,0.0,0.9698905944824219,0.0,0.0,0.0,0.0,0.0,0.0,0.0,0.0,0.0
"TISTUD-7061",False,"train",0.0,0.0,0.0,0.0,0.0,0.0,0.0,0.0,0.0,0.0,0.0,0.0,0.976065456867218,0.0,0.0
"TISTUD-7965",False,"train",0.971701443195343,0.0,0.0,0.0,0.0,0.0,0.0,0.0,0.0,0.0,0.0,0.0,0.0,0.0,0.0
"TISTUD-7111",False,"train",0.0,0.9594128727912903,0.0,0.0,0.0,0.0,0.0,0.0,0.0,0.0,0.0,0.0,0.0,0.0,0.0
"TISTUD-2978",False,"train",0.0,0.9766581058502197,0.0,0.0,0.0,0.0,0.0,0.0,0.0,0.0,0.0,0.0,0.0,0.0,0.0
"TISTUD-5824",False,"train",0.0,0.0,0.0,0.0,0.0,0.0,0.0,0.0,0.0,0.0,0.0,0.0,0.997456431388855,0.0,0.0
"TISTUD-8930",False,"train",0.0,0.9666642546653748,0.0,0.0,0.0,0.0,0.0,0.0,0.0,0.0,0.0,0.0,0.0,0.0,0.0
"TISTUD-5354",False,"train",0.0,0.0,0.0,0.9760655164718628,0.0,0.0,0.0,0.0,0.0,0.0,0.0,0.0,0.0,0.0,0.0
"TISTUD-8836",False,"train",0.0,0.9416620135307312,0.0,0.0,0.0,0.0,0.0,0.0,0.0,0.0,0.0,0.0,0.0,0.0,0.0
"TISTUD-8750",False,"train",0.0,0.9717050194740295,0.0,0.0,0.0,0.0,0.0,0.0,0.0,0.0,0.0,0.0,0.0,0.0,0.0
"TISTUD-9048",False,"train",0.0,0.0,0.0,0.0,0.0,0.6524786949157715,0.0,0.0,0.0,0.0,0.0,0.0,0.0,0.33941879868507385,0.0
"TISTUD-7910",False,"train",0.0,0.0,0.0,0.0,0.0,0.3271789252758026,0.0,0.0,0.0,0.0,0.0,0.0,0.6246641874313354,0.0,0.0
"TISTUD-5079",False,"train",0.0,0.9813233017921448,0.0,0.0,0.0,0.0,0.0,0.0,0.0,0.0,0.0,0.0,0.0,0.0,0.0
"TISTUD-8685",False,"train",0.0,0.0,0.0,0.0,0.0,0.0,0.0,0.0,0.9980716109275818,0.0,0.0,0.0,0.0,0.0,0.0
"TISTUD-5388",False,"train",0.0,0.9594060778617859,0.0,0.0,0.0,0.0,0.0,0.0,0.0,0.0,0.0,0.0,0.0,0.0,0.0
"TISTUD-7171",False,"train",0.0,0.0,0.0,0.0,0.0,0.0,0.9870359301567078,0.0,0.0,0.0,0.0,0.0,0.0,0.0,0.0
"TISTUD-7510",False,"train",0.0,0.9856364727020264,0.0,0.0,0.0,0.0,0.0,0.0,0.0,0.0,0.0,0.0,0.0,0.0,0.0
"TISTUD-7488",False,"train",0.0,0.9281992316246033,0.0,0.0,0.0,0.0,0.0,0.0,0.0,0.0,0.0,0.0,0.0,0.0,0.0
"TISTUD-5710",False,"train",0.0,0.0,0.0,0.0,0.0,0.0,0.0,0.0,0.0,0.0,0.0,0.0,0.0,0.5271554589271545,0.4061650335788727
"TISTUD-8836",False,"train",0.0,0.9416620135307312,0.0,0.0,0.0,0.0,0.0,0.0,0.0,0.0,0.0,0.0,0.0,0.0,0.0
"TISTUD-7822",False,"train",0.0,0.0,0.0,0.0,0.0,0.9833266139030457,0.0,0.0,0.0,0.0,0.0,0.0,0.0,0.0,0.0
"TISTUD-8873",False,"train",0.0,0.0,0.0,0.0,0.0,0.0,0.0,0.0,0.0,0.0,0.0,0.0,0.9481337070465088,0.0,0.0
"TISTUD-7447",False,"train",0.0,0.0,0.5928837060928345,0.0,0.0,0.0,0.38978004455566406,0.0,0.0,0.0,0.0,0.0,0.0,0.0,0.0
"TISTUD-7523",False,"train",0.0,0.0,0.0,0.0,0.0,0.0,0.0,0.0,0.0,0.0,0.9782934784889221,0.0,0.0,0.0,0.0
"TISTUD-8979",False,"train",0.0,0.0,0.0,0.0,0.0,0.0,0.0,0.0,0.0,0.0,0.0,0.0,0.0,0.9611061811447144,0.0
"TISTUD-9029",False,"train",0.978785514831543,0.0,0.0,0.0,0.0,0.0,0.0,0.0,0.0,0.0,0.0,0.0,0.0,0.0,0.0
"TISTUD-9035",False,"train",0.0,0.9901739954948425,0.0,0.0,0.0,0.0,0.0,0.0,0.0,0.0,0.0,0.0,0.0,0.0,0.0
"TISTUD-7706",False,"train",0.0,0.2710537612438202,0.0,0.0,0.0,0.0,0.0,0.0,0.0,0.0,0.0,0.7176893353462219,0.0,0.0,0.0
"TISTUD-6581",False,"train",0.0,0.0,0.0,0.0,0.9666581153869629,0.0,0.0,0.0,0.0,0.0,0.0,0.0,0.0,0.0,0.0
"TISTUD-5513",False,"train",0.0,0.0,0.9555463194847107,0.0,0.0,0.0,0.0,0.0,0.0,0.0,0.0,0.0,0.0,0.0,0.0
"TISTUD-7960",False,"train",0.0,0.11986077576875687,0.0,0.0,0.0,0.0,0.0,0.8584663271903992,0.0,0.0,0.0,0.0,0.0,0.0,0.0
"TISTUD-8977",False,"train",0.0,0.0,0.0,0.0,0.0,0.0,0.0,0.0,0.0,0.0,0.9666634798049927,0.0,0.0,0.0,0.0
"TISTUD-1594",False,"train",0.0,0.0,0.9481443166732788,0.0,0.0,0.0,0.0,0.0,0.0,0.0,0.0,0.0,0.0,0.0,0.0
"TISTUD-7659",False,"train",0.0,0.0,0.0,0.0,0.0,0.0,0.0,0.0,0.0,0.0,0.0,0.0,0.0,0.9733279943466187,0.0
"TISTUD-8524",False,"train",0.0,0.0,0.9575732350349426,0.0,0.0,0.0,0.0,0.0,0.0,0.0,0.0,0.0,0.0,0.0,0.0
"TISTUD-5360",False,"train",0.0,0.3195476830005646,0.0,0.0,0.0,0.0,0.0,0.0,0.0,0.0,0.0,0.0,0.0,0.0,0.6549577713012695
"TISTUD-3421",False,"train",0.0,0.0,0.0,0.0,0.0,0.0,0.9862725138664246,0.0,0.0,0.0,0.0,0.0,0.0,0.0,0.0
"TISTUD-6442",False,"train",0.0,0.0,0.0,0.0,0.0,0.0,0.0,0.9654253125190735,0.0,0.0,0.0,0.0,0.0,0.0,0.0
"TISTUD-5918",False,"train",0.0,0.0,0.9678150415420532,0.0,0.0,0.0,0.0,0.0,0.0,0.0,0.0,0.0,0.0,0.0,0.0
"TISTUD-7605",False,"train",0.0,0.0,0.0,0.0,0.0,0.0,0.0,0.9195683598518372,0.0,0.0,0.0790131464600563,0.0,0.0,0.0,0.0
"TISTUD-7108",False,"train",0.0,0.2680792510509491,0.0,0.0,0.0,0.0,0.0,0.0,0.0,0.707151472568512,0.0,0.0,0.0,0.0,0.0
"TISTUD-7683",False,"train",0.0,0.3370760679244995,0.6501778364181519,0.0,0.0,0.0,0.0,0.0,0.0,0.0,0.0,0.0,0.0,0.0,0.0
"TISTUD-5247",False,"train",0.0,0.0,0.0,0.0,0.0,0.0,0.0,0.0,0.0,0.0,0.0,0.0,0.0,0.0,0.993282675743103
"TISTUD-6603",False,"train",0.0,0.0,0.0,0.0,0.0,0.0,0.9782919883728027,0.0,0.0,0.0,0.0,0.0,0.0,0.0,0.0
"TISTUD-6917",False,"train",0.0,0.0,0.0,0.0,0.5640321373939514,0.0,0.42684096097946167,0.0,0.0,0.0,0.0,0.0,0.0,0.0,0.0
"TISTUD-4974",False,"train",0.0,0.0,0.0,0.0,0.0,0.9833315014839172,0.0,0.0,0.0,0.0,0.0,0.0,0.0,0.0,0.0
"TISTUD-3970",False,"train",0.0,0.0,0.0,0.0,0.0,0.0,0.0,0.0,0.0,0.0,0.9688870310783386,0.0,0.0,0.0,0.0
"TISTUD-7473",False,"train",0.0,0.0,0.0,0.0,0.0,0.9878779053688049,0.0,0.0,0.0,0.0,0.0,0.0,0.0,0.0,0.0
"TISTUD-9063",False,"train",0.0,0.0,0.0,0.0,0.0,0.0,0.0,0.0,0.0,0.0,0.0,0.0,0.982712984085083,0.0,0.0
"TISTUD-5643",False,"train",0.0,0.3867371082305908,0.0,0.0,0.0,0.0,0.0,0.0,0.0,0.0,0.0,0.0,0.0,0.5833741426467896,0.0
"TISTUD-7593",False,"train",0.0,0.0,0.9911870956420898,0.0,0.0,0.0,0.0,0.0,0.0,0.0,0.0,0.0,0.0,0.0,0.0
"TISTUD-8795",False,"train",0.0,0.3147997260093689,0.0,0.0,0.0,0.0,0.0,0.0,0.0,0.6726347208023071,0.0,0.0,0.0,0.0,0.0
"TISTUD-7485",False,"train",0.0,0.7983853220939636,0.0,0.0,0.0,0.0,0.0,0.18613600730895996,0.0,0.0,0.0,0.0,0.0,0.0,0.0
"TISTUD-4783",False,"train",0.0,0.9575709104537964,0.0,0.0,0.0,0.0,0.0,0.0,0.0,0.0,0.0,0.0,0.0,0.0,0.0
"TISTUD-6350",False,"train",0.0,0.0,0.0,0.0,0.0,0.0,0.0,0.0,0.0,0.0,0.0,0.0,0.9846979379653931,0.0,0.0
"TISTUD-4932",False,"train",0.0,0.0,0.22235697507858276,0.0,0.0,0.0,0.0,0.0,0.0,0.0,0.0,0.0,0.7542169094085693,0.0,0.0
"TISTUD-7597",False,"train",0.0,0.0,0.0,0.0,0.0,0.9657028317451477,0.0,0.020753365010023117,0.0,0.0,0.0,0.0,0.0,0.0,0.0
"TISTUD-5365",False,"train",0.0,0.472452312707901,0.0,0.0,0.5053211450576782,0.0,0.0,0.0,0.0,0.0,0.0,0.0,0.0,0.0,0.0
"TISTUD-9140",False,"train",0.0,0.0,0.0,0.0,0.0,0.0,0.0,0.9919533133506775,0.0,0.0,0.0,0.0,0.0,0.0,0.0
"TISTUD-8643",False,"train",0.0,0.0,0.0,0.0,0.0,0.0,0.7685324549674988,0.0,0.0,0.0,0.22441868484020233,0.0,0.0,0.0,0.0
"TISTUD-5364",False,"train",0.0,0.0,0.0,0.0,0.0,0.0,0.0,0.9611082077026367,0.0,0.0,0.0,0.0,0.0,0.0,0.0
"TISTUD-5918",False,"train",0.0,0.0,0.9678150415420532,0.0,0.0,0.0,0.0,0.0,0.0,0.0,0.0,0.0,0.0,0.0,0.0
"TISTUD-8859",False,"train",0.0,0.0,0.0,0.0,0.0,0.0,0.0,0.0,0.0,0.0,0.0,0.0,0.0,0.0,0.9913566708564758
"TISTUD-5281",False,"train",0.0,0.3885994255542755,0.0,0.0,0.0,0.04396069794893265,0.5517503619194031,0.0,0.0,0.0,0.0,0.0,0.0,0.0,0.0
"TISTUD-6423",True,"train",0.0,0.0,0.0,0.0,0.0,0.0,0.25847142934799194,0.7198567390441895,0.0,0.0,0.0,0.0,0.0,0.0,0.0
"TISTUD-5834",False,"train",0.0,0.6201609373092651,0.0,0.0,0.0,0.36899980902671814,0.0,0.0,0.0,0.0,0.0,0.0,0.0,0.0,0.0
"TISTUD-6824",False,"train",0.0,0.0,0.0,0.0,0.0,0.0,0.0,0.9555433988571167,0.0,0.0,0.0,0.0,0.0,0.0,0.0
"TISTUD-6280",False,"train",0.0,0.16159023344516754,0.0,0.0,0.0,0.6877161860466003,0.13798978924751282,0.0,0.0,0.0,0.0,0.0,0.0,0.0,0.0
"TISTUD-3421",False,"train",0.0,0.0,0.0,0.0,0.0,0.0,0.9862725138664246,0.0,0.0,0.0,0.0,0.0,0.0,0.0,0.0
"TISTUD-5285",False,"train",0.0,0.0,0.0,0.0,0.0,0.0,0.9555357098579407,0.0,0.0,0.0,0.0,0.0,0.0,0.0,0.0
"TISTUD-8819",False,"train",0.0,0.9898537397384644,0.0,0.0,0.0,0.0,0.0,0.0,0.0,0.0,0.0,0.0,0.0,0.0,0.0
"TISTUD-8026",False,"train",0.0,0.0,0.9725454449653625,0.0,0.0,0.0,0.0,0.0,0.0,0.0,0.0,0.0,0.0,0.0,0.0
"TISTUD-5074",False,"train",0.0,0.0,0.9445662498474121,0.046405207365751266,0.0,0.0,0.0,0.0,0.0,0.0,0.0,0.0,0.0,0.0,0.0
"TISTUD-5388",False,"train",0.0,0.9594060778617859,0.0,0.0,0.0,0.0,0.0,0.0,0.0,0.0,0.0,0.0,0.0,0.0,0.0
"TISTUD-5364",False,"train",0.0,0.0,0.0,0.0,0.0,0.0,0.0,0.9611082077026367,0.0,0.0,0.0,0.0,0.0,0.0,0.0
"TISTUD-5849",False,"train",0.0,0.3093093931674957,0.0,0.0,0.0,0.0,0.0,0.0,0.0,0.0,0.0,0.0,0.0,0.6651957035064697,0.0
"TISTUD-7449",False,"train",0.0,0.0,0.0,0.9555506706237793,0.0,0.0,0.0,0.0,0.0,0.0,0.0,0.0,0.0,0.0,0.0
"TISTUD-5622",False,"train",0.0,0.0,0.0,0.0,0.0,0.0,0.0,0.0,0.0,0.0,0.9066368937492371,0.0,0.07366064935922623,0.0,0.0
"TISTUD-5078",False,"train",0.0,0.0,0.8703967928886414,0.09851837903261185,0.0,0.0,0.0,0.0,0.0,0.0,0.0,0.0,0.02275075577199459,0.0,0.0
"TISTUD-5457",False,"train",0.0,0.5110980272293091,0.0,0.0,0.0,0.0,0.0,0.0,0.0,0.0,0.38712361454963684,0.0,0.0,0.08475325256586075,0.0
"TISTUD-8465",False,"train",0.0,0.0,0.0,0.0,0.0,0.0,0.0,0.974072277545929,0.0,0.0,0.0,0.0,0.0,0.0,0.0
"TISTUD-7208",False,"train",0.0,0.3691803216934204,0.0,0.0,0.0,0.0,0.0,0.0,0.0,0.0,0.0,0.0,0.0,0.5688968300819397,0.0
"TISTUD-8926",False,"train",0.0,0.0,0.0,0.0,0.0,0.0,0.0,0.0,0.0,0.0,0.9151475429534912,0.0,0.0,0.0,0.0
"TISTUD-8838",False,"train",0.0,0.0,0.0,0.0,0.0,0.0,0.0,0.0,0.0,0.0,0.0,0.0,0.0,0.9892709255218506,0.0
"TISTUD-4357",False,"train",0.0,0.0,0.0,0.0,0.0,0.0,0.0,0.0,0.0,0.9640988111495972,0.0,0.0,0.0,0.0,0.0
"TISTUD-7466",False,"train",0.0,0.0,0.0,0.0,0.0,0.0,0.9846981167793274,0.0,0.0,0.0,0.0,0.0,0.0,0.0,0.0
"TISTUD-6012",False,"train",0.0,0.6004167199134827,0.23815292119979858,0.0,0.0,0.0,0.14141833782196045,0.0,0.0,0.0,0.0,0.0,0.0,0.0,0.0
"TISTUD-6909",False,"train",0.0,0.0,0.0,0.9998752474784851,0.0,0.0,0.0,0.0,0.0,0.0,0.0,0.0,0.0,0.0,0.0
"TISTUD-5321",False,"train",0.0,0.6407530903816223,0.0,0.0,0.0,0.3082510828971863,0.0,0.0,0.0,0.0,0.0,0.0,0.0,0.0,0.0
"TISTUD-6677",False,"train",0.0,0.9777729511260986,0.0,0.0,0.0,0.0,0.0,0.0,0.0,0.0,0.0,0.0,0.0,0.0,0.0
"TISTUD-5823",False,"train",0.0,0.04606751725077629,0.0,0.0,0.0,0.0,0.9401739835739136,0.0,0.0,0.0,0.0,0.0,0.0,0.0,0.0
"TISTUD-4357",False,"train",0.0,0.0,0.0,0.0,0.0,0.0,0.0,0.0,0.0,0.9640988111495972,0.0,0.0,0.0,0.0,0.0
"TISTUD-5479",False,"train",0.0,0.0,0.0,0.0,0.0,0.2282341867685318,0.0,0.0,0.0,0.7261285185813904,0.0,0.0,0.0,0.0,0.0
"TISTUD-8588",False,"train",0.0,0.0,0.0,0.0,0.0,0.982050359249115,0.0,0.0,0.0,0.0,0.0,0.0,0.0,0.0,0.0
"TISTUD-5045",False,"train",0.0,0.0,0.4667833149433136,0.0,0.0,0.5231366753578186,0.0,0.0,0.0,0.0,0.0,0.0,0.0,0.0,0.0
"TISTUD-6755",False,"train",0.0,0.9766644835472107,0.0,0.0,0.0,0.0,0.0,0.0,0.0,0.0,0.0,0.0,0.0,0.0,0.0
"TISTUD-8453",False,"train",0.0,0.0,0.0,0.0,0.0,0.0,0.9836234450340271,0.0,0.0,0.0,0.0,0.0,0.0,0.0,0.0
"TISTUD-6531",False,"train",0.0,0.0,0.0,0.0,0.0,0.7371809482574463,0.0,0.0,0.0,0.0,0.23873893916606903,0.0,0.0,0.0,0.0
"TISTUD-6037",False,"train",0.0,0.5845863819122314,0.0,0.0,0.0,0.0,0.0,0.0,0.0,0.0,0.0,0.0,0.41106903553009033,0.0,0.0
"TISTUD-5322",False,"train",0.0,0.9772339463233948,0.0,0.0,0.0,0.0,0.0,0.0,0.0,0.0,0.0,0.0,0.0,0.0,0.0
"TISTUD-9053",False,"train",0.0,0.0,0.0,0.0,0.0,0.0,0.9878767132759094,0.0,0.0,0.0,0.0,0.0,0.0,0.0,0.0
"TISTUD-6847",True,"train",0.0,0.0,0.0,0.0,0.0,0.0,0.9823856353759766,0.0,0.0,0.0,0.0,0.0,0.0,0.0,0.0
"TISTUD-6235",False,"train",0.0,0.0,0.0,0.0,0.0,0.0,0.0,0.0,0.0,0.0,0.0,0.986853301525116,0.0,0.0,0.0
"TISTUD-5416",False,"train",0.0,0.24032536149024963,0.0,0.0,0.0,0.0,0.0,0.0,0.0,0.7510918974876404,0.0,0.0,0.0,0.0,0.0
"TISTUD-7867",False,"train",0.0,0.3715204894542694,0.0,0.0,0.0,0.0,0.12298159301280975,0.0,0.0,0.4906786382198334,0.0,0.0,0.0,0.0,0.0
"TISTUD-5431",False,"train",0.0,0.7504929900169373,0.0,0.0,0.0,0.0,0.2407497763633728,0.0,0.0,0.0,0.0,0.0,0.0,0.0,0.0
"TISTUD-6888",False,"train",0.0,0.0,0.0,0.0,0.0,0.0,0.0,0.0,0.0,0.0,0.0,0.0,0.0,0.0,0.9782805442810059
"TISTUD-8889",False,"train",0.0,0.0,0.0,0.0,0.0,0.0,0.0,0.0,0.0,0.0,0.4294852614402771,0.2733258903026581,0.0,0.0,0.2957005798816681
"TISTUD-5665",False,"train",0.0,0.0,0.276688814163208,0.0,0.0,0.0,0.0,0.6944103837013245,0.0,0.0,0.0,0.0,0.0,0.0,0.0
"TISTUD-7673",False,"train",0.0,0.0,0.0,0.0,0.0,0.0,0.0,0.9823861718177795,0.0,0.0,0.0,0.0,0.0,0.0,0.0
"TISTUD-7607",False,"train",0.0,0.0,0.0,0.0,0.0,0.0,0.7164474725723267,0.0,0.0,0.25805899500846863,0.0,0.0,0.0,0.0,0.0
"TISTUD-7624",False,"train",0.0,0.9880322217941284,0.0,0.0,0.0,0.0,0.0,0.0,0.0,0.0,0.0,0.0,0.0,0.0,0.0
"TISTUD-7683",False,"train",0.0,0.3370760679244995,0.6501778364181519,0.0,0.0,0.0,0.0,0.0,0.0,0.0,0.0,0.0,0.0,0.0,0.0
"TISTUD-273",False,"train",0.0,0.0,0.0,0.0,0.0,0.0,0.9801264405250549,0.0,0.0,0.0,0.0,0.0,0.0,0.0,0.0
"TISTUD-3669",False,"train",0.0,0.25054192543029785,0.7397146224975586,0.0,0.0,0.0,0.0,0.0,0.0,0.0,0.0,0.0,0.0,0.0,0.0
"TISTUD-8544",False,"train",0.0,0.0,0.9725427031517029,0.0,0.0,0.0,0.0,0.0,0.0,0.0,0.0,0.0,0.0,0.0,0.0
"TISTUD-8960",True,"train",0.0,0.0,0.0,0.0,0.0,0.0,0.0,0.0,0.0,0.0,0.0,0.0,0.0,0.9888877868652344,0.0
"TISTUD-5470",False,"train",0.0,0.9575652480125427,0.0,0.0,0.0,0.0,0.0,0.0,0.0,0.0,0.0,0.0,0.0,0.0,0.0
"TISTUD-8524",False,"train",0.0,0.0,0.9575732350349426,0.0,0.0,0.0,0.0,0.0,0.0,0.0,0.0,0.0,0.0,0.0,0.0
"TISTUD-5808",False,"train",0.0,0.21195121109485626,0.0,0.0,0.0,0.7383028268814087,0.032350946217775345,0.0,0.0,0.0,0.0,0.0,0.0,0.0,0.0
"TISTUD-4357",False,"train",0.0,0.0,0.0,0.0,0.0,0.0,0.0,0.0,0.0,0.9640988111495972,0.0,0.0,0.0,0.0,0.0
"TISTUD-8885",False,"train",0.0,0.0,0.0,0.0,0.0,0.0,0.9844412207603455,0.0,0.0,0.0,0.0,0.0,0.0,0.0,0.0
"TISTUD-8890",False,"train",0.0,0.0,0.0,0.0,0.0,0.0,0.0,0.0,0.0,0.97829270362854,0.0,0.0,0.0,0.0,0.0
"TISTUD-6709",False,"train",0.0,0.9594078660011292,0.0,0.0,0.0,0.0,0.0,0.0,0.0,0.0,0.0,0.0,0.0,0.0,0.0
"TISTUD-5545",False,"train",0.0,0.0,0.21000078320503235,0.0,0.0,0.0,0.0,0.0,0.0,0.25351008772850037,0.0,0.0,0.510656476020813,0.0,0.0
"TISTUD-5045",False,"train",0.0,0.0,0.4667833149433136,0.0,0.0,0.5231366753578186,0.0,0.0,0.0,0.0,0.0,0.0,0.0,0.0,0.0
"TISTUD-5936",False,"train",0.0,0.9771918654441833,0.0,0.0,0.0,0.0,0.0,0.0,0.0,0.0,0.0,0.0,0.0,0.0,0.0
"TISTUD-6582",False,"train",0.0,0.0,0.0,0.0,0.0,0.9747638702392578,0.0,0.0,0.0,0.0,0.0,0.0,0.0,0.0,0.0
"TISTUD-7341",False,"train",0.0,0.9725472927093506,0.0,0.0,0.0,0.0,0.0,0.0,0.0,0.0,0.0,0.0,0.0,0.0,0.0
"TISTUD-6594",False,"train",0.0,0.399579256772995,0.0,0.0,0.17751984298229218,0.0,0.40807783603668213,0.0,0.0,0.0,0.0,0.0,0.0,0.0,0.0
"TISTUD-7469",False,"train",0.0,0.0,0.0,0.0,0.0,0.0,0.5740044116973877,0.0,0.0,0.0,0.40535464882850647,0.0,0.0,0.0,0.0
"TISTUD-7485",False,"train",0.0,0.7983853220939636,0.0,0.0,0.0,0.0,0.0,0.18613600730895996,0.0,0.0,0.0,0.0,0.0,0.0,0.0
"TISTUD-6834",False,"train",0.0,0.0,0.0,0.0,0.0,0.0,0.9708285927772522,0.0,0.0,0.0,0.0,0.0,0.0,0.0,0.0
"TISTUD-8977",False,"train",0.0,0.0,0.0,0.0,0.0,0.0,0.0,0.0,0.0,0.0,0.9666634798049927,0.0,0.0,0.0,0.0
"TISTUD-9125",False,"train",0.0,0.0,0.0,0.0,0.0,0.0,0.9953073263168335,0.0,0.0,0.0,0.0,0.0,0.0,0.0,0.0
"TISTUD-5671",False,"train",0.0,0.9801355600357056,0.0,0.0,0.0,0.0,0.0,0.0,0.0,0.0,0.0,0.0,0.0,0.0,0.0
"TISTUD-7652",False,"train",0.0,0.0,0.0,0.0,0.0,0.0,0.0,0.9663810729980469,0.0,0.0,0.0,0.0,0.0,0.02353852614760399,0.0
"TISTUD-6113",False,"train",0.0,0.7156837582588196,0.0,0.0,0.0,0.0,0.2769048810005188,0.0,0.0,0.0,0.0,0.0,0.0,0.0,0.0
"TISTUD-8928",False,"train",0.0,0.0,0.0,0.0,0.9626635313034058,0.0,0.0,0.0,0.0,0.0,0.0,0.0,0.0,0.0,0.0
"TISTUD-5457",False,"train",0.0,0.5110980272293091,0.0,0.0,0.0,0.0,0.0,0.0,0.0,0.0,0.38712361454963684,0.0,0.0,0.08475325256586075,0.0
"TISTUD-8983",False,"train",0.0,0.0,0.0,0.0,0.0,0.9805495142936707,0.0,0.0,0.0,0.0,0.0,0.0,0.0,0.0,0.0
"TISTUD-7616",False,"train",0.448029488325119,0.0,0.0,0.0,0.0,0.0,0.35265764594078064,0.0,0.0,0.0,0.0,0.18330839276313782,0.0,0.0,0.0
"TISTUD-9137",False,"train",0.0,0.7064362168312073,0.0,0.0,0.0,0.0,0.0,0.0,0.0,0.0,0.0,0.0,0.2821587026119232,0.0,0.0
"TISTUD-9140",False,"train",0.0,0.0,0.0,0.0,0.0,0.0,0.0,0.9919533133506775,0.0,0.0,0.0,0.0,0.0,0.0,0.0
"TISTUD-7018",False,"train",0.0,0.38351449370384216,0.0,0.0,0.0,0.6049280762672424,0.0,0.0,0.0,0.0,0.0,0.0,0.0,0.0,0.0
"TISTUD-6031",False,"train",0.0,0.0,0.0,0.0,0.0,0.0,0.9841772317886353,0.0,0.0,0.0,0.0,0.0,0.0,0.0,0.0
"TISTUD-4974",False,"train",0.0,0.0,0.0,0.0,0.0,0.9833315014839172,0.0,0.0,0.0,0.0,0.0,0.0,0.0,0.0,0.0
"TISTUD-5825",False,"train",0.6277783513069153,0.0,0.0,0.01141891349107027,0.0,0.0,0.0,0.0,0.0,0.35883527994155884,0.0,0.0,0.0,0.0,0.0
"TISTUD-5294",False,"train",0.0,0.0,0.0,0.0,0.9985963106155396,0.0,0.0,0.0,0.0,0.0,0.0,0.0,0.0,0.0,0.0
"TISTUD-5339",False,"train",0.0,0.0,0.0503687784075737,0.0,0.0,0.0,0.6202681064605713,0.0,0.0,0.0,0.0,0.31809231638908386,0.0,0.0,0.0
"TISTUD-5383",False,"train",0.0,0.0,0.0,0.0,0.0,0.0,0.0,0.0,0.0,0.0,0.9717149138450623,0.0,0.0,0.0,0.0
"TISTUD-6917",False,"train",0.0,0.0,0.0,0.0,0.5640321373939514,0.0,0.42684096097946167,0.0,0.0,0.0,0.0,0.0,0.0,0.0,0.0
"TISTUD-4014",False,"train",0.0,0.7211344242095947,0.0,0.0,0.0,0.2582279443740845,0.0,0.0,0.0,0.0,0.0,0.0,0.0,0.0,0.0
"TISTUD-9148",False,"train",0.0,0.0,0.18076595664024353,0.0,0.0,0.0,0.7758841514587402,0.0,0.0,0.0,0.0,0.0,0.0,0.0,0.0
"TISTUD-6122",False,"train",0.0,0.0,0.0,0.0,0.0,0.0,0.0,0.0,0.0,0.0,0.0,0.0,0.0,0.0,0.9611073732376099
"TISTUD-9159",True,"train",0.0,0.0,0.1068996787071228,0.0,0.0,0.0,0.29745349287986755,0.0,0.0,0.0,0.0,0.0,0.0,0.0,0.579956591129303
"TISTUD-9159",True,"train",0.0,0.0,0.1068996787071228,0.0,0.0,0.0,0.29745349287986755,0.0,0.0,0.0,0.0,0.0,0.0,0.0,0.579956591129303
"TISTUD-6108",False,"train",0.0,0.36012130975723267,0.10437539219856262,0.0,0.0,0.5159854292869568,0.0,0.0,0.0,0.0,0.0,0.0,0.0,0.0,0.0
"TISTUD-5168",False,"train",0.0,0.0,0.0,0.0,0.0,0.0,0.9594164490699768,0.0,0.0,0.0,0.0,0.0,0.0,0.0,0.0
"TISTUD-5462",False,"train",0.0,0.0,0.0,0.0,0.0,0.0,0.9733265042304993,0.0,0.0,0.0,0.0,0.0,0.0,0.0,0.0
"TISTUD-6425",False,"train",0.0,0.0,0.0,0.0,0.0,0.0,0.9688849449157715,0.0,0.0,0.0,0.0,0.0,0.0,0.0,0.0
"TISTUD-7756",True,"train",0.0,0.0,0.0,0.0,0.0,0.0,0.0,0.0,0.0,0.9678133130073547,0.0,0.0,0.0,0.0,0.0
"TISTUD-5918",False,"train",0.0,0.0,0.9678150415420532,0.0,0.0,0.0,0.0,0.0,0.0,0.0,0.0,0.0,0.0,0.0,0.0
"TISTUD-8010",False,"train",0.0,0.0,0.0,0.0,0.9801403880119324,0.0,0.0,0.0,0.0,0.0,0.0,0.0,0.0,0.0,0.0
"TISTUD-5843",False,"train",0.0,0.0,0.0,0.0,0.0,0.16442853212356567,0.09379123151302338,0.0,0.0,0.0,0.0,0.0,0.0,0.7290771007537842,0.0
"TISTUD-7548",False,"train",0.0,0.0,0.13281138241291046,0.0,0.0,0.0,0.0,0.0,0.0,0.0,0.8431054949760437,0.0,0.0,0.0,0.0
"TISTUD-5469",False,"train",0.0,0.9377479553222656,0.0,0.0,0.0,0.0,0.0,0.0,0.0,0.0,0.0,0.0,0.0,0.0,0.0
"TISTUD-7852",False,"train",0.0,0.0,0.0,0.0,0.0,0.0,0.9809481501579285,0.0,0.0,0.0,0.0,0.0,0.0,0.0,0.0
"TISTUD-5439",False,"train",0.0,0.9891460537910461,0.0,0.0,0.0,0.0,0.0,0.0,0.0,0.0,0.0,0.0,0.0,0.0,0.0
"TISTUD-5960",False,"train",0.0,0.0,0.0,0.0,0.0,0.0,0.0,0.0,0.0,0.0,0.0,0.0,0.9809499979019165,0.0,0.0
"TISTUD-9116",False,"train",0.0,0.0,0.0,0.0,0.0,0.0,0.0,0.0,0.0,0.0,0.0,0.0,0.0,0.0,0.9974592328071594
"TISTUD-8898",False,"train",0.0,0.0,0.0,0.0,0.0,0.7728027701377869,0.0,0.0,0.0,0.20170243084430695,0.0,0.0,0.0,0.0,0.0
"TISTUD-8927",False,"train",0.0,0.0,0.0,0.0,0.0,0.0,0.0,0.0,0.0,0.0,0.0,0.0,0.0,0.0,0.9878719449043274
"TISTUD-4886",False,"train",0.0,0.0,0.0,0.0,0.0,0.0,0.0,0.0,0.0,0.0,0.0,0.0,0.0,0.9740694165229797,0.0
"TISTUD-9092",False,"train",0.9733291864395142,0.0,0.0,0.0,0.0,0.0,0.0,0.0,0.0,0.0,0.0,0.0,0.0,0.0,0.0
"TISTUD-7725",False,"train",0.0,0.0,0.0,0.0,0.0,0.0,0.0,0.9805532097816467,0.0,0.0,0.0,0.0,0.0,0.0,0.0
"TISTUD-4022",False,"train",0.0,0.0,0.0,0.0,0.0,0.0,0.9740707874298096,0.0,0.0,0.0,0.0,0.0,0.0,0.0,0.0
"TISTUD-5007",False,"train",0.0,0.5838846564292908,0.0,0.0,0.0,0.0,0.0,0.08622387796640396,0.0,0.0,0.0,0.31877368688583374,0.0,0.0,0.0
"TISTUD-6122",False,"train",0.0,0.0,0.0,0.0,0.0,0.0,0.0,0.0,0.0,0.0,0.0,0.0,0.0,0.0,0.9611073732376099
"TISTUD-9053",False,"train",0.0,0.0,0.0,0.0,0.0,0.0,0.9878767132759094,0.0,0.0,0.0,0.0,0.0,0.0,0.0,0.0
"TISTUD-5665",False,"train",0.0,0.0,0.276688814163208,0.0,0.0,0.0,0.0,0.6944103837013245,0.0,0.0,0.0,0.0,0.0,0.0,0.0
"TISTUD-7341",False,"train",0.0,0.9725472927093506,0.0,0.0,0.0,0.0,0.0,0.0,0.0,0.0,0.0,0.0,0.0,0.0,0.0
"TISTUD-6250",False,"train",0.0,0.4736764430999756,0.0,0.0,0.0,0.0,0.0,0.0,0.0,0.0,0.0,0.0,0.0,0.0,0.5118752717971802
"TISTUD-8819",False,"train",0.0,0.9898537397384644,0.0,0.0,0.0,0.0,0.0,0.0,0.0,0.0,0.0,0.0,0.0,0.0,0.0
"TISTUD-7607",False,"train",0.0,0.0,0.0,0.0,0.0,0.0,0.7164474725723267,0.0,0.0,0.25805899500846863,0.0,0.0,0.0,0.0,0.0
"TISTUD-8779",False,"train",0.0,0.0,0.9253455400466919,0.0,0.0,0.0,0.0,0.06977907568216324,0.0,0.0,0.0,0.0,0.0,0.0,0.0
"TISTUD-5360",False,"train",0.0,0.3195476830005646,0.0,0.0,0.0,0.0,0.0,0.0,0.0,0.0,0.0,0.0,0.0,0.0,0.6549577713012695
"TISTUD-4014",False,"train",0.0,0.7211344242095947,0.0,0.0,0.0,0.2582279443740845,0.0,0.0,0.0,0.0,0.0,0.0,0.0,0.0,0.0
"TISTUD-7756",True,"train",0.0,0.0,0.0,0.0,0.0,0.0,0.0,0.0,0.0,0.9678133130073547,0.0,0.0,0.0,0.0,0.0
"TISTUD-8009",False,"train",0.0,0.0,0.0,0.0,0.9805541038513184,0.0,0.0,0.0,0.0,0.0,0.0,0.0,0.0,0.0,0.0
"TISTUD-3863",True,"train",0.0,0.0,0.0,0.0,0.0,0.0,0.0,0.0,0.0,0.0,0.0,0.0,0.0,0.0,0.9481402635574341
"TISTUD-7725",False,"train",0.0,0.0,0.0,0.0,0.0,0.0,0.0,0.9805532097816467,0.0,0.0,0.0,0.0,0.0,0.0,0.0
"TISTUD-8905",False,"train",0.0,0.1574946641921997,0.0,0.0,0.0,0.0,0.0,0.8223390579223633,0.0,0.0,0.0,0.0,0.0,0.0,0.0
"TISTUD-5918",False,"train",0.0,0.0,0.9678150415420532,0.0,0.0,0.0,0.0,0.0,0.0,0.0,0.0,0.0,0.0,0.0,0.0
"TISTUD-9027",False,"train",0.0,0.07718430459499359,0.0,0.0,0.0,0.0,0.0,0.0,0.0,0.0,0.0,0.0,0.9021738171577454,0.0,0.0
"TISTUD-8588",False,"train",0.0,0.0,0.0,0.0,0.0,0.982050359249115,0.0,0.0,0.0,0.0,0.0,0.0,0.0,0.0,0.0
"TISTUD-4932",False,"train",0.0,0.0,0.22235697507858276,0.0,0.0,0.0,0.0,0.0,0.0,0.0,0.0,0.0,0.7542169094085693,0.0,0.0
"TISTUD-5168",False,"train",0.0,0.0,0.0,0.0,0.0,0.0,0.9594164490699768,0.0,0.0,0.0,0.0,0.0,0.0,0.0,0.0
"TISTUD-3970",False,"train",0.0,0.0,0.0,0.0,0.0,0.0,0.0,0.0,0.0,0.0,0.9688870310783386,0.0,0.0,0.0,0.0
"TISTUD-4525",False,"train",0.23660753667354584,0.750817060470581,0.0,0.0,0.0,0.0,0.0,0.0,0.0,0.0,0.0,0.0,0.0,0.0,0.0
"TISTUD-8928",False,"train",0.0,0.0,0.0,0.0,0.9626635313034058,0.0,0.0,0.0,0.0,0.0,0.0,0.0,0.0,0.0,0.0
"TISTUD-8865",False,"train",0.941660463809967,0.0,0.0,0.0,0.0,0.0,0.0,0.0,0.0,0.0,0.0,0.0,0.0,0.0,0.0
"TISTUD-8576",False,"train",0.0,0.0,0.0,0.0,0.0,0.0,0.0,0.9936898946762085,0.0,0.0,0.0,0.0,0.0,0.0,0.0
"TISTUD-6350",False,"train",0.0,0.0,0.0,0.0,0.0,0.0,0.0,0.0,0.0,0.0,0.0,0.0,0.9846979379653931,0.0,0.0
"TISTUD-6824",False,"train",0.0,0.0,0.0,0.0,0.0,0.0,0.0,0.9555433988571167,0.0,0.0,0.0,0.0,0.0,0.0,0.0
"TISTUD-7726",False,"train",0.0,0.9533226490020752,0.0,0.0,0.0,0.0,0.0,0.0,0.0,0.0,0.0,0.0,0.0,0.0,0.0
"TISTUD-8852",False,"train",0.0,0.9626633524894714,0.0,0.0,0.0,0.0,0.0,0.0,0.0,0.0,0.0,0.0,0.0,0.0,0.0
"TISTUD-4363",False,"train",0.0,0.0,0.0,0.9481330513954163,0.0,0.0,0.0,0.0,0.0,0.0,0.0,0.0,0.0,0.0,0.0
"TISTUD-5642",False,"train",0.0,0.0,0.0,0.0,0.0,0.0,0.9809504151344299,0.0,0.0,0.0,0.0,0.0,0.0,0.0,0.0
"TISTUD-7591",False,"train",0.0,0.0,0.0,0.0,0.0,0.0,0.0,0.0,0.0,0.0,0.0,0.0,0.0,0.9533270597457886,0.0
"TISTUD-6978",False,"train",0.0,0.9533186554908752,0.0,0.0,0.0,0.0,0.0,0.0,0.0,0.0,0.0,0.0,0.0,0.0,0.0
"TISTUD-5543",False,"train",0.0,0.0,0.0,0.0,0.0,0.0,0.0,0.0,0.0,0.0,0.0,0.0,0.9333264827728271,0.0,0.0
"TISTUD-6102",False,"train",0.0,0.0,0.9688868522644043,0.0,0.0,0.0,0.0,0.0,0.0,0.0,0.0,0.0,0.0,0.0,0.0
"TISTUD-7485",False,"train",0.0,0.7983853220939636,0.0,0.0,0.0,0.0,0.0,0.18613600730895996,0.0,0.0,0.0,0.0,0.0,0.0,0.0
"TISTUD-5970",False,"train",0.0,0.0,0.9575640559196472,0.0,0.0,0.0,0.0,0.0,0.0,0.0,0.0,0.0,0.0,0.0,0.0
"TISTUD-5060",False,"train",0.0,0.0,0.0,0.0,0.9830249547958374,0.0,0.0,0.0,0.0,0.0,0.0,0.0,0.0,0.0,0.0
"TISTUD-9113",False,"train",0.0,0.0,0.0,0.0,0.0,0.0,0.0,0.0,0.0,0.0,0.9555391669273376,0.0,0.0,0.0,0.0
"TISTUD-5366",False,"train",0.0,0.9873862266540527,0.0,0.0,0.0,0.0,0.0,0.0,0.0,0.0,0.0,0.0,0.0,0.0,0.0
"TISTUD-8658",False,"train",0.0,0.9920200705528259,0.0,0.0,0.0,0.0,0.0,0.0,0.0,0.0,0.0,0.0,0.0,0.0,0.0
"TISTUD-7899",False,"train",0.0,0.0,0.9481403231620789,0.0,0.0,0.0,0.0,0.0,0.0,0.0,0.0,0.0,0.0,0.0,0.0
"TISTUD-5383",False,"train",0.0,0.0,0.0,0.0,0.0,0.0,0.0,0.0,0.0,0.0,0.9717149138450623,0.0,0.0,0.0,0.0
"TISTUD-5370",False,"train",0.0,0.2885875403881073,0.0,0.0,0.0,0.0,0.0,0.0,0.0,0.6925675868988037,0.0,0.0,0.0,0.0,0.0
"TISTUD-5401",False,"train",0.0,0.0,0.0,0.0,0.0,0.9809476137161255,0.0,0.0,0.0,0.0,0.0,0.0,0.0,0.0,0.0
"TISTUD-5364",False,"train",0.0,0.0,0.0,0.0,0.0,0.0,0.0,0.9611082077026367,0.0,0.0,0.0,0.0,0.0,0.0,0.0
"TISTUD-1335",False,"train",0.0,0.0,0.0,0.0,0.0,0.9862721562385559,0.0,0.0,0.0,0.0,0.0,0.0,0.0,0.0,0.0
"TISTUD-9042",False,"train",0.0,0.9481318593025208,0.0,0.0,0.0,0.0,0.0,0.0,0.0,0.0,0.0,0.0,0.0,0.0,0.0
"TISTUD-7467",False,"train",0.0,0.4813261926174164,0.0,0.0,0.0,0.0,0.0,0.0,0.0,0.0,0.0,0.0,0.48400095105171204,0.0,0.0
"TISTUD-8890",False,"train",0.0,0.0,0.0,0.0,0.0,0.0,0.0,0.0,0.0,0.97829270362854,0.0,0.0,0.0,0.0,0.0
"TISTUD-7619",False,"train",0.0,0.0,0.0,0.0,0.0,0.9698905944824219,0.0,0.0,0.0,0.0,0.0,0.0,0.0,0.0,0.0
"TISTUD-5322",False,"train",0.0,0.9772339463233948,0.0,0.0,0.0,0.0,0.0,0.0,0.0,0.0,0.0,0.0,0.0,0.0,0.0
"TISTUD-4977",False,"train",0.0,0.0,0.0,0.0,0.0,0.9747709035873413,0.0,0.0,0.0,0.0,0.0,0.0,0.0,0.0,0.0
"TISTUD-8769",False,"train",0.0,0.0,0.7938300967216492,0.0,0.0,0.0,0.19172249734401703,0.0,0.0,0.0,0.0,0.0,0.0,0.0,0.0
"TISTUD-5354",False,"train",0.0,0.0,0.0,0.9760655164718628,0.0,0.0,0.0,0.0,0.0,0.0,0.0,0.0,0.0,0.0,0.0
"TISTUD-7479",False,"train",0.0,0.0,0.0,0.0,0.0,0.0,0.9893831610679626,0.0,0.0,0.0,0.0,0.0,0.0,0.0,0.0
"TISTUD-6755",False,"train",0.0,0.9766644835472107,0.0,0.0,0.0,0.0,0.0,0.0,0.0,0.0,0.0,0.0,0.0,0.0,0.0
"TISTUD-7622",False,"train",0.0,0.0,0.0,0.0,0.0,0.0,0.0,0.0,0.0,0.0,0.0,0.9917397499084473,0.0,0.0,0.0
"TISTUD-6726",False,"train",0.0,0.0,0.0,0.0,0.0,0.0,0.976661205291748,0.0,0.0,0.0,0.0,0.0,0.0,0.0,0.0
"TISTUD-5423",False,"train",0.0,0.0,0.0,0.0,0.0,0.0,0.0,0.0,0.0,0.0,0.0,0.0,0.0,0.992218554019928,0.0
"TISTUD-6847",True,"train",0.0,0.0,0.0,0.0,0.0,0.0,0.9823856353759766,0.0,0.0,0.0,0.0,0.0,0.0,0.0,0.0
"TISTUD-5355",False,"train",0.0,0.36149534583091736,0.0,0.0,0.0,0.0,0.251168817281723,0.0,0.0,0.3662692606449127,0.0,0.0,0.0,0.0,0.0
"TISTUD-8866",False,"train",0.0,0.4799075424671173,0.0,0.0,0.0,0.0,0.0,0.0,0.0,0.0,0.0,0.0,0.0,0.46910685300827026,0.0
"TISTUD-7076",False,"train",0.0,0.0,0.0,0.0,0.11628416925668716,0.8748672604560852,0.0,0.0,0.0,0.0,0.0,0.0,0.0,0.0,0.0
"TISTUD-6102",False,"valid",0.0,0.0,0.9688868522644043,0.0,0.0,0.0,0.0,0.0,0.0,0.0,0.0,0.0,0.0,0.0,0.0
"TISTUD-5079",False,"valid",0.0,0.9813233017921448,0.0,0.0,0.0,0.0,0.0,0.0,0.0,0.0,0.0,0.0,0.0,0.0,0.0
"TISTUD-4359",False,"valid",0.0,0.0,0.0,0.0,0.0,0.0,0.0,0.0,0.0,0.94509357213974,0.0,0.0,0.0,0.0,0.0
"TISTUD-5472",False,"valid",0.0,0.0,0.0,0.0,0.0,0.0,0.0,0.0,0.0,0.0,0.9533254504203796,0.0,0.0,0.0,0.0
"TISTUD-5168",False,"valid",0.0,0.0,0.0,0.0,0.0,0.0,0.9594164490699768,0.0,0.0,0.0,0.0,0.0,0.0,0.0,0.0
"TISTUD-5473",False,"valid",0.0,0.0,0.0,0.0,0.0,0.0,0.0,0.0,0.0,0.0,0.0,0.0,0.9508674740791321,0.0,0.0
"TISTUD-5070",False,"valid",0.0,0.0,0.8959383368492126,0.09503305703401566,0.0,0.0,0.0,0.0,0.0,0.0,0.0,0.0,0.0,0.0,0.0
"TISTUD-5302",False,"valid",0.0,0.959418535232544,0.0,0.0,0.0,0.0,0.0,0.0,0.0,0.0,0.0,0.0,0.0,0.0,0.0
"TISTUD-5749",False,"valid",0.0,0.9733296632766724,0.0,0.0,0.0,0.0,0.0,0.0,0.0,0.0,0.0,0.0,0.0,0.0,0.0
"TISTUD-5913",False,"valid",0.0,0.0,0.5709953308105469,0.0,0.0,0.0,0.41501936316490173,0.0,0.0,0.0,0.0,0.0,0.0,0.0,0.0
"TISTUD-5502",False,"valid",0.0,0.9575709700584412,0.0,0.0,0.0,0.0,0.0,0.0,0.0,0.0,0.0,0.0,0.0,0.0,0.0
"TISTUD-8930",False,"valid",0.0,0.9666642546653748,0.0,0.0,0.0,0.0,0.0,0.0,0.0,0.0,0.0,0.0,0.0,0.0,0.0
"TISTUD-9085",False,"valid",0.0,0.0,0.0,0.0,0.0,0.9733284115791321,0.0,0.0,0.0,0.0,0.0,0.0,0.0,0.0,0.0
"TISTUD-5492",True,"valid",0.0,0.0,0.0,0.0,0.0,0.0,0.0,0.9533267021179199,0.0,0.0,0.0,0.0,0.0,0.0,0.0
"TISTUD-5424",False,"valid",0.7427854537963867,0.24054116010665894,0.0,0.0,0.0,0.0,0.0,0.0,0.0,0.0,0.0,0.0,0.0,0.0,0.0
"TISTUD-1594",False,"valid",0.0,0.0,0.9481443166732788,0.0,0.0,0.0,0.0,0.0,0.0,0.0,0.0,0.0,0.0,0.0,0.0
"TISTUD-7450",False,"valid",0.0,0.23472538590431213,0.0,0.0,0.0,0.0,0.0,0.0,0.0,0.0,0.0,0.0,0.7275725603103638,0.0,0.0
"TISTUD-8848",True,"valid",0.0,0.0,0.0,0.0,0.0,0.9626593589782715,0.0,0.0,0.0,0.0,0.0,0.0,0.0,0.0,0.0
"TISTUD-7122",False,"valid",0.0,0.9725409150123596,0.0,0.0,0.0,0.0,0.0,0.0,0.0,0.0,0.0,0.0,0.0,0.0,0.0
"TISTUD-8911",False,"valid",0.0,0.0,0.0,0.0,0.0,0.0,0.0,0.0,0.0,0.0,0.9611081480979919,0.0,0.0,0.0,0.0
"TISTUD-4336",False,"valid",0.0,0.0,0.0,0.0,0.0,0.0,0.06741613149642944,0.0,0.0,0.0,0.9196464419364929,0.0,0.0,0.0,0.0
"TISTUD-7466",False,"valid",0.0,0.0,0.0,0.0,0.0,0.0,0.9846981167793274,0.0,0.0,0.0,0.0,0.0,0.0,0.0,0.0
"TISTUD-5421",False,"valid",0.0,0.9688852429389954,0.0,0.0,0.0,0.0,0.0,0.0,0.0,0.0,0.0,0.0,0.0,0.0,0.0
"TISTUD-8928",False,"valid",0.0,0.0,0.0,0.0,0.9626635313034058,0.0,0.0,0.0,0.0,0.0,0.0,0.0,0.0,0.0,0.0
"TISTUD-7338",False,"valid",0.0,0.9481354355812073,0.0,0.0,0.0,0.0,0.0,0.0,0.0,0.0,0.0,0.0,0.0,0.0,0.0
"TISTUD-4031",False,"valid",0.0,0.0,0.0,0.0,0.0,0.0,0.0,0.0,0.0,0.0,0.0,0.0,0.9575642347335815,0.0,0.0
"TISTUD-4318",False,"valid",0.0,0.0,0.0,0.0,0.0,0.0,0.0,0.0,0.0,0.0,0.0,0.0,0.44317716360092163,0.5465027689933777,0.0
"TISTUD-8495",False,"valid",0.0,0.18048572540283203,0.0,0.0,0.0,0.0,0.0,0.0,0.0,0.0,0.0,0.0,0.0,0.8025153875350952,0.0
"TISTUD-8787",False,"valid",0.0,0.39131906628608704,0.0,0.0,0.5831871628761292,0.0,0.0,0.0,0.0,0.0,0.0,0.0,0.0,0.0,0.0
"TISTUD-8979",False,"valid",0.0,0.0,0.0,0.0,0.0,0.0,0.0,0.0,0.0,0.0,0.0,0.0,0.0,0.9611061811447144,0.0
"TISTUD-6455",False,"valid",0.0,0.9708218574523926,0.0,0.0,0.0,0.0,0.0,0.0,0.0,0.0,0.0,0.0,0.0,0.0,0.0
"TISTUD-4363",False,"valid",0.0,0.0,0.0,0.9481330513954163,0.0,0.0,0.0,0.0,0.0,0.0,0.0,0.0,0.0,0.0,0.0
"TISTUD-7905",False,"valid",0.0,0.0,0.0,0.0,0.0,0.0,0.0,0.0,0.0,0.0,0.9377714991569519,0.0,0.0,0.0,0.0
"TISTUD-1594",False,"valid",0.0,0.0,0.9481443166732788,0.0,0.0,0.0,0.0,0.0,0.0,0.0,0.0,0.0,0.0,0.0,0.0
"TISTUD-7719",False,"valid",0.0,0.0,0.0,0.0,0.0,0.0,0.0,0.0,0.0,0.0,0.0,0.0,0.0,0.9972733855247498,0.0
"TISTUD-5324",False,"valid",0.0,0.0,0.0,0.0,0.0,0.0,0.0,0.0,0.0,0.0,0.0,0.0,0.9481415152549744,0.0,0.0
"TISTUD-8971",False,"valid",0.0,0.0,0.0,0.0,0.0,0.965427041053772,0.0,0.0,0.0,0.0,0.0,0.0,0.0,0.0,0.0
"TISTUD-8932",False,"valid",0.0,0.0,0.0,0.0,0.0,0.0,0.0,0.0,0.0,0.0,0.971714973449707,0.0,0.0,0.0,0.0
"TISTUD-7783",False,"valid",0.0,0.0,0.0,0.0,0.5181249380111694,0.0,0.46692898869514465,0.0,0.0,0.0,0.0,0.0,0.0,0.0,0.0
"TISTUD-7488",False,"valid",0.0,0.9281992316246033,0.0,0.0,0.0,0.0,0.0,0.0,0.0,0.0,0.0,0.0,0.0,0.0,0.0
"TISTUD-5473",False,"valid",0.0,0.0,0.0,0.0,0.0,0.0,0.0,0.0,0.0,0.0,0.0,0.0,0.9508674740791321,0.0,0.0
"TISTUD-5338",False,"valid",0.0,0.47086408734321594,0.0,0.0,0.0,0.0,0.0,0.0,0.0,0.0,0.0,0.0,0.0,0.0,0.5181587338447571
"TISTUD-7076",False,"valid",0.0,0.0,0.0,0.0,0.11628416925668716,0.8748672604560852,0.0,0.0,0.0,0.0,0.0,0.0,0.0,0.0,0.0
"TISTUD-7511",False,"valid",0.0,0.30659106373786926,0.6837769746780396,0.0,0.0,0.0,0.0,0.0,0.0,0.0,0.0,0.0,0.0,0.0,0.0
"TISTUD-7110",False,"valid",0.0,0.0,0.9640979766845703,0.0,0.0,0.0,0.0,0.0,0.0,0.0,0.0,0.0,0.0,0.0,0.0
"TISTUD-8960",True,"valid",0.0,0.0,0.0,0.0,0.0,0.0,0.0,0.0,0.0,0.0,0.0,0.0,0.0,0.9888877868652344,0.0
"TISTUD-5422",False,"valid",0.0,0.9797036647796631,0.0,0.0,0.0,0.0,0.0,0.0,0.0,0.0,0.0,0.0,0.0,0.0,0.0
"TISTUD-6689",False,"valid",0.0,0.0,0.0,0.0,0.0,0.0,0.9787855744361877,0.0,0.0,0.0,0.0,0.0,0.0,0.0,0.0
"TISTUD-2467",False,"valid",0.0,0.0,0.985183835029602,0.0,0.0,0.0,0.0,0.0,0.0,0.0,0.0,0.0,0.0,0.0,0.0
"TISTUD-9085",False,"valid",0.0,0.0,0.0,0.0,0.0,0.9733284115791321,0.0,0.0,0.0,0.0,0.0,0.0,0.0,0.0,0.0
"TISTUD-5302",False,"valid",0.0,0.959418535232544,0.0,0.0,0.0,0.0,0.0,0.0,0.0,0.0,0.0,0.0,0.0,0.0,0.0
"TISTUD-5643",False,"valid",0.0,0.3867371082305908,0.0,0.0,0.0,0.0,0.0,0.0,0.0,0.0,0.0,0.0,0.0,0.5833741426467896,0.0
"TISTUD-7109",False,"valid",0.0,0.4051184356212616,0.0,0.0,0.0,0.0,0.570114016532898,0.0,0.0,0.0,0.0,0.0,0.0,0.0,0.0
"TISTUD-5732",False,"valid",0.0,0.0,0.0,0.0,0.0,0.0,0.0,0.0,0.0,0.0,0.0,0.0,0.0,0.9918122291564941,0.0
"TISTUD-4518",False,"valid",0.0,0.43627357482910156,0.0,0.0,0.0,0.0,0.0,0.0,0.0,0.5479594469070435,0.0,0.0,0.0,0.0,0.0
"TISTUD-8928",False,"valid",0.0,0.0,0.0,0.0,0.9626635313034058,0.0,0.0,0.0,0.0,0.0,0.0,0.0,0.0,0.0,0.0
"TISTUD-5510",False,"valid",0.0,0.0,0.0,0.0,0.0,0.0,0.0,0.0,0.0,0.0,0.9698899984359741,0.0,0.0,0.0,0.0
"TISTUD-6847",True,"valid",0.0,0.0,0.0,0.0,0.0,0.0,0.9823856353759766,0.0,0.0,0.0,0.0,0.0,0.0,0.0,0.0
"TISTUD-8912",False,"valid",0.0,0.0,0.0,0.0,0.1001526489853859,0.0,0.0,0.0,0.0,0.0,0.8516929149627686,0.0,0.0,0.0,0.0
"TISTUD-4359",False,"valid",0.0,0.0,0.0,0.0,0.0,0.0,0.0,0.0,0.0,0.94509357213974,0.0,0.0,0.0,0.0,0.0
"TISTUD-5976",False,"valid",0.0,0.0,0.0,0.0,0.0,0.0,0.0,0.0,0.0,0.0,0.0,0.0,0.9698899388313293,0.0,0.0
"TISTUD-5892",False,"valid",0.0,0.0,0.0,0.0,0.0,0.0,0.9805540442466736,0.0,0.0,0.0,0.0,0.0,0.0,0.0,0.0
"TISTUD-8998",False,"valid",0.0,0.0,0.0,0.0,0.0,0.0,0.0,0.0,0.0,0.0,0.9555493593215942,0.0,0.0,0.0,0.0
"TISTUD-5754",False,"valid",0.0,0.0,0.0,0.0,0.0,0.0,0.0,0.0,0.0,0.0,0.0,0.0,0.016227727755904198,0.9590060710906982,0.0
"TISTUD-8978",False,"valid",0.0,0.0,0.0,0.0,0.0,0.9698895215988159,0.0,0.0,0.0,0.0,0.0,0.0,0.0,0.0,0.0
"TISTUD-5914",False,"valid",0.0,0.0,0.5565724968910217,0.0,0.0,0.0,0.4296635687351227,0.0,0.0,0.0,0.0,0.0,0.0,0.0,0.0
"TISTUD-5423",False,"valid",0.0,0.0,0.0,0.0,0.0,0.0,0.0,0.0,0.0,0.0,0.0,0.0,0.0,0.992218554019928,0.0
"TISTUD-8465",False,"valid",0.0,0.0,0.0,0.0,0.0,0.0,0.0,0.974072277545929,0.0,0.0,0.0,0.0,0.0,0.0,0.0
"TISTUD-1335",False,"valid",0.0,0.0,0.0,0.0,0.0,0.9862721562385559,0.0,0.0,0.0,0.0,0.0,0.0,0.0,0.0,0.0
"TISTUD-8838",False,"valid",0.0,0.0,0.0,0.0,0.0,0.0,0.0,0.0,0.0,0.0,0.0,0.0,0.0,0.9892709255218506,0.0
"TISTUD-7880",False,"valid",0.0,0.0,0.0,0.0,0.0,0.0,0.0,0.9902622103691101,0.0,0.0,0.0,0.0,0.0,0.0,0.0
"TISTUD-8580",False,"valid",0.0,0.0,0.0,0.0,0.0,0.0,0.0,0.0,0.0,0.0,0.0,0.0,0.0,0.9944757223129272,0.0
"TISTUD-6702",False,"valid",0.0,0.0,0.0,0.0,0.0,0.0,0.0,0.0,0.0,0.0,0.0,0.9839051365852356,0.0,0.0,0.0
"TISTUD-5441",False,"valid",0.0,0.0,0.0,0.0,0.0,0.0,0.0,0.0,0.0,0.9766641855239868,0.0,0.0,0.0,0.0,0.0
"TISTUD-5513",False,"valid",0.0,0.0,0.9555463194847107,0.0,0.0,0.0,0.0,0.0,0.0,0.0,0.0,0.0,0.0,0.0,0.0
"TISTUD-5765",False,"valid",0.0,0.9754300117492676,0.0,0.0,0.0,0.0,0.0,0.0,0.0,0.0,0.0,0.0,0.0,0.0,0.0
"TISTUD-5662",False,"valid",0.0,0.0,0.9333155751228333,0.0,0.0,0.0,0.0,0.0,0.0,0.0,0.0,0.0,0.0,0.0,0.0
"TISTUD-8944",False,"valid",0.0,0.7930008172988892,0.0,0.0,0.0,0.0,0.0,0.0,0.0,0.1491760015487671,0.0,0.0,0.0,0.0,0.0
"TISTUD-8458",False,"valid",0.0,0.0,0.0,0.0,0.0,0.0,0.2416745126247406,0.0,0.0,0.010629814118146896,0.6853242516517639,0.0,0.0,0.06181644648313522,0.0
"TISTUD-8693",False,"valid",0.5115358233451843,0.4711270332336426,0.0,0.0,0.0,0.0,0.0,0.0,0.0,0.0,0.0,0.0,0.0,0.0,0.0
"TISTUD-8819",False,"valid",0.0,0.9898537397384644,0.0,0.0,0.0,0.0,0.0,0.0,0.0,0.0,0.0,0.0,0.0,0.0,0.0
"TISTUD-7758",False,"valid",0.0,0.9611037373542786,0.0,0.0,0.0,0.0,0.0,0.0,0.0,0.0,0.0,0.0,0.0,0.0,0.0
"TISTUD-5770",False,"valid",0.0,0.9654273390769958,0.0,0.0,0.0,0.0,0.0,0.0,0.0,0.0,0.0,0.0,0.0,0.0,0.0
"TISTUD-7473",False,"valid",0.0,0.0,0.0,0.0,0.0,0.9878779053688049,0.0,0.0,0.0,0.0,0.0,0.0,0.0,0.0,0.0
"TISTUD-6603",False,"valid",0.0,0.0,0.0,0.0,0.0,0.0,0.9782919883728027,0.0,0.0,0.0,0.0,0.0,0.0,0.0,0.0
"TISTUD-5543",False,"valid",0.0,0.0,0.0,0.0,0.0,0.0,0.0,0.0,0.0,0.0,0.0,0.0,0.9333264827728271,0.0,0.0
"TISTUD-8875",False,"valid",0.0,0.0,0.0,0.0,0.0,0.0,0.0,0.0,0.0,0.0,0.0,0.0,0.0,0.9688840508460999,0.0
"TISTUD-4978",False,"valid",0.0,0.0,0.0,0.0,0.0,0.0,0.9833229184150696,0.0,0.0,0.0,0.0,0.0,0.0,0.0,0.0
"TISTUD-5439",False,"valid",0.0,0.9891460537910461,0.0,0.0,0.0,0.0,0.0,0.0,0.0,0.0,0.0,0.0,0.0,0.0,0.0
"TISTUD-5660",False,"valid",0.0,0.0,0.0,0.0,0.0,0.9733315706253052,0.0,0.0,0.0,0.0,0.0,0.0,0.0,0.0,0.0
"TISTUD-5710",False,"valid",0.0,0.0,0.0,0.0,0.0,0.0,0.0,0.0,0.0,0.0,0.0,0.0,0.0,0.5271554589271545,0.4061650335788727
"TISTUD-7965",False,"valid",0.971701443195343,0.0,0.0,0.0,0.0,0.0,0.0,0.0,0.0,0.0,0.0,0.0,0.0,0.0,0.0
"TISTUD-7087",False,"valid",0.0,0.0,0.0,0.9725229144096375,0.0,0.0,0.0,0.0,0.0,0.0,0.0,0.0,0.0,0.0,0.0
"TISTUD-6924",False,"valid",0.0,0.0,0.0,0.0,0.0,0.9698827266693115,0.0,0.0,0.0,0.0,0.0,0.0,0.0,0.0,0.0
"TISTUD-5312",False,"valid",0.0,0.16973471641540527,0.0,0.0,0.0,0.0,0.0,0.0,0.0,0.0,0.808594822883606,0.0,0.0,0.0,0.0
"TISTUD-5029",False,"valid",0.0,0.0,0.0,0.0,0.0,0.0,0.0,0.0,0.0,0.0,0.9717068672180176,0.0,0.0,0.0,0.0
"TISTUD-5664",False,"valid",0.0,0.3151741921901703,0.6568624973297119,0.0,0.0,0.0,0.0,0.0,0.0,0.0,0.0,0.0,0.0,0.0,0.0
"TISTUD-6144",False,"valid",0.0,0.9841787815093994,0.0,0.0,0.0,0.0,0.0,0.0,0.0,0.0,0.0,0.0,0.0,0.0,0.0
"TISTUD-5247",False,"valid",0.0,0.0,0.0,0.0,0.0,0.0,0.0,0.0,0.0,0.0,0.0,0.0,0.0,0.0,0.993282675743103
"TISTUD-2300",False,"valid",0.0,0.0,0.0,0.0,0.0,0.0,0.9856317639350891,0.0,0.0,0.0,0.0,0.0,0.0,0.0,0.0
"TISTUD-8928",False,"valid",0.0,0.0,0.0,0.0,0.9626635313034058,0.0,0.0,0.0,0.0,0.0,0.0,0.0,0.0,0.0,0.0
"TISTUD-7595",False,"valid",0.0,0.0,0.0,0.0,0.0,0.0,0.0,0.9951127767562866,0.0,0.0,0.0,0.0,0.0,0.0,0.0
"TISTUD-7911",False,"valid",0.0,0.5152038931846619,0.0,0.35189035534858704,0.0,0.11909071356058121,0.0,0.0,0.0,0.0,0.0,0.0,0.0,0.0,0.0
"TISTUD-6443",False,"valid",0.0,0.2726284861564636,0.0,0.0,0.0,0.0,0.0,0.0,0.0,0.0,0.0,0.6695780158042908,0.0,0.0,0.0
"TISTUD-6236",False,"valid",0.0,0.0,0.0,0.0,0.0,0.0,0.0,0.0,0.0,0.0,0.0,0.986853301525116,0.0,0.0,0.0
"TISTUD-5441",False,"valid",0.0,0.0,0.0,0.0,0.0,0.0,0.0,0.0,0.0,0.9766641855239868,0.0,0.0,0.0,0.0,0.0
"TISTUD-5642",False,"valid",0.0,0.0,0.0,0.0,0.0,0.0,0.9809504151344299,0.0,0.0,0.0,0.0,0.0,0.0,0.0,0.0
"TISTUD-5421",False,"valid",0.0,0.9688852429389954,0.0,0.0,0.0,0.0,0.0,0.0,0.0,0.0,0.0,0.0,0.0,0.0,0.0
"TISTUD-5279",False,"valid",0.0,0.0,0.0,0.0,0.0,0.0,0.0,0.0,0.0,0.0,0.0,0.0,0.965424656867981,0.0,0.0
"TISTUD-8881",False,"valid",0.0,0.26295793056488037,0.0,0.0,0.0,0.0,0.7181978225708008,0.0,0.0,0.0,0.0,0.0,0.0,0.0,0.0
"TISTUD-7946",True,"valid",0.0,0.0,0.0,0.0,0.0,0.8371511697769165,0.0,0.15310980379581451,0.0,0.0,0.0,0.0,0.0,0.0,0.0
"TISTUD-6009",False,"valid",0.0,0.0,0.8551337718963623,0.0,0.0,0.0,0.1321181356906891,0.0,0.0,0.0,0.0,0.0,0.0,0.0,0.0
"TISTUD-6084",False,"valid",0.5338850617408752,0.0,0.0,0.0,0.0,0.0,0.4480533301830292,0.0,0.0,0.0,0.0,0.0,0.0,0.0,0.0
"TISTUD-6702",False,"valid",0.0,0.0,0.0,0.0,0.0,0.0,0.0,0.0,0.0,0.0,0.0,0.9839051365852356,0.0,0.0,0.0
"TISTUD-5418",False,"valid",0.0,0.3691824674606323,0.0,0.0,0.0,0.0,0.0,0.0,0.0,0.0,0.0,0.0,0.618069589138031,0.0,0.0
"TISTUD-5383",False,"valid",0.0,0.0,0.0,0.0,0.0,0.0,0.0,0.0,0.0,0.0,0.9717149138450623,0.0,0.0,0.0,0.0
"TISTUD-5251",False,"valid",0.0,0.0,0.8104703426361084,0.0,0.0,0.0,0.16671761870384216,0.0,0.0,0.0,0.0,0.0,0.0,0.0,0.0
"TISTUD-7781",False,"valid",0.0,0.9782924652099609,0.0,0.0,0.0,0.0,0.0,0.0,0.0,0.0,0.0,0.0,0.0,0.0,0.0
"TISTUD-7691",False,"valid",0.0,0.2894640564918518,0.0,0.0,0.2505936622619629,0.0,0.4459051489830017,0.0,0.0,0.0,0.0,0.0,0.0,0.0,0.0
"TISTUD-5936",False,"valid",0.0,0.9771918654441833,0.0,0.0,0.0,0.0,0.0,0.0,0.0,0.0,0.0,0.0,0.0,0.0,0.0
"TISTUD-8490",False,"valid",0.0,0.0,0.0,0.0,0.0,0.0,0.0,0.0,0.0,0.0,0.10178699344396591,0.0,0.0,0.8961182832717896,0.0
"TISTUD-7632",False,"valid",0.0,0.0,0.0,0.0,0.0,0.0,0.0,0.0,0.0,0.0,0.0,0.9870346784591675,0.0,0.0,0.0
"TISTUD-8453",False,"valid",0.0,0.0,0.0,0.0,0.0,0.0,0.9836234450340271,0.0,0.0,0.0,0.0,0.0,0.0,0.0,0.0
"TISTUD-5075",False,"valid",0.0,0.0,0.8601780533790588,0.13079340755939484,0.0,0.0,0.0,0.0,0.0,0.0,0.0,0.0,0.0,0.0,0.0
"TISTUD-6456",False,"valid",0.9450816512107849,0.0,0.0,0.0,0.0,0.0,0.0,0.0,0.0,0.0,0.0,0.0,0.0,0.0,0.0
"TISTUD-7622",False,"valid",0.0,0.0,0.0,0.0,0.0,0.0,0.0,0.0,0.0,0.0,0.0,0.9917397499084473,0.0,0.0,0.0
"TISTUD-5059",False,"valid",0.0,0.0,0.0,0.0,0.0,0.9772318601608276,0.0,0.0,0.0,0.0,0.0,0.0,0.0,0.0,0.0
"TISTUD-7942",False,"valid",0.0,0.0,0.0,0.0,0.0,0.0,0.9860683083534241,0.0,0.0,0.0,0.0,0.0,0.0,0.0,0.0
"TISTUD-9145",False,"test",0.0,0.11961179971694946,0.0,0.0,0.0,0.0,0.8015867471694946,0.0,0.0,0.0,0.0,0.0,0.0,0.0,0.0
"TISTUD-9142",False,"test",0.0,0.07512533664703369,0.0,0.0,0.0,0.0,0.9104169011116028,0.0,0.0,0.0,0.0,0.0,0.0,0.0,0.0
"TISTUD-9138",False,"test",0.0,0.0,0.0,0.0,0.0,0.0,0.8546622395515442,0.0,0.0,0.0,0.0,0.09971091896295547,0.0,0.0,0.0
"TISTUD-9121",False,"test",0.0,0.0,0.0,0.0,0.0,0.0,0.5862919092178345,0.0,0.0,0.37758851051330566,0.0,0.0,0.0,0.0,0.0
"TISTUD-9118",False,"test",0.0,0.0,0.0,0.0,0.0,0.0,0.5162389278411865,0.0,0.0,0.0,0.14726892113685608,0.0,0.11861569434404373,0.21282914280891418,0.0
"TISTUD-9117",False,"test",0.0,0.2477182298898697,0.0,0.031587570905685425,0.0,0.0,0.34050482511520386,0.0,0.0,0.06174350157380104,0.1075582429766655,0.0,0.0,0.19886639714241028,0.0
"TISTUD-9111",False,"test",0.0,0.0,0.0,0.0,0.0,0.0,0.0,0.0,0.0,0.0,0.9281984567642212,0.0,0.0,0.0,0.0
"TISTUD-9108",False,"test",0.0,0.0,0.0,0.0,0.0,0.0,0.0,0.8962862491607666,0.0,0.0,0.0,0.0,0.0,0.0,0.0
"TISTUD-9101",False,"test",0.0,0.647807776927948,0.0,0.0,0.0,0.0,0.0,0.0,0.0,0.0,0.0,0.27335795760154724,0.0,0.0,0.0
"TISTUD-9097",False,"test",0.0,0.8618261814117432,0.0,0.0,0.0,0.0,0.0,0.0,0.0,0.11409790813922882,0.0,0.0,0.0,0.0,0.0
"TISTUD-9093",False,"test",0.0,0.39292722940444946,0.0,0.0,0.0,0.0,0.4665190875530243,0.11892028152942657,0.0,0.0,0.0,0.0,0.0,0.0,0.0
"TISTUD-9086",False,"test",0.0,0.0,0.0,0.0,0.0,0.3829610347747803,0.45005643367767334,0.0,0.0,0.13619650900363922,0.0,0.0,0.0,0.0,0.0
"TISTUD-9075",False,"test",0.0,0.1281484216451645,0.25373387336730957,0.0,0.0,0.0,0.5036149024963379,0.0,0.0,0.0,0.0,0.0,0.0,0.10266830772161484,0.0
"TISTUD-9060",False,"test",0.0,0.5024561882019043,0.0,0.0,0.0,0.4854904115200043,0.0,0.0,0.0,0.0,0.0,0.0,0.0,0.0,0.0
"TISTUD-9047",False,"test",0.0,0.22278834879398346,0.0,0.0,0.0,0.0,0.3499189615249634,0.0,0.0,0.0,0.0,0.15875381231307983,0.0,0.25386884808540344,0.0
"TISTUD-9045",False,"test",0.0,0.547458827495575,0.0,0.0,0.0,0.0,0.05115803703665733,0.16687016189098358,0.0,0.0,0.0,0.0,0.0,0.22040319442749023,0.0
"TISTUD-9040",False,"test",0.0,0.6783339381217957,0.0,0.0,0.0,0.0,0.249431774020195,0.0,0.0,0.0,0.0,0.0,0.0,0.0,0.0
"TISTUD-9031",False,"test",0.0,0.77931147813797,0.09279565513134003,0.0,0.05940882861614227,0.0,0.0,0.0,0.0,0.0,0.0,0.0,0.0,0.0,0.048640958964824677
"TISTUD-9017",False,"test",0.0,0.0,0.0,0.0,0.0,0.0,0.0,0.0,0.0,0.0,0.0,0.0,0.0,0.9282015562057495,0.0
"TISTUD-8984",False,"test",0.0,0.07491675764322281,0.12959131598472595,0.0,0.04260159656405449,0.0,0.3489949107170105,0.0,0.0,0.0,0.0,0.0,0.0,0.24518002569675446,0.14290443062782288
"TISTUD-8966",False,"test",0.0,0.2473125457763672,0.4066486060619354,0.0,0.0,0.0,0.08718732744455338,0.0,0.0,0.0,0.0,0.0,0.0,0.24417570233345032,0.0
"TISTUD-8963",False,"test",0.0,0.1101744994521141,0.0,0.0,0.0,0.4711100459098816,0.24197176098823547,0.0,0.0,0.0,0.0,0.0,0.0,0.14736688137054443,0.0
"TISTUD-8948",False,"test",0.0,0.0,0.0,0.0,0.0,0.0,0.0,0.0,0.0,0.0,0.28773748874664307,0.0,0.0,0.16387169063091278,0.5452577471733093
"TISTUD-8945",False,"test",0.047447945922613144,0.3552377223968506,0.0,0.0,0.0,0.0,0.055491864681243896,0.08573704957962036,0.14481154084205627,0.08041658252477646,0.019469866529107094,0.15262667834758759,0.0,0.0,0.05736544355750084
"TISTUD-8939",False,"test",0.0,0.49831223487854004,0.0,0.0,0.0,0.0,0.0,0.0,0.0,0.2622120976448059,0.0,0.0,0.2256779968738556,0.0,0.0
"TISTUD-8938",False,"test",0.0,0.41066598892211914,0.0,0.0,0.0,0.0,0.3685958683490753,0.0,0.0,0.0,0.0,0.17862887680530548,0.0,0.0,0.0
"TISTUD-8936",False,"test",0.0,0.4138454794883728,0.0,0.0,0.0,0.5706704258918762,0.0,0.0,0.0,0.0,0.0,0.0,0.0,0.0,0.0
"TISTUD-8934",False,"test",0.0,0.17956438660621643,0.2904011309146881,0.0,0.0625433623790741,0.1378091424703598,0.24589397013187408,0.0,0.0,0.0,0.07703910768032074,0.0,0.0,0.0,0.0
"TISTUD-8933",False,"test",0.0,0.0,0.0,0.0,0.0,0.0,0.0,0.5089164972305298,0.0,0.0,0.3284314274787903,0.0,0.13026036322116852,0.0,0.0
"TISTUD-8929",False,"test",0.0,0.5370009541511536,0.0,0.0,0.0,0.0,0.0,0.0,0.0,0.0,0.31538572907447815,0.0,0.0,0.1128157302737236,0.0
"TISTUD-8922",False,"test",0.0,0.33390748500823975,0.0,0.0,0.0,0.24324531853199005,0.0,0.40465936064720154,0.0,0.0,0.0,0.0,0.0,0.0,0.0
"TISTUD-8919",False,"test",0.0,0.0,0.0,0.0,0.0,0.0,0.0,0.04589305818080902,0.0,0.0,0.0,0.0,0.0,0.36015644669532776,0.579185962677002
"TISTUD-8918",False,"test",0.0,0.05161678418517113,0.0,0.0,0.08683466911315918,0.42963752150535583,0.0,0.030029796063899994,0.0,0.0,0.0,0.0,0.0,0.3959762454032898,0.0
"TISTUD-8916",False,"test",0.0,0.7395130395889282,0.0,0.0,0.0,0.23421481251716614,0.0,0.0,0.0,0.0,0.0,0.0,0.0,0.0,0.0
"TISTUD-8883",False,"test",0.0,0.0,0.06502244621515274,0.0,0.0,0.0,0.0,0.0,0.0,0.0,0.22459152340888977,0.07367374002933502,0.0,0.439443975687027,0.1950317621231079
"TISTUD-8882",False,"test",0.0,0.13326819241046906,0.0,0.0,0.0,0.09862148016691208,0.21722178161144257,0.5440627932548523,0.0,0.0,0.0,0.0,0.0,0.0,0.0
"TISTUD-8880",True,"test",0.0,0.7758172750473022,0.16224949061870575,0.0,0.0,0.0,0.0,0.0,0.0,0.0,0.0,0.0,0.0,0.0,0.0
"TISTUD-8878",False,"test",0.0,0.4367322325706482,0.0,0.0,0.0,0.0764371007680893,0.0,0.0,0.0,0.2647149860858917,0.08949149399995804,0.0,0.0,0.12867185473442078,0.0
"TISTUD-8864",False,"test",0.0,0.9450948238372803,0.0,0.0,0.0,0.0,0.0,0.0,0.0,0.0,0.0,0.0,0.0,0.0,0.0
"TISTUD-8847",False,"test",0.0,0.03985346853733063,0.0,0.0,0.0,0.06710515171289444,0.2659243941307068,0.1215069442987442,0.0,0.2112593948841095,0.0,0.0,0.0924219861626625,0.195411816239357,0.0
"TISTUD-8840",True,"test",0.013335978612303734,0.013336000964045525,0.013336000964045525,0.013335981406271458,0.40418893098831177,0.4224431812763214,0.013336015865206718,0.013335994444787502,0.013335981406271458,0.013336008414626122,0.013335976749658585,0.013335976749658585,0.013336011208593845,0.013335979543626308,0.013335986994206905
"TISTUD-8794",False,"test",0.0,0.47655045986175537,0.0,0.0,0.0,0.0,0.0,0.5155965089797974,0.0,0.0,0.0,0.0,0.0,0.0,0.0
"TISTUD-8791",False,"test",0.0,0.16009415686130524,0.0,0.0,0.0,0.0,0.3434228003025055,0.2951520085334778,0.0,0.0,0.1598973572254181,0.0306733176112175,0.0,0.0,0.0
"TISTUD-8777",True,"test",0.0,0.5531750917434692,0.0,0.0,0.0,0.3595406413078308,0.0,0.07026107609272003,0.0,0.0,0.0,0.0,0.0,0.0,0.0
"TISTUD-8764",False,"test",0.0,0.7339960336685181,0.0,0.0,0.0,0.23503246903419495,0.0,0.0,0.0,0.0,0.0,0.0,0.0,0.0,0.0
"TISTUD-8760",False,"test",0.0,0.10794336348772049,0.7017861008644104,0.0,0.0,0.0,0.0,0.0,0.0,0.0,0.0,0.0,0.0,0.1814722716808319,0.0
"TISTUD-8747",False,"test",0.0,0.0,0.5989991426467896,0.0,0.0,0.0,0.0,0.0,0.0,0.3468185365200043,0.0,0.0,0.0,0.0,0.0
"TISTUD-8741",False,"test",0.0,0.5162277817726135,0.0,0.0,0.0,0.0,0.0,0.43277090787887573,0.0,0.0,0.0,0.0,0.0,0.0,0.0
"TISTUD-8718",False,"test",0.0,0.3214118182659149,0.0,0.0,0.054053448140621185,0.0,0.20775838196277618,0.1470552235841751,0.0,0.0,0.0,0.0,0.1091950461268425,0.0,0.1538170725107193
"TISTUD-8713",False,"test",0.0,0.34593263268470764,0.0,0.0,0.0,0.0,0.6193710565567017,0.0,0.0,0.0,0.0,0.0,0.0,0.0,0.0
"TISTUD-8698",False,"test",0.0,0.22181150317192078,0.0,0.0,0.0,0.4834141135215759,0.28265127539634705,0.0,0.0,0.0,0.0,0.0,0.0,0.0,0.0
"TISTUD-8665",False,"test",0.21916428208351135,0.46403977274894714,0.12143363803625107,0.0,0.0,0.0,0.0,0.17242807149887085,0.0,0.0,0.0,0.0,0.0,0.0,0.0
"TISTUD-8659",False,"test",0.0,0.9218592643737793,0.0,0.0,0.0,0.030461538583040237,0.0,0.03496873751282692,0.0,0.0,0.0,0.0,0.0,0.0,0.0
"TISTUD-8642",False,"test",0.0,0.1994592249393463,0.4098004400730133,0.0,0.0,0.0,0.1171792671084404,0.0,0.0,0.0,0.0,0.0,0.259720116853714,0.0,0.0
"TISTUD-8610",False,"test",0.0,0.31013569235801697,0.12094765901565552,0.0,0.0,0.0,0.0,0.05731379613280296,0.0,0.0,0.11187904328107834,0.03169979527592659,0.3623012900352478,0.0,0.0
"TISTUD-8584",False,"test",0.0,0.0,0.31211206316947937,0.0,0.0,0.0,0.0,0.64238041639328,0.0,0.0,0.0,0.0,0.012330531142652035,0.025598865002393723,0.0
"TISTUD-8577",False,"test",0.0,0.0,0.0,0.0,0.0,0.0,0.0,0.0,0.0,0.0,0.0,0.1904115527868271,0.0,0.20583392679691315,0.6009293794631958
"TISTUD-8573",False,"test",0.0,0.22596114873886108,0.0,0.0,0.0,0.0,0.11540259420871735,0.4450271725654602,0.0,0.0,0.0,0.0,0.0,0.04589734971523285,0.16107414662837982
"TISTUD-8569",False,"test",0.0,0.0,0.17421630024909973,0.0,0.0,0.0,0.0,0.03493998572230339,0.0,0.0,0.20377330482006073,0.07839611172676086,0.0,0.18964718282222748,0.31693750619888306
"TISTUD-8564",False,"test",0.0,0.0,0.0,0.0,0.0,0.7158652544021606,0.0,0.0,0.0,0.0,0.0,0.0,0.21189847588539124,0.0,0.0
"TISTUD-8541",False,"test",0.0,0.7544704675674438,0.0,0.0,0.0,0.0,0.0,0.17816638946533203,0.0,0.0,0.0,0.0,0.0,0.048306722193956375,0.0
"TISTUD-8540",False,"test",0.0,0.4209609031677246,0.0,0.0,0.0,0.22076533734798431,0.0,0.29500359296798706,0.0,0.0,0.0,0.0,0.0,0.049684010446071625,0.0
"TISTUD-8529",False,"test",0.0,0.5061759352684021,0.0,0.0,0.0,0.0,0.45768916606903076,0.0,0.0,0.0,0.0,0.0,0.0,0.0,0.0
"TISTUD-8527",False,"test",0.0,0.25185543298721313,0.0,0.0,0.0,0.5343725085258484,0.0,0.0,0.0,0.0,0.0,0.0,0.0,0.18984317779541016,0.0
"TISTUD-8526",False,"test",0.3428487181663513,0.4446374475955963,0.0,0.0,0.0,0.0,0.0,0.0,0.0,0.12293174862861633,0.08096305280923843,0.0,0.0,0.0,0.0
"TISTUD-8523",False,"test",0.0,0.0,0.0,0.0,0.0,0.0,0.0,0.24297067523002625,0.0,0.0,0.0,0.0727434754371643,0.0,0.21554288268089294,0.45818981528282166
"TISTUD-8516",False,"test",0.0,0.0,0.04936813935637474,0.0,0.0,0.0,0.0,0.35388997197151184,0.0,0.0,0.0,0.24860060214996338,0.0,0.10237984359264374,0.23927120864391327
"TISTUD-8509",False,"test",0.0,0.2034171223640442,0.0,0.0,0.0,0.0,0.0,0.0,0.0,0.750963568687439,0.0,0.0,0.0,0.0,0.0
"TISTUD-8506",False,"test",0.0,0.0,0.0,0.3612191677093506,0.0,0.27915701270103455,0.07386229187250137,0.10050638020038605,0.0,0.17330072820186615,0.0,0.0,0.0,0.0,0.0
"TISTUD-8475",False,"test",0.0,0.0,0.17694546282291412,0.0,0.0,0.0,0.7995932102203369,0.0,0.0,0.0,0.0,0.0,0.0,0.0,0.0
"TISTUD-8474",False,"test",0.0,0.3357214331626892,0.0,0.0,0.05162253603339195,0.2079041451215744,0.3872842788696289,0.0,0.0,0.0,0.0,0.0,0.0,0.0,0.0
"TISTUD-8464",False,"test",0.0,0.2114347368478775,0.0,0.0,0.0,0.08020015060901642,0.40910544991493225,0.0,0.0,0.0,0.11431720107793808,0.0,0.0,0.1772753894329071,0.0
"TISTUD-8457",False,"test",0.0,0.0,0.0,0.0,0.0,0.8123728632926941,0.15873023867607117,0.0,0.0,0.0,0.0,0.0,0.0,0.0,0.0
"TISTUD-8023",False,"test",0.0,0.6007940769195557,0.10824833065271378,0.0,0.0,0.0,0.0,0.2784547805786133,0.0,0.0,0.0,0.0,0.0,0.0,0.0
"TISTUD-8019",False,"test",0.0,0.36841264367103577,0.0,0.0,0.0,0.0,0.526832640171051,0.0,0.0,0.0,0.0,0.02519271895289421,0.0,0.0679134950041771,0.0
"TISTUD-7991",False,"test",0.0,0.47915366291999817,0.0,0.0,0.0,0.0,0.27885064482688904,0.23146522045135498,0.0,0.0,0.0,0.0,0.0,0.0,0.0
"TISTUD-7804",False,"test",0.0,0.9827136397361755,0.0,0.0,0.0,0.0,0.0,0.0,0.0,0.0,0.0,0.0,0.0,0.0,0.0
"TISTUD-7799",False,"test",0.0,0.22364148497581482,0.0,0.0,0.0,0.210291787981987,0.049164507538080215,0.26120129227638245,0.0,0.10022184997797012,0.0,0.021300824359059334,0.021762458607554436,0.10088815540075302,0.0
"TISTUD-7791",False,"test",0.0,0.7932349443435669,0.0,0.0,0.0,0.0,0.027983324602246284,0.14403118193149567,0.0,0.0,0.0,0.0,0.023597264662384987,0.0,0.0
"TISTUD-7732",False,"test",0.0,0.0,0.0,0.0,0.0,0.0,0.0,0.0,0.0,0.0,0.0,0.0,0.16993622481822968,0.7758892774581909,0.0
"TISTUD-7704",False,"test",0.0,0.6372877359390259,0.0,0.0,0.0,0.07825050503015518,0.23736783862113953,0.0,0.0,0.0,0.0,0.0,0.0,0.0,0.0
"TISTUD-7689",False,"test",0.0,0.5141690373420715,0.0,0.0,0.0,0.26428014039993286,0.09704859554767609,0.0,0.0,0.0,0.0,0.0,0.11207020282745361,0.0,0.0
"TISTUD-7684",False,"test",0.0,0.5152156949043274,0.06858449429273605,0.0,0.0,0.10025959461927414,0.30499371886253357,0.0,0.0,0.0,0.0,0.0,0.0,0.0,0.0
"TISTUD-7682",False,"test",0.0,0.2895159423351288,0.0,0.0,0.0,0.0,0.490027517080307,0.03156958892941475,0.0,0.17368930578231812,0.0,0.0,0.0,0.0,0.010407945141196251
"TISTUD-7642",False,"test",0.0,0.0,0.0,0.0,0.0,0.20814169943332672,0.0,0.11611898243427277,0.0,0.04376031830906868,0.0,0.020173082128167152,0.37738361954689026,0.22660128772258759,0.0
"TISTUD-7608",False,"test",0.0,0.8913310170173645,0.0,0.0,0.0,0.0,0.0,0.0,0.0,0.09133339673280716,0.0,0.0,0.0,0.0,0.0
"TISTUD-7606",False,"test",0.17520610988140106,0.1370493769645691,0.0,0.0,0.0,0.0,0.4135392904281616,0.0,0.0,0.0,0.0,0.07080304622650146,0.0,0.19005005061626434,0.0
"TISTUD-7526",False,"test",0.0,0.34480011463165283,0.0,0.0,0.0,0.20777606964111328,0.41104647517204285,0.0,0.0,0.0,0.0,0.0,0.0,0.0,0.0
"TISTUD-7518",False,"test",0.0,0.9891434907913208,0.0,0.0,0.0,0.0,0.0,0.0,0.0,0.0,0.0,0.0,0.0,0.0,0.0
"TISTUD-7495",False,"test",0.0,0.3648705780506134,0.0,0.0,0.0,0.07138115167617798,0.11974983662366867,0.0,0.0,0.0,0.43516120314598083,0.0,0.0,0.0,0.0
"TISTUD-7463",False,"test",0.033177699893713,0.3373419940471649,0.0,0.0,0.0,0.06800269335508347,0.38835564255714417,0.09519350528717041,0.0,0.0,0.06868442893028259,0.0,0.0,0.0,0.0
"TISTUD-7461",False,"test",0.0,0.0721583366394043,0.0,0.0,0.0,0.0,0.8602028489112854,0.0,0.0,0.0,0.05513358116149902,0.0,0.0,0.0,0.0
"TISTUD-7446",False,"test",0.0,0.4039830267429352,0.0,0.0,0.0,0.0,0.12262774258852005,0.4262033700942993,0.0,0.0,0.03384788706898689,0.0,0.0,0.0,0.0
"TISTUD-7430",False,"test",0.0,0.0,0.0,0.0,0.0,0.8833228349685669,0.0,0.0,0.0,0.0,0.0,0.0,0.0,0.0,0.0
"TISTUD-7354",False,"test",0.0,0.46937721967697144,0.0,0.0,0.0,0.13631975650787354,0.3635143041610718,0.0,0.0,0.0,0.0,0.0,0.0,0.0,0.0
"TISTUD-7331",False,"test",0.0,0.0,0.07622696459293365,0.0,0.0,0.32303303480148315,0.0,0.0,0.0,0.0,0.0,0.0,0.0,0.5659114122390747,0.0
"TISTUD-7249",False,"test",0.0,0.6034514307975769,0.0,0.0,0.0,0.0,0.15962275862693787,0.0,0.0,0.0,0.19245518743991852,0.0,0.0,0.0,0.0
"TISTUD-7212",False,"test",0.0,0.21104414761066437,0.0,0.1964469850063324,0.0,0.0,0.0,0.0,0.0,0.0,0.5674987435340881,0.0,0.0,0.0,0.0
"TISTUD-7180",False,"test",0.0,0.5225251317024231,0.0,0.0,0.0,0.05331934243440628,0.3729027807712555,0.04119258001446724,0.0,0.0,0.0,0.0,0.0,0.0,0.0
"TISTUD-7132",False,"test",0.0,0.6014031171798706,0.1005668044090271,0.0,0.0,0.0,0.2694421708583832,0.0,0.0,0.0,0.0,0.0,0.0,0.0,0.0
"TISTUD-7129",False,"test",0.0,0.3503529727458954,0.0,0.0,0.0,0.0,0.0,0.0,0.0,0.6119581460952759,0.0,0.0,0.0,0.0,0.0
"TISTUD-7066",False,"test",0.0,0.48464855551719666,0.14918464422225952,0.0,0.0,0.0,0.3566358685493469,0.0,0.0,0.0,0.0,0.0,0.0,0.0,0.0
"TISTUD-7032",False,"test",0.0,0.0,0.7814903855323792,0.0,0.0,0.0,0.05819758400321007,0.0,0.0,0.1374369114637375,0.0,0.0,0.0,0.0,0.0
"TISTUD-7015",False,"test",0.0,0.5288956761360168,0.18179155886173248,0.0,0.0,0.0,0.1385958343744278,0.14187930524349213,0.0,0.0,0.0,0.0,0.0,0.0,0.0
"TISTUD-6979",False,"test",0.0,0.5397847890853882,0.0,0.0,0.0,0.0,0.06701390445232391,0.0,0.0,0.0,0.0,0.0,0.0,0.0,0.3794000744819641
"TISTUD-6969",False,"test",0.0,0.32625728845596313,0.0,0.0,0.0,0.2891826629638672,0.0,0.0,0.0,0.0,0.02485443279147148,0.3515525758266449,0.0,0.0,0.0
"TISTUD-6940",True,"test",0.0,0.0,0.0,0.0,0.0,0.6683706641197205,0.3161494731903076,0.0,0.0,0.0,0.0,0.0,0.0,0.0,0.0
"TISTUD-6786",False,"test",0.0,0.27472126483917236,0.0,0.0,0.05670073255896568,0.07879162579774857,0.07250768691301346,0.04788043349981308,0.0,0.4661869406700134,0.0,0.0,0.0,0.0,0.0
"TISTUD-6778",False,"test",0.0,0.7068253755569458,0.0,0.0,0.0,0.0,0.0,0.20234274864196777,0.0,0.0,0.0,0.07449682801961899,0.0,0.0,0.0
"TISTUD-6742",False,"test",0.0,0.4570748507976532,0.0,0.0,0.0,0.061441291123628616,0.36756226420402527,0.0,0.0,0.09097307175397873,0.0,0.0,0.0,0.0,0.0
"TISTUD-6722",False,"test",0.0,0.37422770261764526,0.42089152336120605,0.0,0.0,0.0,0.0,0.09824933111667633,0.0,0.0,0.0,0.0,0.09896815568208694,0.0,0.0
"TISTUD-6580",False,"test",0.0,0.0,0.0,0.0,0.037360310554504395,0.0,0.8863704204559326,0.0,0.0,0.05884120613336563,0.0,0.0,0.0,0.0,0.0
"TISTUD-6514",False,"test",0.0,0.4688657522201538,0.0,0.0,0.0,0.2798656225204468,0.0,0.1035088449716568,0.0,0.0,0.0,0.10079151391983032,0.03275834396481514,0.0,0.0
"TISTUD-6511",False,"test",0.0,0.0,0.06529764086008072,0.0,0.0,0.0,0.0,0.0,0.0,0.0,0.2726801037788391,0.14884458482265472,0.0,0.0,0.5085090398788452
"TISTUD-6507",False,"test",0.0,0.9725461006164551,0.0,0.0,0.0,0.0,0.0,0.0,0.0,0.0,0.0,0.0,0.0,0.0,0.0
"TISTUD-6458",False,"test",0.0,0.0,0.0,0.0,0.0,0.0,0.6622081398963928,0.0,0.0,0.0,0.22468438744544983,0.08109517395496368,0.0,0.0,0.0
"TISTUD-6447",False,"test",0.0,0.0,0.0,0.0,0.0,0.0,0.0,0.0,0.0,0.0,0.0,0.928184449672699,0.0,0.0,0.0
"TISTUD-6446",False,"test",0.0,0.0,0.0,0.0,0.0,0.0,0.0,0.0,0.0,0.0,0.0,0.928184449672699,0.0,0.0,0.0
"TISTUD-6445",False,"test",0.0,0.0,0.0,0.0,0.0,0.0,0.0,0.0,0.0,0.0,0.0,0.928184449672699,0.0,0.0,0.0
"TISTUD-6444",False,"test",0.0,0.0,0.0,0.0,0.0,0.0,0.0,0.0,0.0,0.0,0.0,0.928184449672699,0.0,0.0,0.0
"TISTUD-6422",False,"test",0.0,0.37508058547973633,0.0,0.0,0.10724909603595734,0.0,0.34609684348106384,0.1522565484046936,0.0,0.0,0.0,0.0,0.0,0.0,0.0
"TISTUD-6407",False,"test",0.0,0.2500205338001251,0.0,0.0,0.0,0.0,0.5673030018806458,0.0,0.0,0.0,0.07013694941997528,0.0,0.0,0.09321955591440201,0.0
"TISTUD-6399",False,"test",0.0,0.1418960839509964,0.05614568665623665,0.0,0.05558687821030617,0.0,0.0,0.18533915281295776,0.0,0.0,0.0,0.0,0.0,0.5546034574508667,0.0
"TISTUD-6310",False,"test",0.0,0.0,0.3399047255516052,0.0,0.0,0.1714009791612625,0.11323041468858719,0.17187859117984772,0.0,0.0,0.0,0.0,0.1876705288887024,0.0,0.0
"TISTUD-6309",False,"test",0.0,0.44999441504478455,0.0,0.0,0.0,0.29430121183395386,0.0,0.0,0.0,0.0,0.0,0.23405955731868744,0.0,0.0,0.0
"TISTUD-6297",False,"test",0.0,0.5401235818862915,0.0,0.0,0.0,0.0,0.0,0.4142231345176697,0.0,0.0,0.0,0.0,0.0,0.0,0.0
"TISTUD-6281",False,"test",0.0,0.32204490900039673,0.0,0.0,0.0,0.0,0.6269343495368958,0.0,0.0,0.0,0.0,0.0,0.0,0.0,0.0
"TISTUD-6272",False,"test",0.0749521479010582,0.5131966471672058,0.0,0.0,0.0,0.3618259131908417,0.0,0.0,0.0,0.0,0.0,0.0,0.0,0.0,0.0
"TISTUD-6270",False,"test",0.0,0.6581746339797974,0.0,0.0,0.0,0.0,0.0,0.0,0.0,0.3129214942455292,0.0,0.0,0.0,0.0,0.0
"TISTUD-6251",False,"test",0.0,0.5855291485786438,0.0,0.0,0.0,0.0,0.1350129395723343,0.2694564163684845,0.0,0.0,0.0,0.0,0.0,0.0,0.0
"TISTUD-6220",False,"test",0.0,0.0,0.5702048540115356,0.0,0.0,0.0,0.0,0.0,0.0,0.0,0.0,0.11765255779027939,0.0,0.0,0.27879318594932556
"TISTUD-6201",False,"test",0.0,0.7363694906234741,0.0,0.0,0.0,0.0,0.2447817176580429,0.0,0.0,0.0,0.0,0.0,0.0,0.0,0.0
"TISTUD-6198",False,"test",0.0,0.6403510570526123,0.0,0.0,0.0,0.3074255585670471,0.04060686007142067,0.0,0.0,0.0,0.0,0.0,0.0,0.0,0.0
"TISTUD-6155",False,"test",0.0,0.6174017190933228,0.0,0.1494077891111374,0.0,0.08241856098175049,0.0,0.0,0.0,0.0,0.0,0.0,0.0,0.13408353924751282,0.0
"TISTUD-6148",False,"test",0.0,0.0,0.04206842556595802,0.0,0.0,0.49012213945388794,0.4100826382637024,0.04437820985913277,0.0,0.0,0.0,0.0,0.0,0.0,0.0
"TISTUD-6129",False,"test",0.0,0.28335511684417725,0.0,0.0,0.0,0.09365160018205643,0.6001238226890564,0.0,0.0,0.0,0.0,0.0,0.0,0.0,0.0
"TISTUD-6125",False,"test",0.0,0.47174352407455444,0.0,0.0,0.0,0.08288826048374176,0.42249947786331177,0.0,0.0,0.0,0.0,0.0,0.0,0.0,0.0
"TISTUD-6123",False,"test",0.0,0.5842437148094177,0.0,0.0,0.0,0.0,0.3909775912761688,0.0,0.0,0.0,0.0,0.0,0.0,0.0,0.0
"TISTUD-6116",False,"test",0.0,0.9678111672401428,0.0,0.0,0.0,0.0,0.0,0.0,0.0,0.0,0.0,0.0,0.0,0.0,0.0
"TISTUD-6109",False,"test",0.0,0.3005300760269165,0.05441289022564888,0.0,0.0,0.19381095468997955,0.34559470415115356,0.09760300070047379,0.0,0.0,0.0,0.0,0.0,0.0,0.0
"TISTUD-6094",False,"test",0.10088923573493958,0.6144236326217651,0.0,0.0,0.0,0.0,0.0,0.0,0.0,0.0,0.0,0.0,0.21631130576133728,0.0,0.04679112136363983
"TISTUD-5999",False,"test",0.0,0.9086066484451294,0.0,0.0,0.0,0.0,0.07900940626859665,0.0,0.0,0.0,0.0,0.0,0.0,0.0,0.0
"TISTUD-5986",False,"test",0.0,0.813737690448761,0.17704002559185028,0.0,0.0,0.0,0.0,0.0,0.0,0.0,0.0,0.0,0.0,0.0,0.0
"TISTUD-5977",False,"test",0.0,0.0,0.0,0.0,0.0,0.0,0.9766508340835571,0.0,0.0,0.0,0.0,0.0,0.0,0.0,0.0
"TISTUD-5937",False,"test",0.0,0.12514732778072357,0.0,0.0,0.0,0.34952855110168457,0.0,0.0,0.0,0.0,0.1657698154449463,0.14172451198101044,0.0,0.20393265783786774,0.0
"TISTUD-5886",False,"test",0.0,0.0,0.0,0.0,0.0,0.3227628469467163,0.0,0.5990572571754456,0.0,0.052341800183057785,0.0,0.0,0.0,0.0,0.0
"TISTUD-5858",False,"test",0.0,0.35304248332977295,0.12544552981853485,0.0,0.0,0.014354424551129341,0.4753304421901703,0.0,0.0,0.0,0.0,0.0,0.022267501801252365,0.0,0.0
"TISTUD-5833",False,"test",0.0,0.6701312065124512,0.0,0.0,0.0,0.0,0.0,0.0,0.0,0.0,0.0,0.2904684841632843,0.0,0.0,0.0
"TISTUD-5811",False,"test",0.0,0.6740893721580505,0.0,0.0,0.0,0.0,0.2845730185508728,0.0,0.0,0.0,0.0,0.0,0.0,0.0,0.0
"TISTUD-5769",False,"test",0.0,0.6738309264183044,0.0,0.0,0.0,0.0,0.314292311668396,0.0,0.0,0.0,0.0,0.0,0.0,0.0,0.0
"TISTUD-5767",False,"test",0.0,0.6115779280662537,0.0,0.0,0.0,0.1436411738395691,0.0,0.0,0.0,0.0,0.0,0.0,0.0844738706946373,0.14786465466022491,0.0
"TISTUD-5759",False,"test",0.0,0.7045818567276001,0.0,0.0,0.0,0.27657192945480347,0.0,0.0,0.0,0.0,0.0,0.0,0.0,0.0,0.0
"TISTUD-5693",False,"test",0.0,0.0,0.0,0.0,0.0,0.0,0.9740706086158752,0.0,0.0,0.0,0.0,0.0,0.0,0.0,0.0
"TISTUD-5686",False,"test",0.0,0.14814706146717072,0.0,0.0,0.0,0.3127478361129761,0.3057519793510437,0.0,0.0,0.0,0.1667875498533249,0.0,0.0,0.058311641216278076,0.0
"TISTUD-5681",False,"test",0.0,0.3238181471824646,0.0,0.0,0.0,0.3045019209384918,0.0,0.16174757480621338,0.0,0.0,0.0,0.0,0.0,0.195550337433815,0.0
"TISTUD-5680",False,"test",0.0,0.2457866221666336,0.0,0.0,0.0,0.591926097869873,0.0,0.1503305584192276,0.0,0.0,0.0,0.0,0.0,0.0,0.0
"TISTUD-5663",False,"test",0.0,0.5865020155906677,0.3557341396808624,0.0,0.0,0.0,0.0,0.0,0.0,0.03956848382949829,0.0,0.0,0.0,0.0,0.0
"TISTUD-5648",False,"test",0.0,0.0,0.23773193359375,0.0,0.0,0.0,0.7275820970535278,0.0,0.0,0.0,0.0,0.0,0.0,0.0,0.0
"TISTUD-5631",False,"test",0.0,0.5005304217338562,0.42055439949035645,0.0,0.0,0.0,0.0,0.0,0.0,0.0,0.0,0.05604410544037819,0.0,0.0,0.0
"TISTUD-5629",False,"test",0.0,0.4395461678504944,0.0,0.0,0.0,0.0,0.19627884030342102,0.05148964375257492,0.0,0.0,0.0,0.0,0.2928626239299774,0.0,0.0
"TISTUD-5614",False,"test",0.0,0.0,0.0,0.0,0.0,0.1497109979391098,0.2404612898826599,0.0772833600640297,0.0,0.0,0.0,0.0,0.28883400559425354,0.23457525670528412,0.0
"TISTUD-5594",False,"test",0.0,0.577370285987854,0.07012175023555756,0.0,0.0,0.2714962065219879,0.07096236944198608,0.0,0.0,0.0,0.0,0.0,0.0,0.0,0.0
"TISTUD-5557",False,"test",0.0,0.0,0.02692316100001335,0.0,0.0,0.0,0.0,0.0,0.0,0.03504226729273796,0.45153334736824036,0.0,0.0,0.0,0.48321110010147095
"TISTUD-5541",False,"test",0.0,0.4104456901550293,0.4488414525985718,0.0,0.0,0.0,0.0,0.0,0.0,0.0,0.0,0.0,0.10432347655296326,0.0,0.0
"TISTUD-5539",False,"test",0.0,0.656417965888977,0.0,0.0,0.0,0.0,0.0,0.0,0.0,0.0,0.0,0.2925291955471039,0.0,0.0,0.0
"TISTUD-5503",False,"test",0.0,0.9126349687576294,0.0,0.0,0.0,0.0,0.0,0.0,0.0,0.057449180632829666,0.0,0.0,0.0,0.0,0.0
"TISTUD-5477",False,"test",0.0,0.6572678089141846,0.0,0.0,0.0,0.12572485208511353,0.17249226570129395,0.0,0.0,0.0,0.0,0.0,0.0,0.0,0.0
"TISTUD-5471",False,"test",0.0,0.6243422031402588,0.0,0.2461148053407669,0.0,0.0,0.0,0.0,0.0,0.0,0.0,0.0,0.0,0.09473523497581482,0.0
"TISTUD-5467",False,"test",0.0,0.44404539465904236,0.0,0.0,0.0,0.4728615880012512,0.0,0.0,0.0,0.0,0.0,0.0,0.06022656336426735,0.0,0.0
"TISTUD-5459",False,"test",0.0,0.5185366272926331,0.042451485991477966,0.0,0.0,0.11667829006910324,0.0,0.054259251803159714,0.0,0.0,0.0,0.040262095630168915,0.0,0.22135671973228455,0.0
"TISTUD-5393",False,"test",0.0,0.9766614437103271,0.0,0.0,0.0,0.0,0.0,0.0,0.0,0.0,0.0,0.0,0.0,0.0,0.0
"TISTUD-5392",False,"test",0.0,0.9070306420326233,0.06497608125209808,0.0,0.0,0.0,0.0,0.0,0.0,0.0,0.0,0.0,0.0,0.0,0.0
"TISTUD-5385",False,"test",0.0,0.520953357219696,0.3358602225780487,0.0,0.0,0.0,0.0,0.0,0.0,0.0,0.11650010943412781,0.0,0.0,0.0,0.0
"TISTUD-5381",False,"test",0.0,0.0,0.24585376679897308,0.0,0.0,0.0,0.27705249190330505,0.0,0.0,0.0,0.0,0.0,0.0,0.46549370884895325,0.0
"TISTUD-5378",False,"test",0.0,0.0,0.0,0.0,0.20165511965751648,0.0,0.49047476053237915,0.0,0.0,0.0,0.0,0.0,0.0,0.0,0.26074209809303284
"TISTUD-5372",False,"test",0.0,0.3534371852874756,0.23750923573970795,0.0,0.2518630623817444,0.0,0.0,0.1318872570991516,0.0,0.0,0.0,0.0,0.0,0.0,0.0
"TISTUD-5369",False,"test",0.0,0.20250390470027924,0.0,0.0,0.0,0.0,0.0,0.0,0.0,0.5145487189292908,0.0,0.0,0.0,0.25329506397247314,0.0
"TISTUD-5337",False,"test",0.0,0.74325031042099,0.0,0.0,0.0,0.0,0.0,0.0,0.0,0.0,0.0,0.0,0.23047985136508942,0.0,0.0
"TISTUD-5327",False,"test",0.0,0.39830830693244934,0.0,0.0,0.031233636662364006,0.09474791586399078,0.46406248211860657,0.0,0.0,0.0,0.0,0.0,0.0,0.0,0.0
"TISTUD-5310",False,"test",0.0,0.843980610370636,0.0,0.0,0.0,0.0,0.040799934417009354,0.0,0.0,0.0,0.06194455549120903,0.03229304030537605,0.0,0.0,0.0
"TISTUD-5292",False,"test",0.0,0.5746209621429443,0.0,0.0,0.0,0.0,0.0,0.0,0.0,0.0,0.0,0.0,0.3439744710922241,0.0,0.0636228695511818
"TISTUD-5283",False,"test",0.0,0.24861222505569458,0.45944076776504517,0.0,0.0,0.0,0.07300923764705658,0.0,0.0,0.10307208448648453,0.0,0.0,0.0,0.06650719046592712,0.04077570140361786
"TISTUD-5263",False,"test",0.0,0.0,0.0,0.0,0.13885699212551117,0.6658070087432861,0.0,0.0,0.0,0.0,0.0,0.0,0.17032471299171448,0.0,0.0
"TISTUD-5235",False,"test",0.0,0.2068301886320114,0.0,0.0,0.0,0.10091536492109299,0.611882746219635,0.0,0.0,0.0,0.0,0.06834312528371811,0.0,0.0,0.0
"TISTUD-5225",False,"test",0.0,0.19318178296089172,0.0,0.0,0.06600911170244217,0.38402706384658813,0.04707472398877144,0.022670894861221313,0.0,0.0,0.0,0.045083124190568924,0.02973068319261074,0.20282840728759766,0.0
"TISTUD-5206",False,"test",0.0,0.29156723618507385,0.0,0.0,0.0,0.0,0.6899882555007935,0.0,0.0,0.0,0.0,0.0,0.0,0.0,0.0
"TISTUD-5200",False,"test",0.0,0.05133504047989845,0.0,0.0,0.0,0.0,0.793086588382721,0.0,0.0,0.0,0.0,0.0,0.0,0.1415242850780487,0.0
"TISTUD-5199",False,"test",0.0,0.38333848118782043,0.0,0.0,0.0,0.0,0.596023678779602,0.0,0.0,0.0,0.0,0.0,0.0,0.0,0.0
"TISTUD-5169",False,"test",0.0,0.49259546399116516,0.0,0.0,0.0,0.0,0.34097716212272644,0.1435600370168686,0.0,0.0,0.0,0.0,0.0,0.0,0.0
"TISTUD-5158",False,"test",0.0,0.07378797978162766,0.0,0.0,0.0,0.0,0.05768539756536484,0.0,0.0,0.0,0.10194913297891617,0.0,0.0,0.0,0.762230396270752
"TISTUD-5151",False,"test",0.04847327247262001,0.30682653188705444,0.0,0.0,0.0,0.39917686581611633,0.0,0.0,0.0,0.17094619572162628,0.0,0.0,0.0,0.06815451383590698,0.0
"TISTUD-5109",False,"test",0.0,0.167755588889122,0.07517360150814056,0.0,0.0,0.0,0.0,0.0,0.0,0.0,0.0,0.0,0.0,0.07096397876739502,0.6735418438911438
"TISTUD-5105",False,"test",0.0,0.18451298773288727,0.0,0.0,0.20837517082691193,0.23460102081298828,0.0,0.24740128219127655,0.0,0.0,0.0,0.11201417446136475,0.0,0.0,0.0
"TISTUD-5104",False,"test",0.0,0.3200817108154297,0.0,0.0,0.22281460464000702,0.357205331325531,0.0,0.08699852228164673,0.0,0.0,0.0,0.0,0.0,0.0,0.0
"TISTUD-5093",False,"test",0.0,0.5400698781013489,0.0,0.0,0.0,0.0,0.0,0.0,0.0,0.0,0.0,0.0,0.0,0.30396899580955505,0.10880623757839203
"TISTUD-5089",False,"test",0.0,0.759971559047699,0.19666634500026703,0.0,0.0,0.0,0.0,0.0,0.0,0.0,0.0,0.0,0.0,0.0,0.0
"TISTUD-5076",False,"test",0.0,0.0,0.9449668526649475,0.04600459337234497,0.0,0.0,0.0,0.0,0.0,0.0,0.0,0.0,0.0,0.0,0.0
"TISTUD-5071",False,"test",0.0,0.0,0.981462836265564,0.0,0.0,0.0,0.0,0.0,0.0,0.0,0.0,0.0,0.0,0.0,0.0
"TISTUD-5069",False,"test",0.0,0.0,0.9459335803985596,0.04503782466053963,0.0,0.0,0.0,0.0,0.0,0.0,0.0,0.0,0.0,0.0,0.0
"TISTUD-5067",False,"test",0.0,0.0,0.8673498630523682,0.12362159788608551,0.0,0.0,0.0,0.0,0.0,0.0,0.0,0.0,0.0,0.0,0.0
"TISTUD-5064",False,"test",0.0,0.3387509882450104,0.0,0.015161405317485332,0.0,0.0,0.0,0.0,0.0,0.0,0.07974009960889816,0.07785945385694504,0.0,0.041600361466407776,0.4440931975841522
"TISTUD-5063",False,"test",0.0,0.0,0.0,0.0,0.0,0.0,0.0,0.8833200335502625,0.0,0.0,0.0,0.0,0.0,0.0,0.0
"TISTUD-5061",False,"test",0.0,0.2396329641342163,0.0,0.0,0.36451455950737,0.0,0.30783820152282715,0.06761991232633591,0.0,0.0,0.0,0.0,0.0,0.0,0.0
"TISTUD-5052",False,"test",0.0,0.4299853444099426,0.0,0.0,0.0,0.0684528574347496,0.3012934923171997,0.0,0.0,0.0,0.17658333480358124,0.0,0.0,0.0,0.0
"TISTUD-5046",False,"test",0.0,0.4077475368976593,0.0,0.0,0.0,0.0,0.25347280502319336,0.0,0.0,0.1291048377752304,0.0,0.0,0.0,0.18871495127677917,0.0
"TISTUD-5040",False,"test",0.0,0.0,0.0,0.0,0.0,0.9080596566200256,0.07772906869649887,0.0,0.0,0.0,0.0,0.0,0.0,0.0,0.0
"TISTUD-5039",False,"test",0.0,0.7734790444374084,0.03045642375946045,0.0,0.0,0.0,0.17937712371349335,0.0,0.0,0.0,0.0,0.0,0.0,0.0,0.0
"TISTUD-5020",False,"test",0.0,0.0,0.0,0.0,0.0,0.29532524943351746,0.573926568031311,0.0,0.0,0.0,0.11213323473930359,0.0,0.0,0.0,0.0
"TISTUD-4956",False,"test",0.0,0.8875972628593445,0.0,0.0,0.0,0.0,0.08897093683481216,0.0,0.0,0.0,0.0,0.0,0.0,0.0,0.0
"TISTUD-4930",False,"test",0.0,0.07508206367492676,0.0,0.0,0.0,0.0,0.8167192339897156,0.0,0.0,0.0,0.0,0.09819145500659943,0.0,0.0,0.0
"TISTUD-4847",False,"test",0.0,0.5932769775390625,0.39123958349227905,0.0,0.0,0.0,0.0,0.0,0.0,0.0,0.0,0.0,0.0,0.0,0.0
"TISTUD-4831",False,"test",0.0,0.7669640183448792,0.0,0.0,0.0,0.19534847140312195,0.0,0.0,0.0,0.0,0.0,0.0,0.0,0.0,0.0
"TISTUD-4793",False,"test",0.0,0.5482919216156006,0.0,0.0,0.0,0.0,0.0,0.0,0.0,0.0,0.0,0.40607205033302307,0.0,0.0,0.0
"TISTUD-4619",False,"test",0.0,0.6375889778137207,0.23458214104175568,0.0,0.0,0.0,0.0,0.0,0.0,0.09818580746650696,0.0,0.0,0.0,0.0,0.0
"TISTUD-4389",False,"test",0.0,0.6735617518424988,0.2590729296207428,0.0,0.0,0.0,0.053797561675310135,0.0,0.0,0.0,0.0,0.0,0.0,0.0,0.0
"TISTUD-4365",False,"test",0.0,0.0,0.3671717047691345,0.42770183086395264,0.0,0.0,0.15510454773902893,0.0,0.0,0.0,0.0,0.0,0.0,0.0,0.0
"TISTUD-4364",False,"test",0.0,0.0,0.47154751420021057,0.263396292924881,0.0,0.0,0.0,0.0,0.0,0.2117040604352951,0.0,0.0,0.0,0.0,0.0
"TISTUD-4362",False,"test",0.0,0.0,0.0,0.43834200501441956,0.0,0.4533092677593231,0.0,0.0,0.0,0.0,0.0,0.0,0.0,0.0,0.0
"TISTUD-4361",False,"test",0.0,0.0,0.0,0.0,0.0,0.9333257675170898,0.0,0.0,0.0,0.0,0.0,0.0,0.0,0.0,0.0
"TISTUD-4360",False,"test",0.0,0.2974534034729004,0.0,0.2852974832057953,0.0,0.0,0.0,0.0,0.0,0.3444966971874237,0.0,0.0,0.0,0.0,0.0
"TISTUD-4335",False,"test",0.0,0.26839566230773926,0.0,0.0,0.0,0.37682560086250305,0.3337218761444092,0.0,0.0,0.0,0.0,0.0,0.0,0.0,0.0
"TISTUD-4325",False,"test",0.0,0.0,0.0,0.0,0.0,0.0,0.5843925476074219,0.21307061612606049,0.0,0.0,0.0,0.0,0.0,0.0,0.20025862753391266
"TISTUD-4251",False,"test",0.0,0.0,0.0,0.0,0.0,0.9508686661720276,0.0,0.0,0.0,0.0,0.0,0.0,0.0,0.0,0.0
"TISTUD-4217",False,"test",0.0,0.9688854813575745,0.0,0.0,0.0,0.0,0.0,0.0,0.0,0.0,0.0,0.0,0.0,0.0,0.0
"TISTUD-4191",False,"test",0.0,0.7192381620407104,0.0,0.0,0.0,0.0,0.0,0.0,0.0,0.0,0.0,0.2508712112903595,0.0,0.0,0.0
"TISTUD-4073",False,"test",0.0,0.6245676875114441,0.0,0.0,0.12333033233880997,0.11838612705469131,0.0,0.0,0.0,0.0,0.0,0.12322937697172165,0.0,0.0,0.0
"TISTUD-3971",False,"test",0.0,0.04024983569979668,0.0,0.0,0.0,0.12989208102226257,0.26659297943115234,0.3085973262786865,0.0,0.0,0.2338230162858963,0.0,0.0,0.0,0.0
"TISTUD-3814",False,"test",0.0,0.28470396995544434,0.0,0.0,0.0,0.0,0.5800637602806091,0.11097294837236404,0.0,0.0,0.0,0.0,0.0,0.0,0.0
"TISTUD-3805",False,"test",0.0,0.4410490095615387,0.0,0.0,0.0,0.0,0.5133312940597534,0.0,0.0,0.0,0.0,0.0,0.0,0.0,0.0
"TISTUD-3804",False,"test",0.0,0.48825010657310486,0.0,0.0,0.0,0.15882574021816254,0.32532867789268494,0.0,0.0,0.0,0.0,0.0,0.0,0.0,0.0
"TISTUD-3474",False,"test",0.0,0.9575075507164001,0.0,0.0,0.0,0.0,0.0,0.0,0.0,0.0,0.0,0.0,0.0,0.0,0.0
"TISTUD-3142",False,"test",0.0,0.0,0.7326908111572266,0.0,0.0,0.0,0.0,0.0,0.0,0.0,0.0,0.0,0.0,0.21312682330608368,0.0
"TISTUD-3022",False,"test",0.0,0.0,0.0,0.0,0.0,0.0,0.7581484317779541,0.0,0.0,0.0,0.2216935008764267,0.0,0.0,0.0,0.0
"TISTUD-2948",False,"test",0.0,0.0,0.0,0.0,0.11232082545757294,0.0,0.7707512378692627,0.0,0.0,0.0,0.0,0.0,0.07240466773509979,0.0,0.0
"TISTUD-2905",False,"test",0.0,0.5797898769378662,0.0,0.0,0.0,0.0,0.40094712376594543,0.0,0.0,0.0,0.0,0.0,0.0,0.0,0.0
"TISTUD-2729",False,"test",0.0,0.8032112121582031,0.16466587781906128,0.0,0.0,0.0,0.0,0.0,0.0,0.0,0.0,0.0,0.0,0.0,0.0
"TISTUD-1541",False,"test",0.0,0.0,0.19708697497844696,0.0,0.0,0.21077145636081696,0.0,0.0,0.0,0.0,0.11836006492376328,0.04201939329504967,0.0,0.3326641321182251,0.07906085252761841
"TISTUD-1108",False,"test",0.0,0.05156150832772255,0.34227824211120605,0.0,0.0,0.0,0.5596631765365601,0.03237340226769447,0.0,0.0,0.0,0.0,0.0,0.0,0.0
"TISTUD-582",False,"test",0.0,0.5488771200180054,0.10280866920948029,0.0,0.0,0.19661450386047363,0.0,0.0,0.0,0.0,0.0,0.0285931508988142,0.0,0.11027813702821732,0.0
