"issue_key","sp_change","type","t0","t1","t2","t3","t4","t5","t6","t7","t8"
"DM-4919",False,"train",0.0,0.0,0.0,0.0,0.0,0.0,0.3241938650608063,0.0,0.6588281989097595
"DM-3983",False,"train",0.0,0.0,0.0,0.0,0.9838159680366516,0.0,0.0,0.0,0.0
"DM-3460",False,"train",0.4497855603694916,0.0,0.0,0.0,0.0,0.0,0.0,0.5154032707214355,0.0
"DM-7844",False,"train",0.3493044078350067,0.0,0.0,0.6350551247596741,0.0,0.0,0.0,0.0,0.0
"DM-1673",False,"train",0.0,0.0,0.0,0.0,0.0,0.3940574824810028,0.584555983543396,0.0,0.0
"DM-16374",False,"train",0.0,0.7449035048484802,0.0,0.0,0.0,0.0,0.10735953599214554,0.1260879933834076,0.0
"DM-18313",False,"train",0.04037666693329811,0.04037431254982948,0.04037819057703018,0.040375977754592896,0.040378887206315994,0.04038031026721001,0.04037819057703018,0.04037532955408096,0.6769821047782898
"DM-607",True,"train",0.013073169626295567,0.01306996215134859,0.573333740234375,0.013070880435407162,0.013075224123895168,0.013069679960608482,0.33516427874565125,0.013071320950984955,0.013071735389530659
"DM-2672",False,"train",0.015907790511846542,0.015913352370262146,0.015906237065792084,0.015908144414424896,0.015907593071460724,0.015909988433122635,0.8727313280105591,0.015907926484942436,0.015907635912299156
"DM-8913",False,"train",0.0,0.0,0.0,0.944368302822113,0.0,0.0,0.0,0.0,0.0
"DM-16858",False,"train",0.2162938117980957,0.0,0.43683603405952454,0.0,0.0,0.0,0.0,0.0,0.30210572481155396
"DM-646",False,"train",0.0,0.0,0.0,0.0,0.0,0.0,0.953708291053772,0.0,0.0
"DM-5880",False,"train",0.0,0.0,0.17381179332733154,0.0,0.0,0.02529352344572544,0.0,0.5497280359268188,0.2220533788204193
"DM-2961",True,"train",0.8552934527397156,0.018083909526467323,0.01808333396911621,0.018087921664118767,0.0180911123752594,0.01809597574174404,0.01808156631886959,0.018100976943969727,0.0180817898362875
"DM-8460",True,"train",0.02222486399114132,0.8221811056137085,0.02223454788327217,0.022224681451916695,0.02222570963203907,0.02222687564790249,0.022231806069612503,0.02222529798746109,0.022225109860301018
"DM-6904",False,"train",0.0,0.0,0.0,0.26785677671432495,0.0,0.39527612924575806,0.32235437631607056,0.0,0.0
"DM-10197",False,"train",0.0,0.485722154378891,0.26200294494628906,0.0,0.0,0.0,0.0,0.2179974764585495,0.0
"DM-14738",False,"train",0.0,0.10519570112228394,0.0,0.0,0.0,0.8493863344192505,0.0,0.0,0.0
"DM-5831",True,"train",0.0,0.0,0.0,0.07542649656534195,0.0,0.0,0.8687776327133179,0.0,0.0
"DM-10477",True,"train",0.0,0.0,0.0,0.7498639822006226,0.0,0.22965732216835022,0.0,0.0,0.0
"DM-17029",True,"train",0.0,0.0,0.0,0.0,0.9843735694885254,0.0,0.0,0.0,0.0
"DM-8803",True,"train",0.0,0.0,0.0,0.0,0.0,0.9576096534729004,0.0,0.0,0.0
"DM-8052",False,"train",0.0,0.0,0.0,0.0,0.0,0.0,0.9737985730171204,0.0,0.0
"DM-14544",False,"train",0.010107925161719322,0.010105934925377369,0.010104214772582054,0.010107133537530899,0.9191511273384094,0.010107646696269512,0.010106491856276989,0.01010434702038765,0.010105181485414505
"DM-14639",False,"train",0.0,0.0,0.0,0.0,0.6481513977050781,0.3155267834663391,0.0,0.0,0.0
"DM-8964",False,"train",0.0,0.0,0.0,0.10261645168066025,0.8572588562965393,0.0,0.0,0.0,0.0
"DM-9614",False,"train",0.0,0.0,0.0,0.0,0.0,0.0,0.9315284490585327,0.0,0.0
"DM-5002",False,"train",0.0,0.0,0.0,0.0,0.35976049304008484,0.0,0.4683681130409241,0.15837356448173523,0.0
"DM-14734",False,"train",0.0,0.0,0.0,0.981467604637146,0.0,0.0,0.0,0.0,0.0
"DM-17313",False,"train",0.0,0.0,0.0,0.0,0.0,0.0,0.9314501881599426,0.0,0.0
"DM-7134",False,"train",0.0,0.0,0.08256587386131287,0.6423592567443848,0.0,0.0,0.0,0.22765885293483734,0.0
"DM-3697",False,"train",0.0,0.590519368648529,0.0,0.12173880636692047,0.0,0.26385682821273804,0.0,0.0,0.0
"DM-15789",False,"train",0.0,0.0,0.5503814220428467,0.0,0.0,0.0,0.33419501781463623,0.10930155962705612,0.0
"DM-12587",False,"train",0.022347204387187958,0.02235015295445919,0.022345012053847313,0.02234967052936554,0.022345324978232384,0.02234669029712677,0.02235148660838604,0.02234545163810253,0.8212190270423889
"DM-2199",False,"train",0.013910338282585144,0.6048567891120911,0.013909582048654556,0.01391002256423235,0.01390909869223833,0.013912932015955448,0.2977674901485443,0.013913914561271667,0.013909868896007538
"DM-16012",False,"train",0.0,0.0,0.0,0.0,0.0,0.0,0.979293942451477,0.0,0.0
"DM-17525",False,"train",0.0,0.0,0.0,0.693117618560791,0.0,0.0,0.0,0.0,0.2660147249698639
"DM-436",False,"train",0.0,0.0,0.0,0.0,0.0,0.41884395480155945,0.0,0.5682633519172668,0.0
"DM-10344",False,"train",0.0,0.0,0.0,0.9721834659576416,0.0,0.0,0.0,0.0,0.0
"DM-4753",False,"train",0.11005890369415283,0.0,0.8600009083747864,0.0,0.0,0.0,0.0,0.0,0.0
"DM-10241",False,"train",0.0,0.9240244030952454,0.0,0.0,0.0,0.05371361970901489,0.0,0.0,0.0
"DM-4831",False,"train",0.0,0.0,0.0,0.97920823097229,0.0,0.0,0.0,0.0,0.0
"DM-13506",False,"train",0.0,0.22611276805400848,0.0,0.7137826681137085,0.0,0.0,0.0,0.0,0.0
"DM-6139",False,"train",0.0,0.0,0.0,0.22397567331790924,0.0,0.7437297701835632,0.0,0.0,0.0
"DM-6287",False,"train",0.0,0.12873978912830353,0.06201146915555,0.4823852777481079,0.0,0.0,0.25222665071487427,0.06265714019536972,0.0
"DM-12668",True,"train",0.0,0.0,0.0,0.0534895583987236,0.6978579759597778,0.0,0.1530638337135315,0.0839032456278801,0.0
"DM-2385",False,"train",0.0,0.0,0.0,0.0,0.24566593766212463,0.0,0.0,0.720487117767334,0.0
"DM-10614",True,"train",0.0,0.0,0.0,0.0,0.05434396117925644,0.3732176423072815,0.09995292872190475,0.0,0.4561576247215271
"DM-13954",False,"train",0.0,0.0,0.0,0.0,0.0,0.0,0.9415268898010254,0.0,0.0
"DM-3139",False,"train",0.0,0.0,0.0,0.0,0.0,0.0,0.0,0.9309490323066711,0.0
"DM-14669",True,"train",0.0,0.0,0.0,0.0,0.0,0.0,0.0,0.9777454137802124,0.0
"DM-8491",True,"train",0.0,0.0,0.0,0.0,0.0,0.0,0.07249346375465393,0.6485572457313538,0.26866042613983154
"DM-5932",True,"train",0.0,0.0,0.0,0.0,0.0,0.0,0.7867904901504517,0.1723577082157135,0.0
"DM-12406",False,"train",0.013505474664270878,0.013507000170648098,0.013505809009075165,0.01350424811244011,0.013507802970707417,0.4856363832950592,0.41981595754623413,0.013505677692592144,0.013511642813682556
"DM-2507",False,"train",0.07918662577867508,0.0,0.0,0.0,0.47092029452323914,0.0,0.0,0.43122267723083496,0.0
"DM-10039",False,"train",0.0,0.0848233699798584,0.0,0.0,0.0,0.0,0.0,0.4788857102394104,0.4196329116821289
"DM-8409",True,"train",0.0,0.041506312787532806,0.3034607768058777,0.3047681152820587,0.0,0.2526927590370178,0.05858490243554115,0.0,0.03729334846138954
"DM-12132",False,"train",0.0,0.0,0.0,0.0,0.9788151383399963,0.0,0.0,0.0,0.0
"DM-14669",True,"train",0.0,0.0,0.0,0.0,0.0,0.0,0.0,0.9777454137802124,0.0
"DM-1147",False,"train",0.011150961741805077,0.011150910519063473,0.011150123551487923,0.011149810627102852,0.011152064427733421,0.011155560612678528,0.9107866883277893,0.011153663508594036,0.01115015521645546
"DM-7411",False,"train",0.012349329888820648,0.012355220504105091,0.012352176941931248,0.01235152781009674,0.012349161319434643,0.012350663542747498,0.9011862277984619,0.012349938042461872,0.012355811893939972
"DM-11039",False,"train",0.015889601781964302,0.015893148258328438,0.015888463705778122,0.8728562593460083,0.015895582735538483,0.015895036980509758,0.01589268259704113,0.015890125185251236,0.01589914970099926
"DM-7456",False,"train",0.3333461582660675,0.0,0.24666346609592438,0.3756988048553467,0.0,0.0,0.0,0.0,0.0
"DM-2425",False,"train",0.0,0.0,0.0,0.08164138346910477,0.0,0.9030426740646362,0.0,0.0,0.0
"DM-2926",False,"train",0.6892480254173279,0.0,0.26960819959640503,0.0,0.0,0.0,0.0,0.0,0.0
"DM-14350",False,"train",0.0,0.0,0.0,0.0,0.0,0.0,0.0,0.0,0.9760416746139526
"DM-9998",True,"train",0.0,0.0,0.0,0.0,0.0,0.0,0.0,0.0,0.9738154411315918
"DM-1974",False,"train",0.08497437089681625,0.0,0.0,0.12737487256526947,0.17717014253139496,0.0,0.5886190533638,0.0,0.0
"DM-4917",False,"train",0.0,0.0,0.0,0.0,0.0,0.0,0.8330444097518921,0.0,0.1422228217124939
"DM-9431",False,"train",0.7456719875335693,0.2259521484375,0.0,0.0,0.0,0.0,0.0,0.0,0.0
"DM-9141",False,"train",0.0,0.0,0.02366221509873867,0.592145562171936,0.0,0.0,0.32915428280830383,0.01490034256130457,0.037558384239673615
"DM-5524",False,"train",0.0,0.0,0.0,0.418400377035141,0.0,0.0,0.394629567861557,0.0,0.1583724021911621
"DM-1424",False,"train",0.98183673620224,0.0,0.0,0.0,0.0,0.0,0.0,0.0,0.0
"DM-13232",False,"train",0.0,0.0,0.0,0.100308857858181,0.0,0.060262531042099,0.0,0.6925470232963562,0.13673356175422668
"DM-13737",True,"train",0.12412545084953308,0.32699576020240784,0.0,0.0,0.0,0.24112346768379211,0.0,0.28051015734672546,0.0
"DM-14542",False,"train",0.12220101803541183,0.010751892812550068,0.010751944035291672,0.010750734247267246,0.010752870701253414,0.8025359511375427,0.010754489339888096,0.010751249268651009,0.010749874636530876
"DM-16409",False,"train",0.0,0.0,0.0,0.0,0.0,0.049844346940517426,0.273346871137619,0.6695438027381897,0.0
"DM-978",False,"train",0.0,0.0,0.0,0.0,0.0,0.2685443162918091,0.0,0.6962032914161682,0.0
"DM-7490",True,"train",0.09288021922111511,0.3989205062389374,0.0,0.0,0.0,0.0,0.0,0.47482576966285706,0.0
"DM-10422",False,"train",0.01867581717669964,0.018680263310670853,0.01868116483092308,0.018677959218621254,0.15726499259471893,0.018675023689866066,0.7119887471199036,0.018678387627005577,0.018677620217204094
"DM-5026",False,"train",0.0797060877084732,0.0,0.0,0.0,0.45098957419395447,0.0,0.28688788414001465,0.0,0.1717585325241089
"DM-14505",False,"train",0.0,0.0,0.0,0.0,0.14344392716884613,0.5911610722541809,0.2469947785139084,0.0,0.0
"DM-14628",False,"train",0.0,0.04185082018375397,0.0,0.0,0.0,0.0,0.28370732069015503,0.5489660501480103,0.11157055199146271
"DM-7725",False,"train",0.0,0.9629122614860535,0.0,0.0,0.0,0.0,0.0,0.0,0.0
"DM-6498",False,"train",0.0,0.0,0.0,0.0,0.0,0.40351319313049316,0.5719097256660461,0.0,0.0
"DM-5931",False,"train",0.0,0.21015943586826324,0.0,0.0,0.0,0.0,0.5635334849357605,0.0,0.20414839684963226
"DM-6249",False,"train",0.0,0.0,0.5161955952644348,0.0,0.0,0.0,0.41984501481056213,0.0,0.0
"DM-4225",False,"train",0.5045076012611389,0.0,0.0,0.0,0.0,0.0,0.0,0.0,0.4583258032798767
"DM-10359",True,"train",0.0,0.0,0.45773881673812866,0.0,0.0,0.49344828724861145,0.0,0.0,0.0
"DM-7691",False,"train",0.4949282705783844,0.06203581765294075,0.0,0.0,0.0,0.01658656820654869,0.0,0.42021283507347107,0.0
"DM-5703",False,"train",0.0,0.05919334292411804,0.0,0.25557342171669006,0.0,0.0,0.0,0.0,0.6694715619087219
"DM-545",True,"train",0.0,0.0,0.0,0.0,0.15104451775550842,0.21657142043113708,0.11496630311012268,0.4314805865287781,0.07939416915178299
"DM-16697",False,"train",0.0,0.0,0.0,0.0,0.0,0.7259002923965454,0.0,0.0,0.21788948774337769
"DM-18108",True,"train",0.0,0.0,0.0,0.0,0.0,0.9247866272926331,0.0,0.0,0.0
"DM-16253",True,"train",0.0,0.0,0.0,0.0,0.0,0.0,0.0,0.9406227469444275,0.0
"DM-13600",False,"train",0.013911806978285313,0.013910418376326561,0.013901484198868275,0.8887431025505066,0.013910721056163311,0.013902761973440647,0.013911421410739422,0.013902068138122559,0.013906191103160381
"DM-9182",False,"train",0.16593484580516815,0.04140818491578102,0.3751121461391449,0.0,0.0,0.03514772653579712,0.2433287352323532,0.0414426364004612,0.09630976617336273
"DM-9942",False,"train",0.0,0.0,0.08841860294342041,0.38438576459884644,0.23720207810401917,0.27085059881210327,0.0,0.0,0.0
"DM-195",False,"train",0.36493754386901855,0.0,0.05666550248861313,0.2757667005062103,0.08241346478462219,0.0,0.08078047633171082,0.07662606239318848,0.06065285950899124
"DM-7547",False,"train",0.0,0.0,0.0,0.0,0.24619323015213013,0.0,0.7258962988853455,0.0,0.0
"DM-4582",False,"train",0.0,0.0,0.0,0.7177969813346863,0.0,0.0,0.2432684451341629,0.0,0.0
"DM-13687",False,"train",0.0,0.0,0.0,0.9861029982566833,0.0,0.0,0.0,0.0,0.0
"DM-5545",False,"train",0.015949707478284836,0.015948187559843063,0.015963854268193245,0.015958068892359734,0.872352123260498,0.0159644465893507,0.015954768285155296,0.015958374366164207,0.01595047116279602
"DM-10881",False,"train",0.013953662477433681,0.01393998321145773,0.8884448409080505,0.013940510340034962,0.013942880555987358,0.01393973920494318,0.01394347008317709,0.013942710123956203,0.013952214270830154
"DM-9750",False,"train",0.0,0.0,0.0,0.0,0.0,0.0,0.43893831968307495,0.5315834879875183,0.0
"DM-3566",True,"train",0.037073031067848206,0.037073034793138504,0.037073034793138504,0.037073031067848206,0.037073031067848206,0.7034152150154114,0.03707358241081238,0.037073031067848206,0.037073031067848206
"DM-13754",True,"train",0.07957877218723297,0.0,0.0,0.0,0.0,0.0,0.8817666172981262,0.0,0.0
"DM-1762",True,"train",0.0,0.0,0.0,0.0,0.0,0.0,0.9877198934555054,0.0,0.0
"DM-1017",False,"train",0.0,0.0,0.0,0.0,0.0,0.9782989621162415,0.0,0.0,0.0
"DM-15789",False,"train",0.0,0.0,0.5503814220428467,0.0,0.0,0.0,0.33419501781463623,0.10930155962705612,0.0
"DM-1725",False,"train",0.49600547552108765,0.06212155520915985,0.07445397973060608,0.0,0.10888577997684479,0.0,0.0,0.0,0.2520658075809479
"DM-7057",False,"train",0.019067876040935516,0.01907670870423317,0.6711115837097168,0.019069237634539604,0.1954086869955063,0.01906518079340458,0.019071094691753387,0.019064687192440033,0.019064979627728462
"DM-1627",True,"train",0.02230948768556118,0.022290391847491264,0.022290656343102455,0.022294161841273308,0.022295041009783745,0.02229078859090805,0.022298894822597504,0.821635901927948,0.022294694557785988
"DM-13096",False,"train",0.25205743312835693,0.0,0.0,0.3864384889602661,0.0,0.15367430448532104,0.0,0.18503928184509277,0.0
"DM-7116",True,"train",0.0,0.0,0.0,0.0,0.6398829817771912,0.0,0.3362830877304077,0.0,0.0
"DM-12698",False,"train",0.49860879778862,0.0,0.0,0.08558643609285355,0.0,0.2933029234409332,0.09909483045339584,0.0,0.0
"DM-211",True,"train",0.0,0.0,0.0,0.0,0.0,0.0,0.5160171389579773,0.4213617146015167,0.0
"DM-16129",False,"train",0.0,0.0,0.0,0.08623908460140228,0.1712447553873062,0.5280324220657349,0.0,0.1916501671075821,0.0
"DM-14438",False,"train",0.0,0.0,0.0,0.47069594264030457,0.1261725127696991,0.3681325316429138,0.0,0.0,0.0
"DM-9229",False,"train",0.0,0.10975241661071777,0.0,0.0,0.0,0.0,0.0,0.09529317915439606,0.7801069617271423
"DM-10042",False,"train",0.13481055200099945,0.0,0.0,0.0,0.0,0.0,0.8218349814414978,0.0,0.0
"DM-9848",False,"train",0.9284837245941162,0.0,0.0,0.0,0.07021753489971161,0.0,0.0,0.0,0.0
"DM-6902",False,"train",0.0,0.4795438349246979,0.0,0.0,0.0,0.0,0.5093086361885071,0.0,0.0
"DM-11039",False,"train",0.015889601781964302,0.015893148258328438,0.015888463705778122,0.8728562593460083,0.015895582735538483,0.015895036980509758,0.01589268259704113,0.015890125185251236,0.01589914970099926
"DM-16048",True,"train",0.0,0.0,0.0,0.7583853602409363,0.0,0.0,0.22664496302604675,0.0,0.0
"DM-2735",False,"train",0.07977071404457092,0.4204873740673065,0.0,0.4775882661342621,0.0,0.0,0.0,0.0,0.0
"DM-7055",False,"train",0.0,0.0,0.0,0.0,0.0,0.10627565532922745,0.8474183678627014,0.0,0.0
"DM-354",False,"train",0.0,0.0,0.6001654267311096,0.0,0.1963842362165451,0.0,0.0,0.16980203986167908,0.0
"DM-8593",True,"train",0.0,0.0,0.0,0.0,0.8342387676239014,0.0,0.0,0.11109068244695663,0.0
"DM-9420",False,"train",0.0,0.0,0.0,0.0,0.0,0.0,0.970325767993927,0.0,0.0
"DM-13989",False,"train",0.0,0.031153930351138115,0.0,0.7948581576347351,0.0,0.04572071507573128,0.0,0.11866308748722076,0.0
"DM-4348",False,"train",0.0,0.18889878690242767,0.0,0.0,0.3462439179420471,0.0,0.438764363527298,0.0,0.0
"DM-9140",False,"train",0.0,0.18294788897037506,0.0649770051240921,0.0,0.6175162196159363,0.0,0.12244801968336105,0.0,0.0
"DM-1841",False,"train",0.0,0.0,0.0,0.0,0.0,0.0,0.9208244681358337,0.06542710214853287,0.0
"DM-10562",False,"train",0.01143752969801426,0.011435951106250286,0.01143768709152937,0.28547999262809753,0.011437227949500084,0.6344336271286011,0.011448320001363754,0.011439474299550056,0.01145019568502903
"DM-10502",True,"train",0.0,0.3128086030483246,0.0,0.0,0.0,0.15532736480236053,0.0,0.24443823099136353,0.2734391391277313
"DM-6235",False,"train",0.012354131788015366,0.01235953439027071,0.012354169972240925,0.9011636972427368,0.012349463067948818,0.012351457960903645,0.012356111779808998,0.012351255863904953,0.01236022636294365
"DM-16642",False,"train",0.0,0.0,0.0,0.0,0.0,0.0,0.9554718732833862,0.0,0.0
"DM-2792",False,"train",0.0,0.0,0.0,0.0,0.0,0.0,0.0,0.0,0.948616087436676
"DM-1998",False,"train",0.0,0.0,0.6360685229301453,0.0,0.0,0.0,0.3249734342098236,0.0,0.0
"DM-6976",False,"train",0.0,0.0,0.0,0.2134283185005188,0.0,0.7597247958183289,0.0,0.0,0.0
"DM-10552",False,"train",0.0,0.0,0.0,0.11241114139556885,0.0,0.8711512088775635,0.0,0.0,0.0
"DM-1349",True,"train",0.9441474080085754,0.0,0.0,0.0,0.0,0.0,0.0,0.0,0.0
"DM-7900",False,"train",0.0,0.0,0.0,0.0,0.0,0.9681299924850464,0.0,0.0,0.0
"DM-1914",True,"train",0.015757974237203598,0.015760274603962898,0.01575881987810135,0.01575581170618534,0.015757761895656586,0.40368446707725525,0.4860086441040039,0.015757780522108078,0.015758486464619637
"DM-17249",False,"train",0.0,0.0,0.0,0.0,0.0,0.0,0.0,0.0,0.9443817138671875
"DM-17501",False,"train",0.17732404172420502,0.0,0.0,0.46631306409835815,0.27683207392692566,0.0,0.06070803478360176,0.0,0.0
"DM-4495",True,"train",0.022230517119169235,0.022228144109249115,0.02222793735563755,0.02223197929561138,0.022247327491641045,0.022227764129638672,0.8221497535705566,0.022228706628084183,0.022227894514799118
"DM-17384",False,"train",0.013894190080463886,0.013894745148718357,0.013894101604819298,0.013894694857299328,0.013894926756620407,0.013894328847527504,0.013894541189074516,0.013894428499042988,0.8888440132141113
"DM-2803",False,"train",0.0,0.0,0.0,0.0,0.7811999320983887,0.18201451003551483,0.0,0.0,0.0
"DM-4755",False,"train",0.026987669989466667,0.026974814012646675,0.027027921751141548,0.026998678222298622,0.46659278869628906,0.026973625645041466,0.0269766915589571,0.3444845378398895,0.026983294636011124
"DM-9135",True,"train",0.0,0.0,0.0,0.0,0.0,0.0,0.5707098245620728,0.40983930230140686,0.0
"DM-5274",False,"train",0.0,0.0,0.0,0.09278245270252228,0.0,0.4088575839996338,0.4425944685935974,0.0,0.0
"DM-14334",True,"train",0.027112143114209175,0.027116257697343826,0.027114633470773697,0.02711200714111328,0.027118327096104622,0.02711503952741623,0.7830572128295898,0.027130616828799248,0.027123762294650078
"DM-14494",False,"train",0.0,0.0,0.0,0.0,0.0,0.0,0.8091034293174744,0.13924501836299896,0.0
"DM-16302",False,"train",0.46011364459991455,0.0,0.0,0.39648735523223877,0.0,0.0,0.1204826757311821,0.0,0.0
"DM-17687",False,"train",0.030290279537439346,0.7576403617858887,0.03029734082520008,0.030289532616734505,0.030290620401501656,0.03029097057878971,0.030296416953206062,0.03031102567911148,0.030293453484773636
"DM-2950",False,"train",0.0,0.0,0.0,0.7469995021820068,0.0,0.0,0.0,0.22632747888565063,0.0
"DM-4483",False,"train",0.018525537103414536,0.018525440245866776,0.018530182540416718,0.018528280779719353,0.6790133118629456,0.19128350913524628,0.018544482067227364,0.018523914739489555,0.018525350838899612
"DM-13609",False,"train",0.0,0.37764081358909607,0.18386855721473694,0.0,0.0,0.12901079654693604,0.29540368914604187,0.0,0.0
"DM-8097",False,"train",0.14507071673870087,0.2516876459121704,0.0,0.0,0.0,0.0,0.0,0.599574863910675,0.0
"DM-18456",False,"train",0.06598436087369919,0.0,0.3649221956729889,0.0,0.0,0.0,0.0,0.0,0.5335180163383484
"DM-1126",True,"train",0.0,0.0,0.0,0.0,0.0,0.9879743456840515,0.0,0.0,0.0
"DM-1482",False,"train",0.0,0.0,0.0,0.22173063457012177,0.0,0.7517879009246826,0.0,0.0,0.0
"DM-1295",False,"train",0.2705749571323395,0.0,0.6947731375694275,0.0,0.0,0.0,0.0,0.0,0.0
"DM-17371",False,"train",0.0,0.0,0.0,0.0,0.0,0.6724608540534973,0.3050590753555298,0.0,0.0
"DM-633",True,"train",0.0,0.0,0.0,0.0,0.0,0.0,0.35304680466651917,0.4563552737236023,0.15571245551109314
"DM-7691",False,"train",0.4949282705783844,0.06203581765294075,0.0,0.0,0.0,0.01658656820654869,0.0,0.42021283507347107,0.0
"DM-18173",False,"train",0.2464652955532074,0.0,0.0,0.0,0.26198792457580566,0.0,0.4816981554031372,0.0,0.0
"DM-8125",True,"train",0.4243972599506378,0.0,0.0,0.0,0.0,0.0,0.3824065327644348,0.1614789217710495,0.0
"DM-11475",False,"train",0.0,0.0,0.0,0.2606373429298401,0.0,0.0,0.265066534280777,0.0,0.44082948565483093
"DM-6550",True,"train",0.0,0.0,0.8125780820846558,0.08163304626941681,0.0,0.0,0.0,0.0,0.09744203090667725
"DM-8646",False,"train",0.0,0.0,0.0,0.0,0.0,0.0,0.0,0.0,0.9782628417015076
"DM-10455",False,"train",0.0,0.0,0.0,0.0,0.8215027451515198,0.0,0.0,0.15117678046226501,0.0
"DM-1462",False,"train",0.0,0.9363918304443359,0.0,0.0,0.0,0.0,0.0,0.0,0.0
"DM-4153",False,"train",0.0,0.0,0.0,0.07086670398712158,0.042691729962825775,0.22635196149349213,0.0,0.23641422390937805,0.41810697317123413
"DM-8645",False,"train",0.37284645438194275,0.09242483973503113,0.0,0.0,0.24186787009239197,0.0,0.28205105662345886,0.0,0.0
"DM-10093",False,"train",0.5557296872138977,0.4322406053543091,0.0,0.0,0.0,0.0,0.0,0.0,0.0
"DM-7593",False,"train",0.0,0.0,0.0,0.0,0.0,0.0,0.9487156867980957,0.0,0.0
"DM-9100",False,"train",0.0,0.0,0.5795258283615112,0.0,0.0,0.0,0.3237050175666809,0.0,0.07101895660161972
"DM-8556",False,"train",0.0,0.0,0.0,0.0,0.9703446626663208,0.0,0.0,0.0,0.0
"DM-10041",False,"train",0.19819939136505127,0.05148530751466751,0.0,0.1666460931301117,0.0,0.0,0.5646509528160095,0.0,0.0
"DM-13492",False,"train",0.154672771692276,0.0,0.0,0.0,0.0,0.0,0.0,0.0,0.8276208639144897
"DM-5922",False,"train",0.3893074095249176,0.0,0.0,0.0,0.0,0.0,0.596790075302124,0.0,0.0
"DM-2432",False,"train",0.0,0.0,0.0,0.5248004198074341,0.4550863802433014,0.0,0.0,0.0,0.0
"DM-12592",True,"train",0.0,0.0,0.0,0.0,0.0,0.0,0.27149784564971924,0.0,0.6641368269920349
"DM-17509",False,"train",0.07248091697692871,0.0,0.0,0.4569416344165802,0.0,0.0,0.0,0.0,0.4127005338668823
"DM-7895",False,"train",0.38536351919174194,0.0,0.0,0.0,0.3990490436553955,0.16902334988117218,0.0,0.0,0.0
"DM-15922",True,"train",0.0,0.0,0.0,0.8591273427009583,0.0,0.0,0.11196357011795044,0.0,0.0
"DM-8833",False,"train",0.3066271245479584,0.0,0.0,0.0,0.09935104101896286,0.0,0.5769843459129333,0.0,0.0
"DM-10114",False,"train",0.0,0.0,0.0,0.0,0.0,0.10351911932229996,0.0,0.0,0.8363839983940125
"DM-8459",False,"train",0.022235549986362457,0.8221571445465088,0.02223590947687626,0.022227704524993896,0.02222880721092224,0.022229867056012154,0.022228706628084183,0.022228067740797997,0.02222820743918419
"DM-4386",False,"train",0.0,0.0,0.0,0.0,0.0,0.0,0.6284270882606506,0.0,0.34971025586128235
"DM-9987",True,"train",0.0,0.0,0.0,0.9838218092918396,0.0,0.0,0.0,0.0,0.0
"DM-15831",False,"train",0.8211719989776611,0.1526942104101181,0.0,0.0,0.0,0.0,0.0,0.0,0.0
"DM-14842",True,"train",0.0,0.0,0.0,0.0,0.0,0.0,0.0,0.9305412769317627,0.0
"DM-11718",True,"train",0.0,0.5923479199409485,0.0,0.07336977869272232,0.0,0.0,0.0,0.0,0.3218235969543457
"DM-16642",False,"train",0.0,0.0,0.0,0.0,0.0,0.0,0.9554718732833862,0.0,0.0
"DM-8565",True,"train",0.0,0.0,0.0,0.0,0.0,0.0,0.0,0.9837849140167236,0.0
"DM-8214",False,"train",0.0,0.0,0.0,0.3356468677520752,0.0,0.0,0.6275956630706787,0.0,0.0
"DM-6183",False,"train",0.0,0.9505584836006165,0.0,0.0,0.0,0.0,0.0,0.0,0.0
"DM-8566",True,"train",0.0,0.0,0.0,0.0,0.0,0.9657791256904602,0.0,0.0,0.0
"DM-16160",False,"train",0.0,0.0,0.0,0.4423229694366455,0.11654698848724365,0.0,0.0,0.38020002841949463,0.0508107990026474
"DM-8723",False,"train",0.0,0.14058203995227814,0.0,0.46809646487236023,0.0,0.0,0.3773622214794159,0.0,0.0
"DM-8914",False,"train",0.0,0.0,0.0,0.0,0.0,0.9381352066993713,0.0,0.0,0.0
"DM-16173",False,"train",0.0,0.0,0.415452778339386,0.0,0.0,0.1794690489768982,0.0,0.0,0.3863249719142914
"DM-6357",False,"train",0.012370890937745571,0.012379821389913559,0.012374826706945896,0.6339484453201294,0.012370836921036243,0.012372584082186222,0.2794301509857178,0.012371947057545185,0.01238050777465105
"DM-10396",False,"train",0.0,0.0,0.0,0.54084312915802,0.0,0.0,0.0,0.41374480724334717,0.0
"DM-4145",True,"train",0.0,0.0,0.0,0.9038643836975098,0.08021730184555054,0.0,0.0,0.0,0.0
"DM-7416",False,"train",0.012358537875115871,0.012352717109024525,0.012351703830063343,0.012350642122328281,0.901181161403656,0.012349912896752357,0.012350677512586117,0.012354605831205845,0.012349971570074558
"DM-958",True,"train",0.07246296107769012,0.0,0.11707642674446106,0.06426931917667389,0.0,0.12380822747945786,0.6144410371780396,0.0,0.0
"DM-12216",False,"train",0.0,0.0,0.15438233315944672,0.8252717852592468,0.0,0.0,0.0,0.0,0.0
"DM-8842",False,"train",0.0775361880660057,0.0,0.3487762212753296,0.0,0.0,0.265591025352478,0.0,0.0,0.2970527410507202
"DM-14635",False,"train",0.0,0.0,0.0,0.0,0.0,0.0,0.0,0.0,0.9810516834259033
"DM-5769",False,"train",0.0,0.0,0.0,0.32081127166748047,0.615632951259613,0.0,0.05424841493368149,0.0,0.0
"DM-17546",False,"train",0.0,0.0,0.0,0.15148963034152985,0.0,0.2144877314567566,0.0,0.6117653250694275,0.0
"DM-3245",True,"train",0.0,0.0,0.0,0.0,0.0,0.1111321747303009,0.8534677624702454,0.0,0.0
"DM-3515",False,"train",0.0,0.0,0.0,0.0,0.0,0.8064737915992737,0.16467279195785522,0.0,0.0
"DM-12536",False,"train",0.0,0.0,0.0,0.08284079283475876,0.12359530478715897,0.0,0.4212385416030884,0.3580981194972992,0.0
"DM-18121",False,"train",0.0,0.0,0.0,0.0,0.9835262298583984,0.0,0.0,0.0,0.0
"DM-3022",False,"train",0.5267161130905151,0.013904961757361889,0.013905339874327183,0.01390867680311203,0.22291187942028046,0.013914711773395538,0.16691136360168457,0.013906084932386875,0.013920869678258896
"DM-11910",False,"train",0.556794285774231,0.020204933360219002,0.029749715700745583,0.3853704035282135,0.0,0.0,0.0,0.0,0.0
"DM-1917",False,"train",0.0,0.0,0.534894585609436,0.0,0.0,0.0,0.0,0.0,0.42201539874076843
"DM-2618",False,"train",0.02166100963950157,0.021659981459379196,0.02165619656443596,0.02166091836988926,0.4584723711013794,0.02165936306118965,0.3899116814136505,0.021661221981048584,0.02165725827217102
"DM-17983",False,"train",0.0,0.6993973255157471,0.2680473029613495,0.0,0.0,0.0,0.0,0.0,0.0
"DM-15809",False,"train",0.0,0.0,0.9648770093917847,0.0,0.0,0.0,0.0,0.0,0.0
"DM-6597",False,"train",0.386029988527298,0.0,0.0,0.0,0.2132677584886551,0.38597264885902405,0.0,0.0,0.0
"DM-12175",False,"train",0.01867983490228653,0.018679188564419746,0.018681442365050316,0.01867750473320484,0.01867658831179142,0.018679121509194374,0.8505685329437256,0.01867688074707985,0.018680933862924576
"DM-11608",False,"train",0.0,0.0,0.22534452378749847,0.0,0.0,0.5791081786155701,0.0,0.16522064805030823,0.0
"DM-2659",False,"train",0.0,0.16304640471935272,0.0,0.5701593160629272,0.0,0.0,0.2513314187526703,0.0,0.0
"DM-7177",True,"train",0.0,0.9505663514137268,0.0,0.0,0.0,0.0,0.0,0.0,0.0
"DM-16224",False,"train",0.0,0.0,0.0,0.0,0.0,0.10572251677513123,0.847560703754425,0.0,0.04045312479138374
"DM-10908",False,"train",0.0,0.0,0.0,0.0,0.35584360361099243,0.6156578063964844,0.0,0.0,0.0
"DM-14659",True,"train",0.3722272217273712,0.015887418761849403,0.01588166505098343,0.015888582915067673,0.5165761113166809,0.015886323526501656,0.015886252745985985,0.01588182896375656,0.015884557738900185
"DM-8717",False,"train",0.0,0.0,0.0,0.41694170236587524,0.0,0.0,0.12004761397838593,0.4313356578350067,0.0
"DM-4832",False,"train",0.0,0.0,0.0,0.0,0.9438329935073853,0.0,0.0,0.0,0.0
"DM-9886",False,"train",0.0,0.0,0.0,0.0,0.0,0.0,0.0,0.0,0.9594371914863586
"DM-10888",False,"train",0.018041903153061867,0.8557498455047607,0.01803186722099781,0.018028471618890762,0.018028568476438522,0.01803048886358738,0.018028153106570244,0.018032580614089966,0.018028145655989647
"DM-5652",False,"train",0.0,0.5857789516448975,0.0,0.0,0.0,0.0,0.0,0.35488420724868774,0.0
"DM-9004",False,"train",0.0,0.3303062617778778,0.551805853843689,0.0,0.0,0.09630675613880157,0.0,0.0,0.0
"DM-4185",False,"train",0.02120492234826088,0.02120288647711277,0.021204134449362755,0.02120218612253666,0.021204039454460144,0.021202903240919113,0.02120313234627247,0.02120264433324337,0.8303731083869934
"DM-12389",True,"train",0.0,0.0,0.0,0.06220012158155441,0.0,0.45983821153640747,0.0,0.0,0.45404383540153503
"DM-9141",False,"train",0.0,0.0,0.02366221509873867,0.592145562171936,0.0,0.0,0.32915428280830383,0.01490034256130457,0.037558384239673615
"DM-8447",False,"train",0.03713931515812874,0.0,0.5918498635292053,0.09121016412973404,0.0,0.2688683271408081,0.0,0.0,0.0
"DM-1314",False,"train",0.0,0.0,0.0,0.0,0.0,0.0,0.5518263578414917,0.4276581406593323,0.0
"DM-11350",False,"train",0.0,0.0,0.0,0.0,0.14557532966136932,0.8293238282203674,0.0,0.0,0.0
"DM-13685",False,"train",0.5419963598251343,0.0,0.0,0.0,0.0,0.0,0.0,0.0,0.4357500970363617
"DM-16430",False,"train",0.0,0.0,0.0,0.0,0.0,0.46892911195755005,0.4831959009170532,0.0,0.0
"DM-2671",False,"train",0.016010832041502,0.016017571091651917,0.01600986160337925,0.18724550306797028,0.016011467203497887,0.01601432077586651,0.7006630897521973,0.016011917963624,0.016015445813536644
"DM-3522",False,"train",0.0,0.10050662606954575,0.719506561756134,0.0,0.0,0.0,0.025782516226172447,0.15314172208309174,0.0
"DM-2314",False,"train",0.0,0.0,0.05887002497911453,0.3279210031032562,0.0,0.0,0.5381032824516296,0.0,0.05606475844979286
"DM-8386",False,"train",0.5818859338760376,0.0,0.0,0.0,0.0,0.0,0.0,0.0,0.35812288522720337
"DM-12587",False,"train",0.022347204387187958,0.02235015295445919,0.022345012053847313,0.02234967052936554,0.022345324978232384,0.02234669029712677,0.02235148660838604,0.02234545163810253,0.8212190270423889
"DM-6296",True,"train",0.0,0.0,0.9704955220222473,0.0,0.0,0.0,0.0,0.0,0.0
"DM-13514",False,"train",0.0,0.0,0.0,0.44547438621520996,0.38463476300239563,0.0,0.12248343229293823,0.0,0.0
"DM-15652",False,"train",0.0,0.0,0.0,0.0,0.0,0.5962828993797302,0.0,0.0,0.35906752943992615
"DM-16363",False,"train",0.2437063604593277,0.0,0.0,0.0,0.050147686153650284,0.0,0.0,0.7023096680641174,0.0
"DM-17782",False,"train",0.014690198004245758,0.6949222683906555,0.20228174328804016,0.014682536013424397,0.014684684574604034,0.01468348503112793,0.014684277586638927,0.014689596369862556,0.014681229367852211
"DM-11051",False,"train",0.0,0.0,0.0,0.0,0.0,0.0,0.0,0.0,0.9531547427177429
"DM-9007",False,"train",0.0,0.428597629070282,0.0,0.0,0.5254543423652649,0.0,0.0,0.0,0.0
"DM-10035",False,"train",0.0,0.0,0.5214731097221375,0.29203930497169495,0.0,0.1644362211227417,0.0,0.0,0.0
"DM-5791",False,"train",0.3422034680843353,0.0,0.0,0.13411538302898407,0.0,0.0,0.4886511564254761,0.0,0.0
"DM-1279",True,"train",0.0,0.12012563645839691,0.0,0.0,0.18508701026439667,0.11501370370388031,0.5522558689117432,0.0,0.0
"DM-5132",False,"train",0.6492393612861633,0.16491097211837769,0.0,0.0,0.18080838024616241,0.0,0.0,0.0,0.0
"DM-13750",False,"train",0.0,0.4070131778717041,0.07058130949735641,0.0,0.0,0.0,0.5014832615852356,0.0,0.0
"DM-12524",True,"train",0.0,0.0,0.0,0.0,0.0,0.9810724258422852,0.0,0.0,0.0
"DM-12007",True,"train",0.0,0.0,0.0,0.0,0.0,0.0,0.4990707039833069,0.0,0.4780403673648834
"DM-4348",False,"train",0.0,0.18889878690242767,0.0,0.0,0.3462439179420471,0.0,0.438764363527298,0.0,0.0
"DM-3258",False,"train",0.0,0.4226316213607788,0.0,0.0,0.0,0.0,0.1966221034526825,0.0,0.3565278649330139
"DM-2930",False,"train",0.0,0.0,0.0,0.0,0.0,0.0,0.9832081198692322,0.0,0.0
"DM-18511",False,"train",0.342290461063385,0.0,0.0,0.0,0.0,0.4544691741466522,0.1830592304468155,0.0,0.0
"DM-335",True,"train",0.0,0.0,0.4003199338912964,0.0,0.0,0.0,0.0,0.58379065990448,0.0
"DM-7460",False,"train",0.0,0.0,0.0,0.0,0.9738332033157349,0.0,0.0,0.0,0.0
"DM-10850",False,"train",0.3367908000946045,0.0,0.0,0.3670654296875,0.0,0.0,0.0,0.27766600251197815,0.0
"DM-1731",False,"train",0.0,0.0,0.0,0.8156205415725708,0.0,0.0,0.15738794207572937,0.0,0.0
"DM-17074",False,"train",0.1864088773727417,0.0,0.0,0.5550103187561035,0.0,0.0,0.22974994778633118,0.0,0.0
"DM-10765",True,"train",0.010956227779388428,0.010956971906125546,0.01095985434949398,0.01095948088914156,0.010959610342979431,0.3815775513648987,0.010961158201098442,0.2916285991668701,0.2610405683517456
"DM-14509",False,"train",0.0,0.0,0.0,0.0,0.0,0.9323437809944153,0.0,0.0,0.054646581411361694
"DM-10411",False,"train",0.0,0.0,0.16251887381076813,0.0,0.0,0.0,0.815216064453125,0.0,0.0
"DM-15742",False,"train",0.9721890091896057,0.0,0.0,0.0,0.0,0.0,0.0,0.0,0.0
"DM-2777",False,"train",0.0,0.0,0.0,0.0,0.0,0.0,0.0,0.4900832176208496,0.4839223325252533
"DM-12233",False,"train",0.11734462529420853,0.0,0.0,0.0,0.0,0.1140056774020195,0.051204681396484375,0.0,0.707553505897522
"DM-11159",False,"train",0.017343489453196526,0.017346588894724846,0.017353013157844543,0.017346715554594994,0.8612011075019836,0.01736115850508213,0.0173516683280468,0.01734672114253044,0.01734953001141548
"DM-17486",False,"train",0.013894190080463886,0.013894745148718357,0.013894101604819298,0.013894694857299328,0.013894928619265556,0.013894328847527504,0.013894541189074516,0.013894428499042988,0.8888440132141113
"DM-16536",False,"train",0.0,0.06179932504892349,0.0,0.0,0.0,0.9000136256217957,0.0,0.0,0.0
"DM-1883",False,"train",0.018387405201792717,0.018388446420431137,0.01838335581123829,0.018386436626315117,0.018386494368314743,0.018402183428406715,0.018388323485851288,0.8528793454170227,0.01839798130095005
"DM-1256",False,"train",0.022231943905353546,0.022231627255678177,0.022229010239243507,0.02223639003932476,0.022240545600652695,0.02223164774477482,0.022253891453146935,0.022237591445446014,0.8221073746681213
"DM-9948",True,"train",0.0,0.0,0.0,0.0,0.0,0.32043299078941345,0.6280747056007385,0.0,0.0
"DM-17219",False,"train",0.0,0.0,0.0,0.0,0.0,0.0,0.9681506156921387,0.0,0.0
"DM-604",False,"train",0.0,0.0,0.0,0.6151548624038696,0.14560623466968536,0.0,0.0,0.0,0.22792589664459229
"DM-1761",False,"train",0.9456363320350647,0.0,0.0,0.0,0.0,0.0,0.0,0.0,0.04621594399213791
"DM-17395",True,"train",0.44656139612197876,0.0,0.0,0.08514522016048431,0.0,0.0,0.442753404378891,0.0,0.0
"DM-9994",False,"train",0.2721262276172638,0.0,0.0,0.0,0.3872518241405487,0.0,0.0,0.32309892773628235,0.0
"DM-3178",False,"train",0.015565061941742897,0.015570581890642643,0.01556424330919981,0.015566974878311157,0.01556581910699606,0.015567565336823463,0.8754673600196838,0.015565660782158375,0.015566774643957615
"DM-4567",True,"train",0.5252679586410522,0.0,0.0,0.0,0.45487549901008606,0.0,0.0,0.0,0.0
"DM-195",False,"train",0.36493754386901855,0.0,0.05666550248861313,0.2757667005062103,0.08241346478462219,0.0,0.08078047633171082,0.07662606239318848,0.06065285950899124
"DM-9513",False,"train",0.01593499444425106,0.8725699186325073,0.01592930778861046,0.01592675782740116,0.015926824882626534,0.01592826656997204,0.015926530584692955,0.015930889174342155,0.015926506370306015
"DM-14786",False,"train",0.0,0.0,0.0,0.0,0.0,0.0,0.21890653669834137,0.0,0.7533279061317444
"DM-1900",True,"train",0.0,0.0,0.0,0.0,0.13210365176200867,0.0,0.0,0.8410202264785767,0.0
"DM-10234",False,"train",0.0,0.3183564841747284,0.0,0.049390312284231186,0.0,0.0,0.6107913851737976,0.0,0.0
"DM-561",False,"train",0.0,0.0,0.0,0.0,0.0,0.9644175171852112,0.0,0.0,0.0
"DM-15887",False,"train",0.32067176699638367,0.0,0.0,0.0,0.3004312813282013,0.0,0.0,0.0,0.3668975234031677
"DM-11882",False,"train",0.0,0.34624719619750977,0.3413110375404358,0.0,0.0,0.0,0.0,0.0,0.2813479006290436
"DM-12113",False,"train",0.18057969212532043,0.0,0.0,0.4340744912624359,0.0,0.0,0.3460916578769684,0.0,0.0
"DM-12117",False,"train",0.44196411967277527,0.0,0.0,0.0,0.0,0.0,0.0,0.5447922945022583,0.0
"DM-8245",False,"train",0.0,0.0,0.13937075436115265,0.0,0.0,0.0,0.6929322481155396,0.08478138595819473,0.06396113336086273
"DM-336",True,"train",0.0,0.0,0.39963364601135254,0.0,0.0,0.0,0.0,0.5664940476417542,0.0
"DM-7120",False,"train",0.3838394284248352,0.0,0.0,0.23660460114479065,0.24204614758491516,0.0,0.0,0.0,0.1210319772362709
"DM-10088",False,"train",0.0,0.0,0.0,0.9575822353363037,0.0,0.0,0.0,0.0,0.0
"DM-2982",False,"train",0.492761492729187,0.0,0.0,0.0,0.0,0.0,0.0,0.5034615397453308,0.0
"DM-9715",False,"train",0.5364680290222168,0.0,0.05723908171057701,0.0,0.0,0.0,0.3885536789894104,0.0,0.0
"DM-7392",False,"train",0.0,0.6794745922088623,0.11454857885837555,0.0,0.16426628828048706,0.0,0.0,0.0,0.0
"DM-11934",False,"train",0.9703260064125061,0.0,0.0,0.0,0.0,0.0,0.0,0.0,0.0
"DM-2175",False,"train",0.0,0.0,0.0,0.0,0.9721826910972595,0.0,0.0,0.0,0.0
"DM-4833",False,"train",0.0,0.0,0.0,0.0,0.9476550221443176,0.0,0.0,0.0,0.0
"DM-7304",False,"train",0.027814410626888275,0.3310091197490692,0.027796035632491112,0.027793031185865402,0.027796264737844467,0.027793504297733307,0.027792800217866898,0.4744119644165039,0.027792913839221
"DM-8422",True,"train",0.0,0.7959215044975281,0.0,0.0,0.0,0.1392257958650589,0.0,0.0,0.0
"DM-4729",False,"train",0.0,0.0,0.0,0.11285202950239182,0.6427987813949585,0.0,0.0,0.2336903214454651,0.0
"DM-5541",False,"train",0.02224445901811123,0.8221255540847778,0.022229883819818497,0.022233083844184875,0.022230928763747215,0.022234216332435608,0.022232620045542717,0.022234637290239334,0.022234657779335976
"DM-1693",True,"train",0.0,0.0,0.0,0.0,0.0,0.0,0.9729698300361633,0.0,0.0
"DM-7070",False,"train",0.0,0.0,0.0,0.0,0.0,0.0,0.9650669097900391,0.0,0.0
"DM-8819",False,"train",0.0635112002491951,0.0,0.0854041650891304,0.10862024873495102,0.10488392412662506,0.5921618342399597,0.0,0.03852175921201706,0.0
"DM-25",False,"train",0.0,0.0,0.0,0.0,0.17244155704975128,0.0,0.0,0.7634645700454712,0.0
"DM-6858",True,"train",0.3006685972213745,0.0,0.0,0.0,0.0,0.0,0.42546820640563965,0.046664729714393616,0.21220000088214874
"DM-14223",False,"train",0.3683812618255615,0.0,0.0,0.0,0.5774455666542053,0.0,0.0,0.0,0.0
"DM-789",False,"train",0.8507052063941956,0.018655728548765182,0.018655434250831604,0.018657227978110313,0.01865934580564499,0.018665462732315063,0.01865389198064804,0.01865503005683422,0.01869264245033264
"DM-12527",False,"train",0.0,0.9837937951087952,0.0,0.0,0.0,0.0,0.0,0.0,0.0
"DM-15189",True,"train",0.26420703530311584,0.046163275837898254,0.0,0.0,0.6739020347595215,0.0,0.0,0.0,0.0
"DM-6063",False,"train",0.0,0.06674234569072723,0.0,0.0,0.0,0.5544981956481934,0.0,0.3562905490398407,0.0
"DM-16407",False,"train",0.0,0.0,0.0,0.0,0.0,0.0,0.3567706048488617,0.0,0.6304364800453186
"DM-13727",False,"train",0.0,0.0,0.0,0.0,0.0,0.12024334818124771,0.0,0.4983689486980438,0.33426687121391296
"DM-1083",False,"train",0.0,0.0,0.0,0.0,0.0,0.0,0.3699309229850769,0.6013899445533752,0.0
"DM-12068",False,"train",0.0,0.0,0.0,0.0,0.0,0.0,0.0,0.0,0.9476532340049744
"DM-2139",False,"train",0.0,0.0,0.0,0.0,0.0,0.0,0.0,0.9693149924278259,0.0
"DM-8420",True,"train",0.0,0.7694975137710571,0.0,0.0,0.0,0.16056525707244873,0.0,0.0,0.0
"DM-11324",False,"train",0.5916227698326111,0.0,0.35985061526298523,0.0,0.0,0.0,0.0,0.0,0.0
"DM-5912",False,"train",0.0,0.940636157989502,0.0,0.0,0.0,0.0,0.0,0.0,0.0
"DM-2341",False,"train",0.0,0.0,0.0,0.0,0.0,0.0,0.0,0.9505372643470764,0.0
"DM-7137",False,"train",0.0,0.0,0.4945676922798157,0.0,0.20467643439769745,0.0,0.2929111123085022,0.0,0.0
"DM-8550",False,"train",0.0,0.0,0.0,0.14620159566402435,0.0,0.0,0.0,0.0,0.8393353223800659
"DM-12475",False,"train",0.3646222949028015,0.0,0.0,0.0,0.0,0.0,0.6082594990730286,0.0,0.0
"DM-18488",False,"train",0.0,0.0,0.0,0.0,0.0,0.0,0.7133380770683289,0.23773318529129028,0.0
"DM-15617",False,"train",0.0,0.0,0.0,0.7372046709060669,0.0,0.0,0.0,0.0,0.21949945390224457
"DM-12421",False,"train",0.5687946677207947,0.0,0.0,0.0,0.0,0.3794923722743988,0.0,0.0,0.0
"DM-8822",False,"train",0.29320651292800903,0.0,0.0,0.6953079700469971,0.0,0.0,0.0,0.0,0.0
"DM-6140",True,"train",0.0,0.0,0.0,0.0,0.0,0.0,0.09510722011327744,0.0,0.8710005879402161
"DM-7250",False,"train",0.42558908462524414,0.0,0.0,0.5336604118347168,0.0,0.0,0.0,0.0,0.0
"DM-4584",False,"train",0.0,0.0,0.0,0.9404714107513428,0.0,0.0,0.0,0.0,0.0
"DM-13884",False,"train",0.0,0.942250669002533,0.0,0.0,0.0,0.0,0.0,0.0,0.0
"DM-6576",False,"train",0.8395870327949524,0.0,0.0,0.0,0.0,0.0,0.0,0.0,0.1325342059135437
"DM-14542",False,"train",0.12220101803541183,0.010751892812550068,0.010751944035291672,0.010750734247267246,0.010752870701253414,0.8025359511375427,0.010754489339888096,0.010751249268651009,0.010749874636530876
"DM-8972",False,"train",0.0,0.0,0.0,0.0,0.0,0.0,0.0,0.2363145649433136,0.7335396409034729
"DM-630",True,"train",0.0,0.0,0.013283247128129005,0.0,0.0,0.0,0.0,0.9845753312110901,0.0
"DM-12035",False,"train",0.0,0.0,0.0,0.0,0.9846629500389099,0.0,0.0,0.0,0.0
"DM-8296",False,"train",0.0,0.2097492814064026,0.0,0.0,0.0,0.5267255902290344,0.0,0.1250893771648407,0.11999006569385529
"DM-3562",False,"train",0.03323034942150116,0.03322527930140495,0.03323091194033623,0.03322644159197807,0.033223412930965424,0.03322312980890274,0.7341902852058411,0.03322657570242882,0.03322366252541542
"DM-16502",False,"train",0.0,0.0,0.0,0.0,0.41759705543518066,0.5555603504180908,0.0,0.0,0.0
"DM-7040",False,"train",0.0,0.2260383516550064,0.2435784935951233,0.2903534770011902,0.0,0.0,0.0,0.23662327229976654,0.0
"DM-15602",False,"train",0.0,0.0,0.04996340349316597,0.9448508620262146,0.0,0.0,0.0,0.0,0.0
"DM-18885",False,"train",0.0,0.7814316153526306,0.0,0.0,0.0,0.0,0.0,0.09234946221113205,0.10676055401563644
"DM-5552",False,"train",0.0,0.0,0.0,0.9657374620437622,0.0,0.0,0.0,0.0,0.0
"DM-13714",False,"train",0.0,0.0,0.0,0.0,0.0,0.0,0.7606853246688843,0.21904774010181427,0.0
"DM-7809",False,"train",0.0,0.0,0.947559654712677,0.0,0.0,0.0,0.0,0.0,0.0
"DM-8953",False,"train",0.0,0.11798184365034103,0.0,0.21034373342990875,0.0,0.2624267339706421,0.04339415952563286,0.0,0.36286407709121704
"DM-10905",False,"train",0.0,0.0,0.0,0.0,0.7559353113174438,0.0,0.2098316103219986,0.0,0.0
"DM-18327",False,"train",0.4015044867992401,0.0,0.0,0.0,0.572445273399353,0.0,0.0,0.0,0.0
"DM-12980",False,"train",0.0,0.5798656344413757,0.0,0.0,0.0,0.0,0.0,0.0,0.361663281917572
"DM-5484",False,"train",0.6235792636871338,0.0,0.0,0.32285359501838684,0.0,0.0,0.0,0.0,0.0
"DM-2854",False,"train",0.0,0.4413321912288666,0.5308430790901184,0.0,0.0,0.0,0.0,0.0,0.0
"DM-14679",False,"train",0.014182472601532936,0.014190422371029854,0.01418276410549879,0.39782097935676575,0.014187243767082691,0.17265112698078156,0.014193936251103878,0.014182068407535553,0.3444089889526367
"DM-8002",False,"train",0.09004812687635422,0.0,0.0,0.8123082518577576,0.0,0.0,0.08446008712053299,0.0,0.0
"DM-15613",False,"train",0.0,0.0,0.2261677384376526,0.0,0.0,0.0,0.758943498134613,0.0,0.0
"DM-12428",False,"train",0.15517506003379822,0.07722996175289154,0.0,0.0,0.0,0.07723847031593323,0.6609560251235962,0.0,0.0
"DM-8028",False,"train",0.0,0.0,0.0,0.9456191062927246,0.0,0.0,0.0,0.0,0.0
"DM-9400",False,"train",0.0,0.0,0.0,0.0,0.5517122745513916,0.0,0.16169767081737518,0.0,0.2681730091571808
"DM-14671",False,"train",0.725252091884613,0.16115498542785645,0.0,0.0,0.038126345723867416,0.0,0.0664815828204155,0.0,0.0
"DM-1787",False,"train",0.18051928281784058,0.38123002648353577,0.0,0.0,0.0,0.0,0.3066087067127228,0.12589304149150848,0.0
"DM-7327",False,"train",0.012539045885205269,0.8997544646263123,0.012529361061751842,0.012527793645858765,0.012531076557934284,0.012527957558631897,0.012528779916465282,0.012532196938991547,0.012529369443655014
"DM-2417",False,"train",0.6634788513183594,0.013831483200192451,0.0,0.0,0.0,0.0,0.0,0.31168121099472046,0.0
"DM-17914",False,"train",0.0,0.0,0.0,0.0,0.0,0.0,0.0,0.0,0.9682155251502991
"DM-3141",False,"train",0.0,0.15417860448360443,0.034236643463373184,0.0,0.0,0.10400744527578354,0.0,0.6611176133155823,0.045953623950481415
"DM-6151",False,"train",0.0,0.740082859992981,0.0,0.244949072599411,0.0,0.0,0.0,0.0,0.0
"DM-10489",False,"train",0.16111652553081512,0.0,0.7883507609367371,0.0,0.011535641737282276,0.0,0.036590058356523514,0.0,0.0
"DM-4617",False,"train",0.0,0.0,0.0,0.0,0.0,0.0,0.1424795389175415,0.0,0.8412920832633972
"DM-9970",False,"train",0.35756224393844604,0.1837940216064453,0.0,0.4478358030319214,0.0,0.0,0.0,0.0,0.0
"DM-18595",False,"train",0.9669389724731445,0.0,0.0,0.0,0.0,0.0,0.0,0.0,0.0
"DM-9120",False,"train",0.2666534185409546,0.0,0.0,0.4902978539466858,0.0,0.0,0.0,0.0,0.22292150557041168
"DM-17456",False,"train",0.0,0.0,0.0,0.0,0.0,0.2995598018169403,0.6190299391746521,0.0569080226123333,0.0
"DM-6466",False,"train",0.0,0.0,0.0,0.0,0.0,0.0,0.0,0.9681931734085083,0.0
"DM-14771",False,"train",0.010248457081615925,0.010246706195175648,0.010246309451758862,0.010249754413962364,0.010251310653984547,0.010247073136270046,0.9180142879486084,0.01024788897484541,0.010248227044939995
"DM-7776",False,"train",0.0,0.0,0.10376355051994324,0.0,0.0,0.0,0.0,0.8379316329956055,0.0
"DM-16069",False,"train",0.0,0.0,0.08724898844957352,0.46221229434013367,0.0,0.0,0.0,0.41549116373062134,0.0
"DM-7424",False,"train",0.0,0.0,0.09783049672842026,0.0,0.0,0.0,0.7445991635322571,0.0,0.14042864739894867
"DM-17229",False,"train",0.0,0.0,0.9131172895431519,0.0,0.0,0.0,0.0,0.07345458120107651,0.0
"DM-11977",False,"train",0.5002649426460266,0.0,0.4379231929779053,0.0,0.0,0.0,0.0,0.0,0.0
"DM-17375",True,"train",0.07932554930448532,0.0,0.0,0.0,0.0,0.09888086467981339,0.0,0.1776634007692337,0.6106550097465515
"DM-12551",False,"train",0.0,0.0,0.0,0.31224384903907776,0.0,0.0,0.0,0.0,0.6682807207107544
"DM-10842",False,"train",0.0,0.0,0.20551201701164246,0.0,0.0,0.0,0.0,0.0,0.7512504458427429
"DM-7304",False,"train",0.027814410626888275,0.3310091197490692,0.027796035632491112,0.027793031185865402,0.027796264737844467,0.027793504297733307,0.027792800217866898,0.4744119644165039,0.027792913839221
"DM-5991",False,"train",0.0,0.9531881809234619,0.0,0.0,0.0,0.0,0.0,0.0,0.0
"DM-11615",False,"train",0.0,0.0,0.0,0.9605745077133179,0.0,0.0,0.0,0.0,0.0
"DM-6124",False,"train",0.0,0.484323650598526,0.0,0.0,0.0,0.0,0.0,0.4766751229763031,0.0
"DM-13956",False,"train",0.012124714441597462,0.012123437598347664,0.012124055065214634,0.012122190557420254,0.01212620921432972,0.012124603614211082,0.012131531722843647,0.9029989838600159,0.012124251574277878
"DM-998",True,"train",0.0,0.0,0.0,0.0,0.9698824286460876,0.0,0.0,0.0,0.0
"DM-14762",True,"train",0.0,0.0,0.0,0.8415637016296387,0.0,0.0,0.0,0.0,0.1415904462337494
"DM-8877",False,"train",0.0,0.9259024262428284,0.0,0.0,0.0,0.0,0.0,0.0,0.0
"DM-8985",False,"train",0.0,0.0,0.0,0.3923499286174774,0.2921145260334015,0.3050247132778168,0.0,0.0,0.0
"DM-9303",False,"train",0.4287557303905487,0.0,0.0,0.0,0.0,0.0,0.36818572878837585,0.0,0.19911082088947296
"DM-15498",False,"train",0.0,0.0,0.0,0.9730273485183716,0.0,0.0,0.0,0.0,0.0
"DM-12426",True,"train",0.0,0.0,0.0,0.9378181099891663,0.0,0.0,0.0,0.0,0.0
"DM-4009",False,"train",0.36178454756736755,0.0,0.10840174555778503,0.26378875970840454,0.0,0.0,0.24941985309123993,0.0,0.0
"DM-9100",False,"train",0.0,0.0,0.5795258283615112,0.0,0.0,0.0,0.3237050175666809,0.0,0.07101895660161972
"DM-7044",False,"train",0.0,0.0,0.0,0.0,0.0,0.0,0.9752379059791565,0.0,0.0
"DM-9595",False,"train",0.0,0.0,0.0,0.0,0.0,0.0,0.9530964493751526,0.0,0.0
"DM-817",False,"train",0.0,0.0,0.0,0.0,0.0,0.0,0.1645694226026535,0.8111652135848999,0.0
"DM-5099",False,"train",0.0,0.0,0.0,0.0,0.3365533947944641,0.5539256930351257,0.0,0.08182764798402786,0.0
"DM-16612",False,"train",0.7251133322715759,0.0,0.0,0.21956732869148254,0.0,0.0,0.0,0.0,0.0
"DM-2492",False,"train",0.0,0.2102496176958084,0.0,0.7610847353935242,0.0,0.0,0.0,0.0,0.0
"DM-13164",True,"train",0.26883387565612793,0.0,0.0,0.0,0.0,0.6823976635932922,0.0,0.0,0.0
"DM-11907",False,"train",0.0,0.4646482765674591,0.0,0.0,0.0,0.10866405814886093,0.3823637068271637,0.0,0.0
"DM-3387",False,"train",0.0,0.9702876210212708,0.0,0.0,0.0,0.0,0.0,0.0,0.0
"DM-3893",False,"train",0.033195704221725464,0.049903981387615204,0.3115529417991638,0.0,0.5934675931930542,0.0,0.0,0.0,0.0
"DM-18031",False,"train",0.0,0.0,0.0,0.08357179164886475,0.0,0.0,0.9067211747169495,0.0,0.0
"DM-241",False,"train",0.0,0.0,0.0,0.04704985395073891,0.0,0.3728407919406891,0.0,0.23625461757183075,0.33466196060180664
"DM-11981",True,"train",0.0,0.0,0.0,0.9863112568855286,0.0,0.0,0.0,0.0,0.0
"DM-626",True,"train",0.0,0.0,0.0,0.0,0.0,0.0,0.9896705150604248,0.0,0.0
"DM-18508",False,"train",0.0,0.0,0.20167070627212524,0.0,0.1278216689825058,0.0,0.0,0.0,0.6122158169746399
"DM-2580",False,"train",0.0,0.0,0.0,0.6011322140693665,0.0,0.34843194484710693,0.0,0.03235737606883049,0.0
"DM-12404",True,"train",0.0,0.41576334834098816,0.0,0.0,0.0,0.0,0.0,0.10028721392154694,0.4617016017436981
"DM-6290",False,"train",0.0,0.0,0.0,0.461574912071228,0.0,0.0,0.1950216144323349,0.0,0.3022478222846985
"DM-1996",False,"train",0.0,0.0,0.0,0.12921495735645294,0.0,0.0,0.0,0.825899064540863,0.0
"DM-837",True,"train",0.0,0.0932268351316452,0.0,0.0,0.0,0.12973153591156006,0.0,0.49240216612815857,0.2746663987636566
"DM-6660",False,"train",0.0,0.9841006994247437,0.0,0.0,0.0,0.0,0.0,0.0,0.0
"DM-12424",False,"train",0.9636645913124084,0.0,0.0,0.0,0.0,0.0,0.0,0.0,0.0
"DM-3432",False,"train",0.0,0.26818645000457764,0.06855135411024094,0.09664525091648102,0.02070019766688347,0.0,0.07653093338012695,0.4270945191383362,0.041560929268598557
"DM-8303",False,"train",0.0,0.03308867663145065,0.0,0.0,0.0,0.0,0.14548887312412262,0.8161374926567078,0.0
"DM-7293",False,"train",0.7775915265083313,0.02779868058860302,0.027798131108283997,0.027795713394880295,0.027797209098935127,0.027796078473329544,0.02779577672481537,0.027830863371491432,0.027796044945716858
"DM-4642",False,"train",0.012283709831535816,0.01228863000869751,0.012285327538847923,0.3213513493537903,0.18719573318958282,0.41772910952568054,0.01229297649115324,0.012285947799682617,0.01228716503828764
"DM-11551",False,"train",0.9505643248558044,0.0,0.0,0.0,0.0,0.0,0.0,0.0,0.0
"DM-11533",False,"train",0.0,0.0,0.8269824385643005,0.0,0.0,0.0,0.1430554836988449,0.0,0.0
"DM-9614",False,"train",0.0,0.0,0.0,0.0,0.0,0.0,0.9315284490585327,0.0,0.0
"DM-2547",False,"train",0.0,0.16694402694702148,0.0,0.0,0.0,0.0,0.8196189403533936,0.0,0.0
"DM-10887",False,"train",0.015899647027254105,0.8728536367416382,0.01589396223425865,0.01589142344892025,0.015891490504145622,0.01589292474091053,0.015891198068857193,0.015894517302513123,0.015891173854470253
"DM-8754",True,"train",0.013534544967114925,0.013527603819966316,0.24120138585567474,0.013531140051782131,0.013526909053325653,0.013527613133192062,0.6640737652778625,0.01354439277201891,0.013532638549804688
"DM-9888",False,"train",0.0,0.0,0.0,0.0,0.7479225993156433,0.17813828587532043,0.053111523389816284,0.0,0.0
"DM-7267",False,"train",0.0,0.9702852368354797,0.0,0.0,0.0,0.0,0.0,0.0,0.0
"DM-9087",False,"train",0.0,0.6802248358726501,0.0,0.0,0.13092248141765594,0.14438055455684662,0.0,0.0,0.0
"DM-15742",False,"train",0.9721890091896057,0.0,0.0,0.0,0.0,0.0,0.0,0.0,0.0
"DM-12211",True,"train",0.0,0.155617356300354,0.0,0.0,0.0,0.2987551987171173,0.5315911769866943,0.0,0.0
"DM-14842",True,"train",0.0,0.0,0.0,0.0,0.0,0.0,0.0,0.9305412769317627,0.0
"DM-5774",False,"train",0.3708071708679199,0.0,0.2763848602771759,0.0,0.0,0.0,0.0,0.0,0.35130712389945984
"DM-5190",True,"train",0.025997217744588852,0.5158121585845947,0.025995250791311264,0.025997888296842575,0.02599736861884594,0.02599758468568325,0.3022114932537079,0.025995442643761635,0.025995617732405663
"DM-967",False,"train",0.0519803985953331,0.0,0.034069743007421494,0.0,0.0,0.0,0.525644838809967,0.37697136402130127,0.0
"DM-2420",False,"train",0.0,0.7961199283599854,0.0,0.0,0.0,0.0,0.18616391718387604,0.0,0.0
"DM-10370",False,"train",0.0,0.4637712240219116,0.0,0.0,0.0,0.23935243487358093,0.0,0.0,0.2772426903247833
"DM-15230",False,"train",0.967027485370636,0.0,0.0,0.0,0.0,0.0,0.0,0.0,0.0
"DM-13487",False,"train",0.027809232473373413,0.027802757918834686,0.027815410867333412,0.777462363243103,0.027812432497739792,0.027810005471110344,0.027838606387376785,0.02783224917948246,0.02781691960990429
"DM-8160",False,"train",0.0,0.0,0.9670571684837341,0.0,0.0,0.0,0.0,0.0,0.0
"DM-6382",False,"train",0.0,0.0,0.0,0.9612907767295837,0.0,0.0,0.0,0.0,0.0
"DM-5189",False,"train",0.0257552582770586,0.025766249746084213,0.02575182542204857,0.025756189599633217,0.025763900950551033,0.025753265246748924,0.7939484715461731,0.025751477107405663,0.025753358379006386
"DM-8423",True,"train",0.0,0.594170868396759,0.0,0.0,0.0,0.34593504667282104,0.0,0.0,0.0
"DM-3384",False,"train",0.0,0.10627003759145737,0.0,0.0,0.0,0.0,0.8747340440750122,0.0,0.0
"DM-12006",False,"train",0.0,0.07886605709791183,0.0,0.0,0.04732011631131172,0.0,0.5821198225021362,0.0,0.2821190655231476
"DM-17677",False,"train",0.0,0.0,0.0,0.0,0.0,0.5957739353179932,0.3421090245246887,0.0,0.0
"DM-8870",False,"train",0.0,0.9257822632789612,0.0,0.0,0.0,0.0,0.0,0.0,0.0
"DM-8032",False,"train",0.0,0.4961719512939453,0.0,0.0,0.0,0.0,0.3571276366710663,0.0,0.12912027537822723
"DM-5683",False,"train",0.39328160881996155,0.0,0.0,0.0,0.0,0.0,0.0,0.5808160901069641,0.0
"DM-2956",False,"train",0.023878546431660652,0.02387523464858532,0.02387942373752594,0.02387627586722374,0.023874888196587563,0.023875337094068527,0.8089860081672668,0.023879846557974815,0.02387445606291294
"DM-4844",False,"train",0.0,0.0,0.0,0.8209140300750732,0.0,0.0,0.0,0.1551196575164795,0.0
"DM-18839",False,"train",0.7052546143531799,0.0,0.0,0.0,0.0,0.0,0.0,0.0,0.28218206763267517
"DM-4003",False,"train",0.0,0.0,0.0,0.0,0.9505802392959595,0.0,0.0,0.0,0.0
"DM-17394",False,"train",0.0,0.0,0.0,0.0,0.6414192318916321,0.3054192066192627,0.0,0.0,0.0
"DM-15767",True,"train",0.0,0.0,0.0,0.0,0.0,0.0,0.0,0.0,0.9810000658035278
"DM-9639",False,"train",0.0,0.0,0.0,0.0,0.0,0.5545877814292908,0.0,0.3947555422782898,0.0
"DM-1673",False,"train",0.0,0.0,0.0,0.0,0.0,0.3940574824810028,0.584555983543396,0.0,0.0
"DM-2675",False,"train",0.013930292800068855,0.013930652290582657,0.013930228538811207,0.8885510563850403,0.013931525871157646,0.013934660702943802,0.013930592685937881,0.01393076591193676,0.013930210843682289
"DM-1881",False,"train",0.0,0.0,0.0,0.0,0.0,0.9385506510734558,0.0,0.0,0.0
"DM-16451",False,"train",0.0,0.0,0.0,0.2767264246940613,0.0,0.6811423301696777,0.0,0.0,0.0
"DM-5384",False,"train",0.0,0.0,0.0,0.0,0.4911547601222992,0.0,0.0,0.467825323343277,0.0
"DM-10274",False,"train",0.0,0.0,0.046562954783439636,0.0,0.0,0.0,0.0,0.0,0.9390164613723755
"DM-10569",False,"train",0.013904057443141937,0.0139000928029418,0.013897968456149101,0.013896935619413853,0.013899303041398525,0.6444165110588074,0.013899472542107105,0.2582874596118927,0.013898196630179882
"DM-10145",False,"train",0.48089373111724854,0.0,0.0,0.0,0.0,0.0,0.0,0.49667179584503174,0.0
"DM-11606",False,"train",0.014141368679702282,0.1856117695569992,0.01413898728787899,0.014139184728264809,0.014151408337056637,0.7153932452201843,0.014145756140351295,0.014135930687189102,0.014142334461212158
"DM-4821",False,"train",0.0,0.20872636139392853,0.0,0.0,0.740911602973938,0.0,0.0,0.0,0.04133109375834465
"DM-11866",True,"train",0.0,0.0,0.0,0.5063521265983582,0.0,0.0,0.0,0.31320783495903015,0.17000116407871246
"DM-17277",False,"train",0.7087723612785339,0.0,0.0,0.0,0.23540878295898438,0.0,0.0,0.0,0.0
"DM-2618",False,"train",0.02166100963950157,0.021659981459379196,0.02165619656443596,0.02166091836988926,0.4584723711013794,0.02165936306118965,0.3899116814136505,0.021661221981048584,0.02165725827217102
"DM-10225",False,"train",0.0,0.0,0.0,0.0,0.0,0.0,0.0,0.9443846940994263,0.0
"DM-8239",False,"train",0.0,0.0,0.0,0.0,0.0,0.0,0.9831717014312744,0.0,0.0
"DM-16302",False,"train",0.46011364459991455,0.0,0.0,0.39648735523223877,0.0,0.0,0.1204826757311821,0.0,0.0
"DM-646",False,"train",0.0,0.0,0.0,0.0,0.0,0.0,0.953708291053772,0.0,0.0
"DM-11803",False,"train",0.0,0.0,0.19660966098308563,0.0,0.0,0.0,0.0,0.4096652567386627,0.3675414025783539
"DM-6345",False,"train",0.2530744671821594,0.5403262972831726,0.06082608178257942,0.13106876611709595,0.0,0.0,0.0,0.0,0.0
"DM-7725",False,"train",0.0,0.9629122614860535,0.0,0.0,0.0,0.0,0.0,0.0,0.0
"DM-8147",False,"train",0.0,0.0,0.9930976033210754,0.0,0.0,0.0,0.0,0.0,0.0
"DM-14259",True,"train",0.6375671029090881,0.015299922786653042,0.015295128338038921,0.015284331515431404,0.25538086891174316,0.015290092676877975,0.015297920443117619,0.015296408906579018,0.015288179740309715
"DM-6580",False,"train",0.0,0.22696208953857422,0.7272151708602905,0.0,0.0,0.0,0.0,0.0,0.0
"DM-3692",True,"train",0.0,0.0,0.0,0.0,0.17905406653881073,0.0,0.0,0.04818218573927879,0.742774248123169
"DM-18344",False,"train",0.27571210265159607,0.0,0.0,0.11149758845567703,0.3670823872089386,0.0,0.0,0.0,0.22835120558738708
"DM-7049",False,"train",0.0,0.0,0.0,0.0,0.0,0.0,0.0,0.0,0.9876272082328796
"DM-15132",False,"train",0.0,0.2654314339160919,0.36500105261802673,0.0,0.35531139373779297,0.0,0.0,0.0,0.0
"DM-18569",False,"train",0.0,0.0,0.0,0.0,0.6200576424598694,0.0,0.3249938488006592,0.0,0.0
"DM-2547",False,"train",0.0,0.16694402694702148,0.0,0.0,0.0,0.0,0.8196189403533936,0.0,0.0
"DM-4584",False,"train",0.0,0.0,0.0,0.9404714107513428,0.0,0.0,0.0,0.0,0.0
"DM-841",False,"train",0.0,0.0,0.0,0.0,0.24259229004383087,0.0,0.0,0.13712114095687866,0.5912175178527832
"DM-18726",False,"train",0.0,0.0649755671620369,0.0,0.0,0.11871945112943649,0.32097455859184265,0.4762488305568695,0.0,0.0
"DM-10764",False,"train",0.0,0.0,0.14594358205795288,0.0,0.0,0.0,0.8391726613044739,0.0,0.0
"DM-7924",True,"train",0.011699059046804905,0.011692306958138943,0.01169064361602068,0.01169670931994915,0.9064512848854065,0.011691806837916374,0.011694650165736675,0.011692050844430923,0.011691531166434288
"DM-11039",False,"train",0.015889601781964302,0.015893148258328438,0.015888463705778122,0.8728562593460083,0.015895582735538483,0.015895036980509758,0.01589268259704113,0.015890125185251236,0.01589914970099926
"DM-18329",False,"train",0.11735197901725769,0.0,0.0,0.0,0.7730785012245178,0.0,0.0,0.07242921739816666,0.0
"DM-17028",True,"train",0.1717391461133957,0.015883587300777435,0.015884559601545334,0.01588336005806923,0.015885043889284134,0.22961287200450897,0.015885470435023308,0.015884071588516235,0.5033418536186218
"DM-15617",False,"train",0.0,0.0,0.0,0.7372046709060669,0.0,0.0,0.0,0.0,0.21949945390224457
"DM-1028",False,"train",0.0,0.0,0.0,0.0,0.0,0.0,0.7758709192276001,0.20893976092338562,0.0
"DM-8869",False,"train",0.0,0.9257826209068298,0.0,0.0,0.0,0.0,0.0,0.0,0.0
"DM-1702",False,"train",0.0,0.9256765246391296,0.0,0.0,0.0,0.0,0.0,0.0,0.0
"DM-13680",False,"train",0.0,0.0,0.1947709023952484,0.7676253914833069,0.0,0.0,0.0,0.0,0.0
"DM-13189",False,"train",0.13203193247318268,0.252430260181427,0.0,0.16744133830070496,0.20270414650440216,0.08006352186203003,0.0,0.0,0.15768709778785706
"DM-595",False,"train",0.0,0.0,0.0,0.0,0.3480927348136902,0.32059159874916077,0.29930922389030457,0.0,0.0
"DM-8419",False,"train",0.3454303741455078,0.5259876847267151,0.01837400533258915,0.01836490072309971,0.018367353826761246,0.01836727373301983,0.018365822732448578,0.01837695576250553,0.01836567372083664
"DM-3608",False,"train",0.0,0.2421225905418396,0.0,0.09844178706407547,0.3383985161781311,0.0,0.12555235624313354,0.0,0.1820017397403717
"DM-10850",False,"train",0.3367908000946045,0.0,0.0,0.3670654296875,0.0,0.0,0.0,0.27766600251197815,0.0
"DM-18521",False,"train",0.0,0.0,0.0,0.0,0.0,0.0,0.0,0.932675838470459,0.0
"DM-4830",False,"train",0.0,0.0,0.0,0.0,0.9759485125541687,0.0,0.0,0.0,0.0
"DM-14544",False,"train",0.010107925161719322,0.010105934925377369,0.010104214772582054,0.010107133537530899,0.9191511273384094,0.010107646696269512,0.010106491856276989,0.01010434702038765,0.010105181485414505
"DM-3693",False,"train",0.10888077318668365,0.0,0.0,0.4131435751914978,0.0,0.10318049788475037,0.0,0.10359546542167664,0.26342374086380005
"DM-9386",True,"train",0.0,0.0,0.0,0.027665596455335617,0.027235114946961403,0.0,0.9349108934402466,0.0,0.0
"DM-7557",False,"train",0.0,0.22673028707504272,0.0,0.0,0.0,0.0,0.3854173421859741,0.3530314862728119,0.0
"DM-17315",False,"train",0.9258259534835815,0.0,0.0,0.0,0.0,0.0,0.0,0.0,0.0
"DM-3574",False,"train",0.018633687868714333,0.018641196191310883,0.8509133458137512,0.01862972415983677,0.01863563060760498,0.018638931214809418,0.01863669790327549,0.01863587088882923,0.01863490790128708
"DM-18318",False,"train",0.0,0.0,0.0,0.07945003360509872,0.0,0.0,0.1271093338727951,0.1290760487318039,0.6525278091430664
"DM-5323",False,"train",0.0,0.0,0.07558228075504303,0.0,0.0,0.0,0.3027707040309906,0.5830367803573608,0.0
"DM-1462",False,"train",0.0,0.9363918304443359,0.0,0.0,0.0,0.0,0.0,0.0,0.0
"DM-11360",False,"train",0.0,0.0,0.0,0.0,0.0,0.0,0.9703340530395508,0.0,0.0
"DM-1088",False,"train",0.0,0.12308862060308456,0.0,0.0,0.0,0.7162960171699524,0.0,0.0,0.1496458500623703
"DM-8589",True,"train",0.0,0.0,0.0,0.0,0.4025667607784271,0.0,0.08898058533668518,0.48534920811653137,0.0
"DM-11934",False,"train",0.9703260064125061,0.0,0.0,0.0,0.0,0.0,0.0,0.0,0.0
"DM-10434",False,"train",0.0,0.0,0.0,0.0,0.0,0.7267796993255615,0.0,0.24683332443237305,0.0
"DM-7467",False,"train",0.524965763092041,0.24507899582386017,0.0,0.0,0.2021428644657135,0.0,0.0,0.0,0.0
"DM-1539",False,"train",0.0,0.0,0.0,0.0,0.0,0.0,0.121591717004776,0.0,0.8697327971458435
"DM-9943",False,"train",0.0,0.0,0.0,0.9258443117141724,0.0,0.0,0.0,0.0,0.0
"DM-3563",True,"train",0.0,0.0,0.0,0.0,0.0,0.0,0.6018089056015015,0.3758910000324249,0.0
"DM-3400",False,"train",0.1568249762058258,0.0,0.0,0.0,0.0,0.2987521290779114,0.0,0.24339085817337036,0.2810302972793579
"DM-15789",False,"train",0.0,0.0,0.5503814220428467,0.0,0.0,0.0,0.33419501781463623,0.10930155962705612,0.0
"DM-335",True,"train",0.0,0.0,0.4003199338912964,0.0,0.0,0.0,0.0,0.58379065990448,0.0
"DM-10329",False,"train",0.0,0.0,0.0,0.0,0.07157087326049805,0.2273501306772232,0.0,0.6745533347129822,0.0
"DM-17936",False,"train",0.0,0.0,0.0,0.0,0.0,0.0,0.0,0.9863116145133972,0.0
"DM-11931",False,"train",0.27320411801338196,0.0,0.0,0.11745701730251312,0.17020557820796967,0.0,0.0,0.0,0.4284477233886719
"DM-12426",True,"train",0.0,0.0,0.0,0.9378181099891663,0.0,0.0,0.0,0.0,0.0
"DM-9125",False,"train",0.010639109648764133,0.01063989195972681,0.010638951323926449,0.3747834265232086,0.010644364170730114,0.010640082880854607,0.5507360696792603,0.010639598593115807,0.0106384651735425
"DM-3366",False,"train",0.010108444839715958,0.9191277027130127,0.010109697468578815,0.010107717476785183,0.010111751966178417,0.010107777081429958,0.010110446251928806,0.010108410380780697,0.010108078829944134
"DM-4862",False,"train",0.0,0.0,0.0,0.9001827836036682,0.0,0.0,0.0,0.05429818481206894,0.0
"DM-10733",False,"train",0.42476341128349304,0.0,0.261165976524353,0.0,0.0,0.0,0.0,0.0,0.2960224449634552
"DM-10833",True,"train",0.0,0.0,0.0,0.7641906142234802,0.0,0.0,0.0,0.1870959997177124,0.0
"DM-11414",False,"train",0.013796267099678516,0.013787580654025078,0.013787426054477692,0.013790426775813103,0.013788855634629726,0.013786554336547852,0.013802766799926758,0.01378959696739912,0.8896705508232117
"DM-11159",False,"train",0.017343489453196526,0.017346588894724846,0.017353013157844543,0.017346715554594994,0.8612011075019836,0.01736115850508213,0.0173516683280468,0.01734672114253044,0.01734953001141548
"DM-11606",False,"train",0.014141368679702282,0.1856117695569992,0.01413898728787899,0.014139184728264809,0.014151408337056637,0.7153932452201843,0.014145756140351295,0.014135930687189102,0.014142334461212158
"DM-17565",True,"train",0.0,0.0,0.07224191725254059,0.0,0.0,0.886084794998169,0.0,0.0,0.0
"DM-4043",False,"train",0.0,0.0,0.1505245566368103,0.0,0.0,0.06144672632217407,0.0,0.7350220680236816,0.046606361865997314
"DM-12692",False,"train",0.0,0.0,0.0,0.218652606010437,0.0,0.0,0.0,0.0,0.7469925880432129
"DM-837",True,"train",0.0,0.0932268351316452,0.0,0.0,0.0,0.12973153591156006,0.0,0.49240216612815857,0.2746663987636566
"DM-8113",False,"train",0.0,0.0,0.0,0.0,0.0,0.97034752368927,0.0,0.0,0.0
"DM-3549",False,"train",0.0,0.0,0.0,0.0,0.0,0.0,0.04948173463344574,0.0,0.9393777251243591
"DM-9464",True,"train",0.0,0.0,0.0,0.0,0.0,0.9618968367576599,0.0,0.0,0.0
"DM-1285",False,"train",0.0,0.13877561688423157,0.0,0.0,0.0,0.8218500018119812,0.0,0.0,0.0
"DM-10909",True,"train",0.0,0.0,0.0,0.0,0.43413352966308594,0.0,0.0,0.0,0.5013484358787537
"DM-12089",False,"train",0.0,0.0,0.0,0.4530431032180786,0.0,0.0,0.11997385323047638,0.41803938150405884,0.0
"DM-13625",False,"train",0.0,0.0,0.0,0.7554091811180115,0.0,0.23116832971572876,0.0,0.0,0.0
"DM-10839",False,"train",0.0,0.0,0.0,0.0,0.2296464592218399,0.0,0.0,0.7146058678627014,0.0
"DM-3824",True,"train",0.0,0.0965682715177536,0.1291070580482483,0.0,0.0,0.17922499775886536,0.504504919052124,0.08199623227119446,0.0
"DM-11744",False,"train",0.6170899271965027,0.35289236903190613,0.0,0.0,0.0,0.0,0.0,0.0,0.0
"DM-1787",False,"train",0.18051928281784058,0.38123002648353577,0.0,0.0,0.0,0.0,0.3066087067127228,0.12589304149150848,0.0
"DM-2854",False,"train",0.0,0.4413321912288666,0.5308430790901184,0.0,0.0,0.0,0.0,0.0,0.0
"DM-5361",False,"train",0.0,0.0,0.06262194365262985,0.0,0.6102561354637146,0.0,0.29957252740859985,0.0,0.0
"DM-8812",False,"train",0.0,0.0,0.0,0.0,0.0,0.0,0.9363072514533997,0.0,0.0
"DM-6588",False,"train",0.0,0.0,0.0,0.6594431400299072,0.0,0.0,0.0,0.3073664605617523,0.0
"DM-13080",True,"train",0.0,0.0,0.0,0.0422939658164978,0.36669063568115234,0.0,0.0,0.0,0.5718812942504883
"DM-11884",False,"train",0.05506674945354462,0.055067386478185654,0.055067069828510284,0.05506687983870506,0.05506698042154312,0.055067095905542374,0.5594642162322998,0.05506668612360954,0.05506697669625282
"DM-7147",False,"train",0.0,0.02504170872271061,0.20651458203792572,0.06931817531585693,0.0,0.635006308555603,0.061961982399225235,0.0,0.0
"DM-16731",False,"train",0.0,0.0,0.0,0.7789960503578186,0.17582634091377258,0.0,0.0,0.0,0.0
"DM-11507",False,"train",0.0,0.0,0.0,0.0,0.0,0.9593020081520081,0.0,0.0,0.0
"DM-2157",True,"train",0.8269604444503784,0.0,0.0,0.0,0.0,0.0,0.04345542937517166,0.12407365441322327,0.0
"DM-6566",False,"train",0.010956383310258389,0.9123205542564392,0.010955553501844406,0.010970649309456348,0.010958735831081867,0.010959137231111526,0.01095920242369175,0.01095773559063673,0.010962049476802349
"DM-7136",False,"train",0.3865332007408142,0.0,0.0,0.5755314826965332,0.0,0.0,0.0,0.0,0.0
"DM-3367",False,"train",0.049272552132606506,0.0,0.0,0.0,0.0,0.0,0.9218693375587463,0.0,0.0
"DM-10275",False,"train",0.21922452747821808,0.0,0.0861494243144989,0.6614227890968323,0.0,0.0,0.0,0.0,0.0
"DM-18388",False,"train",0.013727447018027306,0.013732178136706352,0.013736505061388016,0.013730001635849476,0.013727933168411255,0.013737263157963753,0.013731126673519611,0.8901495337486267,0.013727976940572262
"DM-15835",False,"train",0.0,0.0,0.0,0.0,0.0,0.0,0.0,0.0,0.9312617778778076
"DM-4129",False,"train",0.2744804620742798,0.0,0.0,0.701174259185791,0.0,0.0,0.0,0.0,0.0
"DM-1770",True,"train",0.0,0.0,0.0,0.0,0.0,0.0,0.0,0.9629204273223877,0.0
"DM-14042",False,"train",0.49104827642440796,0.36504828929901123,0.0,0.0,0.0,0.0,0.10269387811422348,0.0,0.0
"DM-7406",False,"train",0.0,0.29500865936279297,0.0,0.5426554679870605,0.0,0.0,0.0,0.14608007669448853,0.0
"DM-17565",True,"train",0.0,0.0,0.07224191725254059,0.0,0.0,0.886084794998169,0.0,0.0,0.0
"DM-8542",False,"train",0.7530604004859924,0.0,0.0,0.0,0.2296064794063568,0.0,0.0,0.0,0.0
"DM-8458",True,"train",0.022224361076951027,0.8221865296363831,0.022231467068195343,0.022224117070436478,0.02222568914294243,0.022227967157959938,0.022227521985769272,0.022224467247724533,0.022227870300412178
"DM-9491",False,"train",0.0,0.0,0.0,0.0,0.2940506339073181,0.0,0.6951690912246704,0.0,0.0
"DM-17366",False,"train",0.0,0.0,0.0,0.0,0.0,0.2291206419467926,0.733285665512085,0.0,0.0
"DM-9039",False,"train",0.0,0.0,0.0,0.6430723071098328,0.33092859387397766,0.0,0.0,0.0,0.0
"DM-3960",False,"train",0.0,0.0,0.0,0.0,0.0,0.0,0.25484052300453186,0.680203914642334,0.0
"DM-11052",False,"train",0.0,0.0,0.0,0.0,0.13846862316131592,0.0,0.0,0.0,0.8379318714141846
"DM-4756",True,"train",0.5791268944740295,0.0,0.0,0.0,0.0,0.37747621536254883,0.0,0.0,0.0
"DM-16469",False,"train",0.0,0.0,0.0,0.12331431359052658,0.0,0.0,0.8467522859573364,0.0,0.0
"DM-13166",False,"train",0.0,0.0,0.0,0.0,0.0,0.0,0.0,0.0,0.9477788805961609
"DM-6392",False,"train",0.5595378875732422,0.010132918134331703,0.010125245898962021,0.01012391597032547,0.01012155320495367,0.010124999098479748,0.3695793151855469,0.01012624241411686,0.01012791320681572
"DM-6886",False,"train",0.09055731445550919,0.0,0.9014862775802612,0.0,0.0,0.0,0.0,0.0,0.0
"DM-9045",False,"train",0.5301016569137573,0.0,0.0,0.0,0.0,0.0,0.4595164656639099,0.0,0.0
"DM-9515",False,"train",0.6081022024154663,0.018535088747739792,0.01853727549314499,0.01854019984602928,0.018552467226982117,0.01853707991540432,0.26212069392204285,0.01853368803858757,0.01854131370782852
"DM-16790",True,"train",0.021881846711039543,0.0,0.0,0.0,0.13519711792469025,0.6830641627311707,0.11204096674919128,0.04367533698678017,0.0
"DM-10862",False,"train",0.0,0.0,0.0,0.0,0.8973677754402161,0.0,0.07577242702245712,0.0,0.0
"DM-754",True,"train",0.0,0.0,0.0,0.0,0.0,0.0,0.0,0.0,0.9406771063804626
"DM-13325",True,"train",0.0,0.0,0.15125682950019836,0.8148401975631714,0.0,0.0,0.0,0.0,0.0
"DM-13949",False,"train",0.0,0.0,0.0,0.4262314438819885,0.0,0.0,0.5532883405685425,0.0,0.0
"DM-11255",False,"train",0.0,0.0,0.0,0.7860886454582214,0.19200149178504944,0.0,0.0,0.0,0.0
"DM-8160",False,"train",0.0,0.0,0.9670571684837341,0.0,0.0,0.0,0.0,0.0,0.0
"DM-12536",False,"train",0.0,0.0,0.0,0.08284079283475876,0.12359530478715897,0.0,0.4212385416030884,0.3580981194972992,0.0
"DM-13954",False,"train",0.0,0.0,0.0,0.0,0.0,0.0,0.9415268898010254,0.0,0.0
"DM-2865",False,"train",0.010964239947497845,0.010964106768369675,0.010964859277009964,0.010966397821903229,0.5579469799995422,0.3652938902378082,0.010964135639369488,0.010968377813696861,0.010966985486447811
"DM-655",False,"train",0.0,0.12200194597244263,0.014944224618375301,0.0,0.0,0.0,0.6505409479141235,0.21036067605018616,0.0
"DM-16070",False,"train",0.0,0.07254093140363693,0.0,0.0,0.9103296995162964,0.0,0.0,0.0,0.0
"DM-7921",False,"train",0.0,0.0,0.0,0.777185320854187,0.0,0.19399148225784302,0.0,0.0,0.0
"DM-4491",False,"train",0.01853369176387787,0.018527740612626076,0.01852959208190441,0.01852978579699993,0.851754367351532,0.018527625128626823,0.018542161211371422,0.01852761209011078,0.018527423962950706
"DM-10369",False,"train",0.0,0.0,0.0,0.15807227790355682,0.0,0.7932035326957703,0.0,0.0,0.0
"DM-8166",False,"train",0.015898188576102257,0.015904175117611885,0.01591883786022663,0.015897691249847412,0.0159040167927742,0.01589890941977501,0.8727779984474182,0.015897095203399658,0.01590312086045742
"DM-10514",False,"train",0.0,0.0,0.0,0.0,0.0,0.0,0.9314523339271545,0.0,0.0
"DM-18041",False,"train",0.021848538890480995,0.021849004551768303,0.17889852821826935,0.02186693251132965,0.021851543337106705,0.021850505843758583,0.021855458617210388,0.02184932865202427,0.6681302189826965
"DM-5914",True,"train",0.0,0.16101762652397156,0.0,0.0,0.0,0.0,0.6486014127731323,0.0,0.17130517959594727
"DM-1677",False,"train",0.0,0.0,0.5028205513954163,0.0,0.2235667109489441,0.07706139236688614,0.18589916825294495,0.0,0.0
"DM-17",False,"train",0.0,0.9443033933639526,0.0,0.0,0.0,0.0,0.0,0.0,0.0
"DM-1282",False,"train",0.0,0.0,0.0,0.0,0.0,0.0,0.9405115842819214,0.0,0.0
"DM-6444",False,"train",0.8312345147132874,0.011171256192028522,0.011166122741997242,0.011169441044330597,0.011167925782501698,0.011173395439982414,0.011166302487254143,0.011174709536135197,0.09057630598545074
"DM-7848",False,"train",0.0,0.0,0.0,0.0,0.0,0.0,0.0,0.0,0.9255328178405762
"DM-10265",False,"train",0.0,0.0,0.2898634374141693,0.0,0.0,0.0,0.6677181124687195,0.0,0.0
"DM-17609",True,"train",0.2985907793045044,0.013560815714299679,0.013559017330408096,0.013561810366809368,0.013560577295720577,0.013566273264586926,0.013563060201704502,0.01355968788266182,0.6064779758453369
"DM-1217",False,"train",0.22081802785396576,0.0,0.05575478449463844,0.0,0.0,0.6653156876564026,0.05221544951200485,0.0,0.0
"DM-10862",False,"train",0.0,0.0,0.0,0.0,0.8973677754402161,0.0,0.07577242702245712,0.0,0.0
"DM-12450",False,"train",0.5504337549209595,0.0,0.0,0.0,0.0,0.0,0.288580060005188,0.0,0.1448347568511963
"DM-1788",False,"train",0.19963409006595612,0.1086815893650055,0.0,0.0,0.0,0.0,0.6822614073753357,0.0,0.0
"DM-9750",False,"train",0.0,0.0,0.0,0.0,0.0,0.0,0.43893831968307495,0.5315834879875183,0.0
"DM-6151",False,"train",0.0,0.740082859992981,0.0,0.244949072599411,0.0,0.0,0.0,0.0,0.0
"DM-14306",False,"train",0.0,0.0,0.0,0.9612508416175842,0.0,0.0,0.0,0.0,0.0
"DM-1253",False,"train",0.022414591163396835,0.022408265620470047,0.634289562702179,0.022408727556467056,0.02241368032991886,0.02240758389234543,0.20882295072078705,0.02242412604391575,0.022410528734326363
"DM-6663",False,"train",0.11628440022468567,0.0,0.0,0.2974729537963867,0.5161970853805542,0.0,0.06460176408290863,0.0,0.0
"DM-12363",False,"train",0.01600848138332367,0.0160016231238842,0.015997575595974922,0.01601153425872326,0.016000960022211075,0.01600373536348343,0.8719696402549744,0.01600787788629532,0.01599857211112976
"DM-5525",False,"train",0.5782931447029114,0.0,0.0,0.0,0.0,0.1526191532611847,0.2489432394504547,0.0,0.0
"DM-14536",False,"train",0.0,0.0,0.0,0.0,0.0,0.19753602147102356,0.7655324935913086,0.0,0.0
"DM-9564",False,"train",0.0,0.0,0.0,0.0,0.0,0.0726047083735466,0.04085509851574898,0.06679336726665497,0.8118335008621216
"DM-8215",True,"train",0.0,0.0,0.0,0.0,0.015796616673469543,0.0,0.6232128143310547,0.08753766864538193,0.26846086978912354
"DM-772",True,"train",0.0,0.9107731580734253,0.06136355176568031,0.0,0.0,0.0,0.0,0.0,0.0
"DM-5162",False,"train",0.0,0.0,0.0,0.3797627389431,0.0,0.0,0.24050813913345337,0.3617478907108307,0.0
"DM-15036",False,"train",0.0,0.0,0.0,0.0,0.1965077966451645,0.2581324279308319,0.30840662121772766,0.21560803055763245,0.0
"DM-7912",False,"train",0.3113546669483185,0.39892613887786865,0.0,0.0,0.25963202118873596,0.0,0.0,0.0,0.0
"DM-7405",False,"train",0.0,0.0,0.0927494540810585,0.0,0.0,0.0,0.8843425512313843,0.0,0.0
"DM-6458",False,"train",0.0,0.2754640281200409,0.0,0.19065149128437042,0.0,0.0,0.49228107929229736,0.0,0.0
"DM-15014",False,"train",0.0,0.0,0.0,0.0,0.7562862038612366,0.19769172370433807,0.0,0.0,0.0
"DM-2057",False,"train",0.0,0.1324302703142166,0.576088547706604,0.0,0.0,0.0,0.2587394714355469,0.0,0.0
"DM-16436",False,"train",0.0,0.0,0.2889869809150696,0.20595261454582214,0.0,0.336670458316803,0.10480619966983795,0.051885493099689484,0.0
"DM-11895",False,"train",0.0,0.0,0.0,0.0,0.6461134552955627,0.0,0.030078459531068802,0.3168996572494507,0.0
"DM-11247",False,"train",0.0,0.0,0.0,0.853337824344635,0.0,0.0,0.11069341003894806,0.0,0.0
"DM-1539",False,"train",0.0,0.0,0.0,0.0,0.0,0.0,0.121591717004776,0.0,0.8697327971458435
"DM-9049",False,"train",0.0,0.21873065829277039,0.10140097886323929,0.0,0.09116488695144653,0.26018229126930237,0.3202280104160309,0.0,0.0
"DM-6030",True,"train",0.022914305329322815,0.42557933926582336,0.0,0.05339754372835159,0.0,0.062270525842905045,0.15638212859630585,0.01774803176522255,0.26016902923583984
"DM-13534",False,"train",0.2197054773569107,0.25667908787727356,0.0,0.0,0.0,0.0,0.3931204080581665,0.0,0.11384072154760361
"DM-13648",False,"train",0.0,0.0,0.0,0.0,0.36743420362472534,0.5839211940765381,0.0,0.0,0.0
"DM-13958",True,"train",0.010912425816059113,0.20073866844177246,0.010906940326094627,0.010910152457654476,0.48565202951431274,0.24813848733901978,0.010916844010353088,0.010915745049715042,0.010908691212534904
"DM-3265",False,"train",0.0,0.0,0.0,0.0,0.0,0.0,0.0,0.0,0.9764077663421631
"DM-9927",False,"train",0.07176093012094498,0.14421479403972626,0.0,0.0,0.0,0.45283693075180054,0.0,0.0,0.31427282094955444
"DM-18425",False,"train",0.052784763276576996,0.052799977362155914,0.5776562690734863,0.05278755724430084,0.05278494581580162,0.05280108377337456,0.0527963750064373,0.052795130759477615,0.05279393121600151
"DM-11454",True,"train",0.0,0.0,0.9086559414863586,0.07972100377082825,0.0,0.0,0.0,0.0,0.0
"DM-6439",False,"train",0.0,0.0,0.0,0.0,0.0,0.0,0.9505308270454407,0.0,0.0
"DM-7893",True,"train",0.0,0.34459415078163147,0.0,0.0,0.0,0.0,0.6335066556930542,0.0,0.0
"DM-14842",True,"train",0.0,0.0,0.0,0.0,0.0,0.0,0.0,0.9305412769317627,0.0
"DM-17284",False,"train",0.0,0.6015323400497437,0.0,0.33856022357940674,0.0,0.0,0.0,0.0,0.0
"DM-5822",False,"train",0.32208192348480225,0.0,0.0,0.12861023843288422,0.0,0.0,0.0,0.0,0.5479932427406311
"DM-18438",False,"train",0.0,0.0,0.0,0.0,0.3356659710407257,0.0,0.6355141997337341,0.0,0.0
"DM-11981",True,"train",0.0,0.0,0.0,0.9863112568855286,0.0,0.0,0.0,0.0,0.0
"DM-2939",True,"train",0.0,0.13505400717258453,0.0,0.5467916131019592,0.0,0.0,0.16486266255378723,0.14059767127037048,0.0
"DM-4373",False,"train",0.0,0.0,0.0,0.0,0.09747760742902756,0.0,0.0,0.8954254388809204,0.0
"DM-14840",False,"train",0.0,0.06921545416116714,0.0,0.6266922950744629,0.0,0.0,0.0,0.0,0.29137030243873596
"DM-8566",True,"train",0.0,0.0,0.0,0.0,0.0,0.9657791256904602,0.0,0.0,0.0
"DM-8221",False,"train",0.0,0.13646282255649567,0.0,0.387757807970047,0.0,0.0,0.45635056495666504,0.0,0.0
"DM-6976",False,"train",0.0,0.0,0.0,0.2134283185005188,0.0,0.7597247958183289,0.0,0.0,0.0
"DM-2720",False,"train",0.0,0.0,0.9595579504966736,0.0,0.0,0.0,0.0,0.0,0.0
"DM-13837",False,"train",0.8736454844474792,0.01578429341316223,0.01578686200082302,0.01581156626343727,0.015793856233358383,0.01579255424439907,0.01580018736422062,0.01579836942255497,0.01578678749501705
"DM-15233",False,"train",0.5697271823883057,0.0,0.3732580542564392,0.0,0.0,0.03736383095383644,0.0,0.0,0.0
"DM-9024",False,"train",0.0,0.6649896502494812,0.0,0.0,0.0,0.0,0.3059212267398834,0.0,0.0
"DM-13759",False,"train",0.0,0.025700513273477554,0.0,0.0,0.0,0.19097279012203217,0.07509727776050568,0.0,0.6963038444519043
"DM-2762",True,"train",0.14977635443210602,0.0,0.5818572044372559,0.0,0.25737816095352173,0.0,0.0,0.0,0.0
"DM-17449",False,"train",0.9771084785461426,0.0,0.0,0.0,0.0,0.0,0.0,0.0,0.0
"DM-8752",False,"train",0.013892858289182186,0.013891713693737984,0.01389707438647747,0.013892955146729946,0.013892636634409428,0.013893680647015572,0.8888498544692993,0.013892321847379208,0.013896952383220196
"DM-12233",False,"train",0.11734462529420853,0.0,0.0,0.0,0.0,0.1140056774020195,0.051204681396484375,0.0,0.707553505897522
"DM-1330",False,"train",0.02223396860063076,0.8220602869987488,0.022234536707401276,0.02224110998213291,0.022233527153730392,0.022251950576901436,0.02224530652165413,0.022267000749707222,0.022232282906770706
"DM-14533",False,"train",0.0,0.0,0.0,0.0,0.0,0.0,0.9554944634437561,0.0,0.0
"DM-3400",False,"train",0.1568249762058258,0.0,0.0,0.0,0.0,0.2987521290779114,0.0,0.24339085817337036,0.2810302972793579
"DM-754",True,"train",0.0,0.0,0.0,0.0,0.0,0.0,0.0,0.0,0.9406771063804626
"DM-13685",False,"train",0.5419963598251343,0.0,0.0,0.0,0.0,0.0,0.0,0.0,0.4357500970363617
"DM-7739",False,"train",0.0,0.03243735805153847,0.0,0.10803303867578506,0.8490894436836243,0.0,0.0,0.0,0.0
"DM-8758",False,"train",0.0,0.0,0.0,0.9613276124000549,0.0,0.0,0.0,0.0,0.0
"DM-8012",False,"train",0.7877136468887329,0.0,0.0,0.15719184279441833,0.0,0.0,0.0,0.0,0.0
"DM-7038",True,"train",0.0,0.10927752405405045,0.0,0.0,0.0,0.0,0.8389892578125,0.0,0.0
"DM-18292",False,"train",0.0,0.0,0.0,0.0,0.0,0.0,0.9470019936561584,0.0,0.0
"DM-17741",False,"train",0.18019798398017883,0.0,0.8162422180175781,0.0,0.0,0.0,0.0,0.0,0.0
"DM-2094",False,"train",0.7233254909515381,0.0,0.0,0.0,0.24671123921871185,0.0,0.0,0.0,0.0
"DM-10314",False,"train",0.0,0.2015245407819748,0.0,0.0,0.0,0.7401793599128723,0.0,0.0,0.0
"DM-8877",False,"train",0.0,0.9259024262428284,0.0,0.0,0.0,0.0,0.0,0.0,0.0
"DM-13649",False,"train",0.010103125125169754,0.010103109292685986,0.010104243643581867,0.010103042237460613,0.01010469812899828,0.9191675186157227,0.010107354260981083,0.01010342501103878,0.010103478096425533
"DM-13692",False,"train",0.0,0.0,0.0,0.0,0.0,0.9783003330230713,0.0,0.0,0.0
"DM-8612",False,"train",0.4677829444408417,0.0,0.0,0.0,0.0,0.0,0.2045668214559555,0.0,0.3118675649166107
"DM-1407",False,"train",0.0,0.0,0.0,0.0,0.31696030497550964,0.0,0.0,0.6420532464981079,0.0
"DM-14671",False,"train",0.725252091884613,0.16115498542785645,0.0,0.0,0.038126345723867416,0.0,0.0664815828204155,0.0,0.0
"DM-6151",False,"train",0.0,0.740082859992981,0.0,0.244949072599411,0.0,0.0,0.0,0.0,0.0
"DM-11043",False,"train",0.04942626133561134,0.0,0.032027728855609894,0.8665367364883423,0.04292525723576546,0.0,0.0,0.0,0.0
"DM-10780",True,"train",0.0,0.0,0.0,0.0,0.0,0.931546688079834,0.0,0.0,0.0
"DM-14170",False,"train",0.13183702528476715,0.0,0.0,0.0,0.0,0.617257833480835,0.2254541665315628,0.0,0.0
"DM-14042",False,"train",0.49104827642440796,0.36504828929901123,0.0,0.0,0.0,0.0,0.10269387811422348,0.0,0.0
"DM-14237",False,"train",0.0,0.0,0.0,0.0,0.0,0.0,0.0,0.9782781004905701,0.0
"DM-6043",False,"train",0.0,0.0,0.0,0.43527281284332275,0.0,0.0,0.06445290148258209,0.4834021329879761,0.0
"DM-13315",False,"train",0.0,0.0,0.0,0.30799639225006104,0.1395694464445114,0.0,0.2514823377132416,0.0,0.2638181746006012
"DM-10908",False,"train",0.0,0.0,0.0,0.0,0.35584360361099243,0.6156578063964844,0.0,0.0,0.0
"DM-11976",False,"train",0.28667911887168884,0.0,0.0,0.0,0.157510444521904,0.0,0.0,0.5302032232284546,0.0
"DM-18668",False,"train",0.010107663460075855,0.47596290707588196,0.010106262750923634,0.010106661356985569,0.4532887637615204,0.010106503032147884,0.01010693609714508,0.010108397342264652,0.010105878114700317
"DM-10346",False,"train",0.0,0.0,0.0,0.0,0.0,0.0,0.0,0.7352647185325623,0.23581556975841522
"DM-19166",False,"train",0.0,0.0,0.0,0.972182035446167,0.0,0.0,0.0,0.0,0.0
"DM-5776",False,"train",0.1951720416545868,0.796359658241272,0.0,0.0,0.0,0.0,0.0,0.0,0.0
"DM-7655",False,"train",0.0,0.0,0.0,0.0,0.0,0.9555229544639587,0.0,0.0,0.0
"DM-14393",False,"train",0.0,0.0,0.0,0.0,0.0,0.0,0.0,0.9952176213264465,0.0
"DM-6258",False,"train",0.05841268226504326,0.0,0.08202584087848663,0.0,0.0,0.0,0.2612067759037018,0.0,0.5841931104660034
"DM-8016",False,"train",0.4616195559501648,0.0,0.16886205971240997,0.3389964997768402,0.0,0.0,0.0,0.0,0.0
"DM-15225",True,"train",0.0,0.0,0.0,0.0,0.0,0.7642790079116821,0.0,0.20885804295539856,0.0
"DM-9035",True,"train",0.0,0.04437221214175224,0.0,0.08490023761987686,0.5438206791877747,0.16346555948257446,0.0,0.037248168140649796,0.11857189238071442
"DM-4573",False,"train",0.0,0.0,0.0,0.0,0.9265487194061279,0.0,0.0,0.0,0.0
"DM-7176",False,"train",0.0,0.7965574264526367,0.0,0.15850509703159332,0.0,0.0,0.0,0.0,0.0
"DM-17038",False,"train",0.4276904761791229,0.0,0.0,0.5385599732398987,0.0,0.0,0.0,0.0,0.0
"DM-658",True,"train",0.0,0.0,0.5590631365776062,0.0,0.08671615272760391,0.0,0.3303726613521576,0.0,0.0
"DM-4487",False,"train",0.027792848646640778,0.02778756432235241,0.027797091752290726,0.027849173173308372,0.027800017967820168,0.02778886817395687,0.7776018381118774,0.027792051434516907,0.027790552005171776
"DM-5774",False,"train",0.3708071708679199,0.0,0.2763848602771759,0.0,0.0,0.0,0.0,0.0,0.35130712389945984
"DM-590",False,"train",0.0,0.0,0.0,0.1751670092344284,0.22881610691547394,0.27852171659469604,0.0,0.0,0.30802249908447266
"DM-18843",False,"train",0.018537070602178574,0.018531112000346184,0.018530068919062614,0.41304585337638855,0.018533751368522644,0.018538516014814377,0.018535921350121498,0.45721715688705444,0.01853051222860813
"DM-7915",False,"train",0.0,0.0,0.0,0.0,0.0,0.0,0.0,0.8381876349449158,0.15275727212429047
"DM-15545",True,"train",0.0,0.9463226199150085,0.0,0.0,0.0,0.0,0.0,0.0,0.0
"DM-13492",False,"train",0.154672771692276,0.0,0.0,0.0,0.0,0.0,0.0,0.0,0.8276208639144897
"DM-12363",False,"train",0.01600848138332367,0.0160016231238842,0.015997575595974922,0.01601153425872326,0.016000960022211075,0.01600373536348343,0.8719696402549744,0.01600787788629532,0.01599857211112976
"DM-7969",False,"train",0.0,0.0,0.0,0.1552334725856781,0.0,0.25150266289711,0.5765804052352905,0.0,0.0
"DM-7267",False,"train",0.0,0.9702852368354797,0.0,0.0,0.0,0.0,0.0,0.0,0.0
"DM-13565",False,"train",0.39548084139823914,0.17799867689609528,0.0,0.0,0.0,0.0,0.0750138983130455,0.0,0.3294585645198822
"DM-8809",False,"train",0.0,0.0,0.0,0.0,0.0,0.0,0.0,0.8409417271614075,0.11956004053354263
"DM-7651",False,"train",0.0,0.0,0.0,0.0,0.0,0.0,0.27192819118499756,0.7138116955757141,0.0
"DM-531",False,"train",0.0,0.0,0.0,0.013824657537043095,0.07272376120090485,0.0,0.8808104395866394,0.0,0.030042434111237526
"DM-14823",False,"train",0.14721329510211945,0.0,0.0,0.0,0.24456512928009033,0.0,0.0,0.37680771946907043,0.2269381582736969
"DM-8227",False,"train",0.0,0.0,0.5482327938079834,0.0,0.0,0.0,0.34513118863105774,0.08713706582784653,0.0
"DM-15982",False,"train",0.0,0.0,0.0,0.0,0.14745643734931946,0.0,0.8266037106513977,0.0,0.0
"DM-17611",False,"train",0.0,0.0,0.0,0.09902895987033844,0.0,0.0,0.0,0.5872397422790527,0.29255053400993347
"DM-18397",False,"train",0.0,0.4132538437843323,0.35174596309661865,0.0,0.0,0.14701779186725616,0.0,0.0,0.07402817159891129
"DM-14014",False,"train",0.0,0.0,0.0,0.0,0.0,0.0,0.0,0.9777363538742065,0.0
"DM-8284",False,"train",0.09728661924600601,0.0,0.09570086002349854,0.0,0.0,0.4092230796813965,0.2895273268222809,0.09593979269266129,0.0
"DM-7546",False,"train",0.0,0.0,0.0,0.0,0.0,0.0,0.0,0.993488073348999,0.0
"DM-6857",False,"train",0.0,0.0,0.0,0.0,0.0,0.0,0.9797848463058472,0.0,0.0
"DM-9192",False,"train",0.0,0.0,0.0,0.0,0.0,0.0,0.4103849232196808,0.0,0.5345957279205322
"DM-15233",False,"train",0.5697271823883057,0.0,0.3732580542564392,0.0,0.0,0.03736383095383644,0.0,0.0,0.0
"DM-8216",False,"train",0.0,0.0,0.0,0.3348057270050049,0.0,0.0,0.5322009921073914,0.0,0.10919357091188431
"DM-15569",False,"train",0.0,0.0,0.0,0.6347242593765259,0.0,0.34355074167251587,0.0,0.0,0.0
"DM-14377",False,"train",0.0,0.0,0.0,0.0,0.3772047758102417,0.5765345096588135,0.0,0.0,0.0
"DM-16217",False,"train",0.0,0.0,0.30428725481033325,0.0,0.0,0.0,0.0,0.0,0.6691593527793884
"DM-8150",False,"train",0.06737601011991501,0.019419196993112564,0.0,0.0,0.1712978631258011,0.2491520792245865,0.265555202960968,0.15516608953475952,0.06974425166845322
"DM-7884",False,"train",0.0,0.0,0.0,0.0,0.0,0.20477725565433502,0.0,0.7613182067871094,0.0
"DM-16603",False,"train",0.0,0.0,0.0,0.9530848860740662,0.0,0.0,0.0,0.0,0.0
"DM-5529",False,"train",0.0,0.0,0.3363685607910156,0.028189364820718765,0.17521965503692627,0.23580142855644226,0.21748769283294678,0.0,0.0
"DM-17950",False,"train",0.0,0.34280815720558167,0.0,0.0,0.6331390738487244,0.0,0.0,0.0,0.0
"DM-2364",False,"train",0.0,0.0,0.0,0.40210840106010437,0.0,0.0,0.0,0.5654763579368591,0.0
"DM-12610",False,"train",0.0,0.0,0.0,0.0,0.0,0.0,0.23356887698173523,0.7290107607841492,0.0
"DM-1318",False,"train",0.0,0.0,0.0,0.0,0.0,0.0,0.6470256447792053,0.31211355328559875,0.0
"DM-6497",False,"train",0.10480640828609467,0.0,0.038632139563560486,0.0,0.7400948405265808,0.0,0.1059379056096077,0.0,0.0
"DM-13456",True,"train",0.0,0.0,0.0,0.0,0.0,0.0,0.13683325052261353,0.0,0.8144243359565735
"DM-13570",False,"train",0.0,0.0,0.3675370216369629,0.0,0.0,0.0,0.601155698299408,0.0,0.0
"DM-7320",False,"train",0.0,0.0,0.19236253201961517,0.0,0.0,0.0,0.7477781772613525,0.0,0.0
"DM-7784",False,"train",0.0,0.0,0.0,0.638457715511322,0.0,0.0,0.346218466758728,0.0,0.0
"DM-17638",False,"train",0.0,0.0,0.0,0.0,0.0,0.0,0.9695104956626892,0.0,0.0
"DM-8004",False,"train",0.614314079284668,0.0,0.0,0.0,0.0,0.0,0.0,0.38236916065216064,0.0
"DM-9162",False,"train",0.5250901579856873,0.0,0.0,0.19388096034526825,0.0,0.0,0.2540303170681,0.0,0.0
"DM-6817",False,"train",0.0,0.0,0.0,0.0,0.0,0.0,0.0,0.9461451172828674,0.0
"DM-9276",True,"train",0.015896713361144066,0.8728615641593933,0.01589943841099739,0.01588246040046215,0.015884779393672943,0.01588347740471363,0.015885302796959877,0.01590723730623722,0.015898995101451874
"DM-778",False,"train",0.3769543766975403,0.08464852720499039,0.0,0.5032704472541809,0.0,0.0,0.0,0.0,0.0
"DM-7022",False,"train",0.0,0.0,0.0,0.0,0.7735185027122498,0.0,0.20283716917037964,0.0,0.0
"DM-12993",False,"train",0.0,0.0,0.0,0.0,0.3840939700603485,0.5677649974822998,0.0,0.0,0.0
"DM-16661",False,"train",0.0,0.0,0.025043876841664314,0.06673593819141388,0.12073387205600739,0.0,0.7449983358383179,0.0,0.03610128536820412
"DM-18330",False,"train",0.0,0.0,0.0,0.0,0.0,0.8630777597427368,0.11803782731294632,0.0,0.0
"DM-4218",False,"train",0.7517151236534119,0.09561247378587723,0.07776033133268356,0.05579797923564911,0.0,0.0,0.0,0.0,0.0
"DM-13402",False,"train",0.0,0.0,0.47638633847236633,0.04601559787988663,0.35019931197166443,0.10525749623775482,0.0,0.0,0.0
"DM-9168",False,"train",0.0,0.0,0.0,0.10379043966531754,0.5399512648582458,0.0,0.0,0.0,0.3372798562049866
"DM-1619",False,"train",0.0,0.0,0.0,0.0,0.9257146716117859,0.0,0.0,0.0,0.0
"DM-10412",False,"train",0.4804384112358093,0.0,0.0,0.0,0.0,0.0,0.49416202306747437,0.0,0.0
"DM-13956",False,"train",0.012124714441597462,0.012123437598347664,0.012124055065214634,0.012122190557420254,0.01212620921432972,0.012124603614211082,0.012131531722843647,0.9029989838600159,0.012124251574277878
"DM-13623",False,"train",0.0,0.0,0.0,0.0,0.0,0.0,0.0,0.0,0.9576148986816406
"DM-10764",False,"train",0.0,0.0,0.14594358205795288,0.0,0.0,0.0,0.8391726613044739,0.0,0.0
"DM-15812",False,"train",0.022247401997447014,0.02223093807697296,0.022231195122003555,0.022231057286262512,0.022232064977288246,0.02223128452897072,0.022230733186006546,0.022232023999094963,0.8221332430839539
"DM-13714",False,"train",0.0,0.0,0.0,0.0,0.0,0.0,0.7606853246688843,0.21904774010181427,0.0
"DM-12619",False,"train",0.046388961374759674,0.0,0.0,0.0,0.0,0.4524332880973816,0.0,0.478829562664032,0.0
"DM-17326",False,"train",0.0,0.0,0.0,0.0,0.0,0.0,0.0,0.0,0.9443044066429138
"DM-2623",False,"train",0.0,0.0,0.0,0.0,0.47703614830970764,0.0,0.0,0.4773687422275543,0.0
"DM-13323",True,"train",0.0,0.04864095523953438,0.0,0.22275441884994507,0.0,0.1821710616350174,0.5358836054801941,0.0,0.0
"DM-13192",False,"train",0.0,0.0,0.0,0.0,0.49297788739204407,0.46606147289276123,0.0,0.0,0.0
"DM-5881",False,"train",0.0,0.0,0.0,0.0,0.955452024936676,0.0,0.0,0.0,0.0
"DM-11450",False,"train",0.36232176423072815,0.0,0.10266607999801636,0.0,0.0,0.0,0.5164777636528015,0.0,0.0
"DM-2792",False,"train",0.0,0.0,0.0,0.0,0.0,0.0,0.0,0.0,0.948616087436676
"DM-10025",False,"train",0.20761816203594208,0.0,0.11982133984565735,0.0,0.0,0.3994733691215515,0.24185849726200104,0.0,0.0
"DM-15646",True,"train",0.0,0.0,0.0,0.0,0.18036751449108124,0.45629844069480896,0.3485875725746155,0.0,0.0
"DM-590",False,"train",0.0,0.0,0.0,0.1751670092344284,0.22881610691547394,0.27852171659469604,0.0,0.0,0.30802249908447266
"DM-2672",False,"train",0.015907790511846542,0.015913352370262146,0.015906237065792084,0.015908144414424896,0.015907593071460724,0.015909988433122635,0.8727313280105591,0.015907926484942436,0.015907635912299156
"DM-8989",False,"train",0.0,0.0,0.0,0.0,0.0,0.0,0.9792906045913696,0.0,0.0
"DM-8675",False,"train",0.0,0.611646831035614,0.0,0.0,0.0,0.0,0.0,0.0,0.3363269567489624
"DM-10873",False,"train",0.5891090631484985,0.018531253561377525,0.018532734364271164,0.0185373704880476,0.018529430031776428,0.01853066496551037,0.018534334376454353,0.018529731780290604,0.2811654210090637
"DM-17525",False,"train",0.0,0.0,0.0,0.693117618560791,0.0,0.0,0.0,0.0,0.2660147249698639
"DM-1587",True,"train",0.015888426452875137,0.015882711857557297,0.015882855281233788,0.7356755137443542,0.1531427949666977,0.01588089019060135,0.015881722792983055,0.0158837977796793,0.015881283208727837
"DM-7448",False,"train",0.048004064708948135,0.0,0.0,0.32960423827171326,0.6028591394424438,0.0,0.0,0.0,0.0
"DM-5770",False,"train",0.0,0.0,0.04894989728927612,0.923201322555542,0.0,0.0,0.0,0.0,0.0
"DM-13082",False,"train",0.0,0.0,0.0,0.0,0.0,0.0,0.0,0.0,0.946159839630127
"DM-5701",True,"train",0.0,0.0,0.0,0.23741523921489716,0.0,0.03252757713198662,0.188315287232399,0.0,0.5338736772537231
"DM-11720",False,"train",0.0,0.3407725989818573,0.0,0.34666699171066284,0.0,0.0,0.0,0.0,0.30468451976776123
"DM-11147",False,"train",0.0,0.6345428228378296,0.0,0.0,0.0,0.0,0.0,0.0,0.3374069929122925
"DM-6815",False,"train",0.0,0.0,0.0,0.0,0.8248398303985596,0.0,0.0,0.16678491234779358,0.0
"DM-10758",False,"train",0.0,0.0,0.21599633991718292,0.11891131848096848,0.0,0.0,0.14230945706367493,0.0,0.5104336738586426
"DM-1364",False,"train",0.0,0.0,0.0,0.9531508088111877,0.0,0.0,0.0,0.0,0.0
"DM-7676",False,"train",0.9762168526649475,0.0,0.0,0.0,0.0,0.0,0.0,0.0,0.0
"DM-10271",False,"train",0.0,0.6382905840873718,0.0,0.0,0.0,0.0,0.0,0.0,0.3505621552467346
"DM-7311",False,"train",0.027820372954010963,0.02780257724225521,0.027801932767033577,0.027799665927886963,0.027802200987935066,0.027799338102340698,0.26965469121932983,0.5357199907302856,0.027799207717180252
"DM-15252",True,"train",0.0,0.26377224922180176,0.12077904492616653,0.0,0.6038756370544434,0.0,0.0,0.0,0.0
"DM-17456",False,"train",0.0,0.0,0.0,0.0,0.0,0.2995598018169403,0.6190299391746521,0.0569080226123333,0.0
"DM-15891",False,"train",0.0,0.0,0.0,0.0,0.0,0.0,0.10348875820636749,0.8840461373329163,0.0
"DM-5094",True,"train",0.0,0.0,0.0,0.9702425599098206,0.0,0.0,0.0,0.0,0.0
"DM-12089",False,"train",0.0,0.0,0.0,0.4530431032180786,0.0,0.0,0.11997385323047638,0.41803938150405884,0.0
"DM-10116",False,"train",0.0,0.0,0.0,0.0,0.9505399465560913,0.0,0.0,0.0,0.0
"DM-10354",False,"train",0.0,0.0,0.12139139324426651,0.0,0.0,0.0,0.0,0.0,0.8522022366523743
"DM-14117",False,"train",0.0,0.0,0.0,0.19976544380187988,0.2564297020435333,0.0,0.0,0.5280676484107971,0.0
"DM-17474",True,"train",0.02723914571106434,0.027231594547629356,0.027239641174674034,0.02721850574016571,0.027219664305448532,0.41210025548934937,0.027218252420425415,0.027236970141530037,0.3972960114479065
"DM-11289",False,"train",0.4161555767059326,0.0,0.0,0.0,0.565143346786499,0.0,0.0,0.0,0.0
"DM-11885",True,"train",0.0,0.0,0.9505866765975952,0.0,0.0,0.0,0.0,0.0,0.0
"DM-5681",True,"train",0.0,0.08925270289182663,0.0,0.2227582037448883,0.33712446689605713,0.3335336744785309,0.0,0.0,0.0
"DM-3436",False,"train",0.0,0.0,0.0,0.0,0.3836178183555603,0.0,0.0,0.5567087531089783,0.0
"DM-5357",False,"train",0.0,0.9241609573364258,0.0,0.0,0.0,0.0,0.0,0.0,0.0
"DM-13272",True,"train",0.0,0.0,0.0,0.0,0.0,0.07389859855175018,0.06485296040773392,0.0,0.8347996473312378
"DM-10864",False,"train",0.22165729105472565,0.0,0.0,0.0,0.4886593520641327,0.0,0.0,0.0,0.25061678886413574
"DM-8229",False,"train",0.01014765352010727,0.9189128875732422,0.01013261266052723,0.010133455507457256,0.010134291835129261,0.010134045965969563,0.010134088806807995,0.010136491619050503,0.0101344995200634
"DM-10876",False,"train",0.8515962362289429,0.01854703761637211,0.018546923995018005,0.018547730520367622,0.018560020253062248,0.018543971702456474,0.01854882389307022,0.018557313829660416,0.018551932647824287
"DM-4258",False,"train",0.0,0.0,0.0,0.0,0.0,0.0,0.9765784740447998,0.0,0.0
"DM-7518",False,"train",0.0,0.9554873108863831,0.0,0.0,0.0,0.0,0.0,0.0,0.0
"DM-5197",True,"train",0.0,0.412279337644577,0.0,0.0,0.3295547366142273,0.0,0.0,0.0,0.2437397539615631
"DM-8147",False,"train",0.0,0.0,0.9930976033210754,0.0,0.0,0.0,0.0,0.0,0.0
"DM-12852",False,"train",0.04037698358297348,0.040377650409936905,0.040381889790296555,0.04038728028535843,0.04038058966398239,0.04037928581237793,0.040379296988248825,0.040379706770181656,0.6769573092460632
"DM-12232",False,"train",0.0,0.0,0.0,0.0,0.0,0.0,0.0,0.0,0.9700295329093933
"DM-7767",False,"train",0.011193066835403442,0.011188257485628128,0.011189399287104607,0.632010281085968,0.011190955527126789,0.01118797343224287,0.18225151300430298,0.11859980970621109,0.011188734322786331
"DM-2060",False,"train",0.01206798106431961,0.012068639509379864,0.1413436084985733,0.7741733193397522,0.012069471180438995,0.012067976407706738,0.01206956710666418,0.012069200165569782,0.012070235796272755
"DM-14545",False,"train",0.011123036034405231,0.011119079776108265,0.011119389906525612,0.9110270142555237,0.011127489618957043,0.011123140342533588,0.011120348237454891,0.011118817143142223,0.011121658608317375
"DM-4498",True,"train",0.013894744217395782,0.013894346542656422,0.22243818640708923,0.013898396864533424,0.013900933787226677,0.013897007331252098,0.680279552936554,0.013895018957555294,0.013901784084737301
"DM-9943",False,"train",0.0,0.0,0.0,0.9258443117141724,0.0,0.0,0.0,0.0,0.0
"DM-4589",False,"train",0.0,0.0,0.0,0.5845180153846741,0.10790789872407913,0.18138004839420319,0.11601214110851288,0.0,0.0
"DM-9172",False,"train",0.0,0.0,0.0,0.3576864004135132,0.0,0.0,0.0,0.0,0.6111524701118469
"DM-215",True,"train",0.4903905689716339,0.02223932556807995,0.02223670482635498,0.022245146334171295,0.022234687581658363,0.022235598415136337,0.022244755178689957,0.3539353907108307,0.022237807512283325
"DM-15232",False,"train",0.197337344288826,0.0,0.0,0.457467645406723,0.0,0.12249245494604111,0.1859784722328186,0.0,0.0
"DM-18362",False,"train",0.0,0.0,0.0,0.0,0.0,0.0,0.9505420327186584,0.0,0.0
"DM-9210",False,"train",0.22080779075622559,0.0,0.0,0.0,0.0,0.0,0.7506837844848633,0.0,0.0
"DM-11091",False,"train",0.04696458950638771,0.0,0.0,0.0,0.0,0.0,0.0,0.5712387561798096,0.34561699628829956
"DM-1052",False,"train",0.015884682536125183,0.015887804329395294,0.01587836630642414,0.015881134197115898,0.015877680853009224,0.015881525352597237,0.8729485869407654,0.015879102051258087,0.015881117433309555
"DM-800",False,"train",0.0,0.0,0.0,0.0,0.08060193806886673,0.0947623923420906,0.802172064781189,0.0,0.0
"DM-6474",False,"train",0.0,0.0,0.0,0.6186591386795044,0.0,0.33263400197029114,0.0,0.0,0.0
"DM-8014",False,"train",0.01576850563287735,0.015766942873597145,0.015772655606269836,0.8738378286361694,0.015769846737384796,0.015768999233841896,0.01576695591211319,0.015766529366374016,0.01578175462782383
"DM-13970",False,"train",0.0,0.0,0.0,0.0,0.36729589104652405,0.08694591373205185,0.39416491985321045,0.0,0.1347408890724182
"DM-13571",False,"train",0.0,0.0,0.0,0.5087840557098389,0.43411141633987427,0.0,0.0,0.0,0.0
"DM-13530",False,"train",0.34652453660964966,0.0,0.0,0.0,0.0,0.0,0.49312078952789307,0.0,0.1363895833492279
"DM-7547",False,"train",0.0,0.0,0.0,0.0,0.24619323015213013,0.0,0.7258962988853455,0.0,0.0
"DM-13950",False,"train",0.7973390817642212,0.0,0.0,0.0,0.15377937257289886,0.0,0.0,0.0,0.0
"DM-5823",False,"train",0.0,0.0,0.9605110883712769,0.0,0.0,0.0,0.0,0.0,0.0
"DM-8028",False,"train",0.0,0.0,0.0,0.9456191062927246,0.0,0.0,0.0,0.0,0.0
"DM-15396",False,"train",0.0,0.0,0.06893166899681091,0.0,0.38593238592147827,0.5339022278785706,0.0,0.0,0.0
"DM-2982",False,"train",0.492761492729187,0.0,0.0,0.0,0.0,0.0,0.0,0.5034615397453308,0.0
"DM-9939",False,"train",0.0,0.0,0.0,0.0,0.0,0.0,0.8733983039855957,0.0,0.10999996960163116
"DM-17202",False,"train",0.0,0.0,0.11173488944768906,0.37570831179618835,0.0,0.0,0.307986855506897,0.0,0.1891665905714035
"DM-8669",False,"train",0.02024880424141884,0.020253701135516167,0.020251447334885597,0.837963879108429,0.020260224118828773,0.02025306224822998,0.02025609277188778,0.020252985879778862,0.020259836688637733
"DM-75",False,"train",0.32573509216308594,0.0,0.04522455483675003,0.0,0.012663007713854313,0.09217599034309387,0.31029176712036133,0.21152956783771515,0.0
"DM-5447",False,"train",0.0,0.0,0.0,0.0,0.7064673900604248,0.0,0.26840656995773315,0.0,0.0
"DM-8800",False,"train",0.6419575214385986,0.0,0.0,0.31723859906196594,0.0,0.0,0.0,0.0,0.0
"DM-8150",False,"train",0.06737601011991501,0.019419196993112564,0.0,0.0,0.1712978631258011,0.2491520792245865,0.265555202960968,0.15516608953475952,0.06974425166845322
"DM-1927",True,"train",0.012394284829497337,0.01239588763564825,0.012393230572342873,0.012397604994475842,0.012395784258842468,0.7489808201789856,0.012399710714817047,0.16424521803855896,0.012397440150380135
"DM-18591",True,"train",0.06547839194536209,0.0,0.0,0.40698379278182983,0.37342679500579834,0.05266880244016647,0.04771282896399498,0.046623457223176956,0.0
"DM-17917",False,"train",0.0,0.0,0.0,0.0,0.0,0.0,0.1770029515028,0.0,0.8038662075996399
"DM-13904",False,"train",0.121316097676754,0.0,0.0,0.0,0.0,0.4345126748085022,0.4028643071651459,0.0,0.0
"DM-1316",True,"train",0.0,0.5563361048698425,0.0,0.0,0.0,0.42485499382019043,0.0,0.0,0.0
"DM-6592",False,"train",0.0,0.0,0.0,0.0,0.0,0.4531448185443878,0.0,0.0,0.4905361235141754
"DM-16756",False,"train",0.0,0.9821789264678955,0.0,0.0,0.0,0.0,0.0,0.0,0.0
"DM-8032",False,"train",0.0,0.4961719512939453,0.0,0.0,0.0,0.0,0.3571276366710663,0.0,0.12912027537822723
"DM-14282",False,"train",0.492887407541275,0.0,0.0,0.0,0.014226817525923252,0.0,0.0,0.48643630743026733,0.0
"DM-13577",False,"train",0.0,0.31106582283973694,0.0,0.0,0.0,0.0,0.0,0.12736350297927856,0.5332813858985901
"DM-8913",False,"train",0.0,0.0,0.0,0.944368302822113,0.0,0.0,0.0,0.0,0.0
"DM-17030",False,"train",0.0,0.0,0.0,0.0,0.0,0.14756785333156586,0.3565516173839569,0.0,0.48873046040534973
"DM-6063",False,"train",0.0,0.06674234569072723,0.0,0.0,0.0,0.5544981956481934,0.0,0.3562905490398407,0.0
"DM-9944",False,"train",0.0,0.0,0.0,0.954446017742157,0.0,0.0,0.0,0.0,0.0
"DM-9024",False,"train",0.0,0.6649896502494812,0.0,0.0,0.0,0.0,0.3059212267398834,0.0,0.0
"DM-14001",False,"train",0.14543688297271729,0.013912410475313663,0.013921478763222694,0.013912178575992584,0.013912830501794815,0.01391339860856533,0.22846657037734985,0.18294163048267365,0.373582661151886
"DM-13621",True,"train",0.012408504262566566,0.012407451868057251,0.012410185299813747,0.012413710355758667,0.3607320189476013,0.012408353388309479,0.5523960590362549,0.0124097540974617,0.012414027005434036
"DM-15770",False,"train",0.0,0.0,0.0,0.0,0.0,0.0,0.0,0.9644007682800293,0.0
"DM-4498",True,"train",0.013894744217395782,0.013894346542656422,0.22243818640708923,0.013898396864533424,0.013900933787226677,0.013897007331252098,0.680279552936554,0.013895018957555294,0.013901784084737301
"DM-4492",False,"train",0.015884622931480408,0.015882058069109917,0.01588200032711029,0.015889784321188927,0.8729103207588196,0.01589847169816494,0.01589057594537735,0.01588059403002262,0.01588156260550022
"DM-1291",False,"train",0.0,0.0,0.0,0.0,0.5441974997520447,0.0,0.42712369561195374,0.0,0.0
"DM-7139",False,"train",0.0,0.0,0.0,0.45248305797576904,0.0,0.5175724625587463,0.0,0.0,0.0
"DM-6348",False,"train",0.0,0.0,0.0,0.0,0.0,0.0,0.9362528324127197,0.0,0.0
"DM-4992",False,"train",0.0,0.0,0.0,0.0,0.0,0.0,0.8619266748428345,0.09548412263393402,0.0
"DM-1533",True,"train",0.013915144838392735,0.01391527522355318,0.01391423400491476,0.013914731331169605,0.6138002276420593,0.013916222378611565,0.013915221206843853,0.2887950837612152,0.013913890346884727
"DM-298",False,"train",0.0,0.04072447121143341,0.0,0.0,0.0,0.0,0.745699405670166,0.19803763926029205,0.0
"DM-6343",False,"train",0.0,0.0,0.0,0.0,0.0,0.0,0.28422296047210693,0.04927249252796173,0.6464241147041321
"DM-11126",False,"train",0.0,0.0,0.0,0.0,0.0,0.965785026550293,0.0,0.0,0.0
"DM-15134",False,"train",0.0,0.0,0.0,0.0,0.9472920894622803,0.0,0.0,0.0,0.0
"DM-5848",False,"train",0.0,0.0,0.0,0.0,0.9612698554992676,0.0,0.0,0.0,0.0
"DM-17300",False,"train",0.0,0.0,0.0,0.0,0.6443586945533752,0.13612112402915955,0.18634290993213654,0.0,0.0
"DM-4596",False,"train",0.0,0.0,0.6648049354553223,0.0,0.0,0.3049277067184448,0.0,0.0,0.0
"DM-1463",False,"train",0.0,0.0,0.0,0.0,0.0,0.0,0.7549638748168945,0.0,0.19908614456653595
"DM-3983",False,"train",0.0,0.0,0.0,0.0,0.9838159680366516,0.0,0.0,0.0,0.0
"DM-1326",False,"train",0.0,0.10293608903884888,0.0,0.13467399775981903,0.0,0.5382483005523682,0.11433735489845276,0.09291889518499374,0.0
"DM-6464",False,"train",0.0,0.0,0.0,0.0,0.23956401646137238,0.0,0.0,0.7171922326087952,0.0
"DM-9503",False,"train",0.7114282846450806,0.283111572265625,0.0,0.0,0.0,0.0,0.0,0.0,0.0
"DM-1529",False,"train",0.0,0.0,0.11305795609951019,0.19238141179084778,0.0,0.5242311358451843,0.0,0.0,0.16163267195224762
"DM-17527",False,"train",0.0,0.0,0.0,0.43273410201072693,0.0,0.10531850159168243,0.0,0.0,0.44619235396385193
"DM-12636",False,"train",0.0,0.0,0.31397244334220886,0.0,0.0,0.0,0.44648873805999756,0.20757123827934265,0.0
"DM-14774",True,"train",0.0,0.0,0.0,0.4502948522567749,0.073085717856884,0.4580644369125366,0.0,0.0,0.0
"DM-16828",False,"train",0.0,0.0,0.0,0.24299752712249756,0.0,0.3308030962944031,0.24134118854999542,0.0,0.16079430282115936
"DM-2625",False,"train",0.0,0.0,0.0,0.0,0.0,0.0,0.0,0.9560319781303406,0.0
"DM-10069",False,"train",0.4462146759033203,0.0,0.0,0.0681830495595932,0.0,0.0,0.4585985541343689,0.0,0.0
"DM-14879",False,"train",0.0,0.0,0.0,0.0,0.0,0.9385462999343872,0.0,0.0,0.0
"DM-15214",True,"train",0.2985219657421112,0.0,0.0,0.0,0.0,0.0,0.0,0.0,0.6692278981208801
"DM-8674",True,"train",0.0,0.7056190371513367,0.0,0.0,0.2292957752943039,0.0,0.0,0.0,0.0
"DM-12377",False,"train",0.16813994944095612,0.0,0.0,0.0,0.6861921548843384,0.0,0.0,0.0,0.10890381038188934
"DM-6498",False,"train",0.0,0.0,0.0,0.0,0.0,0.40351319313049316,0.5719097256660461,0.0,0.0
"DM-6817",False,"train",0.0,0.0,0.0,0.0,0.0,0.0,0.0,0.9461451172828674,0.0
"DM-13571",False,"train",0.0,0.0,0.0,0.5087840557098389,0.43411141633987427,0.0,0.0,0.0,0.0
"DM-5512",True,"train",0.7776429057121277,0.027810413390398026,0.027788663282990456,0.027793165296316147,0.02778458409011364,0.027796121314167976,0.0277929175645113,0.027796871960163116,0.027794312685728073
"DM-7783",False,"train",0.0,0.0,0.0,0.4738488495349884,0.0,0.0,0.4772387742996216,0.0,0.0
"DM-10890",False,"train",0.0,0.243414968252182,0.12274723500013351,0.4983628988265991,0.10070297867059708,0.0,0.0,0.0,0.0
"DM-18329",False,"train",0.11735197901725769,0.0,0.0,0.0,0.7730785012245178,0.0,0.0,0.07242921739816666,0.0
"DM-10087",False,"train",0.0,0.0,0.0,0.12904751300811768,0.0,0.0,0.0,0.8410055041313171,0.0
"DM-9110",False,"train",0.0,0.0,0.0,0.670332133769989,0.0,0.0,0.0,0.30281174182891846,0.0
"DM-9940",False,"train",0.0,0.0,0.0,0.4760948419570923,0.0,0.0,0.3989573121070862,0.09767235070466995,0.0
"DM-8212",False,"train",0.0,0.0,0.0,0.10440784692764282,0.0,0.0,0.7105339169502258,0.16085927188396454,0.0
"DM-18743",False,"train",0.0,0.0,0.19949236512184143,0.23549477756023407,0.0,0.31468385457992554,0.12899838387966156,0.026797868311405182,0.08906356990337372
"DM-7067",False,"train",0.0,0.0,0.0,0.0,0.6147224307060242,0.11362043023109436,0.0,0.2422935962677002,0.0
"DM-13623",False,"train",0.0,0.0,0.0,0.0,0.0,0.0,0.0,0.0,0.9576148986816406
"DM-11445",True,"train",0.16693176329135895,0.0,0.0,0.7019031047821045,0.0,0.11220282316207886,0.0,0.0,0.0
"DM-1589",True,"train",0.0,0.0,0.9315575957298279,0.0,0.0,0.0,0.0,0.0,0.0
"DM-6813",False,"train",0.01579028181731701,0.01578938029706478,0.01578700914978981,0.01578863337635994,0.015793191269040108,0.01579091139137745,0.5872674584388733,0.0157941784709692,0.30219897627830505
"DM-5284",False,"train",0.0,0.40246516466140747,0.04456415772438049,0.0,0.0,0.0,0.0,0.5272298455238342,0.0
"DM-12980",False,"train",0.0,0.5798656344413757,0.0,0.0,0.0,0.0,0.0,0.0,0.361663281917572
"DM-17323",False,"train",0.0,0.0,0.0,0.11155851930379868,0.7846746444702148,0.0,0.025950631126761436,0.0,0.0741288885474205
"DM-18121",False,"train",0.0,0.0,0.0,0.0,0.9835262298583984,0.0,0.0,0.0,0.0
"DM-3181",False,"train",0.01390934269875288,0.013913553208112717,0.013908691704273224,0.013910826295614243,0.01391021441668272,0.013911276124417782,0.888707160949707,0.013918223790824413,0.013910666108131409
"DM-13460",False,"train",0.018534930422902107,0.01854212023317814,0.01853824034333229,0.018548792228102684,0.01854378543794155,0.01853647455573082,0.01854614168405533,0.018535207957029343,0.8516743183135986
"DM-12552",False,"train",0.2234514355659485,0.0,0.0,0.7334623336791992,0.0,0.0,0.0,0.0,0.0
"DM-10976",False,"train",0.0,0.0,0.41742581129074097,0.5547209978103638,0.0,0.0,0.0,0.0,0.0
"DM-17740",False,"train",0.0,0.0,0.0,0.9344729781150818,0.0,0.0,0.05889948830008507,0.0,0.0
"DM-11574",True,"train",0.0,0.0,0.0,0.7973690629005432,0.0,0.0,0.0,0.0,0.19210195541381836
"DM-5919",False,"train",0.0,0.0,0.0,0.05281434580683708,0.0,0.0,0.9255061745643616,0.0,0.0
"DM-10827",True,"train",0.0,0.0,0.0,0.0,0.0,0.0,0.03577251732349396,0.0,0.9251915812492371
"DM-1128",False,"train",0.0,0.8089796304702759,0.0,0.0,0.0,0.0,0.0,0.0,0.14292433857917786
"DM-8182",False,"train",0.6684790253639221,0.0,0.0,0.0,0.0,0.28632092475891113,0.0,0.0,0.0
"DM-3946",False,"train",0.03668374940752983,0.036698728799819946,0.036685649305582047,0.03667858615517616,0.03668349236249924,0.036681167781353,0.7065288424491882,0.03668404743075371,0.03667574003338814
"DM-14669",True,"train",0.0,0.0,0.0,0.0,0.0,0.0,0.0,0.9777454137802124,0.0
"DM-13686",True,"train",0.0,0.0,0.0,0.0,0.0,0.18152709305286407,0.7884581089019775,0.0,0.0
"DM-9535",False,"train",0.0,0.0,0.0,0.8241795301437378,0.0,0.0,0.0,0.15866991877555847,0.0
"DM-17265",False,"train",0.537627637386322,0.0,0.0,0.28322678804397583,0.0,0.1298147737979889,0.03860897943377495,0.0,0.0
"DM-9380",False,"train",0.0,0.0,0.0,0.0,0.0,0.15771503746509552,0.0,0.7935148477554321,0.0
"DM-7756",False,"train",0.013909622095525265,0.01390136033296585,0.01390223391354084,0.013901635073125362,0.38682371377944946,0.01390760112553835,0.013904368504881859,0.5158493518829346,0.01390011515468359
"DM-6542",False,"train",0.0,0.0,0.0,0.8876826167106628,0.0,0.0,0.0,0.07565347105264664,0.0
"DM-8122",False,"train",0.1483057737350464,0.0,0.21717236936092377,0.6229687929153442,0.0,0.0,0.0,0.0,0.0
"DM-16843",False,"train",0.0,0.0,0.0,0.0,0.08874041587114334,0.0,0.8602275252342224,0.0,0.0
"DM-3898",False,"train",0.17384879291057587,0.0,0.23945429921150208,0.5831978917121887,0.0,0.0,0.0,0.0,0.0
"DM-11698",False,"train",0.6301781535148621,0.0,0.0,0.1595223844051361,0.0,0.19920147955417633,0.0,0.0,0.0
"DM-14236",False,"train",0.6257216334342957,0.0,0.0,0.0,0.0,0.33604782819747925,0.0,0.0,0.0
"DM-9567",True,"train",0.0,0.0,0.0,0.16687323153018951,0.0,0.0,0.0,0.8243758082389832,0.0
"DM-12378",False,"train",0.0,0.0,0.0,0.0,0.17449751496315002,0.0,0.44871005415916443,0.23972263932228088,0.12657314538955688
"DM-4808",False,"train",0.0,0.0,0.0,0.0,0.0,0.0,0.0,0.0,0.9476454257965088
"DM-9909",False,"train",0.7399402856826782,0.0,0.0,0.0,0.0,0.0,0.0,0.25878679752349854,0.0
"DM-13542",True,"train",0.0,0.9208366870880127,0.0,0.0,0.0,0.0,0.0,0.0,0.0
"DM-3662",False,"train",0.2903490960597992,0.015888774767518044,0.015881605446338654,0.015883931890130043,0.015884000808000565,0.015889475122094154,0.598438024520874,0.015898074954748154,0.015887053683400154
"DM-17974",False,"train",0.0,0.0,0.42181167006492615,0.0,0.0,0.0,0.0,0.0,0.5430444478988647
"DM-5161",False,"train",0.7299695611000061,0.01696787215769291,0.0,0.0,0.0,0.0,0.0,0.0,0.24337081611156464
"DM-1584",False,"train",0.0,0.11962398886680603,0.0,0.0,0.19771599769592285,0.0,0.24910897016525269,0.4201407730579376,0.0
"DM-12031",False,"train",0.0,0.0,0.0,0.0,0.0,0.0,0.0,0.0,0.9613115191459656
"DM-14827",False,"train",0.0,0.0,0.0,0.0,0.8711310625076294,0.0,0.08609622716903687,0.0,0.0
"DM-7173",False,"train",0.017623350024223328,0.017640825361013412,0.017635921016335487,0.017632298171520233,0.017637507990002632,0.0176259595900774,0.017620664089918137,0.017621804028749466,0.8589617013931274
"DM-14429",False,"train",0.0,0.29650261998176575,0.0,0.0,0.0,0.0,0.6430160999298096,0.0,0.0
"DM-14714",False,"train",0.015883510932326317,0.015884026885032654,0.015880761668086052,0.015890488401055336,0.015884241089224815,0.015885349363088608,0.872927725315094,0.01588091067969799,0.015883002430200577
"DM-17433",False,"train",0.8967921137809753,0.012896168045699596,0.01290268637239933,0.012905873358249664,0.012898458167910576,0.01290443167090416,0.0129015501588583,0.012899355962872505,0.012899372726678848
"DM-10065",True,"train",0.0,0.0,0.16721519827842712,0.0,0.1505894660949707,0.18319903314113617,0.34877124428749084,0.0,0.14627712965011597
"DM-8563",False,"train",0.0,0.0,0.0,0.0,0.0,0.0,0.10246611386537552,0.8576024174690247,0.0
"DM-7137",False,"train",0.0,0.0,0.4945676922798157,0.0,0.20467643439769745,0.0,0.2929111123085022,0.0,0.0
"DM-930",True,"train",0.0,0.0,0.0,0.0,0.0,0.0,0.9915116429328918,0.0,0.0
"DM-7170",False,"train",0.0,0.47869232296943665,0.0,0.0,0.0,0.4858754575252533,0.0,0.0,0.0
"DM-2201",True,"train",0.9154839515686035,0.010564245283603668,0.01056953240185976,0.0105659244582057,0.010565499775111675,0.010566692799329758,0.010561770759522915,0.01055968552827835,0.010562676936388016
"DM-23",False,"train",0.02005082741379738,0.02004462666809559,0.02003706432878971,0.020036594942212105,0.020035916939377785,0.839658260345459,0.02003444731235504,0.020066725090146065,0.020035570487380028
"DM-11771",False,"train",0.0,0.41718581318855286,0.0,0.0,0.0,0.5251409411430359,0.0,0.0,0.0
"DM-448",False,"train",0.02232111059129238,0.02232481725513935,0.022318707779049873,0.02231591008603573,0.02231757529079914,0.022334586828947067,0.022323528304696083,0.3146088719367981,0.5291349291801453
"DM-11790",False,"train",0.0,0.0,0.0,0.16445504128932953,0.0,0.0,0.0,0.0,0.790900468826294
"DM-5682",False,"train",0.0,0.3539239764213562,0.0,0.14789266884326935,0.0,0.0,0.1934075802564621,0.26787474751472473,0.0
"DM-2711",False,"train",0.0,0.0,0.9448461532592773,0.0,0.0,0.0,0.0,0.0,0.0
"DM-10237",False,"train",0.0,0.0,0.0,0.5145081281661987,0.0,0.0,0.0,0.44007477164268494,0.0
"DM-7177",True,"train",0.0,0.9505663514137268,0.0,0.0,0.0,0.0,0.0,0.0,0.0
"DM-10184",False,"train",0.0,0.057092271745204926,0.0,0.43695786595344543,0.0,0.0,0.2382573038339615,0.040757786482572556,0.22094804048538208
"DM-16430",False,"train",0.0,0.0,0.0,0.0,0.0,0.46892911195755005,0.4831959009170532,0.0,0.0
"DM-3803",False,"train",0.10485494136810303,0.0,0.6286569237709045,0.24726660549640656,0.0,0.0,0.018702836707234383,0.0,0.0
"DM-12980",False,"train",0.0,0.5798656344413757,0.0,0.0,0.0,0.0,0.0,0.0,0.361663281917572
"DM-14227",True,"train",0.3642928898334503,0.0,0.0,0.0,0.0,0.0,0.6248049139976501,0.0,0.0
"DM-18019",False,"train",0.14467661082744598,0.7811034917831421,0.01060117594897747,0.01060335710644722,0.01060303021222353,0.010604683309793472,0.010605416260659695,0.010601076297461987,0.010601136833429337
"DM-18161",True,"train",0.0,0.0,0.0,0.0,0.9328373074531555,0.0,0.0,0.0,0.0
"DM-14848",False,"train",0.6431780457496643,0.0,0.0,0.04662834852933884,0.0,0.0,0.0,0.0,0.2917514741420746
"DM-12611",False,"train",0.33022478222846985,0.0,0.1734364926815033,0.27127209305763245,0.0,0.0,0.20776547491550446,0.0,0.0
"DM-6465",False,"train",0.0,0.0,0.0,0.0,0.0,0.0,0.3612021803855896,0.595535933971405,0.0
"DM-6474",False,"train",0.0,0.0,0.0,0.6186591386795044,0.0,0.33263400197029114,0.0,0.0,0.0
"DM-18708",False,"train",0.9472690224647522,0.0,0.0,0.0,0.0,0.0,0.0,0.0,0.0
"DM-6473",True,"train",0.0,0.20723874866962433,0.0,0.23036009073257446,0.19078241288661957,0.0,0.36314719915390015,0.0,0.0
"DM-13065",False,"train",0.0,0.0,0.0,0.0,0.0,0.0,0.0,0.0,0.9599063396453857
"DM-518",False,"train",0.19736266136169434,0.0,0.689952552318573,0.0,0.0,0.0,0.0,0.08259274065494537,0.0
"DM-4567",True,"train",0.5252679586410522,0.0,0.0,0.0,0.45487549901008606,0.0,0.0,0.0,0.0
"DM-15801",False,"train",0.0,0.0,0.0,0.0,0.0,0.3266112506389618,0.0,0.0,0.6528359651565552
"DM-16468",False,"train",0.0,0.0,0.0,0.0,0.0,0.0,0.0,0.0,0.9846307039260864
"DM-17146",False,"train",0.0,0.0,0.0,0.5627734661102295,0.0,0.3747391700744629,0.0,0.0,0.0
"DM-16035",True,"train",0.0,0.0,0.0,0.0,0.9788211584091187,0.0,0.0,0.0,0.0
"DM-4194",False,"train",0.9657742977142334,0.0,0.0,0.0,0.0,0.0,0.0,0.0,0.0
"DM-17508",False,"train",0.0,0.0,0.936474084854126,0.0,0.0,0.0,0.0,0.0,0.0
"DM-10356",True,"train",0.0,0.0,0.0,0.0,0.5655570030212402,0.0,0.0,0.0,0.3790978193283081
"DM-14720",False,"train",0.0,0.0,0.0,0.0,0.0,0.0,0.0,0.0756610631942749,0.8687056303024292
"DM-18159",True,"train",0.0,0.0,0.0,0.0,0.0,0.7439681887626648,0.21960493922233582,0.0,0.0
"DM-17720",True,"train",0.0,0.0,0.0,0.0,0.978818416595459,0.0,0.0,0.0,0.0
"DM-5502",False,"train",0.0,0.0,0.0,0.0,0.0,0.07291359454393387,0.6678175926208496,0.23882730305194855,0.0
"DM-11739",False,"train",0.013978119939565659,0.8881796598434448,0.013974973000586033,0.013975548557937145,0.01397953275591135,0.013978350907564163,0.013975879177451134,0.013982188887894154,0.013975787907838821
"DM-16752",False,"train",0.0,0.21225617825984955,0.0,0.0,0.11078428477048874,0.11883228272199631,0.3199745714664459,0.11002132296562195,0.1232648715376854
"DM-15005",False,"train",0.0,0.0,0.0,0.0,0.13820350170135498,0.37882015109062195,0.4397169053554535,0.0,0.0
"DM-2708",False,"train",0.0,0.0,0.1063021868467331,0.0956830233335495,0.0,0.0,0.7728914618492126,0.0,0.0
"DM-13953",False,"train",0.215176060795784,0.011128325015306473,0.011130454950034618,0.011127729900181293,0.7069265246391296,0.011126197874546051,0.011127294972538948,0.01113146636635065,0.01112593337893486
"DM-875",False,"train",0.0,0.9865174293518066,0.0,0.0,0.0,0.0,0.0,0.0,0.0
"DM-10933",False,"train",0.0,0.0,0.0,0.0,0.0,0.0,0.0,0.6658819913864136,0.2932251989841461
"DM-11325",False,"train",0.010158348828554153,0.010156945325434208,0.9187179207801819,0.010159581899642944,0.01015603356063366,0.010160754434764385,0.01016198005527258,0.010168290697038174,0.010160163044929504
"DM-5922",False,"train",0.3893074095249176,0.0,0.0,0.0,0.0,0.0,0.596790075302124,0.0,0.0
"DM-3366",False,"train",0.010108444839715958,0.9191277027130127,0.010109697468578815,0.010107717476785183,0.010111751966178417,0.010107777081429958,0.010110446251928806,0.010108410380780697,0.010108078829944134
"DM-13895",False,"train",0.31401586532592773,0.011078033596277237,0.01107104867696762,0.011075721122324467,0.4621833264827728,0.011073805391788483,0.01107501145452261,0.15735474228858948,0.011072453111410141
"DM-6029",False,"train",0.01211229246109724,0.012112926691770554,0.012112927623093128,0.9030966758728027,0.01211856584995985,0.01210977416485548,0.012115086428821087,0.012111461721360683,0.012110304087400436
"DM-800",False,"train",0.0,0.0,0.0,0.0,0.08060193806886673,0.0947623923420906,0.802172064781189,0.0,0.0
"DM-2161",False,"train",0.0,0.0,0.0,0.10117331147193909,0.31878334283828735,0.0,0.0,0.5383461117744446,0.0
"DM-10397",False,"train",0.0,0.0,0.0,0.37180671095848083,0.0,0.5189477801322937,0.08959644287824631,0.0,0.0
"DM-1130",False,"train",0.926916241645813,0.0,0.0,0.0,0.0,0.0,0.0,0.0,0.0
"DM-4582",False,"train",0.0,0.0,0.0,0.7177969813346863,0.0,0.0,0.2432684451341629,0.0,0.0
"DM-18154",False,"train",0.1491304188966751,0.0,0.0,0.0,0.0,0.0,0.0,0.0,0.843338131904602
"DM-11732",False,"train",0.8517317175865173,0.01853105239570141,0.018533926457166672,0.018528718501329422,0.018547402694821358,0.01852996274828911,0.01853119768202305,0.0185314379632473,0.018534624949097633
"DM-7532",False,"train",0.5308261513710022,0.0,0.0,0.0,0.0,0.0,0.46271687746047974,0.0,0.0
"DM-13514",False,"train",0.0,0.0,0.0,0.44547438621520996,0.38463476300239563,0.0,0.12248343229293823,0.0,0.0
"DM-9004",False,"train",0.0,0.3303062617778778,0.551805853843689,0.0,0.0,0.09630675613880157,0.0,0.0,0.0
"DM-13851",False,"train",0.0,0.0,0.0,0.42217978835105896,0.0,0.0,0.5610030889511108,0.0,0.0
"DM-4556",False,"train",0.0,0.0,0.0,0.0,0.0,0.6157223582267761,0.0,0.3689914047718048,0.0
"DM-4503",True,"train",0.013893483206629753,0.013891764916479588,0.013890590518712997,0.013893009163439274,0.013901623897254467,0.013891281560063362,0.8888549208641052,0.013892071321606636,0.013891272246837616
"DM-10381",False,"train",0.0,0.0,0.0,0.8804826140403748,0.0,0.0,0.0,0.0,0.09468360245227814
"DM-17279",False,"train",0.05441645532846451,0.0,0.17868678271770477,0.0,0.7346696257591248,0.0,0.0,0.0,0.0
"DM-5297",False,"train",0.0,0.0,0.0,0.0,0.8301525115966797,0.0,0.0,0.0,0.15394483506679535
"DM-13812",False,"train",0.0,0.2005142867565155,0.0,0.0,0.0,0.0,0.0,0.0,0.7716741561889648
"DM-614",False,"train",0.0,0.0,0.0,0.0,0.0,0.0,0.0,0.9349159598350525,0.0
"DM-15871",False,"train",0.0,0.0,0.23937779664993286,0.7327702641487122,0.0,0.0,0.0,0.0,0.0
"DM-12430",False,"train",0.0,0.0,0.0,0.43565526604652405,0.0,0.0,0.0,0.0,0.5420003533363342
"DM-15054",False,"train",0.0,0.0,0.4862615764141083,0.0,0.0,0.2222294807434082,0.0,0.0,0.2832397222518921
"DM-16220",False,"train",0.0,0.0,0.0,0.0,0.348308801651001,0.0,0.0,0.6008697152137756,0.0
"DM-17720",True,"train",0.0,0.0,0.0,0.0,0.978818416595459,0.0,0.0,0.0,0.0
"DM-2792",False,"train",0.0,0.0,0.0,0.0,0.0,0.0,0.0,0.0,0.948616087436676
"DM-11585",False,"train",0.436981201171875,0.0,0.0,0.0,0.0,0.0,0.5178314447402954,0.0,0.0
"DM-13217",False,"train",0.0,0.0,0.5563090443611145,0.0,0.3920404016971588,0.0,0.0,0.0,0.0
"DM-9641",False,"train",0.025467099621891975,0.02547280676662922,0.02547047659754753,0.02546675130724907,0.02546987496316433,0.0254667978733778,0.025470318272709846,0.025471223518252373,0.7962446808815002
"DM-17456",False,"train",0.0,0.0,0.0,0.0,0.0,0.2995598018169403,0.6190299391746521,0.0569080226123333,0.0
"DM-9937",False,"train",0.0,0.0,0.8840892314910889,0.0,0.0,0.07203725725412369,0.02057849057018757,0.0,0.021219931542873383
"DM-8874",False,"train",0.0,0.8192134499549866,0.0,0.11590222269296646,0.0,0.0,0.0,0.0,0.0
"DM-8720",False,"train",0.0,0.0,0.5986500978469849,0.0,0.0,0.3423265218734741,0.0,0.0,0.0
"DM-14239",False,"train",0.0,0.0,0.0,0.7253788113594055,0.21070587635040283,0.0,0.0,0.0,0.0
"DM-5700",False,"train",0.010028294287621975,0.010030052624642849,0.01002818625420332,0.010031667537987232,0.29944556951522827,0.01003300491720438,0.630345344543457,0.010027664713561535,0.010030181147158146
"DM-8215",True,"train",0.0,0.0,0.0,0.0,0.015796616673469543,0.0,0.6232128143310547,0.08753766864538193,0.26846086978912354
"DM-17611",False,"train",0.0,0.0,0.0,0.09902895987033844,0.0,0.0,0.0,0.5872397422790527,0.29255053400993347
"DM-13998",False,"train",0.01577305607497692,0.01577424630522728,0.015770651400089264,0.015778543427586555,0.015775851905345917,0.015777869150042534,0.01578446477651596,0.8737790584564209,0.01578623801469803
"DM-1868",True,"train",0.0,0.0,0.0,0.0,0.0,0.0,0.7175249457359314,0.2615470290184021,0.0
"DM-11882",False,"train",0.0,0.34624719619750977,0.3413110375404358,0.0,0.0,0.0,0.0,0.0,0.2813479006290436
"DM-17219",False,"train",0.0,0.0,0.0,0.0,0.0,0.0,0.9681506156921387,0.0,0.0
"DM-12568",True,"train",0.0,0.0,0.0,0.0,0.0,0.0,0.0,0.9314752221107483,0.0
"DM-12110",False,"train",0.0,0.0,0.0,0.0,0.6607159972190857,0.0,0.2756460905075073,0.0,0.0
"DM-1584",False,"train",0.0,0.11962398886680603,0.0,0.0,0.19771599769592285,0.0,0.24910897016525269,0.4201407730579376,0.0
"DM-11747",False,"train",0.5714908242225647,0.0,0.0,0.0,0.0,0.38554516434669495,0.0,0.0,0.0
"DM-10807",False,"train",0.0,0.16929925978183746,0.0,0.1783975064754486,0.0,0.6292638182640076,0.0,0.0,0.0
"DM-1547",False,"train",0.011115620844066143,0.9110743403434753,0.011113530956208706,0.011118033900856972,0.011115415021777153,0.01111598964780569,0.011115925386548042,0.011114525608718395,0.01111660711467266
"DM-5247",False,"train",0.0,0.0,0.6603227853775024,0.09143350273370743,0.0,0.0,0.0,0.15534761548042297,0.08934258669614792
"DM-13526",False,"train",0.0,0.0,0.0,0.0,0.0,0.0,0.9473664164543152,0.0,0.04064984992146492
"DM-4830",False,"train",0.0,0.0,0.0,0.0,0.9759485125541687,0.0,0.0,0.0,0.0
"DM-6631",False,"train",0.33551061153411865,0.0,0.0,0.0,0.32246649265289307,0.2904461920261383,0.0,0.04331894963979721,0.0
"DM-13849",False,"train",0.3691011667251587,0.0,0.0,0.0,0.0,0.0,0.0,0.0,0.6126555800437927
"DM-3490",False,"train",0.0,0.0,0.0,0.0,0.0,0.0,0.21843299269676208,0.0,0.7580363750457764
"DM-17301",False,"train",0.0,0.0,0.0,0.0,0.0,0.6366077661514282,0.3201410174369812,0.0,0.0
"DM-7710",False,"train",0.3622080385684967,0.0,0.33183103799819946,0.0,0.0,0.0,0.24621549248695374,0.0,0.0
"DM-8408",False,"train",0.0,0.0,0.0,0.0,0.07563409954309464,0.8819734454154968,0.0,0.0,0.0
"DM-1424",False,"train",0.98183673620224,0.0,0.0,0.0,0.0,0.0,0.0,0.0,0.0
"DM-8032",False,"train",0.0,0.4961719512939453,0.0,0.0,0.0,0.0,0.3571276366710663,0.0,0.12912027537822723
"DM-15102",False,"train",0.0,0.0,0.0,0.0,0.0,0.0,0.0,0.0,0.9531736969947815
"DM-14545",False,"train",0.011123036034405231,0.011119079776108265,0.011119389906525612,0.9110270142555237,0.011127489618957043,0.011123140342533588,0.011120348237454891,0.011118817143142223,0.011121658608317375
"DM-8112",False,"train",0.0,0.6775855422019958,0.0,0.0,0.0,0.29546427726745605,0.0,0.0,0.0
"DM-16902",False,"train",0.0,0.0,0.7518990635871887,0.0,0.0,0.0,0.0,0.20705559849739075,0.0
"DM-2737",False,"train",0.0,0.043805383145809174,0.0,0.26516786217689514,0.0,0.0,0.14698506891727448,0.5344182848930359,0.0
"DM-13687",False,"train",0.0,0.0,0.0,0.9861029982566833,0.0,0.0,0.0,0.0,0.0
"DM-17503",False,"train",0.19156034290790558,0.0,0.0,0.5307645201683044,0.07321298867464066,0.045558828860521317,0.0,0.0,0.15006956458091736
"DM-10007",False,"train",0.0,0.0,0.0,0.0,0.0,0.0,0.0,0.0,0.9427204728126526
"DM-14708",True,"train",0.018676409497857094,0.018671950325369835,0.01867561973631382,0.67703777551651,0.018678873777389526,0.01868250034749508,0.018674518913030624,0.19222772121429443,0.01867464743554592
"DM-2199",False,"train",0.013910338282585144,0.6048567891120911,0.013909582048654556,0.01391002256423235,0.01390909869223833,0.013912932015955448,0.2977674901485443,0.013913914561271667,0.013909868896007538
"DM-8676",False,"train",0.0,0.0,0.0,0.12216459959745407,0.0,0.0,0.0,0.45808449387550354,0.40288007259368896
"DM-11487",False,"train",0.0,0.0,0.0,0.955498218536377,0.0,0.0,0.0,0.0,0.0
"DM-4850",False,"train",0.0,0.0,0.0,0.958797037601471,0.0,0.0,0.0,0.0,0.0
"DM-13771",False,"train",0.0,0.0,0.0,0.8279294967651367,0.15623018145561218,0.0,0.0,0.0,0.0
"DM-8298",False,"train",0.0,0.0,0.0,0.0,0.0,0.0,0.09572801738977432,0.8968863487243652,0.0
"DM-15545",True,"train",0.0,0.9463226199150085,0.0,0.0,0.0,0.0,0.0,0.0,0.0
"DM-5281",False,"train",0.0,0.11627066880464554,0.0,0.0,0.4571949243545532,0.0,0.0,0.4009726047515869,0.0
"DM-7611",False,"train",0.015881815925240517,0.01589016802608967,0.015885841101408005,0.01589234173297882,0.015881231054663658,0.015884272754192352,0.2698456346988678,0.015892433002591133,0.6189462542533875
"DM-6130",False,"train",0.012386169284582138,0.012394236400723457,0.012383363209664822,0.9008845090866089,0.012380104511976242,0.01239415630698204,0.012387466616928577,0.012406492605805397,0.012383470311760902
"DM-699",True,"train",0.0,0.0,0.0,0.0,0.0,0.0,0.0,0.9690654873847961,0.0
"DM-12126",False,"train",0.02227499894797802,0.02227892354130745,0.022282740101218224,0.0222738329321146,0.02227800525724888,0.38434138894081116,0.4597006142139435,0.02227623760700226,0.022293299436569214
"DM-15319",True,"train",0.01862880401313305,0.018625320866703987,0.018632197752594948,0.01862936094403267,0.018640337511897087,0.018624311313033104,0.018626436591148376,0.018627729266881943,0.8509654998779297
"DM-13861",True,"train",0.0,0.0,0.0,0.0,0.0,0.0,0.0,0.0,0.9712965488433838
"DM-5320",False,"train",0.0,0.0,0.0,0.0,0.7842602133750916,0.0,0.19803035259246826,0.0,0.0
"DM-1017",False,"train",0.0,0.0,0.0,0.0,0.0,0.9782989621162415,0.0,0.0,0.0
"DM-6857",False,"train",0.0,0.0,0.0,0.0,0.0,0.0,0.9797848463058472,0.0,0.0
"DM-6349",False,"train",0.3015718162059784,0.0,0.0,0.0,0.0,0.0,0.5736536979675293,0.0,0.10713616013526917
"DM-4202",True,"train",0.0,0.8584564328193665,0.0,0.0,0.0,0.0,0.0,0.12562966346740723,0.0
"DM-7432",False,"train",0.4478772282600403,0.0,0.482779324054718,0.0,0.0,0.0,0.0,0.0,0.0
"DM-8214",False,"train",0.0,0.0,0.0,0.3356468677520752,0.0,0.0,0.6275956630706787,0.0,0.0
"DM-8363",False,"train",0.2025371938943863,0.38423892855644226,0.0,0.0,0.0,0.0,0.4014490246772766,0.0,0.0
"DM-15052",False,"train",0.018157798796892166,0.018158720806241035,0.018159305676817894,0.17512181401252747,0.6977341771125793,0.0181592907756567,0.01817403733730316,0.01816149242222309,0.0181733388453722
"DM-4985",True,"train",0.02224031463265419,0.022235559299588203,0.022237204015254974,0.8221014142036438,0.022242702543735504,0.022234775125980377,0.022236721590161324,0.022236494347453117,0.02223483845591545
"DM-4393",False,"train",0.0,0.0,0.0,0.1889861673116684,0.0,0.0,0.0,0.8003321290016174,0.0
"DM-8461",True,"train",0.017182642593979836,0.5078936219215393,0.017167706042528152,0.017162933945655823,0.017169415950775146,0.3719083070755005,0.01717556081712246,0.017172137275338173,0.01716766320168972
"DM-1692",False,"train",0.0,0.0,0.0,0.0,0.642545759677887,0.0,0.21338844299316406,0.136452779173851,0.0
"DM-8462",True,"train",0.022242160513997078,0.6027511358261108,0.0222471896559,0.022236471995711327,0.022238997742533684,0.24155858159065247,0.022237524390220642,0.022251080721616745,0.022236865013837814
"DM-6487",True,"train",0.0,0.03948243334889412,0.018338102847337723,0.9335520267486572,0.0,0.0,0.0,0.0,0.0
"DM-9640",False,"train",0.0,0.0,0.0,0.6482726335525513,0.0,0.11887749284505844,0.0,0.0,0.21073174476623535
"DM-8336",False,"train",0.1179823949933052,0.0,0.0,0.3501121997833252,0.0,0.0,0.5096995234489441,0.0,0.0
"DM-9241",False,"train",0.0,0.9406799077987671,0.0,0.0,0.0,0.0,0.0,0.0,0.0
"DM-561",False,"train",0.0,0.0,0.0,0.0,0.0,0.9644175171852112,0.0,0.0,0.0
"DM-14710",False,"train",0.0,0.0,0.0,0.0,0.0,0.6650204062461853,0.2968158423900604,0.0,0.0
"DM-8542",False,"train",0.7530604004859924,0.0,0.0,0.0,0.2296064794063568,0.0,0.0,0.0,0.0
"DM-2666",False,"train",0.0,0.0,0.0,0.33553290367126465,0.0,0.0,0.6346479654312134,0.0,0.0
"DM-3384",False,"train",0.0,0.10627003759145737,0.0,0.0,0.0,0.0,0.8747340440750122,0.0,0.0
"DM-13410",True,"train",0.1305084526538849,0.4173188805580139,0.0,0.049181971698999405,0.0,0.16510765254497528,0.0,0.22153045237064362,0.0
"DM-14344",False,"train",0.0,0.343854695558548,0.21608610451221466,0.15582993626594543,0.0,0.2683054804801941,0.0,0.0,0.0
"DM-7901",False,"train",0.0,0.0,0.0,0.9730194211006165,0.0,0.0,0.0,0.0,0.0
"DM-5413",True,"train",0.0,0.0,0.0,0.0,0.0,0.18487247824668884,0.4309011697769165,0.35872989892959595,0.0
"DM-14292",True,"train",0.02311757206916809,0.023107752203941345,0.02309798076748848,0.02309853956103325,0.023107677698135376,0.6441027522087097,0.023121459409594536,0.023123422637581825,0.19412283599376678
"DM-5161",False,"train",0.7299695611000061,0.01696787215769291,0.0,0.0,0.0,0.0,0.0,0.0,0.24337081611156464
"DM-13397",True,"train",0.0,0.0,0.0,0.11813487857580185,0.0,0.0,0.7414101362228394,0.0,0.11856459081172943
"DM-15433",False,"train",0.0,0.0,0.0,0.0,0.0,0.0,0.0,0.0,0.9802175164222717
"DM-5830",False,"train",0.0,0.9255053400993347,0.0,0.0,0.0,0.0,0.0,0.0,0.0
"DM-4065",False,"train",0.010964603163301945,0.010964324697852135,0.5735139846801758,0.0109652578830719,0.3497246503829956,0.010968378745019436,0.010967040434479713,0.010966657660901546,0.010965143330395222
"DM-8027",False,"train",0.0,0.0,0.0,0.0,0.0,0.0,0.0,0.18078197538852692,0.7671419382095337
"DM-13724",False,"train",0.015950746834278107,0.7180556654930115,0.015950018540024757,0.01595090888440609,0.015958253294229507,0.015968166291713715,0.015952017158269882,0.01595056802034378,0.17026366293430328
"DM-9969",False,"train",0.010262476280331612,0.010259242728352547,0.01025907788425684,0.010259765200316906,0.010257670655846596,0.010258102789521217,0.7016763687133789,0.22650185227394104,0.01026542391628027
"DM-4153",False,"train",0.0,0.0,0.0,0.07086670398712158,0.042691729962825775,0.22635196149349213,0.0,0.23641422390937805,0.41810697317123413
"DM-15355",False,"train",0.9896336793899536,0.0,0.0,0.0,0.0,0.0,0.0,0.0,0.0
"DM-1218",False,"train",0.1536215841770172,0.0,0.0,0.0,0.20064282417297363,0.2615791857242584,0.0,0.0,0.3671061098575592
"DM-11214",False,"train",0.02224895730614662,0.022253070026636124,0.02224677987396717,0.022247549146413803,0.02224569022655487,0.022260621190071106,0.5931677222251892,0.2510823607444763,0.02224723994731903
"DM-1218",False,"train",0.1536215841770172,0.0,0.0,0.0,0.20064282417297363,0.2615791857242584,0.0,0.0,0.3671061098575592
"DM-10875",True,"train",0.8516979217529297,0.018535014241933823,0.018539048731327057,0.018539540469646454,0.018533682450652122,0.018535738810896873,0.018540799617767334,0.018534192815423012,0.0185440331697464
"DM-4641",True,"train",0.018533822149038315,0.018531596288084984,0.018531158566474915,0.22928036749362946,0.6409519910812378,0.01853627897799015,0.018535537645220757,0.018554240465164185,0.018545007333159447
"DM-17525",False,"train",0.0,0.0,0.0,0.693117618560791,0.0,0.0,0.0,0.0,0.2660147249698639
"DM-16363",False,"train",0.2437063604593277,0.0,0.0,0.0,0.050147686153650284,0.0,0.0,0.7023096680641174,0.0
"DM-12206",False,"train",0.0,0.09242577850818634,0.0,0.0,0.0,0.0,0.0,0.8650364279747009,0.0
"DM-15499",True,"train",0.0,0.10796774178743362,0.0,0.04523947834968567,0.0,0.09436658769845963,0.5799914002418518,0.0,0.16612301766872406
"DM-9567",True,"train",0.0,0.0,0.0,0.16687323153018951,0.0,0.0,0.0,0.8243758082389832,0.0
"DM-14510",False,"train",0.0,0.0,0.24229879677295685,0.0,0.0,0.0,0.46702876687049866,0.0,0.27986404299736023
"DM-10562",False,"train",0.01143752969801426,0.011435951106250286,0.01143768709152937,0.28547999262809753,0.011437227949500084,0.6344336271286011,0.011448320001363754,0.011439474299550056,0.01145019568502903
"DM-11575",False,"train",0.4411121606826782,0.0,0.0,0.0,0.0,0.12788845598697662,0.0,0.0,0.4056701362133026
"DM-16127",False,"train",0.0,0.9777650237083435,0.0,0.0,0.0,0.0,0.0,0.0,0.0
"DM-6236",False,"train",0.012354133650660515,0.01235953625291586,0.0123541709035635,0.9011638164520264,0.012349464930593967,0.012351459823548794,0.012356111779808998,0.012351257726550102,0.012360121123492718
"DM-17387",False,"train",0.01190171204507351,0.9047837853431702,0.011901830323040485,0.011906597763299942,0.011903757229447365,0.01189832016825676,0.011902532540261745,0.011902048252522945,0.01189944427460432
"DM-14030",True,"train",0.7034677267074585,0.0,0.0,0.0,0.0,0.0,0.0,0.0,0.2894287705421448
"DM-627",True,"train",0.019194886088371277,0.019190775230526924,0.01918817311525345,0.01918925903737545,0.01920064352452755,0.8464657068252563,0.01919061690568924,0.019190054386854172,0.01918991468846798
"DM-9170",True,"train",0.0,0.0,0.0,0.0,0.0,0.4442395567893982,0.0,0.0,0.5041779279708862
"DM-10257",True,"train",0.15556210279464722,0.0,0.17418162524700165,0.3412141799926758,0.0,0.3131922483444214,0.0,0.0,0.0
"DM-2427",False,"train",0.0,0.0,0.0,0.0,0.0,0.0,0.9745175838470459,0.0,0.0
"DM-3960",False,"train",0.0,0.0,0.0,0.0,0.0,0.0,0.25484052300453186,0.680203914642334,0.0
"DM-14072",False,"train",0.0,0.0,0.0,0.9702642560005188,0.0,0.0,0.0,0.0,0.0
"DM-5877",False,"train",0.0,0.0,0.0,0.0,0.0,0.7453577518463135,0.0,0.24691447615623474,0.0
"DM-7725",False,"train",0.0,0.9629122614860535,0.0,0.0,0.0,0.0,0.0,0.0,0.0
"DM-16642",False,"train",0.0,0.0,0.0,0.0,0.0,0.0,0.9554718732833862,0.0,0.0
"DM-10344",False,"train",0.0,0.0,0.0,0.9721834659576416,0.0,0.0,0.0,0.0,0.0
"DM-1333",False,"train",0.0,0.0,0.0,0.0,0.5680768489837646,0.20919547975063324,0.21467964351177216,0.0,0.0
"DM-6487",True,"train",0.0,0.03948243334889412,0.018338102847337723,0.9335520267486572,0.0,0.0,0.0,0.0,0.0
"DM-16426",False,"train",0.0,0.0,0.09536439925432205,0.0,0.0,0.0,0.6720991134643555,0.19971910119056702,0.0
"DM-10225",False,"train",0.0,0.0,0.0,0.0,0.0,0.0,0.0,0.9443846940994263,0.0
"DM-9141",False,"train",0.0,0.0,0.02366221509873867,0.592145562171936,0.0,0.0,0.32915428280830383,0.01490034256130457,0.037558384239673615
"DM-5316",False,"train",0.020907407626509666,0.020902717486023903,0.26396894454956055,0.5896531939506531,0.0209173746407032,0.020917028188705444,0.020917091518640518,0.0209099929779768,0.020906226709485054
"DM-8356",False,"train",0.9110649228096008,0.011119775474071503,0.011113842949271202,0.011116963811218739,0.01111974474042654,0.01111676637083292,0.01111714169383049,0.011115881614387035,0.011115026660263538
"DM-17740",False,"train",0.0,0.0,0.0,0.9344729781150818,0.0,0.0,0.05889948830008507,0.0,0.0
"DM-12432",False,"train",0.0,0.0,0.0,0.0,0.0,0.0,0.9712976813316345,0.0,0.0
"DM-11432",True,"train",0.0,0.0,0.0,0.0,0.0,0.9531256556510925,0.0,0.0,0.0
"DM-15724",False,"train",0.0,0.0,0.0,0.9476280212402344,0.0,0.0,0.0,0.0,0.0
"DM-18864",False,"train",0.0,0.0,0.0,0.0,0.0,0.0,0.0,0.07035844773054123,0.8925542235374451
"DM-649",True,"train",0.0,0.0775187611579895,0.0,0.0,0.0,0.0,0.8870307207107544,0.0,0.0
"DM-3245",True,"train",0.0,0.0,0.0,0.0,0.0,0.1111321747303009,0.8534677624702454,0.0,0.0
"DM-8303",False,"train",0.0,0.03308867663145065,0.0,0.0,0.0,0.0,0.14548887312412262,0.8161374926567078,0.0
"DM-8349",False,"train",0.0,0.0,0.0,0.4449639320373535,0.0,0.0,0.05470000579953194,0.48466700315475464,0.0
"DM-5823",False,"train",0.0,0.0,0.9605110883712769,0.0,0.0,0.0,0.0,0.0,0.0
"DM-11350",False,"train",0.0,0.0,0.0,0.0,0.14557532966136932,0.8293238282203674,0.0,0.0,0.0
"DM-8006",False,"train",0.0,0.09557370096445084,0.0,0.0,0.0,0.0,0.8656170964241028,0.0,0.0
"DM-13222",True,"train",0.0,0.0,0.0,0.0,0.0,0.0,0.0,0.9629308581352234,0.0
"DM-5188",True,"train",0.017538774758577347,0.01754908263683319,0.017540188506245613,0.01755528151988983,0.017539260908961296,0.017547596246004105,0.8596542477607727,0.01753663457930088,0.017538970336318016
"DM-7417",False,"train",0.012365716509521008,0.012356435880064964,0.012355332262814045,0.012354344129562378,0.9011482000350952,0.012353629805147648,0.012354394420981407,0.012358326464891434,0.012353688478469849
"DM-10117",False,"train",0.0186344925314188,0.018626175820827484,0.8509528040885925,0.01863633655011654,0.018637681379914284,0.018630361184477806,0.018624210730195045,0.018629251047968864,0.018628675490617752
"DM-11890",False,"train",0.0,0.0,0.0,0.0,0.0,0.0,0.633778989315033,0.0,0.31132519245147705
"DM-2664",False,"train",0.2473861575126648,0.5569299459457397,0.0,0.11557608097791672,0.0,0.07236848026514053,0.0,0.0,0.0
"DM-16873",True,"train",0.023099832236766815,0.023094071075320244,0.02309194952249527,0.023097850382328033,0.023095987737178802,0.8151997327804565,0.023100458085536957,0.02311549335718155,0.023104598745703697
"DM-17214",False,"train",0.0,0.0,0.0,0.0,0.2718580961227417,0.0,0.6850169897079468,0.0,0.0
"DM-15914",True,"train",0.015630071982741356,0.01562534272670746,0.2386632263660431,0.5185677409172058,0.015627773478627205,0.14899933338165283,0.01563093066215515,0.015630332753062248,0.015625232830643654
"DM-4003",False,"train",0.0,0.0,0.0,0.0,0.9505802392959595,0.0,0.0,0.0,0.0
"DM-1696",False,"train",0.015993723645806313,0.015980837866663933,0.015975071117281914,0.2553660273551941,0.6327673196792603,0.015979880467057228,0.015979621559381485,0.01598212495446205,0.015975410118699074
"DM-8197",False,"train",0.0,0.0,0.0,0.0,0.0,0.0,0.0,0.6404842138290405,0.3121604919433594
"DM-9604",False,"train",0.0,0.0,0.3673035502433777,0.19732239842414856,0.0,0.0,0.0,0.4087579548358917,0.0
"DM-3257",True,"train",0.96434086561203,0.0,0.0,0.0,0.0,0.0,0.0,0.0,0.0
"DM-8964",False,"train",0.0,0.0,0.0,0.10261645168066025,0.8572588562965393,0.0,0.0,0.0,0.0
"DM-12480",True,"train",0.0,0.0,0.0,0.0,0.2031569480895996,0.0,0.0,0.19804760813713074,0.5798784494400024
"DM-3959",False,"train",0.015222201123833656,0.4094618558883667,0.015219840221107006,0.015222547575831413,0.015221848152577877,0.015219389460980892,0.015220415778458118,0.48399242758750916,0.01521946582943201
"DM-7358",False,"train",0.16232576966285706,0.0,0.2898767292499542,0.0,0.0,0.0,0.500148355960846,0.0,0.0
"DM-8232",False,"train",0.3283361792564392,0.0,0.0,0.0,0.6245318055152893,0.0,0.0,0.0,0.0
"DM-3362",False,"train",0.02536451816558838,0.025362994521856308,0.02537154220044613,0.025363631546497345,0.7970824837684631,0.025365693494677544,0.02536703646183014,0.025354575365781784,0.025367558002471924
"DM-1900",True,"train",0.0,0.0,0.0,0.0,0.13210365176200867,0.0,0.0,0.8410202264785767,0.0
"DM-4229",False,"train",0.07871910184621811,0.0,0.0,0.0,0.2410290688276291,0.23891639709472656,0.0,0.0,0.41635623574256897
"DM-4523",True,"train",0.013902049511671066,0.013893474824726582,0.013894185423851013,0.01390049047768116,0.01390298455953598,0.8888193964958191,0.013897274620831013,0.013897426426410675,0.01389272790402174
"DM-17476",False,"train",0.0,0.0,0.809179425239563,0.0,0.0,0.0,0.0,0.0,0.15080557763576508
"DM-6989",True,"train",0.09042958170175552,0.0,0.0,0.0,0.0,0.0,0.0,0.8900829553604126,0.0
"DM-933",False,"train",0.10554134100675583,0.0,0.0,0.0,0.8784098029136658,0.0,0.0,0.0,0.0
"DM-8112",False,"train",0.0,0.6775855422019958,0.0,0.0,0.0,0.29546427726745605,0.0,0.0,0.0
"DM-10187",False,"train",0.3598409593105316,0.0,0.0,0.0,0.04978933557868004,0.0,0.021503761410713196,0.5612205862998962,0.0
"DM-7255",False,"train",0.0,0.09325717389583588,0.0,0.0,0.14004677534103394,0.3620872497558594,0.15870848298072815,0.0,0.24078434705734253
"DM-8458",True,"train",0.022224361076951027,0.8221865296363831,0.022231467068195343,0.022224117070436478,0.02222568914294243,0.022227967157959938,0.022227521985769272,0.022224467247724533,0.022227870300412178
"DM-17373",False,"train",0.0,0.0,0.0,0.0,0.0,0.0,0.0,0.41040655970573425,0.5361735820770264
"DM-6363",False,"train",0.7025871276855469,0.03717321529984474,0.037175245583057404,0.03717321157455444,0.03717321157455444,0.03717321157455444,0.03717436268925667,0.03717321157455444,0.03719715401530266
"DM-6142",False,"train",0.0,0.0,0.0,0.3425191640853882,0.598272979259491,0.0,0.0,0.0,0.0
"DM-7149",False,"train",0.0,0.0,0.0,0.24691763520240784,0.7139401435852051,0.0,0.0,0.0,0.0
"DM-13519",False,"train",0.07539921253919601,0.0,0.0,0.0765535905957222,0.8352616429328918,0.0,0.0,0.0,0.0
"DM-12184",True,"train",0.12366721779108047,0.0,0.0,0.5447014570236206,0.03994297236204147,0.010274617001414299,0.0,0.16686807572841644,0.11290914565324783
"DM-10234",False,"train",0.0,0.3183564841747284,0.0,0.049390312284231186,0.0,0.0,0.6107913851737976,0.0,0.0
"DM-16127",False,"train",0.0,0.9777650237083435,0.0,0.0,0.0,0.0,0.0,0.0,0.0
"DM-7843",False,"train",0.01588008552789688,0.8729445338249207,0.015881160274147987,0.01588113233447075,0.015881475061178207,0.015882158651947975,0.01588556356728077,0.015881067141890526,0.015882808715105057
"DM-2364",False,"train",0.0,0.0,0.0,0.40210840106010437,0.0,0.0,0.0,0.5654763579368591,0.0
"DM-9014",False,"train",0.0,0.0,0.5091549158096313,0.0,0.0,0.4649478495121002,0.0,0.0,0.0
"DM-14919",False,"train",0.0,0.9814453125,0.0,0.0,0.0,0.0,0.0,0.0,0.0
"DM-11322",False,"train",0.0410257950425148,0.0,0.0,0.7610998749732971,0.0,0.0,0.0,0.0,0.18244442343711853
"DM-5774",False,"train",0.3708071708679199,0.0,0.2763848602771759,0.0,0.0,0.0,0.0,0.0,0.35130712389945984
"DM-11420",False,"train",0.7836934924125671,0.027035633102059364,0.02703591249883175,0.02705354243516922,0.027035728096961975,0.027035783976316452,0.027035824954509735,0.027035865932703018,0.02703823335468769
"DM-4162",False,"train",0.0,0.0,0.0,0.0,0.0,0.9810672998428345,0.0,0.0,0.0
"DM-7651",False,"train",0.0,0.0,0.0,0.0,0.0,0.0,0.27192819118499756,0.7138116955757141,0.0
"DM-14082",False,"train",0.0,0.0,0.1391790360212326,0.4974167048931122,0.0,0.0,0.33169835805892944,0.0,0.0
"DM-13850",False,"train",0.0,0.4289284944534302,0.0,0.0,0.5300750732421875,0.0,0.0,0.0,0.0
"DM-5760",False,"train",0.021915091201663017,0.37102076411247253,0.021921483799815178,0.021919937804341316,0.021922845393419266,0.02191857434809208,0.4755402207374573,0.02191399596631527,0.0219271257519722
"DM-9298",False,"train",0.0,0.1511053591966629,0.12736287713050842,0.0,0.0,0.0,0.0,0.27234944701194763,0.4297444820404053
"DM-14378",False,"train",0.0,0.0,0.0,0.0,0.9576343894004822,0.0,0.0,0.0,0.0
"DM-7519",False,"train",0.0,0.0,0.47792336344718933,0.36882707476615906,0.06214533746242523,0.0,0.07529877871274948,0.0,0.0
"DM-11976",False,"train",0.28667911887168884,0.0,0.0,0.0,0.157510444521904,0.0,0.0,0.5302032232284546,0.0
"DM-18864",False,"train",0.0,0.0,0.0,0.0,0.0,0.0,0.0,0.07035844773054123,0.8925542235374451
"DM-12257",False,"train",0.9629409313201904,0.0,0.0,0.0,0.0,0.0,0.0,0.0,0.0
"DM-7740",False,"train",0.0,0.9364659190177917,0.0,0.0,0.0,0.0,0.0,0.0,0.0
"DM-3366",False,"train",0.010108444839715958,0.9191277027130127,0.010109697468578815,0.010107717476785183,0.010111751966178417,0.010107777081429958,0.010110446251928806,0.010108410380780697,0.010108078829944134
"DM-2022",False,"train",0.011071950197219849,0.01107094157487154,0.01107029989361763,0.011069907806813717,0.011070724576711655,0.5656816959381104,0.011075359769165516,0.3568195104598999,0.011069570668041706
"DM-473",False,"train",0.0,0.0,0.6645565629005432,0.0,0.0,0.0,0.0,0.0,0.3149251639842987
"DM-15513",False,"train",0.0,0.0,0.0,0.0,0.0,0.0,0.0,0.0,0.9517421126365662
"DM-1845",False,"train",0.0,0.0,0.25497764348983765,0.0,0.27175474166870117,0.4445386826992035,0.0,0.0,0.0
"DM-2716",False,"train",0.020558182150125504,0.02055138163268566,0.02056841179728508,0.5007806420326233,0.020555879920721054,0.020558541640639305,0.020555056631565094,0.35531529784202576,0.020556645467877388
"DM-832",True,"train",0.0,0.0,0.0,0.6353150606155396,0.0,0.34077152609825134,0.0,0.0,0.0
"DM-599",False,"train",0.0,0.4336133599281311,0.0,0.0,0.32356762886047363,0.18652546405792236,0.02979387529194355,0.0,0.0
"DM-14749",False,"train",0.015740230679512024,0.01574426144361496,0.015747858211398125,0.01574009656906128,0.01574230194091797,0.0157623253762722,0.874035120010376,0.01574261672794819,0.01574520952999592
"DM-869",False,"train",0.9613199830055237,0.0,0.0,0.0,0.0,0.0,0.0,0.0,0.0
"DM-4152",False,"train",0.0,0.0,0.1508415788412094,0.0,0.2646268904209137,0.0,0.0,0.1065797284245491,0.4627859592437744
"DM-4806",False,"train",0.0,0.0,0.0,0.0,0.0,0.0,0.0,0.35498642921447754,0.6053200364112854
"DM-7415",False,"train",0.4260440170764923,0.012366076931357384,0.012364671565592289,0.012364904396235943,0.48740243911743164,0.012363406829535961,0.012365015223622322,0.012365387752652168,0.012364023365080357
"DM-11625",False,"train",0.0,0.0,0.0,0.8944852352142334,0.0,0.0,0.0,0.0,0.09388680011034012
"DM-17752",False,"train",0.0,0.05026126652956009,0.0,0.31785672903060913,0.0,0.09131709486246109,0.5308904647827148,0.0,0.0
"DM-12957",False,"train",0.020731009542942047,0.020733725279569626,0.8341339230537415,0.020736809819936752,0.02073204703629017,0.02072642184793949,0.020740726962685585,0.020727554336190224,0.02073773182928562
"DM-13959",False,"train",0.03157006576657295,0.03156996890902519,0.03157944977283478,0.031575191766023636,0.03157244250178337,0.7474119067192078,0.03157402202486992,0.03157684952020645,0.031570132821798325
"DM-2885",True,"train",0.0,0.0,0.0,0.0,0.0,0.0,0.9910053014755249,0.0,0.0
"DM-13919",False,"train",0.17574003338813782,0.0,0.0,0.32038673758506775,0.0,0.42905378341674805,0.06909745931625366,0.0,0.0
"DM-5431",False,"train",0.0,0.037620749324560165,0.0,0.7472026944160461,0.0,0.0,0.2037602812051773,0.0,0.0
"DM-8723",False,"train",0.0,0.14058203995227814,0.0,0.46809646487236023,0.0,0.0,0.3773622214794159,0.0,0.0
"DM-12972",True,"train",0.0,0.0,0.0,0.0,0.0,0.0,0.20063373446464539,0.0,0.7587342858314514
"DM-14311",False,"train",0.0,0.0,0.0,0.0,0.0,0.11316221207380295,0.0,0.8291787505149841,0.0
"DM-9125",False,"train",0.010639109648764133,0.01063989195972681,0.010638951323926449,0.3747834265232086,0.010644364170730114,0.010640082880854607,0.5507360696792603,0.010639598593115807,0.0106384651735425
"DM-10288",False,"train",0.0,0.0,0.3978911340236664,0.0,0.0,0.0,0.5338228344917297,0.0,0.0
"DM-5550",False,"train",0.5110486745834351,0.33309927582740784,0.022259032353758812,0.02227843925356865,0.022256553173065186,0.0222635380923748,0.022263074293732643,0.02226913720369339,0.02226230688393116
"DM-8807",False,"train",0.24782468378543854,0.0,0.0,0.0,0.0,0.0,0.7285465002059937,0.0,0.0
"DM-8264",False,"train",0.0,0.41925323009490967,0.3469470143318176,0.0,0.2096637785434723,0.0,0.0,0.0,0.0
"DM-1531",False,"train",0.5016367435455322,0.01854090765118599,0.018540041521191597,0.01854407787322998,0.0185382179915905,0.018544547259807587,0.36858341097831726,0.018537864089012146,0.01853419840335846
"DM-18532",False,"train",0.0,0.0,0.0,0.3734826147556305,0.0,0.05769556015729904,0.0,0.5486891269683838,0.0
"DM-14350",False,"train",0.0,0.0,0.0,0.0,0.0,0.0,0.0,0.0,0.9760416746139526
"DM-13812",False,"train",0.0,0.2005142867565155,0.0,0.0,0.0,0.0,0.0,0.0,0.7716741561889648
"DM-7460",False,"train",0.0,0.0,0.0,0.0,0.9738332033157349,0.0,0.0,0.0,0.0
"DM-5798",False,"train",0.0,0.0,0.0,0.0,0.46787911653518677,0.0,0.11020319908857346,0.2302141785621643,0.17677827179431915
"DM-9109",False,"train",0.0,0.0,0.0,0.9898586273193359,0.0,0.0,0.0,0.0,0.0
"DM-17279",False,"train",0.05441645532846451,0.0,0.17868678271770477,0.0,0.7346696257591248,0.0,0.0,0.0,0.0
"DM-13878",False,"train",0.0,0.0,0.0,0.0,0.0,0.5062053203582764,0.0,0.0,0.47086483240127563
"DM-17249",False,"train",0.0,0.0,0.0,0.0,0.0,0.0,0.0,0.0,0.9443817138671875
"DM-11882",False,"train",0.0,0.34624719619750977,0.3413110375404358,0.0,0.0,0.0,0.0,0.0,0.2813479006290436
"DM-17655",True,"train",0.0,0.0,0.0,0.0,0.0,0.0,0.9262991547584534,0.0,0.0
"DM-8085",False,"train",0.0,0.0,0.22490322589874268,0.0,0.0,0.0,0.0,0.7718116641044617,0.0
"DM-2191",True,"train",0.0,0.0,0.0,0.0,0.0,0.0,0.0,0.9729929566383362,0.0
"DM-11421",False,"train",0.4391517639160156,0.32149502635002136,0.0,0.0,0.1954725980758667,0.0,0.0,0.0,0.0
"DM-5514",False,"train",0.015912465751171112,0.015917299315333366,0.01591508463025093,0.01591465063393116,0.5009146928787231,0.01593153178691864,0.01591571234166622,0.38766196370124817,0.01591656170785427
"DM-9080",False,"train",0.010366436094045639,0.5660054683685303,0.010363215580582619,0.010362432338297367,0.01036396250128746,0.01036453153938055,0.36144882440567017,0.010363005101680756,0.010362178087234497
"DM-2624",True,"train",0.010125264525413513,0.010124635882675648,0.010123128071427345,0.010125318542122841,0.010129226371645927,0.010124227032065392,0.4958465099334717,0.43327510356903076,0.010126575827598572
"DM-10767",False,"train",0.2042902559041977,0.015963520854711533,0.01596088893711567,0.015971487388014793,0.01596047915518284,0.6839593052864075,0.01596296764910221,0.01597011275589466,0.015960996970534325
"DM-7315",False,"train",0.012146211229264736,0.01215093582868576,0.01214661169797182,0.012149904854595661,0.012147911824285984,0.01215952355414629,0.9027875661849976,0.012148701585829258,0.012162630446255207
"DM-15108",False,"train",0.0,0.0,0.0,0.0,0.0,0.0,0.607958972454071,0.0,0.3367895185947418
"DM-16217",False,"train",0.0,0.0,0.30428725481033325,0.0,0.0,0.0,0.0,0.0,0.6691593527793884
"DM-7409",False,"train",0.012349329888820648,0.012355217710137367,0.012352177873253822,0.012351528741419315,0.012349161319434643,0.012350664474070072,0.9011849164962769,0.012349938042461872,0.012357054278254509
"DM-10066",False,"train",0.0,0.0,0.0,0.10101281106472015,0.2907482981681824,0.0,0.22328738868236542,0.0,0.3686320185661316
"DM-2582",True,"train",0.0,0.0,0.0,0.0,0.0,0.0,0.8718900084495544,0.08767413347959518,0.0
"DM-9320",False,"train",0.0,0.21382920444011688,0.0,0.0,0.0,0.0,0.5575527548789978,0.20135410130023956,0.0
"DM-11454",True,"train",0.0,0.0,0.9086559414863586,0.07972100377082825,0.0,0.0,0.0,0.0,0.0
"DM-14079",False,"train",0.6730891466140747,0.0,0.0,0.0,0.1862414926290512,0.0,0.0,0.10712151229381561,0.0
"DM-5546",False,"train",0.5189478993415833,0.022247985005378723,0.02223588526248932,0.022238269448280334,0.02223372273147106,0.02223995141685009,0.02223929390311241,0.3253779709339142,0.02223905362188816
"DM-13609",False,"train",0.0,0.37764081358909607,0.18386855721473694,0.0,0.0,0.12901079654693604,0.29540368914604187,0.0,0.0
"DM-7325",False,"train",0.7167332768440247,0.012725595384836197,0.012719633057713509,0.012722921557724476,0.1942046880722046,0.012722581624984741,0.012725533917546272,0.012721657752990723,0.012724134139716625
"DM-17149",False,"train",0.0,0.0,0.0,0.0,0.0,0.6917587518692017,0.27055487036705017,0.0,0.0
"DM-1330",False,"train",0.02223396860063076,0.8220602869987488,0.022234536707401276,0.02224110998213291,0.022233527153730392,0.022251950576901436,0.02224530652165413,0.022267000749707222,0.022232282906770706
"DM-5317",False,"train",0.012423480860888958,0.012425596825778484,0.5163538455963135,0.012419565580785275,0.012423094362020493,0.01242257934063673,0.3966820240020752,0.012431137263774872,0.01241864264011383
"DM-2735",False,"train",0.07977071404457092,0.4204873740673065,0.0,0.4775882661342621,0.0,0.0,0.0,0.0,0.0
"DM-13460",False,"train",0.018534930422902107,0.01854212023317814,0.01853824034333229,0.018548792228102684,0.01854378543794155,0.01853647455573082,0.01854614168405533,0.018535207957029343,0.8516743183135986
"DM-15201",False,"train",0.0,0.22515176236629486,0.0,0.0,0.0,0.0,0.0,0.7558467984199524,0.0
"DM-15217",False,"train",0.4204758405685425,0.0,0.0,0.0,0.0,0.0,0.45915693044662476,0.08919361978769302,0.0
"DM-5534",False,"train",0.8221046328544617,0.022241538390517235,0.022232983261346817,0.022235790267586708,0.022230619564652443,0.022237395867705345,0.02223995141685009,0.022240811958909035,0.022236254066228867
"DM-5307",False,"train",0.1314554214477539,0.0,0.0,0.0,0.0,0.0,0.8443865180015564,0.0,0.0
"DM-17543",False,"train",0.0,0.0,0.0,0.0,0.0,0.4702913165092468,0.2249201089143753,0.0,0.2929343581199646
"DM-9937",False,"train",0.0,0.0,0.8840892314910889,0.0,0.0,0.07203725725412369,0.02057849057018757,0.0,0.021219931542873383
"DM-12533",False,"train",0.08563840389251709,0.0,0.0,0.8657983541488647,0.0,0.0,0.0,0.0,0.0
"DM-6345",False,"train",0.2530744671821594,0.5403262972831726,0.06082608178257942,0.13106876611709595,0.0,0.0,0.0,0.0,0.0
"DM-15713",False,"train",0.0,0.0,0.0,0.18348248302936554,0.2585115134716034,0.0,0.5324152708053589,0.0,0.0
"DM-8458",True,"train",0.022224361076951027,0.8221865296363831,0.022231467068195343,0.022224117070436478,0.02222568914294243,0.022227967157959938,0.022227521985769272,0.022224467247724533,0.022227870300412178
"DM-8562",False,"train",0.16815832257270813,0.0,0.0,0.0,0.49825868010520935,0.0,0.30790701508522034,0.0,0.0
"DM-595",False,"train",0.0,0.0,0.0,0.0,0.3480927348136902,0.32059159874916077,0.29930922389030457,0.0,0.0
"DM-199",False,"train",0.0,0.9531579613685608,0.0,0.0,0.0,0.0,0.0,0.0,0.0
"DM-15173",False,"train",0.0,0.0,0.0,0.2921631336212158,0.4377397894859314,0.0,0.25155720114707947,0.0,0.0
"DM-11155",True,"train",0.0650046318769455,0.0,0.0,0.20377930998802185,0.0,0.16755932569503784,0.5549548864364624,0.0,0.0
"DM-16901",False,"train",0.17925208806991577,0.014404380694031715,0.014406828209757805,0.014405140653252602,0.014406154863536358,0.014405914582312107,0.014414657838642597,0.014404276385903358,0.7199005484580994
"DM-70",False,"train",0.0,0.0,0.0,0.0,0.0,0.0,0.11101044714450836,0.8590056896209717,0.0
"DM-4455",False,"train",0.0,0.0,0.0,0.0,0.0,0.20679320394992828,0.0,0.7442435026168823,0.0
"DM-1868",True,"train",0.0,0.0,0.0,0.0,0.0,0.0,0.7175249457359314,0.2615470290184021,0.0
"DM-10206",False,"train",0.0,0.08569206297397614,0.0,0.0,0.0,0.2761944830417633,0.0,0.0,0.6119807362556458
"DM-13599",False,"train",0.9315558671951294,0.0,0.0,0.0,0.0,0.0,0.0,0.0,0.0
"DM-14781",False,"train",0.24637722969055176,0.18181493878364563,0.05290868878364563,0.0,0.0,0.5090186595916748,0.0,0.0,0.0
"DM-788",False,"train",0.824215292930603,0.02196502313017845,0.021964553743600845,0.02196715772151947,0.021970275789499283,0.021979259327054024,0.02196223847568035,0.02196391485631466,0.022012321278452873
"DM-18026",False,"train",0.0,0.0,0.0,0.0,0.22491437196731567,0.0,0.0,0.39063572883605957,0.3697648346424103
"DM-8563",False,"train",0.0,0.0,0.0,0.0,0.0,0.0,0.10246611386537552,0.8576024174690247,0.0
"DM-12692",False,"train",0.0,0.0,0.0,0.218652606010437,0.0,0.0,0.0,0.0,0.7469925880432129
"DM-680",True,"train",0.0,0.0,0.0,0.0,0.4088292717933655,0.0,0.5746622085571289,0.0,0.0
"DM-8164",False,"train",0.0,0.0,0.0,0.0,0.26614707708358765,0.0,0.07820609211921692,0.6206535696983337,0.0
"DM-10288",False,"train",0.0,0.0,0.3978911340236664,0.0,0.0,0.0,0.5338228344917297,0.0,0.0
"DM-3373",False,"train",0.26909348368644714,0.0,0.0,0.29909226298332214,0.0,0.0,0.0,0.3925679326057434,0.0
"DM-4882",True,"train",0.0,0.6221340298652649,0.0,0.0,0.0,0.0,0.35669344663619995,0.0,0.0
"DM-6356",False,"train",0.0,0.0,0.0,0.0,0.0,0.0,0.0,0.0,0.9407135248184204
"DM-9041",False,"train",0.0,0.0,0.0,0.0,0.9749401807785034,0.0,0.0,0.0,0.0
"DM-16220",False,"train",0.0,0.0,0.0,0.0,0.348308801651001,0.0,0.0,0.6008697152137756,0.0
"DM-14783",False,"train",0.025507669895887375,0.06584193557500839,0.01505068875849247,0.0,0.12354564666748047,0.0,0.0,0.11161110550165176,0.6561844348907471
"DM-7704",False,"train",0.0,0.10682693123817444,0.03910244256258011,0.19927681982517242,0.0,0.5209912061691284,0.12410787492990494,0.0,0.0
"DM-6162",False,"train",0.0,0.7564480900764465,0.0,0.0,0.0,0.0,0.2303554266691208,0.0,0.0
"DM-9416",False,"train",0.0,0.0,0.11513751745223999,0.0,0.3204193413257599,0.0,0.13836108148097992,0.41282597184181213,0.0
"DM-4696",False,"train",0.020779071375727654,0.020783141255378723,0.020778922364115715,0.020783215761184692,0.02077959105372429,0.02078183926641941,0.020778119564056396,0.8337528705596924,0.020783206447958946
"DM-8563",False,"train",0.0,0.0,0.0,0.0,0.0,0.0,0.10246611386537552,0.8576024174690247,0.0
"DM-5545",False,"train",0.015949707478284836,0.015948187559843063,0.015963854268193245,0.015958068892359734,0.872352123260498,0.0159644465893507,0.015954768285155296,0.015958374366164207,0.01595047116279602
"DM-5202",False,"train",0.0,0.0,0.0,0.0,0.0,0.0,0.9510312080383301,0.0,0.0
"DM-12425",True,"train",0.0,0.0,0.0,0.279306024312973,0.4286000430583954,0.0,0.2658734619617462,0.0,0.0
"DM-9737",True,"train",0.01589329168200493,0.015898508951067924,0.23940959572792053,0.015893828123807907,0.40245333313941956,0.015896018594503403,0.015896445140242577,0.015892010182142258,0.26276695728302
"DM-14658",False,"train",0.0,0.0,0.0,0.0,0.4320560693740845,0.11987899243831635,0.038854390382766724,0.3908424377441406,0.0
"DM-17315",False,"train",0.9258259534835815,0.0,0.0,0.0,0.0,0.0,0.0,0.0,0.0
"DM-1328",False,"train",0.0,0.30365249514579773,0.0,0.0,0.08322311192750931,0.29023411870002747,0.2954317331314087,0.0,0.0
"DM-3199",False,"train",0.0,0.0,0.0,0.23664705455303192,0.27016034722328186,0.0,0.47041043639183044,0.0,0.0
"DM-14253",False,"train",0.25177934765815735,0.0,0.0,0.0,0.19950860738754272,0.0,0.0,0.4968473017215729,0.0
"DM-2451",False,"train",0.0,0.18743199110031128,0.0,0.0,0.0,0.0,0.7988982200622559,0.0,0.0
"DM-10877",False,"train",0.6305360198020935,0.018533986061811447,0.01853569597005844,0.01853877864778042,0.018532274290919304,0.01853364147245884,0.018537120893597603,0.018532609567046165,0.2397199124097824
"DM-15090",False,"train",0.0,0.0,0.0,0.0,0.0,0.0,0.0,0.9738300442695618,0.0
"DM-10796",False,"train",0.0,0.0,0.0,0.0,0.0,0.0,0.9364722967147827,0.0,0.0
"DM-6439",False,"train",0.0,0.0,0.0,0.0,0.0,0.0,0.9505308270454407,0.0,0.0
"DM-5371",False,"train",0.03495880961418152,0.034960903227329254,0.034971121698617935,0.0349837951362133,0.03496865555644035,0.5232377052307129,0.034965697675943375,0.03496568650007248,0.23198767006397247
"DM-15891",False,"train",0.0,0.0,0.0,0.0,0.0,0.0,0.10348875820636749,0.8840461373329163,0.0
"DM-9864",False,"train",0.3688862919807434,0.02224123291671276,0.4754234850406647,0.022239042446017265,0.022243792191147804,0.02223949134349823,0.022239118814468384,0.022244635969400406,0.02224290929734707
"DM-10795",False,"train",0.0,0.6406217813491821,0.0,0.07454364001750946,0.0,0.0,0.0,0.0,0.25446271896362305
"DM-17380",False,"train",0.0,0.0,0.0,0.0,0.1009315699338913,0.0,0.8825476765632629,0.0,0.0
"DM-15923",False,"train",0.0,0.0,0.0,0.0,0.0,0.9703303575515747,0.0,0.0,0.0
"DM-13546",False,"train",0.29257363080978394,0.0,0.15372967720031738,0.0,0.2696900963783264,0.0,0.0,0.2729511260986328,0.0
"DM-13205",True,"train",0.010079210624098778,0.01007926743477583,0.010081435553729534,0.010082215070724487,0.32694482803344727,0.010081631131470203,0.6024932861328125,0.01007924135774374,0.010078893043100834
"DM-6580",False,"train",0.0,0.22696208953857422,0.7272151708602905,0.0,0.0,0.0,0.0,0.0,0.0
"DM-18371",False,"train",0.0,0.0,0.0,0.0,0.9643348455429077,0.0,0.0,0.0,0.0
"DM-8160",False,"train",0.0,0.0,0.9670571684837341,0.0,0.0,0.0,0.0,0.0,0.0
"DM-10371",False,"train",0.015890901908278465,0.015890292823314667,0.01589895784854889,0.01589178293943405,0.015890292823314667,0.015891654416918755,0.01590542308986187,0.015890713781118393,0.8728500008583069
"DM-8619",False,"train",0.0,0.340920627117157,0.0,0.0,0.0,0.0,0.0,0.0,0.5991660356521606
"DM-9929",True,"train",0.2904573678970337,0.03297752887010574,0.0,0.0,0.18149320781230927,0.2578606605529785,0.0,0.0,0.22961509227752686
"DM-2666",False,"train",0.0,0.0,0.0,0.33553290367126465,0.0,0.0,0.6346479654312134,0.0,0.0
"DM-10314",False,"train",0.0,0.2015245407819748,0.0,0.0,0.0,0.7401793599128723,0.0,0.0,0.0
"DM-15206",True,"train",0.0,0.0,0.0,0.0,0.0,0.0,0.9896313548088074,0.0,0.0
"DM-15606",True,"train",0.0,0.0,0.0,0.0,0.0,0.0,0.0,0.1292087733745575,0.8464651703834534
"DM-9182",False,"train",0.16593484580516815,0.04140818491578102,0.3751121461391449,0.0,0.0,0.03514772653579712,0.2433287352323532,0.0414426364004612,0.09630976617336273
"DM-15137",False,"train",0.0,0.04993848502635956,0.0,0.3306886851787567,0.15049773454666138,0.0,0.0,0.0,0.4600251615047455
"DM-16844",False,"train",0.0,0.0,0.0,0.0,0.0,0.392027348279953,0.16833461821079254,0.0,0.4121221899986267
"DM-6628",True,"train",0.010071142576634884,0.29564154148101807,0.010070748627185822,0.010072596371173859,0.010069884359836578,0.010072385892271996,0.5321308970451355,0.11180011928081512,0.010070652700960636
"DM-8550",False,"train",0.0,0.0,0.0,0.14620159566402435,0.0,0.0,0.0,0.0,0.8393353223800659
"DM-5781",False,"train",0.0,0.0,0.0,0.9635376930236816,0.0,0.0,0.0,0.0,0.0
"DM-11494",False,"train",0.22409716248512268,0.19781944155693054,0.0,0.0,0.0,0.5058884620666504,0.06228501722216606,0.0,0.0
"DM-12598",False,"train",0.49213820695877075,0.0,0.0,0.0,0.0,0.0,0.464923232793808,0.0,0.0
"DM-5472",False,"train",0.44031259417533875,0.0,0.0,0.0,0.0,0.342212975025177,0.0,0.19083435833454132,0.0
"DM-18839",False,"train",0.7052546143531799,0.0,0.0,0.0,0.0,0.0,0.0,0.0,0.28218206763267517
"DM-11118",False,"train",0.6727297306060791,0.0543595515191555,0.0,0.0,0.2670893669128418,0.0,0.0,0.0,0.0
"DM-2864",False,"train",0.0,0.0,0.0,0.0,0.0,0.0,0.9902992248535156,0.0,0.0
"DM-1489",True,"train",0.0,0.0,0.0,0.0,0.0,0.0,0.5271872282028198,0.4468281865119934,0.0
"DM-9715",False,"train",0.5364680290222168,0.0,0.05723908171057701,0.0,0.0,0.0,0.3885536789894104,0.0,0.0
"DM-10329",False,"train",0.0,0.0,0.0,0.0,0.07157087326049805,0.2273501306772232,0.0,0.6745533347129822,0.0
"DM-1424",False,"train",0.98183673620224,0.0,0.0,0.0,0.0,0.0,0.0,0.0,0.0
"DM-2192",True,"train",0.60222989320755,0.0,0.0,0.0,0.0,0.0,0.0,0.0,0.3588125705718994
"DM-1439",False,"train",0.7740573287010193,0.0,0.0,0.2102290838956833,0.0,0.0,0.0,0.0,0.0
"DM-11459",False,"train",0.0,0.0,0.0,0.0,0.2264283299446106,0.7328009009361267,0.0,0.0,0.0
"DM-8647",False,"train",0.1899736076593399,0.3364371955394745,0.0,0.0,0.0,0.0,0.4557981491088867,0.0,0.0
"DM-3970",False,"train",0.0,0.0,0.0,0.9703448414802551,0.0,0.0,0.0,0.0,0.0
"DM-11038",False,"train",0.9363699555397034,0.0,0.0,0.0,0.0,0.0,0.0,0.0,0.0
"DM-14826",True,"train",0.0,0.08895380049943924,0.0,0.17161476612091064,0.0,0.189064159989357,0.0,0.52642822265625,0.019486216828227043
"DM-17496",False,"train",0.0,0.0,0.0,0.13876686990261078,0.0996508076786995,0.1725069135427475,0.4087466299533844,0.09870519489049911,0.075807124376297
"DM-3493",False,"train",0.0,0.0,0.0,0.0,0.9460932612419128,0.0,0.0,0.0,0.0
"DM-16696",False,"train",0.0,0.0,0.0,0.0,0.7333387136459351,0.0,0.0,0.12831290066242218,0.11160054802894592
"DM-5035",True,"train",0.8721577525138855,0.01599358767271042,0.015988221392035484,0.01597512513399124,0.015973353758454323,0.015971926972270012,0.015989037230610847,0.015974359586834908,0.01597665809094906
"DM-5991",False,"train",0.0,0.9531881809234619,0.0,0.0,0.0,0.0,0.0,0.0,0.0
"DM-12426",True,"train",0.0,0.0,0.0,0.9378181099891663,0.0,0.0,0.0,0.0,0.0
"DM-13417",False,"train",0.7169933915138245,0.0,0.0,0.0,0.26157400012016296,0.0,0.0,0.0,0.0
"DM-5124",False,"train",0.8601628541946411,0.03822606801986694,0.0,0.09376154839992523,0.0,0.0,0.0,0.0,0.0
"DM-15510",False,"train",0.0,0.0,0.0,0.38163673877716064,0.0,0.0,0.5232228636741638,0.06883837282657623,0.0
"DM-1814",False,"train",0.0,0.0,0.7563719153404236,0.0,0.0,0.1980331838130951,0.0,0.0,0.0
"DM-17664",False,"train",0.0,0.0,0.0,0.0,0.0,0.9364083409309387,0.0,0.0,0.0
"DM-1588",True,"train",0.01588578149676323,0.01587989740073681,0.015882646664977074,0.6825557351112366,0.015883438289165497,0.01588047668337822,0.015881607308983803,0.015883369371294975,0.20626704394817352
"DM-8241",False,"train",0.0,0.17886470258235931,0.0,0.0,0.0,0.6682224273681641,0.14060696959495544,0.0,0.0
"DM-7293",False,"train",0.7775915265083313,0.02779868058860302,0.027798131108283997,0.027795713394880295,0.027797209098935127,0.027796078473329544,0.02779577672481537,0.027830863371491432,0.027796044945716858
"DM-4387",False,"train",0.6973645687103271,0.03159555047750473,0.0,0.0,0.0,0.0,0.0,0.2405957728624344,0.026487423107028008
"DM-8631",False,"train",0.0,0.4610552489757538,0.30953601002693176,0.0,0.0,0.08007533848285675,0.0,0.0,0.13822591304779053
"DM-6438",False,"train",0.2688225209712982,0.0,0.038142137229442596,0.0,0.0,0.0,0.3826204240322113,0.0,0.30229824781417847
"DM-9899",False,"train",0.0,0.0,0.0,0.05150296539068222,0.0,0.0,0.8597224950790405,0.0623868890106678,0.0
"DM-6123",False,"train",0.0,0.3997572362422943,0.0,0.0,0.0,0.059252750128507614,0.0,0.5238249897956848,0.0
"DM-6620",False,"train",0.9343842267990112,0.0,0.05028371140360832,0.0,0.0,0.0,0.0,0.0,0.0
"DM-8464",True,"train",0.022235030308365822,0.8220846056938171,0.02223964035511017,0.0222326572984457,0.02226228453218937,0.022234821692109108,0.02223365195095539,0.02223260886967182,0.022244704887270927
"DM-11601",False,"train",0.0,0.0,0.0,0.9695010781288147,0.0,0.0,0.0,0.0,0.0
"DM-1978",False,"train",0.0,0.0,0.0,0.0,0.0,0.66280597448349,0.0,0.2917974889278412,0.0
"DM-11010",False,"train",0.17022790014743805,0.0,0.5639517903327942,0.0,0.0763600543141365,0.0,0.0,0.0,0.18016600608825684
"DM-17325",False,"train",0.0,0.0,0.0,0.0,0.27271977066993713,0.6948109865188599,0.0,0.0,0.0
"DM-15923",False,"train",0.0,0.0,0.0,0.0,0.0,0.9703303575515747,0.0,0.0,0.0
"DM-15073",True,"train",0.0,0.0,0.0,0.619009256362915,0.0,0.0,0.33605706691741943,0.0,0.0
"DM-16808",False,"train",0.04496002569794655,0.0,0.0,0.0,0.15652301907539368,0.4835318624973297,0.2977471649646759,0.0,0.0
"DM-15678",False,"train",0.0,0.0,0.0,0.7580701112747192,0.0,0.0,0.0,0.0,0.1861758977174759
"DM-6051",True,"train",0.0,0.0,0.0,0.8516958951950073,0.0,0.13387034833431244,0.0,0.0,0.0
"DM-6128",False,"train",0.0,0.0,0.8441118001937866,0.13299837708473206,0.0,0.0,0.0,0.0,0.0
"DM-14390",False,"train",0.014057321473956108,0.014073223806917667,0.014063123613595963,0.0140666039660573,0.4529866874217987,0.014057042077183723,0.014061209745705128,0.4485745131969452,0.01406025979667902
"DM-11538",False,"train",0.4310625195503235,0.0,0.06883755326271057,0.0,0.0,0.0,0.46302130818367004,0.0,0.0
"DM-10986",False,"train",0.013228394091129303,0.013224109075963497,0.0132226487621665,0.013222767971456051,0.13710518181324005,0.01322711631655693,0.013227100484073162,0.013222313486039639,0.7703203558921814
"DM-2580",False,"train",0.0,0.0,0.0,0.6011322140693665,0.0,0.34843194484710693,0.0,0.03235737606883049,0.0
"DM-6257",False,"train",0.013895378448069096,0.013904958963394165,0.013897547498345375,0.01390592660754919,0.013894138857722282,0.013901366852223873,0.013899700716137886,0.013900361023843288,0.8888006210327148
"DM-10375",False,"train",0.0,0.0,0.0,0.0,0.7350717186927795,0.0,0.0,0.0,0.23108355700969696
"DM-17831",False,"train",0.0,0.0,0.0,0.0,0.0,0.0,0.0,0.9906960725784302,0.0
"DM-15052",False,"train",0.018157798796892166,0.018158720806241035,0.018159305676817894,0.17512181401252747,0.6977341771125793,0.0181592907756567,0.01817403733730316,0.01816149242222309,0.0181733388453722
"DM-875",False,"train",0.0,0.9865174293518066,0.0,0.0,0.0,0.0,0.0,0.0,0.0
"DM-8464",True,"train",0.022235030308365822,0.8220846056938171,0.02223964035511017,0.0222326572984457,0.02226228453218937,0.022234821692109108,0.02223365195095539,0.02223260886967182,0.022244704887270927
"DM-12256",False,"train",0.9576518535614014,0.0,0.0,0.0,0.0,0.0,0.0,0.0,0.0
"DM-1822",False,"train",0.05950997397303581,0.0,0.741245687007904,0.1198202446103096,0.03047722764313221,0.0,0.0,0.041646115481853485,0.0
"DM-2854",False,"train",0.0,0.4413321912288666,0.5308430790901184,0.0,0.0,0.0,0.0,0.0,0.0
"DM-15332",False,"train",0.0,0.37063509225845337,0.0,0.6049503684043884,0.0,0.0,0.0,0.0,0.0
"DM-13762",False,"train",0.0,0.1042124405503273,0.0,0.0,0.0,0.0,0.36040642857551575,0.0,0.5158007144927979
"DM-13459",False,"train",0.0,0.0,0.0,0.0,0.0,0.0,0.8793912529945374,0.0,0.08669381588697433
"DM-17508",False,"train",0.0,0.0,0.936474084854126,0.0,0.0,0.0,0.0,0.0,0.0
"DM-8684",False,"train",0.0,0.0,0.0,0.5022473931312561,0.0,0.0,0.39244896173477173,0.09576760977506638,0.0
"DM-18440",False,"train",0.01086207665503025,0.010867761448025703,0.01086480263620615,0.010862370952963829,0.9130802154541016,0.010864989832043648,0.010867978446185589,0.01086362823843956,0.010866180062294006
"DM-10883",False,"train",0.013895309530198574,0.013894782401621342,0.41746124625205994,0.013894900679588318,0.013895757496356964,0.013894470408558846,0.013896513730287552,0.013896658085286617,0.4852703809738159
"DM-5371",False,"train",0.03495880961418152,0.034960903227329254,0.034971121698617935,0.0349837951362133,0.03496865555644035,0.5232377052307129,0.034965697675943375,0.03496568650007248,0.23198767006397247
"DM-5191",True,"train",0.054811570793390274,0.05480782315135002,0.05480656400322914,0.5615206360816956,0.054813217371702194,0.05481480062007904,0.05480803921818733,0.05480814352631569,0.054809216409921646
"DM-14539",False,"train",0.0,0.0,0.0,0.43566977977752686,0.5492420196533203,0.0,0.0,0.0,0.0
"DM-9873",False,"train",0.5150049924850464,0.0,0.06837151944637299,0.0,0.1126306802034378,0.15824733674526215,0.0,0.14063459634780884,0.0
"DM-3504",False,"train",0.022230222821235657,0.02223755419254303,0.022232141345739365,0.022241398692131042,0.022232823073863983,0.303497314453125,0.022234369069337845,0.022228635847568512,0.5408655405044556
"DM-2593",False,"train",0.0,0.9657965898513794,0.0,0.0,0.0,0.0,0.0,0.0,0.0
"DM-13635",False,"train",0.42282381653785706,0.0,0.0,0.0,0.0,0.1834336519241333,0.19728180766105652,0.17498144507408142,0.0
"DM-6466",False,"train",0.0,0.0,0.0,0.0,0.0,0.0,0.0,0.9681931734085083,0.0
"DM-4507",False,"train",0.022292161360383034,0.02228987216949463,0.02228950709104538,0.022293735295534134,0.02231166698038578,0.022289488464593887,0.8216534852981567,0.022290438413619995,0.022289587184786797
"DM-14325",False,"train",0.6797782778739929,0.0,0.0,0.2935364544391632,0.0,0.0,0.0,0.0,0.0
"DM-10231",False,"train",0.29533734917640686,0.0,0.0,0.6710158586502075,0.0,0.0,0.0,0.0,0.02468794770538807
"DM-4755",False,"train",0.026987669989466667,0.026974814012646675,0.027027921751141548,0.026998678222298622,0.46659278869628906,0.026973625645041466,0.0269766915589571,0.3444845378398895,0.026983294636011124
"DM-794",False,"train",0.0,0.0,0.0,0.0,0.0,0.0,0.0,0.9962862730026245,0.0
"DM-2663",False,"train",0.0,0.5018410086631775,0.0,0.0,0.12748876214027405,0.0,0.3506641983985901,0.0,0.0
"DM-7719",False,"train",0.010141518898308277,0.010142127983272076,0.010141899809241295,0.010146173648536205,0.6241652965545654,0.010144181549549103,0.010142233222723007,0.3048345446586609,0.01014202181249857
"DM-2281",False,"train",0.0,0.0,0.0,0.0,0.8339188694953918,0.0,0.11356258392333984,0.0,0.0
"DM-12257",False,"train",0.9629409313201904,0.0,0.0,0.0,0.0,0.0,0.0,0.0,0.0
"DM-912",False,"train",0.012166931293904781,0.9026784300804138,0.012162585742771626,0.012163123115897179,0.012165042571723461,0.012165937572717667,0.012165209278464317,0.01216625515371561,0.012166475877165794
"DM-5312",False,"train",0.027464795857667923,0.027464956045150757,0.027483509853482246,0.027469664812088013,0.02746715396642685,0.027463838458061218,0.7802457809448242,0.027467718347907066,0.027472618967294693
"DM-6529",False,"train",0.03566179424524307,0.08219758421182632,0.7699750065803528,0.0,0.017148537561297417,0.0,0.0644315555691719,0.029676424339413643,0.0
"DM-9652",False,"train",0.0,0.0,0.0,0.5950024724006653,0.0,0.0,0.0,0.3726179599761963,0.0
"DM-6063",False,"train",0.0,0.06674234569072723,0.0,0.0,0.0,0.5544981956481934,0.0,0.3562905490398407,0.0
"DM-4781",False,"train",0.0,0.0,0.35289713740348816,0.0,0.0,0.21452659368515015,0.3245752155780792,0.0,0.09584812074899673
"DM-8593",True,"train",0.0,0.0,0.0,0.0,0.8342387676239014,0.0,0.0,0.11109068244695663,0.0
"DM-5776",False,"train",0.1951720416545868,0.796359658241272,0.0,0.0,0.0,0.0,0.0,0.0,0.0
"DM-6128",False,"train",0.0,0.0,0.8441118001937866,0.13299837708473206,0.0,0.0,0.0,0.0,0.0
"DM-17553",False,"train",0.0,0.0,0.0,0.0,0.0,0.0,0.8588148951530457,0.12494289129972458,0.0
"DM-8088",True,"train",0.0,0.0,0.0,0.0,0.0,0.2123401015996933,0.04388289526104927,0.08061937987804413,0.6585856676101685
"DM-7014",False,"train",0.010037361644208431,0.010039446875452995,0.01004038192331791,0.010037656873464584,0.010038194246590137,0.5696046948432922,0.12611372768878937,0.2440517544746399,0.010036807507276535
"DM-13154",True,"train",0.0,0.0,0.0,0.6011484265327454,0.0,0.0,0.20962929725646973,0.0,0.15010599792003632
"DM-12390",False,"train",0.5983552932739258,0.0,0.0,0.12683533132076263,0.13642413914203644,0.0,0.0,0.0,0.12943585216999054
"DM-10842",False,"train",0.0,0.0,0.20551201701164246,0.0,0.0,0.0,0.0,0.0,0.7512504458427429
"DM-8577",False,"train",0.0,0.7800970077514648,0.1854003369808197,0.0,0.0,0.0,0.0,0.0,0.0
"DM-7767",False,"train",0.011193066835403442,0.011188257485628128,0.011189399287104607,0.632010281085968,0.011190955527126789,0.01118797343224287,0.18225151300430298,0.11859980970621109,0.011188734322786331
"DM-8045",False,"train",0.010558526031672955,0.6654213666915894,0.010563631542026997,0.010562033392488956,0.010558689013123512,0.2606547474861145,0.010561836883425713,0.010558634996414185,0.01056053675711155
"DM-4692",False,"train",0.3972998261451721,0.0,0.0,0.0,0.0990462526679039,0.0,0.0,0.26350435614585876,0.21884369850158691
"DM-3261",True,"train",0.013896639458835125,0.01389419287443161,0.013895424082875252,0.7157526612281799,0.18696413934230804,0.013896571472287178,0.013904430903494358,0.01390132401138544,0.013894653879106045
"DM-7949",False,"train",0.0,0.06811893731355667,0.029238173738121986,0.0,0.063479483127594,0.0,0.0,0.46666136384010315,0.3656701147556305
"DM-7739",False,"train",0.0,0.03243735805153847,0.0,0.10803303867578506,0.8490894436836243,0.0,0.0,0.0,0.0
"DM-6945",False,"train",0.0,0.0,0.0,0.0,0.032338935881853104,0.07118356227874756,0.6540855765342712,0.0,0.23269733786582947
"DM-7017",False,"train",0.0,0.0,0.0,0.0,0.0,0.0,0.9576514363288879,0.0,0.0
"DM-13384",False,"train",0.0,0.0,0.0,0.0,0.0,0.9599524736404419,0.0,0.0,0.0
"DM-11095",False,"train",0.0,0.0,0.0,0.0,0.0,0.03645283728837967,0.0,0.17270135879516602,0.7690521478652954
"DM-14697",True,"train",0.0,0.0,0.13440391421318054,0.0,0.0,0.0,0.8009253144264221,0.0,0.0
"DM-430",False,"train",0.0,0.11268981546163559,0.0,0.0,0.0,0.0,0.0,0.28639593720436096,0.5718525052070618
"DM-9320",False,"train",0.0,0.21382920444011688,0.0,0.0,0.0,0.0,0.5575527548789978,0.20135410130023956,0.0
"DM-2494",False,"train",0.0,0.6590636968612671,0.0,0.2952978014945984,0.0,0.0,0.0,0.0,0.0
"DM-13270",False,"train",0.0,0.0,0.4980500042438507,0.45078244805336,0.0,0.0,0.0,0.0,0.0
"DM-1533",True,"train",0.013915144838392735,0.01391527522355318,0.01391423400491476,0.013914731331169605,0.6138002276420593,0.013916222378611565,0.013915221206843853,0.2887950837612152,0.013913890346884727
"DM-8454",False,"train",0.022224202752113342,0.8221963047981262,0.022230984643101692,0.022223979234695435,0.02222507633268833,0.022226130589842796,0.02222496271133423,0.022223910316824913,0.02222447469830513
"DM-6130",False,"train",0.012386169284582138,0.012394236400723457,0.012383363209664822,0.9008845090866089,0.012380104511976242,0.01239415630698204,0.012387466616928577,0.012406492605805397,0.012383470311760902
"DM-11305",False,"train",0.6198979020118713,0.012392010539770126,0.2933526635169983,0.012394784949719906,0.012396363541483879,0.012391844764351845,0.01239053625613451,0.012390954419970512,0.012392962351441383
"DM-15500",False,"train",0.4985795021057129,0.0,0.0,0.1344139277935028,0.13935208320617676,0.0,0.0,0.0,0.21115019917488098
"DM-16743",False,"train",0.4344094693660736,0.0,0.0,0.0,0.0,0.0,0.2807357609272003,0.0,0.2543884813785553
"DM-16168",False,"train",0.0,0.0,0.0,0.0,0.9443080425262451,0.0,0.0,0.0,0.0
"DM-4500",False,"train",0.022228557616472244,0.022227153182029724,0.022227860987186432,0.022230258211493492,0.8221569061279297,0.022226989269256592,0.02224886789917946,0.022226782515645027,0.022226577624678612
"DM-596",True,"train",0.0,0.0,0.0,0.0,0.1241152435541153,0.0,0.8589212894439697,0.0,0.0
"DM-11516",False,"train",0.0,0.0,0.14033585786819458,0.0,0.0,0.0,0.8401718735694885,0.0,0.0
"DM-15694",True,"train",0.0,0.0,0.0,0.0,0.0,0.1418668031692505,0.8261013031005859,0.0,0.0
"DM-17564",True,"train",0.0,0.0,0.0,0.3730155825614929,0.0,0.30914342403411865,0.0,0.08227605372667313,0.22434468567371368
"DM-14311",False,"train",0.0,0.0,0.0,0.0,0.0,0.11316221207380295,0.0,0.8291787505149841,0.0
"DM-9987",True,"train",0.0,0.0,0.0,0.9838218092918396,0.0,0.0,0.0,0.0,0.0
"DM-4487",False,"train",0.027792848646640778,0.02778756432235241,0.027797091752290726,0.027849173173308372,0.027800017967820168,0.02778886817395687,0.7776018381118774,0.027792051434516907,0.027790552005171776
"DM-3775",True,"train",0.36108916997909546,0.15644332766532898,0.0,0.0,0.0,0.0,0.0,0.46885377168655396,0.0
"DM-13215",False,"train",0.0,0.10549217462539673,0.0,0.0,0.0,0.0,0.0,0.5563477277755737,0.3013795018196106
"DM-13396",False,"train",0.40714511275291443,0.058304719626903534,0.0,0.44550588726997375,0.0,0.0819702222943306,0.0,0.0,0.0
"DM-21",False,"train",0.0,0.0,0.0,0.0,0.0,0.0,0.0,0.9313576817512512,0.0
"DM-2778",True,"train",0.0,0.5514397025108337,0.0,0.0,0.18972918391227722,0.0,0.0,0.06204468011856079,0.18748044967651367
"DM-14778",False,"train",0.22744667530059814,0.0,0.0,0.11694755405187607,0.0,0.0,0.6462222337722778,0.0,0.0
"DM-17338",False,"train",0.010384703986346722,0.010383090935647488,0.01038256473839283,0.9169279932975769,0.010384698398411274,0.010383318178355694,0.01038452424108982,0.010384481400251389,0.010384563356637955
"DM-10070",False,"train",0.0,0.0,0.0,0.0,0.0,0.4098215103149414,0.0,0.24038897454738617,0.3254856765270233
"DM-9567",True,"train",0.0,0.0,0.0,0.16687323153018951,0.0,0.0,0.0,0.8243758082389832,0.0
"DM-2435",False,"train",0.12004376947879791,0.0,0.8731183409690857,0.0,0.0,0.0,0.0,0.0,0.0
"DM-18311",False,"train",0.0,0.0,0.0,0.0,0.0,0.0,0.0,0.0,0.9595029950141907
"DM-11155",True,"train",0.0650046318769455,0.0,0.0,0.20377930998802185,0.0,0.16755932569503784,0.5549548864364624,0.0,0.0
"DM-3237",False,"train",0.0,0.0,0.0,0.0,0.0493847131729126,0.0,0.8319858312606812,0.10584112256765366,0.0
"DM-9639",False,"train",0.0,0.0,0.0,0.0,0.0,0.5545877814292908,0.0,0.3947555422782898,0.0
"DM-10359",True,"train",0.0,0.0,0.45773881673812866,0.0,0.0,0.49344828724861145,0.0,0.0,0.0
"DM-15381",False,"train",0.6978009343147278,0.03777167201042175,0.037771664559841156,0.03777166083455086,0.03777442127466202,0.037771664559841156,0.03777165338397026,0.03779470920562744,0.03777166083455086
"DM-4567",True,"train",0.5252679586410522,0.0,0.0,0.0,0.45487549901008606,0.0,0.0,0.0,0.0
"DM-9140",False,"train",0.0,0.18294788897037506,0.0649770051240921,0.0,0.6175162196159363,0.0,0.12244801968336105,0.0,0.0
"DM-11749",False,"train",0.0,0.0,0.0,0.0,0.3386077582836151,0.19378721714019775,0.0,0.4294365644454956,0.0
"DM-15869",False,"train",0.608884871006012,0.0,0.0,0.0,0.0,0.0,0.0,0.3854869306087494,0.0
"DM-9245",False,"train",0.7356959581375122,0.2083956003189087,0.0,0.0,0.0,0.0,0.0,0.0,0.0
"DM-10516",False,"train",0.0,0.0,0.38515910506248474,0.1482042819261551,0.035546328872442245,0.0,0.42636802792549133,0.0,0.0
"DM-5280",False,"train",0.0,0.0,0.13741202652454376,0.13963524997234344,0.4543651044368744,0.0,0.0,0.0,0.26333460211753845
"DM-13456",True,"train",0.0,0.0,0.0,0.0,0.0,0.0,0.13683325052261353,0.0,0.8144243359565735
"DM-14168",False,"train",0.0,0.0,0.0,0.08009427785873413,0.823512852191925,0.0,0.0,0.0,0.08083497732877731
"DM-13487",False,"train",0.027809232473373413,0.027802757918834686,0.027815410867333412,0.777462363243103,0.027812432497739792,0.027810005471110344,0.027838606387376785,0.02783224917948246,0.02781691960990429
"DM-417",False,"train",0.0,0.04563909396529198,0.25000038743019104,0.0,0.5856219530105591,0.0,0.10508599877357483,0.0,0.0
"DM-13674",False,"train",0.0,0.0,0.0,0.1995912343263626,0.05798647180199623,0.0,0.34539416432380676,0.0,0.3844928443431854
"DM-17758",True,"train",0.0,0.0,0.0,0.0,0.11512020975351334,0.14737531542778015,0.41860875487327576,0.3121974766254425,0.0
"DM-13224",False,"train",0.01591726578772068,0.3852427303791046,0.015918318182229996,0.015923377126455307,0.22634461522102356,0.015931319445371628,0.015920059755444527,0.29288309812545776,0.015919219702482224
"DM-4571",False,"train",0.0,0.0,0.0,0.0,0.7596308588981628,0.19753248989582062,0.0,0.0,0.0
"DM-2623",False,"train",0.0,0.0,0.0,0.0,0.47703614830970764,0.0,0.0,0.4773687422275543,0.0
"DM-16184",False,"train",0.03648114949464798,0.03647391125559807,0.03648260608315468,0.03647436946630478,0.7082173824310303,0.03646406531333923,0.03647340089082718,0.0364714041352272,0.03646174445748329
"DM-8014",False,"train",0.01576850563287735,0.015766942873597145,0.015772655606269836,0.8738378286361694,0.015769846737384796,0.015768999233841896,0.01576695591211319,0.015766529366374016,0.01578175462782383
"DM-5036",False,"train",0.0,0.3420375883579254,0.0,0.0,0.0,0.0,0.23107507824897766,0.3861252963542938,0.0
"DM-1331",False,"train",0.18314775824546814,0.0,0.46593257784843445,0.3217402696609497,0.0,0.0,0.0,0.0,0.0
"DM-17044",False,"train",0.0,0.0,0.0,0.0,0.0,0.9828808307647705,0.0,0.0,0.0
"DM-1350",True,"train",0.0,0.1559293121099472,0.3241104185581207,0.0,0.0,0.48853322863578796,0.0,0.0,0.0
"DM-11957",True,"train",0.0,0.420590877532959,0.05688001215457916,0.0,0.0,0.0,0.08369434624910355,0.0,0.42209020256996155
"DM-9852",False,"train",0.6002591848373413,0.0,0.0,0.3289404809474945,0.0,0.02709157019853592,0.03315860778093338,0.0,0.0
"DM-17550",False,"train",0.012491727247834206,0.012493113055825233,0.012493272311985493,0.012495736591517925,0.4619886875152588,0.012491924688220024,0.45055854320526123,0.01249194610863924,0.012495102360844612
"DM-435",False,"train",0.0,0.0,0.0,0.0,0.1351960450410843,0.0,0.0,0.6668045520782471,0.1894151121377945
"DM-7897",False,"train",0.0,0.0,0.5523485541343689,0.0,0.0896214172244072,0.3383578658103943,0.0,0.0,0.0
"DM-17936",False,"train",0.0,0.0,0.0,0.0,0.0,0.0,0.0,0.9863116145133972,0.0
"DM-14391",True,"train",0.0,0.1762637048959732,0.0,0.33291998505592346,0.0,0.4793471395969391,0.0,0.0,0.0
"DM-6942",False,"train",0.0,0.0,0.0,0.0,0.7963542342185974,0.16639751195907593,0.0,0.0,0.0
"DM-9909",False,"train",0.7399402856826782,0.0,0.0,0.0,0.0,0.0,0.0,0.25878679752349854,0.0
"DM-5413",True,"train",0.0,0.0,0.0,0.0,0.0,0.18487247824668884,0.4309011697769165,0.35872989892959595,0.0
"DM-3257",True,"train",0.96434086561203,0.0,0.0,0.0,0.0,0.0,0.0,0.0,0.0
"DM-11895",False,"train",0.0,0.0,0.0,0.0,0.6461134552955627,0.0,0.030078459531068802,0.3168996572494507,0.0
"DM-9790",False,"train",0.1800837218761444,0.5222126245498657,0.0,0.1433517336845398,0.0,0.0,0.14676226675510406,0.0,0.0
"DM-1621",False,"train",0.0,0.0,0.0,0.0,0.9578589200973511,0.0,0.0,0.0,0.0
"DM-9413",False,"train",0.03676628693938255,0.03673425316810608,0.03673055022954941,0.03673045337200165,0.036731332540512085,0.03673902153968811,0.36852675676345825,0.036732569336891174,0.3743087649345398
"DM-7378",False,"train",0.0,0.0,0.20467519760131836,0.0,0.20587337017059326,0.0,0.5418058633804321,0.0,0.0
"DM-9764",True,"train",0.0,0.0,0.5835278630256653,0.0,0.3774435818195343,0.0,0.0,0.0,0.0
"DM-13850",False,"train",0.0,0.4289284944534302,0.0,0.0,0.5300750732421875,0.0,0.0,0.0,0.0
"DM-3663",False,"train",0.09149902313947678,0.0,0.09035313129425049,0.21291916072368622,0.4870094656944275,0.10711555182933807,0.0,0.0,0.0
"DM-7055",False,"train",0.0,0.0,0.0,0.0,0.0,0.10627565532922745,0.8474183678627014,0.0,0.0
"DM-6249",False,"train",0.0,0.0,0.5161955952644348,0.0,0.0,0.0,0.41984501481056213,0.0,0.0
"DM-6239",False,"train",0.0,0.0,0.9613131880760193,0.0,0.0,0.0,0.0,0.0,0.0
"DM-8761",False,"train",0.0,0.0,0.0,0.9613295793533325,0.0,0.0,0.0,0.0,0.0
"DM-13042",False,"train",0.5888888239860535,0.0,0.0,0.2602505683898926,0.0,0.134900763630867,0.0,0.0,0.0
"DM-15854",False,"train",0.026638953015208244,0.02664196863770485,0.32868248224258423,0.026645304635167122,0.026645751670002937,0.02663552761077881,0.30758896470069885,0.026637829840183258,0.20388321578502655
"DM-11811",False,"train",0.013573640026152134,0.4211457669734955,0.013569820672273636,0.013572774827480316,0.013572515919804573,0.013577391393482685,0.013573364354670048,0.4838414788246155,0.013573307543992996
"DM-10477",True,"train",0.0,0.0,0.0,0.7498639822006226,0.0,0.22965732216835022,0.0,0.0,0.0
"DM-13687",False,"train",0.0,0.0,0.0,0.9861029982566833,0.0,0.0,0.0,0.0,0.0
"DM-12879",False,"train",0.0,0.0,0.0,0.14366991817951202,0.0,0.3138931393623352,0.0,0.0,0.5106536149978638
"DM-1952",False,"train",0.0,0.26229146122932434,0.0,0.08321451395750046,0.14565955102443695,0.0,0.4895584285259247,0.0,0.0
"DM-13878",False,"train",0.0,0.0,0.0,0.0,0.0,0.5062053203582764,0.0,0.0,0.47086483240127563
"DM-7798",True,"train",0.0,0.0,0.0,0.43513527512550354,0.0,0.53382408618927,0.0,0.0,0.0
"DM-17553",False,"train",0.0,0.0,0.0,0.0,0.0,0.0,0.8588148951530457,0.12494289129972458,0.0
"DM-9307",False,"train",0.013899140991270542,0.013898431323468685,0.7171817421913147,0.013898669742047787,0.18550363183021545,0.013899167068302631,0.01390813197940588,0.013901124708354473,0.013909958302974701
"DM-1322",False,"train",0.0,0.0,0.0,0.0,0.0,0.0,0.7683454751968384,0.0,0.19105122983455658
"DM-787",False,"train",0.013909131288528442,0.013906891457736492,0.013901596888899803,0.01391605380922556,0.013903412967920303,0.013903104700148106,0.8887556791305542,0.013901886530220509,0.01390228420495987
"DM-6466",False,"train",0.0,0.0,0.0,0.0,0.0,0.0,0.0,0.9681931734085083,0.0
"DM-2803",False,"train",0.0,0.0,0.0,0.0,0.7811999320983887,0.18201451003551483,0.0,0.0,0.0
"DM-17227",True,"train",0.40950027108192444,0.0,0.0,0.0,0.0,0.0,0.39326417446136475,0.0,0.18255960941314697
"DM-9329",True,"train",0.8123415112495422,0.0,0.0,0.0,0.0,0.0,0.0,0.0,0.15546107292175293
"DM-17638",False,"train",0.0,0.0,0.0,0.0,0.0,0.0,0.9695104956626892,0.0,0.0
"DM-14753",True,"train",0.1948545128107071,0.0,0.0,0.010540161281824112,0.3254139721393585,0.0,0.0,0.4226168096065521,0.044000688940286636
"DM-7622",True,"train",0.0,0.0,0.23887327313423157,0.0,0.0,0.0,0.7572408318519592,0.0,0.0
"DM-9535",False,"train",0.0,0.0,0.0,0.8241795301437378,0.0,0.0,0.0,0.15866991877555847,0.0
"DM-10263",False,"train",0.0,0.0,0.0,0.0,0.0,0.04493381455540657,0.42128556966781616,0.0,0.5255091190338135
"DM-1954",True,"train",0.0,0.0,0.0,0.0,0.0,0.0,0.08658021688461304,0.6830750107765198,0.21133185923099518
"DM-2953",False,"train",0.0,0.0,0.9418344497680664,0.0,0.0,0.0,0.0,0.0,0.0
"DM-10842",False,"train",0.0,0.0,0.20551201701164246,0.0,0.0,0.0,0.0,0.0,0.7512504458427429
"DM-5122",False,"train",0.0,0.0,0.0,0.010192712768912315,0.0781501978635788,0.0,0.17751972377300262,0.7303816676139832,0.0
"DM-15084",False,"train",0.0,0.0,0.0,0.43638089299201965,0.0,0.0,0.0,0.0,0.5231478214263916
"DM-7936",False,"train",0.0,0.0,0.6617609858512878,0.0,0.0,0.0,0.0,0.0,0.2863045930862427
"DM-11609",False,"train",0.0,0.0,0.03934948518872261,0.07989908754825592,0.0,0.12127967178821564,0.7420944571495056,0.0,0.0
"DM-599",False,"train",0.0,0.4336133599281311,0.0,0.0,0.32356762886047363,0.18652546405792236,0.02979387529194355,0.0,0.0
"DM-1125",False,"train",0.0,0.0,0.0,0.0,0.13918423652648926,0.0,0.839923083782196,0.0,0.0
"DM-10044",False,"train",0.0,0.0,0.0,0.5753905773162842,0.0,0.0,0.0,0.38866984844207764,0.0
"DM-4997",False,"train",0.0,0.18434055149555206,0.04634656757116318,0.0,0.035945698618888855,0.0,0.5398940443992615,0.0,0.1781550943851471
"DM-17928",False,"train",0.0,0.0,0.0,0.6370899081230164,0.0,0.0,0.3118360936641693,0.0,0.0
"DM-1893",False,"train",0.012272272258996964,0.012273652479052544,0.012271886691451073,0.6830877661705017,0.01227573212236166,0.012279133312404156,0.23099544644355774,0.012271648272871971,0.012272490188479424
"DM-751",False,"train",0.0,0.0,0.0,0.0,0.0,0.0,0.0,0.997138261795044,0.0
"DM-6533",False,"train",0.0,0.8654720187187195,0.0,0.0,0.0,0.08252675831317902,0.0,0.0,0.0
"DM-17227",True,"train",0.40950027108192444,0.0,0.0,0.0,0.0,0.0,0.39326417446136475,0.0,0.18255960941314697
"DM-2521",False,"train",0.0,0.0,0.0,0.0,0.0,0.0,0.47370126843452454,0.0,0.4723271131515503
"DM-18547",True,"train",0.012213773094117641,0.4010075330734253,0.012215125374495983,0.012215030379593372,0.5134865045547485,0.012215226888656616,0.012216382659971714,0.012216356582939625,0.012214074842631817
"DM-13136",False,"train",0.8753137588500977,0.11505946516990662,0.0,0.0,0.0,0.0,0.0,0.0,0.0
"DM-5877",False,"train",0.0,0.0,0.0,0.0,0.0,0.7453577518463135,0.0,0.24691447615623474,0.0
"DM-9503",False,"train",0.7114282846450806,0.283111572265625,0.0,0.0,0.0,0.0,0.0,0.0,0.0
"DM-207",True,"train",0.015982693061232567,0.015987323597073555,0.015978319570422173,0.01597769372165203,0.015975987538695335,0.015978485345840454,0.8721643686294556,0.015979455783963203,0.015975670889019966
"DM-14536",False,"train",0.0,0.0,0.0,0.0,0.0,0.19753602147102356,0.7655324935913086,0.0,0.0
"DM-967",False,"train",0.0519803985953331,0.0,0.034069743007421494,0.0,0.0,0.0,0.525644838809967,0.37697136402130127,0.0
"DM-11593",False,"train",0.0,0.0,0.531046450138092,0.0,0.0,0.0,0.4471242129802704,0.0,0.0
"DM-8803",True,"train",0.0,0.0,0.0,0.0,0.0,0.9576096534729004,0.0,0.0,0.0
"DM-16784",False,"train",0.3061957061290741,0.0,0.0,0.062355466187000275,0.08711843192577362,0.0,0.5151723027229309,0.0,0.0
"DM-18318",False,"train",0.0,0.0,0.0,0.07945003360509872,0.0,0.0,0.1271093338727951,0.1290760487318039,0.6525278091430664
"DM-6942",False,"train",0.0,0.0,0.0,0.0,0.7963542342185974,0.16639751195907593,0.0,0.0,0.0
"DM-16830",False,"train",0.0,0.0,0.0,0.3247968256473541,0.18718484044075012,0.0,0.0,0.0,0.47009000182151794
"DM-7822",False,"train",0.0,0.0,0.0,0.0,0.0,0.0,0.953169047832489,0.0,0.0
"DM-3638",False,"train",0.0,0.0,0.0,0.0,0.0,0.0,0.0,0.0,0.9872693419456482
"DM-10349",False,"train",0.0,0.9730381369590759,0.0,0.0,0.0,0.0,0.0,0.0,0.0
"DM-10270",False,"train",0.18534651398658752,0.0,0.0,0.0,0.345380961894989,0.0,0.0,0.0,0.4437115788459778
"DM-8249",False,"train",0.0,0.0,0.0,0.0,0.0,0.0,0.0,0.9406133890151978,0.0
"DM-1073",False,"train",0.0,0.0,0.0,0.0,0.0,0.0,0.0,0.5219515562057495,0.4223884046077728
"DM-5912",False,"train",0.0,0.940636157989502,0.0,0.0,0.0,0.0,0.0,0.0,0.0
"DM-9553",False,"train",0.0,0.0,0.0,0.31216633319854736,0.09714166074991226,0.0,0.0,0.2309175431728363,0.3462589383125305
"DM-4731",False,"train",0.0,0.0,0.0,0.5252302289009094,0.0,0.0,0.3793535828590393,0.07739850133657455,0.0
"DM-5532",True,"train",0.0,0.0,0.0,0.0,0.0,0.0,0.8624189496040344,0.0,0.1269090473651886
"DM-4507",False,"train",0.022292161360383034,0.02228987216949463,0.02228950709104538,0.022293735295534134,0.02231166698038578,0.022289488464593887,0.8216534852981567,0.022290438413619995,0.022289587184786797
"DM-14838",False,"train",0.0,0.0,0.2426745444536209,0.0,0.0,0.688937246799469,0.0,0.0,0.0
"DM-17550",False,"train",0.012491727247834206,0.012493113055825233,0.012493272311985493,0.012495736591517925,0.4619886875152588,0.012491924688220024,0.45055854320526123,0.01249194610863924,0.012495102360844612
"DM-3943",False,"train",0.33480560779571533,0.09101834148168564,0.01737457886338234,0.0,0.0,0.1667207032442093,0.29489821195602417,0.0808214321732521,0.0
"DM-14671",False,"train",0.725252091884613,0.16115498542785645,0.0,0.0,0.038126345723867416,0.0,0.0664815828204155,0.0,0.0
"DM-9419",False,"train",0.0,0.6412287354469299,0.04435098171234131,0.07974600046873093,0.0,0.0,0.0,0.21586962044239044,0.0
"DM-5266",False,"train",0.0,0.0,0.7609043121337891,0.0,0.0,0.0,0.20517902076244354,0.0,0.0
"DM-6042",True,"train",0.0,0.13937853276729584,0.0,0.8150304555892944,0.0,0.0,0.0,0.0,0.0
"DM-4490",True,"train",0.018523573875427246,0.018523698672652245,0.01852567307651043,0.018526257947087288,0.8517820239067078,0.018529197201132774,0.018542125821113586,0.018523452803492546,0.01852402091026306
"DM-10265",False,"train",0.0,0.0,0.2898634374141693,0.0,0.0,0.0,0.6677181124687195,0.0,0.0
"DM-14114",False,"train",0.0,0.0,0.0,0.0,0.9364539384841919,0.0,0.0,0.0,0.0
"DM-10105",False,"train",0.6119750738143921,0.0,0.013397113420069218,0.0,0.0,0.0,0.0,0.3733741343021393,0.0
"DM-998",True,"train",0.0,0.0,0.0,0.0,0.9698824286460876,0.0,0.0,0.0,0.0
"DM-417",False,"train",0.0,0.04563909396529198,0.25000038743019104,0.0,0.5856219530105591,0.0,0.10508599877357483,0.0,0.0
"DM-16374",False,"train",0.0,0.7449035048484802,0.0,0.0,0.0,0.0,0.10735953599214554,0.1260879933834076,0.0
"DM-14834",True,"train",0.0,0.0,0.6085302233695984,0.0,0.0,0.22820578515529633,0.15391044318675995,0.0,0.0
"DM-12205",False,"train",0.39359062910079956,0.0,0.0,0.0,0.0,0.5826665163040161,0.0,0.0,0.0
"DM-8349",False,"train",0.0,0.0,0.0,0.4449639320373535,0.0,0.0,0.05470000579953194,0.48466700315475464,0.0
"DM-7114",False,"train",0.0,0.0,0.5647721290588379,0.0,0.0,0.0,0.0,0.38286107778549194,0.04187944531440735
"DM-13460",False,"train",0.018534930422902107,0.01854212023317814,0.01853824034333229,0.018548792228102684,0.01854378543794155,0.01853647455573082,0.01854614168405533,0.018535207957029343,0.8516743183135986
"DM-14842",True,"train",0.0,0.0,0.0,0.0,0.0,0.0,0.0,0.9305412769317627,0.0
"DM-3249",False,"train",0.0,0.0,0.03971399366855621,0.0,0.0,0.0,0.746536135673523,0.10805730521678925,0.09144648909568787
"DM-6631",False,"train",0.33551061153411865,0.0,0.0,0.0,0.32246649265289307,0.2904461920261383,0.0,0.04331894963979721,0.0
"DM-10225",False,"train",0.0,0.0,0.0,0.0,0.0,0.0,0.0,0.9443846940994263,0.0
"DM-12090",False,"train",0.0,0.0,0.6220178604125977,0.32238027453422546,0.0,0.0,0.0,0.0,0.0
"DM-5674",False,"train",0.06943824887275696,0.0,0.0,0.3314287066459656,0.06259100139141083,0.0,0.21210530400276184,0.08483448624610901,0.22534197568893433
"DM-11735",False,"train",0.0,0.0,0.0,0.0,0.0,0.0,0.0,0.0,0.9406279921531677
"DM-17956",False,"train",0.06950871646404266,0.09251979738473892,0.0,0.2840147614479065,0.0,0.0,0.11770767718553543,0.0,0.43273815512657166
"DM-16151",False,"train",0.0,0.07353603094816208,0.0,0.5761567950248718,0.0,0.0,0.33311983942985535,0.0,0.0
"DM-5540",False,"train",0.8221151232719421,0.02224624529480934,0.02223134972155094,0.022233959287405014,0.022228984162211418,0.022235766053199768,0.022234737873077393,0.022239182144403458,0.02223462425172329
"DM-1658",False,"train",0.0,0.0,0.0,0.03379754722118378,0.11728502064943314,0.03925872966647148,0.18624353408813477,0.6171017289161682,0.0
"DM-967",False,"train",0.0519803985953331,0.0,0.034069743007421494,0.0,0.0,0.0,0.525644838809967,0.37697136402130127,0.0
"DM-8361",False,"train",0.0,0.12880484759807587,0.0,0.0,0.19123369455337524,0.11179978400468826,0.20729225873947144,0.35532116889953613,0.0
"DM-2625",False,"train",0.0,0.0,0.0,0.0,0.0,0.0,0.0,0.9560319781303406,0.0
"DM-10220",False,"train",0.0,0.9438013434410095,0.02711300179362297,0.0,0.0,0.0,0.0,0.0,0.02040405198931694
"DM-6978",False,"train",0.6739503741264343,0.0,0.0,0.0,0.0,0.0,0.3079322874546051,0.0,0.0
"DM-17210",False,"train",0.0,0.0,0.06789220869541168,0.0,0.6240556836128235,0.0,0.0,0.0,0.28466248512268066
"DM-764",False,"train",0.0,0.320700466632843,0.0,0.0,0.0,0.0,0.0,0.6382890343666077,0.0
"DM-17300",False,"train",0.0,0.0,0.0,0.0,0.6443586945533752,0.13612112402915955,0.18634290993213654,0.0,0.0
"DM-15208",False,"train",0.6590047478675842,0.0,0.0,0.0,0.0,0.0,0.2819860279560089,0.0,0.0
"DM-1531",False,"train",0.5016367435455322,0.01854090765118599,0.018540041521191597,0.01854407787322998,0.0185382179915905,0.018544547259807587,0.36858341097831726,0.018537864089012146,0.01853419840335846
"DM-6130",False,"train",0.012386169284582138,0.012394236400723457,0.012383363209664822,0.9008845090866089,0.012380104511976242,0.01239415630698204,0.012387466616928577,0.012406492605805397,0.012383470311760902
"DM-5782",False,"train",0.0,0.0,0.0,0.0,0.0,0.0,0.0,0.7953590750694275,0.1627628058195114
"DM-12029",False,"train",0.0,0.7522615790367126,0.0,0.0,0.10259680449962616,0.0,0.015127231366932392,0.0,0.12319476902484894
"DM-8241",False,"train",0.0,0.17886470258235931,0.0,0.0,0.0,0.6682224273681641,0.14060696959495544,0.0,0.0
"DM-17316",False,"train",0.033587146550416946,0.0,0.0,0.0,0.2182575762271881,0.0,0.4849589169025421,0.23635804653167725,0.0
"DM-10314",False,"train",0.0,0.2015245407819748,0.0,0.0,0.0,0.7401793599128723,0.0,0.0,0.0
"DM-8959",False,"train",0.0,0.0,0.0,0.24165967106819153,0.0,0.0,0.14698508381843567,0.0,0.5968745350837708
"DM-10779",True,"train",0.013898509554564953,0.013900844380259514,0.01390019804239273,0.013899747282266617,0.013900433667004108,0.013901036232709885,0.013901516795158386,0.013898824341595173,0.8887988924980164
"DM-3911",True,"train",0.0,0.0,0.0,0.0,0.0,0.0,0.1502496600151062,0.3267066180706024,0.5125219821929932
"DM-3966",False,"train",0.0218362994492054,0.021836839616298676,0.021837271749973297,0.02185465767979622,0.021839914843440056,0.02183651179075241,0.6659159064292908,0.181195929646492,0.021846652030944824
"DM-272",False,"train",0.0,0.3941848874092102,0.0,0.0,0.0,0.0,0.5425993800163269,0.0,0.0
"DM-7655",False,"train",0.0,0.0,0.0,0.0,0.0,0.9555229544639587,0.0,0.0,0.0
"DM-17326",False,"train",0.0,0.0,0.0,0.0,0.0,0.0,0.0,0.0,0.9443044066429138
"DM-9087",False,"train",0.0,0.6802248358726501,0.0,0.0,0.13092248141765594,0.14438055455684662,0.0,0.0,0.0
"DM-8565",True,"train",0.0,0.0,0.0,0.0,0.0,0.0,0.0,0.9837849140167236,0.0
"DM-78",False,"train",0.0,0.0,0.0,0.4749499559402466,0.0,0.0,0.0,0.0,0.504622220993042
"DM-16839",False,"train",0.21965573728084564,0.12933750450611115,0.0,0.0,0.0,0.4565158784389496,0.0,0.1786229908466339,0.0
"DM-911",False,"train",0.01588619500398636,0.015907632187008858,0.015891216695308685,0.015905028209090233,0.015887174755334854,0.8728340864181519,0.015901723876595497,0.015890244394540787,0.01589673012495041
"DM-16302",False,"train",0.46011364459991455,0.0,0.0,0.39648735523223877,0.0,0.0,0.1204826757311821,0.0,0.0
"DM-1456",True,"train",0.01853143610060215,0.018536819145083427,0.018530547618865967,0.8517282009124756,0.018537241965532303,0.01852734200656414,0.018534395843744278,0.01853180304169655,0.01854223571717739
"DM-13080",True,"train",0.0,0.0,0.0,0.0422939658164978,0.36669063568115234,0.0,0.0,0.0,0.5718812942504883
"DM-8182",False,"train",0.6684790253639221,0.0,0.0,0.0,0.0,0.28632092475891113,0.0,0.0,0.0
"DM-11052",False,"train",0.0,0.0,0.0,0.0,0.13846862316131592,0.0,0.0,0.0,0.8379318714141846
"DM-14494",False,"train",0.0,0.0,0.0,0.0,0.0,0.0,0.8091034293174744,0.13924501836299896,0.0
"DM-16048",True,"train",0.0,0.0,0.0,0.7583853602409363,0.0,0.0,0.22664496302604675,0.0,0.0
"DM-1944",False,"train",0.0,0.0,0.0,0.0,0.0,0.0,0.0,0.8760903477668762,0.08674243092536926
"DM-11720",False,"train",0.0,0.3407725989818573,0.0,0.34666699171066284,0.0,0.0,0.0,0.0,0.30468451976776123
"DM-2883",False,"train",0.0,0.046577394008636475,0.0,0.0,0.0,0.0,0.0,0.2954741418361664,0.6382451057434082
"DM-10093",False,"train",0.5557296872138977,0.4322406053543091,0.0,0.0,0.0,0.0,0.0,0.0,0.0
"DM-14734",False,"train",0.0,0.0,0.0,0.981467604637146,0.0,0.0,0.0,0.0,0.0
"DM-16127",False,"train",0.0,0.9777650237083435,0.0,0.0,0.0,0.0,0.0,0.0,0.0
"DM-17301",False,"train",0.0,0.0,0.0,0.0,0.0,0.6366077661514282,0.3201410174369812,0.0,0.0
"DM-8543",False,"train",0.0,0.028173843398690224,0.0,0.0,0.0,0.8867902159690857,0.0,0.0,0.07334760576486588
"DM-9495",False,"train",0.0,0.0,0.0,0.08654771745204926,0.0,0.8885905146598816,0.0,0.0,0.0
"DM-4383",False,"train",0.0,0.0,0.0,0.0,0.18607066571712494,0.11261812597513199,0.611416220664978,0.0,0.08239992707967758
"DM-6362",False,"train",0.037122830748558044,0.037109799683094025,0.03710930794477463,0.03710925206542015,0.03710925206542015,0.03710925206542015,0.03710925206542015,0.037109360098838806,0.7031117081642151
"DM-10795",False,"train",0.0,0.6406217813491821,0.0,0.07454364001750946,0.0,0.0,0.0,0.0,0.25446271896362305
"DM-873",False,"train",0.0,0.0,0.0,0.16186589002609253,0.0,0.7699353098869324,0.0,0.0,0.0
"DM-11987",False,"train",0.3872002065181732,0.06818750500679016,0.0,0.0,0.0,0.0,0.0,0.097772978246212,0.4322300851345062
"DM-10925",False,"train",0.0,0.0,0.8617185354232788,0.0,0.0619996078312397,0.06196195259690285,0.0,0.0,0.0
"DM-9675",False,"train",0.0,0.0,0.0,0.0,0.0,0.972963273525238,0.0,0.0,0.0
"DM-8033",False,"train",0.0,0.0,0.0,0.921252429485321,0.0,0.0,0.0,0.0,0.0
"DM-8571",True,"train",0.0,0.07095809280872345,0.0,0.0,0.0,0.0,0.8808628916740417,0.03732405975461006,0.0
"DM-2475",False,"train",0.01590709760785103,0.015913914889097214,0.015906240791082382,0.015908150002360344,0.01590759865939617,0.015909992158412933,0.8727314472198486,0.015907932072877884,0.015907641500234604
"DM-14757",False,"train",0.0,0.0,0.09607189148664474,0.0,0.0,0.0,0.7651856541633606,0.12132228165864944,0.0
"DM-9486",False,"train",0.0278030913323164,0.02779330499470234,0.027797942981123924,0.02781398594379425,0.027821015566587448,0.1825222373008728,0.027794301509857178,0.6228535175323486,0.027800608426332474
"DM-13417",False,"train",0.7169933915138245,0.0,0.0,0.0,0.26157400012016296,0.0,0.0,0.0,0.0
"DM-10292",False,"train",0.138658344745636,0.0,0.0,0.0,0.14306971430778503,0.1955687403678894,0.5043774843215942,0.0,0.0
"DM-5308",False,"train",0.01017043273895979,0.01017255149781704,0.010170210152864456,0.010170665569603443,0.010171524249017239,0.010172601789236069,0.32711589336395264,0.6016848087310791,0.010171364061534405
"DM-13489",False,"train",0.0,0.0,0.024909256026148796,0.4412100911140442,0.0,0.0,0.5232128500938416,0.0,0.0
"DM-6933",True,"train",0.0,0.0,0.0,0.0,0.0,0.9314573407173157,0.0,0.0,0.0
"DM-18367",True,"train",0.9419422745704651,0.0,0.0,0.0,0.0,0.0,0.0,0.0,0.0
"DM-774",False,"train",0.03577815741300583,0.03578021749854088,0.7136998176574707,0.03578554093837738,0.03577856719493866,0.03578237444162369,0.03580987825989723,0.035779207944869995,0.03580620512366295
"DM-4999",False,"train",0.0,0.0,0.0,0.0,0.3278692066669464,0.0,0.6280449628829956,0.0,0.0
"DM-6630",True,"train",0.0,0.0,0.0,0.0,0.0,0.0,0.6568713188171387,0.0,0.297347754240036
"DM-2722",True,"train",0.0,0.0,0.0,0.0,0.0,0.2559531033039093,0.5415017604827881,0.17533330619335175,0.0
"DM-6041",False,"train",0.0,0.0,0.0629088506102562,0.0,0.47324615716934204,0.13206946849822998,0.0,0.318884015083313,0.0
"DM-11037",False,"train",0.0,0.606029748916626,0.0,0.0,0.0,0.0,0.0,0.0,0.3479442894458771
"DM-11390",False,"train",0.950556755065918,0.0,0.0,0.0,0.0,0.0,0.0,0.0,0.0
"DM-8989",False,"train",0.0,0.0,0.0,0.0,0.0,0.0,0.9792906045913696,0.0,0.0
"DM-2983",False,"train",0.0,0.0,0.3237835466861725,0.0,0.0,0.0,0.0,0.6175166964530945,0.0
"DM-16160",False,"train",0.0,0.0,0.0,0.4423229694366455,0.11654698848724365,0.0,0.0,0.38020002841949463,0.0508107990026474
"DM-9120",False,"train",0.2666534185409546,0.0,0.0,0.4902978539466858,0.0,0.0,0.0,0.0,0.22292150557041168
"DM-15615",False,"train",0.0,0.0,0.2869841754436493,0.0,0.0,0.0,0.6016872525215149,0.0,0.0958329513669014
"DM-11738",False,"train",0.0,0.0,0.0,0.5926452279090881,0.0,0.0,0.0,0.370615690946579,0.0
"DM-3367",False,"train",0.049272552132606506,0.0,0.0,0.0,0.0,0.0,0.9218693375587463,0.0,0.0
"DM-10132",False,"train",0.0,0.0,0.0,0.44806021451950073,0.0,0.0,0.4674631357192993,0.06301113963127136,0.0
"DM-4470",False,"train",0.3120781183242798,0.022001054137945175,0.022014068439602852,0.021996241062879562,0.021994465962052345,0.02199893444776535,0.2929795980453491,0.022005442529916763,0.26293209195137024
"DM-15139",True,"train",0.0,0.0,0.0,0.0,0.6354600787162781,0.0,0.3366796374320984,0.0,0.0
"DM-15591",False,"train",0.0,0.0,0.0,0.0,0.0,0.6981260180473328,0.2822525203227997,0.0,0.0
"DM-9018",False,"train",0.03161736577749252,0.3195733428001404,0.3656217157840729,0.016710326075553894,0.0,0.08404221385717392,0.17779861390590668,0.0,0.0
"DM-18009",False,"train",0.1064387708902359,0.22663746774196625,0.0,0.0,0.3723696768283844,0.0,0.2789291739463806,0.0,0.0
"DM-359",False,"train",0.0,0.23589876294136047,0.0,0.07110747694969177,0.050462156534194946,0.27009084820747375,0.0,0.24213860929012299,0.12356644123792648
"DM-15102",False,"train",0.0,0.0,0.0,0.0,0.0,0.0,0.0,0.0,0.9531736969947815
"DM-11299",True,"train",0.0,0.0,0.0,0.6257566213607788,0.0,0.24038836359977722,0.0,0.0,0.11953891068696976
"DM-19166",False,"train",0.0,0.0,0.0,0.972182035446167,0.0,0.0,0.0,0.0,0.0
"DM-17089",True,"train",0.0,0.0,0.0,0.6919368505477905,0.0,0.0,0.285502165555954,0.0,0.0
"DM-794",False,"train",0.0,0.0,0.0,0.0,0.0,0.0,0.0,0.9962862730026245,0.0
"DM-9249",False,"train",0.0,0.0,0.0,0.7213417291641235,0.2594313621520996,0.0,0.0,0.0,0.0
"DM-16261",False,"train",0.0,0.9321394562721252,0.0,0.0,0.0,0.0,0.0,0.0,0.0
"DM-2253",False,"train",0.0,0.9771730899810791,0.0,0.0,0.0,0.0,0.0,0.0,0.0
"DM-17933",False,"train",0.02048872783780098,0.0,0.16147185862064362,0.0,0.0,0.0,0.0,0.7813018560409546,0.031107226386666298
"DM-14356",False,"train",0.0,0.30574530363082886,0.0,0.0,0.09555184096097946,0.0,0.0,0.34989482164382935,0.23863843083381653
"DM-11051",False,"train",0.0,0.0,0.0,0.0,0.0,0.0,0.0,0.0,0.9531547427177429
"DM-6550",True,"train",0.0,0.0,0.8125780820846558,0.08163304626941681,0.0,0.0,0.0,0.0,0.09744203090667725
"DM-14732",False,"train",0.0,0.0,0.0,0.3537050187587738,0.0,0.48339980840682983,0.0,0.0,0.13672973215579987
"DM-1716",False,"train",0.011296807788312435,0.011297205463051796,0.011296950280666351,0.011297396384179592,0.909616231918335,0.01129741221666336,0.011302746832370758,0.011297857388854027,0.011297360993921757
"DM-5791",False,"train",0.3422034680843353,0.0,0.0,0.13411538302898407,0.0,0.0,0.4886511564254761,0.0,0.0
"DM-10349",False,"train",0.0,0.9730381369590759,0.0,0.0,0.0,0.0,0.0,0.0,0.0
"DM-10142",False,"train",0.0,0.7331866025924683,0.0,0.0,0.0,0.0,0.0,0.0,0.2145385444164276
"DM-3108",False,"train",0.0,0.0,0.0,0.0,0.34147509932518005,0.0,0.0,0.6036685109138489,0.0
"DM-16843",False,"train",0.0,0.0,0.0,0.0,0.08874041587114334,0.0,0.8602275252342224,0.0,0.0
"DM-911",False,"train",0.01588619500398636,0.015907632187008858,0.015891216695308685,0.015905028209090233,0.015887174755334854,0.8728340864181519,0.015901723876595497,0.015890244394540787,0.01589673012495041
"DM-13960",False,"train",0.015948394313454628,0.015946505591273308,0.015946853905916214,0.015960700809955597,0.015948254615068436,0.015947235748171806,0.015952758491039276,0.015947924926877022,0.8724013566970825
"DM-16361",False,"train",0.0,0.0,0.0,0.0,0.25715672969818115,0.0,0.0,0.7244908213615417,0.0
"DM-19236",False,"train",0.0,0.0,0.7086313962936401,0.0,0.0,0.0,0.0,0.0,0.2673313021659851
"DM-8464",True,"train",0.022235030308365822,0.8220846056938171,0.02223964035511017,0.0222326572984457,0.02226228453218937,0.022234821692109108,0.02223365195095539,0.02223260886967182,0.022244704887270927
"DM-10820",False,"train",0.0,0.8757871389389038,0.0,0.0,0.0,0.0,0.0,0.07716064900159836,0.0
"DM-4499",True,"train",0.01587865874171257,0.015878083184361458,0.015884649008512497,0.015881914645433426,0.015884049236774445,0.01589817740023136,0.8729388117790222,0.01587756723165512,0.015878068283200264
"DM-15694",True,"train",0.0,0.0,0.0,0.0,0.0,0.1418668031692505,0.8261013031005859,0.0,0.0
"DM-17536",False,"train",0.0,0.0,0.0,0.642193615436554,0.0,0.16808690130710602,0.0,0.15285830199718475,0.0
"DM-9957",True,"train",0.0,0.0,0.0,0.0,0.0,0.0,0.2387157827615738,0.04548405110836029,0.6945281624794006
"DM-11758",False,"train",0.0,0.0,0.0,0.0,0.0,0.9482895731925964,0.0,0.0,0.0
"DM-12491",False,"train",0.0,0.0,0.0,0.0,0.0,0.0,0.07780081033706665,0.0,0.8922104239463806
"DM-5527",False,"train",0.0,0.4011050760746002,0.0,0.0,0.0,0.5654032826423645,0.0,0.0,0.0
"DM-11517",False,"train",0.34355849027633667,0.0,0.0,0.0,0.0,0.0,0.3251243829727173,0.3032492995262146,0.0
"DM-18154",False,"train",0.1491304188966751,0.0,0.0,0.0,0.0,0.0,0.0,0.0,0.843338131904602
"DM-7376",False,"train",0.43033918738365173,0.252247154712677,0.0,0.25512129068374634,0.0,0.0,0.05895547941327095,0.0,0.0
"DM-14674",False,"train",0.0,0.0,0.0,0.0,0.0,0.0,0.9643935561180115,0.0,0.0
"DM-12776",True,"train",0.22248774766921997,0.23378288745880127,0.0,0.2564255893230438,0.0,0.0,0.13892492651939392,0.0,0.13782328367233276
"DM-26",False,"train",0.011120759882032871,0.011118809692561626,0.01111771073192358,0.011118212714791298,0.1417350023984909,0.3523614704608917,0.011122893542051315,0.43918609619140625,0.011119096539914608
"DM-707",False,"train",0.0,0.0,0.9892812371253967,0.0,0.0,0.0,0.0,0.0,0.0
"DM-1900",True,"train",0.0,0.0,0.0,0.0,0.13210365176200867,0.0,0.0,0.8410202264785767,0.0
"DM-18124",False,"train",0.0,0.0,0.4199194610118866,0.0,0.0,0.0,0.524868369102478,0.0,0.0
"DM-10043",False,"train",0.0,0.0,0.0,0.0,0.0,0.21973341703414917,0.0,0.7534285187721252,0.0
"DM-13762",False,"train",0.0,0.1042124405503273,0.0,0.0,0.0,0.0,0.36040642857551575,0.0,0.5158007144927979
"DM-470",True,"train",0.07542654871940613,0.0,0.8999150991439819,0.0,0.0,0.0,0.0,0.0,0.0
"DM-6177",True,"train",0.0,0.08214815706014633,0.0,0.0,0.0,0.0,0.6225193738937378,0.28675517439842224,0.0
"DM-16192",False,"train",0.09719535708427429,0.0,0.07821717858314514,0.0,0.0,0.0,0.7822500467300415,0.0,0.0
"DM-10258",False,"train",0.018281154334545135,0.8538141846656799,0.018266208469867706,0.018270228058099747,0.018269408494234085,0.018271522596478462,0.018281355500221252,0.018273040652275085,0.01827288419008255
"DM-15011",False,"train",0.0,0.0,0.0,0.6510434746742249,0.0,0.0,0.0,0.0,0.33015915751457214
"DM-1015",True,"train",0.0,0.0,0.0,0.0,0.4669429063796997,0.5003778338432312,0.0,0.0,0.0
"DM-14533",False,"train",0.0,0.0,0.0,0.0,0.0,0.0,0.9554944634437561,0.0,0.0
"DM-15381",False,"train",0.6978009343147278,0.03777167201042175,0.037771664559841156,0.03777166083455086,0.03777442127466202,0.037771664559841156,0.03777165338397026,0.03779470920562744,0.03777166083455086
"DM-5125",False,"train",0.0,0.14739695191383362,0.0,0.0,0.08386484533548355,0.0,0.0413169339299202,0.6584628820419312,0.06609679758548737
"DM-16284",False,"train",0.7444811463356018,0.01018286868929863,0.1842288225889206,0.010183296166360378,0.010183329693973064,0.010183940641582012,0.010185092687606812,0.010183783248066902,0.010187710635364056
"DM-10193",False,"train",0.3079999089241028,0.0,0.0,0.0,0.0,0.6331323385238647,0.0,0.0,0.0
"DM-3755",True,"train",0.022643808275461197,0.022647375240921974,0.022641878575086594,0.022655220702290535,0.022649599239230156,0.3055245280265808,0.022643988952040672,0.5359379053115845,0.02265571989119053
"DM-5986",False,"train",0.0,0.9474801421165466,0.0,0.0,0.0,0.0,0.0,0.0,0.0
"DM-15795",False,"train",0.05267871543765068,0.052679236978292465,0.05267897620797157,0.05267881974577904,0.052678901702165604,0.05267900228500366,0.5785688161849976,0.0526786632835865,0.052678897976875305
"DM-17315",False,"train",0.9258259534835815,0.0,0.0,0.0,0.0,0.0,0.0,0.0,0.0
"DM-14694",False,"train",0.1742457151412964,0.36064618825912476,0.0,0.3499898910522461,0.0,0.0,0.10937166213989258,0.0,0.0
"DM-14639",False,"train",0.0,0.0,0.0,0.0,0.6481513977050781,0.3155267834663391,0.0,0.0,0.0
"DM-6444",False,"train",0.8312345147132874,0.011171256192028522,0.011166122741997242,0.011169441044330597,0.011167925782501698,0.011173395439982414,0.011166302487254143,0.011174709536135197,0.09057630598545074
"DM-336",True,"train",0.0,0.0,0.39963364601135254,0.0,0.0,0.0,0.0,0.5664940476417542,0.0
"DM-11599",True,"train",0.19935643672943115,0.0,0.0,0.0,0.0,0.0,0.7691402435302734,0.0,0.0
"DM-2097",False,"train",0.0,0.0,0.0,0.29233425855636597,0.0,0.1827714443206787,0.0,0.4778488874435425,0.0
"DM-8210",False,"train",0.0,0.0,0.0,0.0,0.0,0.0,0.0,0.4467899799346924,0.5227653980255127
"DM-7524",False,"train",0.0,0.0,0.9952865839004517,0.0,0.0,0.0,0.0,0.0,0.0
"DM-8358",False,"train",0.9110567569732666,0.011120046488940716,0.011114564724266529,0.011119456961750984,0.011122136376798153,0.011117408983409405,0.011116988956928253,0.011117076501250267,0.01111556962132454
"DM-13892",False,"train",0.0,0.39496394991874695,0.0,0.5491942167282104,0.0,0.0,0.0,0.0,0.0
"DM-9828",False,"train",0.0,0.975267231464386,0.0,0.0,0.0,0.0,0.0,0.0,0.0
"DM-10613",False,"train",0.0,0.0,0.08556066453456879,0.0,0.0,0.0,0.0,0.0,0.8878845572471619
"DM-18159",True,"train",0.0,0.0,0.0,0.0,0.0,0.7439681887626648,0.21960493922233582,0.0,0.0
"DM-3493",False,"train",0.0,0.0,0.0,0.0,0.9460932612419128,0.0,0.0,0.0,0.0
"DM-7127",False,"train",0.0,0.0,0.0,0.0,0.0,0.0,0.5176578760147095,0.0,0.4307383596897125
"DM-1257",True,"train",0.01853196695446968,0.01852802373468876,0.018531274050474167,0.018533557653427124,0.48390114307403564,0.01853017508983612,0.01853940822184086,0.018533162772655487,0.38637131452560425
"DM-4567",True,"train",0.5252679586410522,0.0,0.0,0.0,0.45487549901008606,0.0,0.0,0.0,0.0
"DM-751",False,"train",0.0,0.0,0.0,0.0,0.0,0.0,0.0,0.997138261795044,0.0
"DM-14563",False,"train",0.0,0.0,0.0,0.0,0.16977524757385254,0.0,0.0,0.09436193853616714,0.701285719871521
"DM-7801",True,"train",0.0,0.0,0.9790871143341064,0.0,0.0,0.0,0.0,0.0,0.0
"DM-5286",False,"train",0.0,0.0,0.0,0.5846679210662842,0.3990403115749359,0.0,0.0,0.0,0.0
"DM-13671",False,"train",0.0,0.0,0.0,0.0,0.0,0.0,0.0,0.0,0.9771599173545837
"DM-17460",False,"train",0.0,0.0,0.0,0.0,0.9311200380325317,0.0,0.0,0.0,0.0
"DM-5595",False,"train",0.0,0.9950757622718811,0.0,0.0,0.0,0.0,0.0,0.0,0.0
"DM-1813",False,"train",0.0,0.0,0.3492082357406616,0.43544256687164307,0.0,0.0,0.0,0.0,0.17346858978271484
"DM-4063",False,"train",0.8499423861503601,0.0,0.0,0.0,0.0,0.0,0.0,0.0,0.13179939985275269
"DM-16168",False,"train",0.0,0.0,0.0,0.0,0.9443080425262451,0.0,0.0,0.0,0.0
"DM-9108",False,"train",0.270735502243042,0.0,0.0,0.6993227601051331,0.0,0.0,0.0,0.0,0.0
"DM-11544",False,"train",0.0,0.0,0.0,0.4158822298049927,0.0,0.5016098022460938,0.0,0.0,0.06932790577411652
"DM-3504",False,"train",0.022230222821235657,0.02223755419254303,0.022232141345739365,0.022241398692131042,0.022232823073863983,0.303497314453125,0.022234369069337845,0.022228635847568512,0.5408655405044556
"DM-1626",False,"train",0.0,0.0,0.0,0.0,0.9303741455078125,0.0,0.0,0.0,0.0
"DM-9644",False,"train",0.0,0.0,0.032179683446884155,0.4629339873790741,0.0,0.0,0.0,0.0,0.48747900128364563
"DM-2664",False,"train",0.2473861575126648,0.5569299459457397,0.0,0.11557608097791672,0.0,0.07236848026514053,0.0,0.0,0.0
"DM-10820",False,"train",0.0,0.8757871389389038,0.0,0.0,0.0,0.0,0.0,0.07716064900159836,0.0
"DM-10871",False,"train",0.0,0.0,0.0,0.9504150152206421,0.0,0.0,0.0,0.0,0.0
"DM-5803",False,"train",0.0,0.0,0.9210948348045349,0.0,0.0,0.0,0.0,0.0,0.0
"DM-16926",False,"train",0.0,0.0,0.08803485333919525,0.0,0.0,0.0,0.20276473462581635,0.40331193804740906,0.29457637667655945
"DM-9060",False,"train",0.28110912442207336,0.04924395680427551,0.0,0.28075042366981506,0.053180065006017685,0.08675836026668549,0.0507793202996254,0.192485973238945,0.0
"DM-11147",False,"train",0.0,0.6345428228378296,0.0,0.0,0.0,0.0,0.0,0.0,0.3374069929122925
"DM-6612",False,"train",0.0,0.11406248807907104,0.0,0.3344213366508484,0.08963383734226227,0.0,0.0,0.0,0.4555685520172119
"DM-3133",False,"train",0.0,0.1989545226097107,0.0,0.0,0.0,0.070806123316288,0.0,0.7008239030838013,0.0
"DM-19220",False,"train",0.0,0.0,0.0,0.07859639078378677,0.0,0.0,0.0,0.0,0.8777391910552979
"DM-10617",False,"train",0.33052822947502136,0.0,0.41390952467918396,0.0,0.0,0.0,0.2304406613111496,0.0,0.0
"DM-14834",True,"train",0.0,0.0,0.6085302233695984,0.0,0.0,0.22820578515529633,0.15391044318675995,0.0,0.0
"DM-9987",True,"train",0.0,0.0,0.0,0.9838218092918396,0.0,0.0,0.0,0.0,0.0
"DM-8877",False,"train",0.0,0.9259024262428284,0.0,0.0,0.0,0.0,0.0,0.0,0.0
"DM-18125",False,"train",0.0,0.0,0.0,0.9468766450881958,0.0,0.0,0.0,0.0,0.0
"DM-699",True,"train",0.0,0.0,0.0,0.0,0.0,0.0,0.0,0.9690654873847961,0.0
"DM-17323",False,"train",0.0,0.0,0.0,0.11155851930379868,0.7846746444702148,0.0,0.025950631126761436,0.0,0.0741288885474205
"DM-14490",False,"train",0.0,0.0,0.17540818452835083,0.33293187618255615,0.0,0.45241445302963257,0.0,0.0,0.0
"DM-597",False,"train",0.27967947721481323,0.0,0.3757246136665344,0.0,0.0,0.0,0.3049742579460144,0.0,0.0
"DM-12380",False,"train",0.0,0.0,0.0,0.20847801864147186,0.0,0.0,0.32753342390060425,0.0,0.448956698179245
"DM-6815",False,"train",0.0,0.0,0.0,0.0,0.8248398303985596,0.0,0.0,0.16678491234779358,0.0
"DM-8972",False,"train",0.0,0.0,0.0,0.0,0.0,0.0,0.0,0.2363145649433136,0.7335396409034729
"DM-15498",False,"train",0.0,0.0,0.0,0.9730273485183716,0.0,0.0,0.0,0.0,0.0
"DM-1743",False,"train",0.13792946934700012,0.05400249734520912,0.0,0.17559166252613068,0.4829101264476776,0.0,0.1333710253238678,0.0,0.0
"DM-12405",False,"train",0.019070908427238464,0.019068168476223946,0.019069459289312363,0.019080083817243576,0.019077681005001068,0.8474103212356567,0.01906716823577881,0.0190825704485178,0.0190736074000597
"DM-7809",False,"train",0.0,0.0,0.947559654712677,0.0,0.0,0.0,0.0,0.0,0.0
"DM-1755",False,"train",0.0,0.0,0.0,0.0,0.27292028069496155,0.0,0.22863678634166718,0.47744718194007874,0.0
"DM-11424",False,"train",0.16529861092567444,0.0,0.0,0.053317513316869736,0.0,0.0,0.7681228518486023,0.0,0.0
"DM-17609",True,"train",0.2985907793045044,0.013560815714299679,0.013559017330408096,0.013561810366809368,0.013560577295720577,0.013566273264586926,0.013563060201704502,0.01355968788266182,0.6064779758453369
"DM-16409",False,"train",0.0,0.0,0.0,0.0,0.0,0.049844346940517426,0.273346871137619,0.6695438027381897,0.0
"DM-14172",True,"train",0.0,0.0,0.034995026886463165,0.0,0.39429256319999695,0.06289204210042953,0.07552728056907654,0.2446196973323822,0.18603405356407166
"DM-8390",False,"train",0.6288900375366211,0.0,0.0,0.0,0.0,0.0,0.0,0.35289543867111206,0.0
"DM-10265",False,"train",0.0,0.0,0.2898634374141693,0.0,0.0,0.0,0.6677181124687195,0.0,0.0
"DM-5249",False,"train",0.01577162928879261,0.01576409302651882,0.01576235331594944,0.015769612044095993,0.01576700061559677,0.4445970952510834,0.01576608419418335,0.44503387808799744,0.015768254175782204
"DM-10189",True,"train",0.0,0.0,0.0,0.0,0.0,0.0,0.0,0.0,0.985417366027832
"DM-12423",False,"train",0.0,0.23922927677631378,0.0,0.0,0.7378507852554321,0.0,0.0,0.0,0.0
"DM-1817",True,"train",0.07965712994337082,0.0,0.6295729279518127,0.0,0.0,0.0,0.2574847638607025,0.0,0.0
"DM-17398",False,"train",0.0,0.0,0.0,0.0,0.20841476321220398,0.6171619296073914,0.15987400710582733,0.0,0.0
"DM-4454",False,"train",0.1683596521615982,0.0,0.0,0.0,0.0,0.19082726538181305,0.1032252237200737,0.528203010559082,0.0
"DM-5803",False,"train",0.0,0.0,0.9210948348045349,0.0,0.0,0.0,0.0,0.0,0.0
"DM-5313",False,"train",0.0179454255849123,0.45375028252601624,0.017935223877429962,0.017944810912013054,0.017941445112228394,0.01794646866619587,0.017940383404493332,0.01794184371829033,0.4206541180610657
"DM-14429",False,"train",0.0,0.29650261998176575,0.0,0.0,0.0,0.0,0.6430160999298096,0.0,0.0
"DM-199",False,"train",0.0,0.9531579613685608,0.0,0.0,0.0,0.0,0.0,0.0,0.0
"DM-14292",True,"train",0.02311757206916809,0.023107752203941345,0.02309798076748848,0.02309853956103325,0.023107677698135376,0.6441027522087097,0.023121459409594536,0.023123422637581825,0.19412283599376678
"DM-1788",False,"train",0.19963409006595612,0.1086815893650055,0.0,0.0,0.0,0.0,0.6822614073753357,0.0,0.0
"DM-14321",False,"train",0.0,0.0,0.0,0.0,0.8833310604095459,0.0993206575512886,0.0,0.0,0.0
"DM-4625",False,"train",0.0,0.0,0.0,0.0,0.4384882152080536,0.0,0.0,0.11806371062994003,0.4287188649177551
"DM-1054",False,"train",0.45158424973487854,0.0,0.0,0.0,0.0,0.0,0.25094857811927795,0.16922342777252197,0.10043352097272873
"DM-9118",True,"train",0.010077429935336113,0.010078427381813526,0.9193688035011292,0.0100861806422472,0.01008013729006052,0.010079020634293556,0.010078946128487587,0.010076265782117844,0.010074789635837078
"DM-16867",True,"train",0.18925714492797852,0.0,0.0,0.2602299451828003,0.0,0.0,0.4950215220451355,0.0,0.0
"DM-1250",True,"train",0.02096630446612835,0.02096588909626007,0.020968250930309296,0.02097257412970066,0.02097434364259243,0.02096584253013134,0.4571243226528168,0.02097943052649498,0.3960829973220825
"DM-8452",False,"train",0.022251684218645096,0.6225502490997314,0.022261958569288254,0.02225136011838913,0.0222528837621212,0.022254347801208496,0.022252732887864113,0.22167187929153442,0.022252904251217842
"DM-1616",False,"train",0.0,0.0,0.0,0.0,0.292053759098053,0.0,0.6900930404663086,0.0,0.0
"DM-7056",True,"train",0.0,0.0,0.7075358033180237,0.2261173576116562,0.0,0.0,0.0,0.0,0.0
"DM-7223",False,"train",0.0,0.4147540330886841,0.0,0.0,0.0,0.0,0.0,0.5442568063735962,0.0
"DM-869",False,"train",0.9613199830055237,0.0,0.0,0.0,0.0,0.0,0.0,0.0,0.0
"DM-11258",False,"train",0.0,0.0,0.0,0.07164770364761353,0.6053013801574707,0.047996800392866135,0.2022419571876526,0.0,0.06414542347192764
"DM-5035",True,"train",0.8721577525138855,0.01599358767271042,0.015988221392035484,0.01597512513399124,0.015973353758454323,0.015971926972270012,0.015989037230610847,0.015974359586834908,0.01597665809094906
"DM-4821",False,"train",0.0,0.20872636139392853,0.0,0.0,0.740911602973938,0.0,0.0,0.0,0.04133109375834465
"DM-15370",False,"train",0.0,0.0,0.0,0.39510488510131836,0.0,0.5693831443786621,0.0,0.0,0.0
"DM-10281",False,"train",0.08473387360572815,0.0,0.09160949289798737,0.07991712540388107,0.0,0.0,0.7176228761672974,0.020802397280931473,0.0
"DM-10962",False,"train",0.12746204435825348,0.0,0.6329774260520935,0.0,0.16452369093894958,0.0,0.06474342197179794,0.0,0.0
"DM-18129",False,"train",0.0,0.0,0.0,0.0,0.4117717742919922,0.31655606627464294,0.2489825189113617,0.0,0.0
"DM-10688",False,"train",0.0,0.0,0.0,0.0,0.817706823348999,0.0,0.0,0.0,0.13897140324115753
"DM-13286",False,"train",0.0,0.0,0.0,0.0,0.0,0.7001942992210388,0.271003395318985,0.0,0.0
"DM-4823",False,"train",0.013798381201922894,0.013798670843243599,0.013799486681818962,0.01380667183548212,0.0138056930154562,0.013802538625895977,0.8895909786224365,0.013798359781503677,0.013799244537949562
"DM-15244",True,"train",0.0,0.0,0.05467589199542999,0.0,0.1372787058353424,0.0,0.0,0.3939689099788666,0.4033110439777374
"DM-17452",False,"train",0.0,0.0,0.0,0.32776832580566406,0.0,0.2845246195793152,0.0,0.36165890097618103,0.0
"DM-10846",False,"train",0.0,0.22247722744941711,0.0,0.3273485600948334,0.0,0.3063441216945648,0.0,0.0,0.1291763186454773
"DM-7843",False,"train",0.01588008552789688,0.8729445338249207,0.015881160274147987,0.01588113233447075,0.015881475061178207,0.015882158651947975,0.01588556356728077,0.015881067141890526,0.015882808715105057
"DM-7139",False,"train",0.0,0.0,0.0,0.45248305797576904,0.0,0.5175724625587463,0.0,0.0,0.0
"DM-6349",False,"train",0.3015718162059784,0.0,0.0,0.0,0.0,0.0,0.5736536979675293,0.0,0.10713616013526917
"DM-12740",False,"train",0.0,0.0,0.9505894184112549,0.0,0.0,0.0,0.0,0.0,0.0
"DM-11038",False,"train",0.9363699555397034,0.0,0.0,0.0,0.0,0.0,0.0,0.0,0.0
"DM-3562",False,"train",0.03323034942150116,0.03322527930140495,0.03323091194033623,0.03322644159197807,0.033223412930965424,0.03322312980890274,0.7341902852058411,0.03322657570242882,0.03322366252541542
"DM-4183",False,"train",0.0,0.0,0.0,0.0,0.0,0.0,0.0,0.0,0.9476344585418701
"DM-13679",False,"train",0.010110262781381607,0.010110343806445599,0.9191098809242249,0.010111404582858086,0.010111823678016663,0.010113298892974854,0.010112197138369083,0.010110513307154179,0.010110249742865562
"DM-4841",False,"train",0.0,0.05216445401310921,0.0,0.0,0.0,0.09860176593065262,0.48383915424346924,0.0,0.3492332398891449
"DM-4162",False,"train",0.0,0.0,0.0,0.0,0.0,0.9810672998428345,0.0,0.0,0.0
"DM-10346",False,"train",0.0,0.0,0.0,0.0,0.0,0.0,0.0,0.7352647185325623,0.23581556975841522
"DM-17445",True,"train",0.6399664878845215,0.016001254320144653,0.016002915799617767,0.016005724668502808,0.016007041558623314,0.24799832701683044,0.01600409671664238,0.016002003103494644,0.016012130305171013
"DM-10779",True,"train",0.013898509554564953,0.013900844380259514,0.01390019804239273,0.013899747282266617,0.013900433667004108,0.013901036232709885,0.013901516795158386,0.013898824341595173,0.8887988924980164
"DM-2281",False,"train",0.0,0.0,0.0,0.0,0.8339188694953918,0.0,0.11356258392333984,0.0,0.0
"DM-17932",False,"train",0.38100847601890564,0.0,0.0,0.0,0.0,0.07642623037099838,0.0,0.0,0.5201053619384766
"DM-10975",False,"train",0.0,0.0,0.0,0.0,0.0,0.0,0.14917272329330444,0.0,0.8248158693313599
"DM-7843",False,"train",0.01588008552789688,0.8729445338249207,0.015881160274147987,0.01588113233447075,0.015881475061178207,0.015882158651947975,0.01588556356728077,0.015881067141890526,0.015882808715105057
"DM-12635",True,"train",0.2931956648826599,0.0,0.0,0.265455424785614,0.0,0.0,0.0,0.25096771121025085,0.17972125113010406
"DM-3555",False,"train",0.0,0.14189286530017853,0.0,0.0,0.0,0.0,0.6616487503051758,0.15964731574058533,0.0
"DM-2519",False,"train",0.0,0.0,0.0,0.0,0.2403026670217514,0.5539898872375488,0.17348907887935638,0.0,0.0
"DM-6989",True,"train",0.09042958170175552,0.0,0.0,0.0,0.0,0.0,0.0,0.8900829553604126,0.0
"DM-12035",False,"train",0.0,0.0,0.0,0.0,0.9846629500389099,0.0,0.0,0.0,0.0
"DM-13671",False,"train",0.0,0.0,0.0,0.0,0.0,0.0,0.0,0.0,0.9771599173545837
"DM-4757",False,"train",0.3392769992351532,0.0,0.0,0.0,0.0,0.0,0.6214118003845215,0.0,0.0
"DM-14694",False,"train",0.1742457151412964,0.36064618825912476,0.0,0.3499898910522461,0.0,0.0,0.10937166213989258,0.0,0.0
"DM-15897",False,"train",0.0,0.0,0.0,0.0,0.0,0.0,0.20547769963741302,0.7513749003410339,0.0
"DM-7039",False,"train",0.0,0.4041239321231842,0.0,0.0,0.0,0.0,0.0,0.5792984962463379,0.0
"DM-17045",True,"train",0.0,0.0,0.0,0.0,0.0,0.16251857578754425,0.42453286051750183,0.10050824284553528,0.29622626304626465
"DM-1087",True,"train",0.0,0.071698397397995,0.0,0.0,0.0,0.0,0.9076143503189087,0.0,0.0
"DM-473",False,"train",0.0,0.0,0.6645565629005432,0.0,0.0,0.0,0.0,0.0,0.3149251639842987
"DM-15767",True,"train",0.0,0.0,0.0,0.0,0.0,0.0,0.0,0.0,0.9810000658035278
"DM-2683",True,"train",0.0,0.0,0.0,0.0,0.9240050315856934,0.0,0.0,0.0,0.0
"DM-12135",False,"train",0.0,0.0,0.0,0.0,0.9787787795066833,0.0,0.0,0.0,0.0
"DM-9886",False,"train",0.0,0.0,0.0,0.0,0.0,0.0,0.0,0.0,0.9594371914863586
"DM-12877",False,"train",0.0,0.0,0.0,0.20117910206317902,0.0,0.33591631054878235,0.44068488478660583,0.0,0.0
"DM-6878",True,"train",0.0,0.4002310037612915,0.3262917101383209,0.22054125368595123,0.0,0.0,0.0,0.043646372854709625,0.0
"DM-16731",False,"train",0.0,0.0,0.0,0.7789960503578186,0.17582634091377258,0.0,0.0,0.0,0.0
"DM-6540",False,"train",0.0,0.0,0.0,0.0,0.0,0.941523015499115,0.0,0.0,0.0
"DM-5026",False,"train",0.0797060877084732,0.0,0.0,0.0,0.45098957419395447,0.0,0.28688788414001465,0.0,0.1717585325241089
"DM-4830",False,"train",0.0,0.0,0.0,0.0,0.9759485125541687,0.0,0.0,0.0,0.0
"DM-6816",False,"train",0.0,0.0,0.0,0.0,0.0,0.0,0.0,0.9554961323738098,0.0
"DM-10807",False,"train",0.0,0.16929925978183746,0.0,0.1783975064754486,0.0,0.6292638182640076,0.0,0.0,0.0
"DM-6538",False,"train",0.0,0.0,0.0,0.0,0.0,0.0,0.9576320648193359,0.0,0.0
"DM-6550",True,"train",0.0,0.0,0.8125780820846558,0.08163304626941681,0.0,0.0,0.0,0.0,0.09744203090667725
"DM-15531",False,"train",0.025496095418930054,0.0,0.0,0.21083025634288788,0.0,0.0,0.21645985543727875,0.0,0.5356828570365906
"DM-17325",False,"train",0.0,0.0,0.0,0.0,0.27271977066993713,0.6948109865188599,0.0,0.0,0.0
"DM-9356",False,"train",0.4705458879470825,0.0,0.0,0.0,0.0,0.0,0.0,0.0,0.4931218922138214
"DM-9251",False,"train",0.2206481695175171,0.01420068833976984,0.5331861972808838,0.16097618639469147,0.014195919036865234,0.014199672266840935,0.01420285739004612,0.014194593764841557,0.014195701107382774
"DM-7396",False,"train",0.0,0.0,0.0,0.36736130714416504,0.0,0.21164599061012268,0.0,0.0,0.38438600301742554
"DM-13010",False,"train",0.0,0.1495174914598465,0.0,0.24931083619594574,0.3585011959075928,0.0,0.0,0.0,0.22781123220920563
"DM-4496",True,"train",0.018523868173360825,0.018522169440984726,0.018525242805480957,0.018526533618569374,0.01853225752711296,0.018521487712860107,0.8518046736717224,0.01852237805724144,0.018521413207054138
"DM-8562",False,"train",0.16815832257270813,0.0,0.0,0.0,0.49825868010520935,0.0,0.30790701508522034,0.0,0.0
"DM-18401",True,"train",0.0,0.0,0.49163079261779785,0.0,0.0,0.3589009642601013,0.0,0.11445852369070053,0.0
"DM-11678",False,"train",0.722274899482727,0.0,0.0,0.25029119849205017,0.013212187215685844,0.0,0.0,0.0,0.0
"DM-13509",False,"train",0.0,0.0,0.0,0.0,0.0,0.08506415784358978,0.0,0.1962302029132843,0.701094925403595
"DM-5594",False,"train",0.0,0.0,0.0,0.0,0.0,0.0,0.7593848705291748,0.0,0.1974247395992279
"DM-18161",True,"train",0.0,0.0,0.0,0.0,0.9328373074531555,0.0,0.0,0.0,0.0
"DM-16788",True,"train",0.0,0.2572910189628601,0.0,0.0,0.0,0.7058179974555969,0.0,0.0,0.0
"DM-10765",True,"train",0.010956227779388428,0.010956971906125546,0.01095985434949398,0.01095948088914156,0.010959610342979431,0.3815775513648987,0.010961158201098442,0.2916285991668701,0.2610405683517456
"DM-707",False,"train",0.0,0.0,0.9892812371253967,0.0,0.0,0.0,0.0,0.0,0.0
"DM-3902",False,"train",0.01854288950562477,0.018540533259510994,0.018543493002653122,0.8516767621040344,0.01852767914533615,0.018537262454628944,0.018539415672421455,0.018544144928455353,0.01854782924056053
"DM-13599",False,"train",0.9315558671951294,0.0,0.0,0.0,0.0,0.0,0.0,0.0,0.0
"DM-14466",True,"train",0.302293598651886,0.0,0.078727126121521,0.0,0.0,0.0,0.0,0.0,0.6036527752876282
"DM-15695",False,"train",0.0,0.0,0.0,0.0,0.19127675890922546,0.0,0.0,0.0,0.7786812782287598
"DM-17384",False,"train",0.013894190080463886,0.013894745148718357,0.013894101604819298,0.013894694857299328,0.013894926756620407,0.013894328847527504,0.013894541189074516,0.013894428499042988,0.8888440132141113
"DM-2693",False,"train",0.0,0.0,0.0,0.0,0.9568573832511902,0.0,0.0,0.0,0.0
"DM-16227",False,"train",0.0,0.0,0.0,0.0,0.4123545289039612,0.0,0.13953641057014465,0.17143423855304718,0.27268120646476746
"DM-9948",True,"train",0.0,0.0,0.0,0.0,0.0,0.32043299078941345,0.6280747056007385,0.0,0.0
"DM-12568",True,"train",0.0,0.0,0.0,0.0,0.0,0.0,0.0,0.9314752221107483,0.0
"DM-1998",False,"train",0.0,0.0,0.6360685229301453,0.0,0.0,0.0,0.3249734342098236,0.0,0.0
"DM-14037",False,"train",0.37960341572761536,0.5964975357055664,0.0,0.0,0.0,0.0,0.0,0.0,0.0
"DM-2672",False,"train",0.015907790511846542,0.015913352370262146,0.015906237065792084,0.015908144414424896,0.015907593071460724,0.015909988433122635,0.8727313280105591,0.015907926484942436,0.015907635912299156
"DM-6296",True,"train",0.0,0.0,0.9704955220222473,0.0,0.0,0.0,0.0,0.0,0.0
"DM-984",False,"train",0.0,0.0,0.0,0.0,0.27969595789909363,0.0,0.5458956360816956,0.15288613736629486,0.0
"DM-609",False,"train",0.05882365629076958,0.0,0.0,0.0,0.2904742658138275,0.0,0.0,0.0,0.6356656551361084
"DM-11263",True,"train",0.15179577469825745,0.0,0.14348047971725464,0.3897261321544647,0.0,0.29838985204696655,0.0,0.0,0.0
"DM-9105",False,"train",0.0,0.0,0.0,0.0,0.0,0.0,0.1988140344619751,0.0,0.752817690372467
"DM-4834",False,"train",0.0,0.0,0.0,0.9575988054275513,0.0,0.0,0.0,0.0,0.0
"DM-9641",False,"train",0.025467099621891975,0.02547280676662922,0.02547047659754753,0.02546675130724907,0.02546987496316433,0.0254667978733778,0.025470318272709846,0.025471223518252373,0.7962446808815002
"DM-16562",False,"train",0.02785964496433735,0.027855975553393364,0.02785576321184635,0.27653393149375916,0.027852825820446014,0.5284370183944702,0.02788165584206581,0.02785961516201496,0.027863556519150734
"DM-8644",True,"train",0.0,0.19655539095401764,0.5069957375526428,0.2761407792568207,0.0,0.0,0.0,0.0,0.0
"DM-7264",False,"train",0.7751571536064148,0.0281060840934515,0.028104428201913834,0.028106221929192543,0.028103817254304886,0.02810472808778286,0.02810271643102169,0.0281121376901865,0.02810271829366684
"DM-3971",False,"train",0.02229214645922184,0.022298481315374374,0.022287379950284958,0.02228747308254242,0.02228604629635811,0.022300254553556442,0.022296922281384468,0.8216602206230164,0.022291120141744614
"DM-6237",False,"train",0.01235413458198309,0.012359539978206158,0.012354172766208649,0.9011609554290771,0.012349465861916542,0.012351460754871368,0.012356115505099297,0.012351258657872677,0.012362935580313206
"DM-661",True,"train",0.0,0.0,0.0,0.0,0.0,0.0,0.9793179631233215,0.0,0.0
"DM-13163",False,"train",0.9715678691864014,0.0,0.0,0.0,0.0,0.0,0.0,0.0,0.0
"DM-15869",False,"train",0.608884871006012,0.0,0.0,0.0,0.0,0.0,0.0,0.3854869306087494,0.0
"DM-13345",False,"train",0.0,0.2961035966873169,0.0,0.0,0.0,0.6205649971961975,0.0,0.06865711510181427,0.0
"DM-15187",False,"train",0.0,0.3147951364517212,0.0,0.0,0.3894551694393158,0.0,0.2545429766178131,0.0,0.0
"DM-16532",False,"train",0.0,0.0,0.0,0.0,0.9631466865539551,0.0,0.03366050124168396,0.0,0.0
"DM-14560",True,"train",0.010017256252467632,0.010019619949162006,0.010020330548286438,0.01002090610563755,0.010019168257713318,0.010020299814641476,0.010021917521953583,0.31658104062080383,0.6132794618606567
"DM-8076",False,"train",0.09751836210489273,0.0,0.0,0.0,0.0,0.0,0.3782370388507843,0.0,0.5182775855064392
"DM-17858",False,"train",0.04839080199599266,0.0,0.0,0.0,0.9306997656822205,0.0,0.0,0.0,0.0
"DM-16296",True,"train",0.0,0.0,0.0,0.0,0.0,0.23839281499385834,0.06773210316896439,0.6755107045173645,0.0
"DM-4837",False,"train",0.0,0.0,0.0,0.4458340108394623,0.5303664803504944,0.0,0.0,0.0,0.0
"DM-6590",False,"train",0.7602102160453796,0.0,0.0,0.0,0.0,0.0,0.12359718978404999,0.0,0.10196931660175323
"DM-14552",False,"train",0.0,0.0,0.0,0.0,0.0,0.0,0.8600397109985352,0.0,0.12984327971935272
"DM-14520",False,"train",0.1899091601371765,0.0,0.0,0.0,0.0,0.0,0.0,0.7931286096572876,0.0
"DM-5503",False,"train",0.0,0.0,0.0,0.12540856003761292,0.0,0.0,0.1599911004304886,0.6762562990188599,0.029463941231369972
"DM-18007",False,"train",0.0,0.35065048933029175,0.0,0.0,0.0,0.010763132013380527,0.6232240796089172,0.0,0.0
"DM-9988",True,"train",0.3430071175098419,0.0,0.0,0.20380331575870514,0.12997274100780487,0.0,0.2937970459461212,0.0,0.0
"DM-7691",False,"train",0.4949282705783844,0.06203581765294075,0.0,0.0,0.0,0.01658656820654869,0.0,0.42021283507347107,0.0
"DM-9279",False,"train",0.015880053862929344,0.01622772589325905,0.872606098651886,0.015879355370998383,0.015882685780525208,0.01588204689323902,0.01588156633079052,0.015880249440670013,0.015880227088928223
"DM-11997",False,"train",0.0,0.0,0.5563247203826904,0.0,0.16704732179641724,0.0,0.0,0.0,0.25359833240509033
"DM-9190",True,"train",0.0,0.18137942254543304,0.0,0.0,0.0,0.0,0.7886619567871094,0.0,0.0
"DM-4160",False,"train",0.1264551728963852,0.0,0.0,0.0,0.0,0.0,0.0,0.8618326783180237,0.0
"DM-5348",True,"train",0.1639869213104248,0.0,0.0,0.0,0.0,0.0,0.0,0.0,0.8270938992500305
"DM-7808",False,"train",0.0,0.0,0.2632475197315216,0.0,0.0,0.3742173910140991,0.3472999334335327,0.0,0.0
"DM-8005",False,"train",0.0,0.0,0.0,0.0,0.0,0.0,0.985419750213623,0.0,0.0
"DM-13303",False,"train",0.0,0.0,0.0,0.0,0.1297444999217987,0.0,0.8460309505462646,0.0,0.0
"DM-14814",False,"train",0.0,0.0,0.7451160550117493,0.09102707356214523,0.0,0.0,0.0,0.0,0.15482546389102936
"DM-7324",False,"train",0.3239431083202362,0.01112162135541439,0.01112448051571846,0.011119529604911804,0.5982157588005066,0.011117094196379185,0.011117681860923767,0.011119446717202663,0.011121219955384731
"DM-17739",False,"train",0.5719128847122192,0.0,0.0,0.0,0.0,0.4202086925506592,0.0,0.0,0.0
"DM-15760",False,"train",0.0,0.0,0.0,0.0,0.5414856672286987,0.0,0.22642825543880463,0.21436205506324768,0.0
"DM-17676",False,"train",0.0,0.0,0.0,0.0,0.0,0.0,0.9205683469772339,0.0,0.0
"DM-10605",True,"train",0.0,0.0,0.0,0.0,0.0,0.0,0.0,0.0,0.9258865714073181
"DM-3779",False,"train",0.0,0.0,0.5951988697052002,0.0,0.0,0.0,0.3779403865337372,0.0,0.0
"DM-4786",False,"train",0.027523765340447426,0.41470617055892944,0.02752101421356201,0.39262720942497253,0.027521058917045593,0.027523035183548927,0.02753005176782608,0.027521053329110146,0.02752656675875187
"DM-18440",False,"train",0.01086207665503025,0.010867761448025703,0.01086480263620615,0.010862370952963829,0.9130802154541016,0.010864989832043648,0.010867978446185589,0.01086362823843956,0.010866180062294006
"DM-14712",True,"train",0.016497328877449036,0.016491267830133438,0.01648072525858879,0.016494324430823326,0.01648387871682644,0.18550488352775574,0.016485588625073433,0.16828441619873047,0.547277569770813
"DM-980",False,"train",0.010042116977274418,0.010045796632766724,0.010042704641819,0.010042613372206688,0.010042961686849594,0.010043783113360405,0.9196538925170898,0.010044061578810215,0.010042031295597553
"DM-14837",False,"train",0.0,0.0,0.2885684072971344,0.12622474133968353,0.0,0.12221702188253403,0.3801192045211792,0.0,0.07237288355827332
"DM-8801",True,"train",0.0,0.0,0.0,0.17790837585926056,0.0,0.0,0.5179883241653442,0.0,0.2833367586135864
"DM-15344",False,"train",0.0,0.2027362436056137,0.0,0.0862274095416069,0.0,0.0,0.043174900114536285,0.0,0.6563083529472351
"DM-1058",False,"train",0.0,0.0,0.0,0.0,0.0,0.955163836479187,0.0,0.0,0.0
"DM-1978",False,"train",0.0,0.0,0.0,0.0,0.0,0.66280597448349,0.0,0.2917974889278412,0.0
"DM-5775",False,"train",0.09267308562994003,0.0,0.2990684509277344,0.0,0.517689049243927,0.08470084518194199,0.0,0.0,0.0
"DM-4502",False,"train",0.02223009616136551,0.022229328751564026,0.022228768095374107,0.022231167182326317,0.822130560874939,0.022228088229894638,0.02225254476070404,0.022227773442864418,0.02224164456129074
"DM-13331",False,"train",0.0,0.3382476568222046,0.0,0.40986379981040955,0.0,0.22164608538150787,0.0,0.0,0.0
"DM-3651",False,"train",0.6901580691337585,0.0,0.0,0.1044267788529396,0.0,0.0,0.0,0.0,0.18963631987571716
"DM-2777",False,"train",0.0,0.0,0.0,0.0,0.0,0.0,0.0,0.4900832176208496,0.4839223325252533
"DM-14467",False,"train",0.19486725330352783,0.0,0.0,0.0,0.241641104221344,0.24721431732177734,0.06988266855478287,0.0,0.2413637489080429
"DM-8496",False,"train",0.0,0.9406998157501221,0.0,0.0,0.0,0.0,0.0,0.0,0.0
"DM-3358",False,"train",0.0,0.0,0.0,0.0,0.9714817404747009,0.0,0.0,0.0,0.0
"DM-17031",False,"train",0.0,0.0,0.0,0.0,0.0,0.0,0.21095231175422668,0.778203010559082,0.0
"DM-8119",False,"train",0.0,0.0611000582575798,0.0,0.2396104335784912,0.0,0.09295887500047684,0.598003089427948,0.0,0.0
"DM-10845",False,"train",0.0,0.0,0.0,0.0,0.45364823937416077,0.0,0.0,0.5033351182937622,0.0
"DM-7736",False,"train",0.0,0.0,0.0,0.32113561034202576,0.0,0.266903281211853,0.3889540135860443,0.0,0.0
"DM-5650",False,"train",0.5761383175849915,0.0,0.368679404258728,0.0,0.0,0.0,0.0,0.0,0.0
"DM-840",False,"train",0.5820521712303162,0.0,0.0,0.0,0.0,0.0,0.0,0.4004024863243103,0.0
"DM-1616",False,"train",0.0,0.0,0.0,0.0,0.292053759098053,0.0,0.6900930404663086,0.0,0.0
"DM-1897",True,"train",0.0,0.0,0.0,0.0,0.9720554351806641,0.0,0.0,0.0,0.0
"DM-17813",False,"train",0.0,0.0,0.0,0.0,0.0,0.9810706377029419,0.0,0.0,0.0
"DM-6627",False,"train",0.0,0.0,0.22309663891792297,0.0,0.35426458716392517,0.15336526930332184,0.2464679479598999,0.0,0.0
"DM-14633",False,"train",0.0,0.0,0.0,0.0,0.0,0.0,0.08126147091388702,0.21234923601150513,0.6940145492553711
"DM-9190",True,"train",0.0,0.18137942254543304,0.0,0.0,0.0,0.0,0.7886619567871094,0.0,0.0
"DM-13904",False,"train",0.121316097676754,0.0,0.0,0.0,0.0,0.4345126748085022,0.4028643071651459,0.0,0.0
"DM-869",False,"train",0.9613199830055237,0.0,0.0,0.0,0.0,0.0,0.0,0.0,0.0
"DM-4225",False,"train",0.5045076012611389,0.0,0.0,0.0,0.0,0.0,0.0,0.0,0.4583258032798767
"DM-8594",False,"train",0.0,0.0,0.5822486281394958,0.0,0.0,0.0,0.38391533493995667,0.0,0.0
"DM-15108",False,"train",0.0,0.0,0.0,0.0,0.0,0.0,0.607958972454071,0.0,0.3367895185947418
"DM-16426",False,"train",0.0,0.0,0.09536439925432205,0.0,0.0,0.0,0.6720991134643555,0.19971910119056702,0.0
"DM-5822",False,"train",0.32208192348480225,0.0,0.0,0.12861023843288422,0.0,0.0,0.0,0.0,0.5479932427406311
"DM-2521",False,"train",0.0,0.0,0.0,0.0,0.0,0.0,0.47370126843452454,0.0,0.4723271131515503
"DM-2178",False,"train",0.09773216396570206,0.0,0.0,0.21029852330684662,0.0,0.0,0.6771679520606995,0.0,0.0
"DM-11170",False,"train",0.28325891494750977,0.021889686584472656,0.563500165939331,0.0218978114426136,0.02188856340944767,0.021888436749577522,0.021888626739382744,0.021893413737416267,0.021894365549087524
"DM-7273",False,"train",0.0,0.0,0.0,0.6389108896255493,0.0,0.0,0.0,0.0,0.34411752223968506
"DM-8543",False,"train",0.0,0.028173843398690224,0.0,0.0,0.0,0.8867902159690857,0.0,0.0,0.07334760576486588
"DM-9304",False,"train",0.013895116746425629,0.01389414444565773,0.8888266682624817,0.013894667848944664,0.013897035270929337,0.013893903233110905,0.01389674749225378,0.013896866701543331,0.013904849998652935
"DM-5859",False,"train",0.0,0.0,0.0,0.0,0.9666237831115723,0.0,0.0,0.0,0.0
"DM-5296",False,"train",0.01397631224244833,0.013979305513203144,0.013973649591207504,0.013980084098875523,0.013977260328829288,0.013980895280838013,0.8881732225418091,0.013979410752654076,0.013979842886328697
"DM-15256",False,"train",0.0,0.0,0.0,0.0,0.5779414176940918,0.0,0.056312836706638336,0.3481842577457428,0.0
"DM-9731",False,"train",0.01928579807281494,0.019296471029520035,0.8456911444664001,0.01928666979074478,0.019286533817648888,0.019286859780550003,0.01929205283522606,0.019287779927253723,0.019286680966615677
"DM-9156",False,"train",0.022262120619416237,0.8220791816711426,0.022234566509723663,0.022235693410038948,0.02226209081709385,0.0222297515720129,0.02224091626703739,0.02222752943634987,0.022228097543120384
"DM-11432",True,"train",0.0,0.0,0.0,0.0,0.0,0.9531256556510925,0.0,0.0,0.0
"DM-11159",False,"train",0.017343489453196526,0.017346588894724846,0.017353013157844543,0.017346715554594994,0.8612011075019836,0.01736115850508213,0.0173516683280468,0.01734672114253044,0.01734953001141548
"DM-17975",False,"train",0.0,0.0,0.0,0.0,0.775567889213562,0.06954757869243622,0.0,0.0,0.13010679185390472
"DM-8579",False,"train",0.07614370435476303,0.0,0.0781545639038086,0.16812914609909058,0.0,0.09331130236387253,0.5723194479942322,0.0,0.0
"DM-9107",False,"train",0.0,0.7734472155570984,0.0,0.1778257191181183,0.0,0.0,0.0,0.0,0.0
"DM-12008",True,"train",0.0,0.0,0.0,0.0,0.0,0.2769479751586914,0.3646673858165741,0.0,0.3266221582889557
"DM-516",False,"train",0.15781933069229126,0.0,0.07296957820653915,0.0,0.25400587916374207,0.0,0.35883212089538574,0.0,0.14704817533493042
"DM-8074",False,"train",0.0,0.0,0.0,0.0,0.0,0.634941816329956,0.0,0.0964069589972496,0.21454542875289917
"DM-8624",False,"train",0.0,0.0,0.0,0.0,0.0,0.09528785943984985,0.0,0.13377508521080017,0.7532925605773926
"DM-1310",False,"train",0.0,0.0,0.9443937540054321,0.0,0.0,0.0,0.0,0.0,0.0
"DM-17694",True,"train",0.9655969738960266,0.0,0.0,0.0,0.0,0.0,0.0,0.0,0.0
"DM-17491",False,"train",0.0,0.0,0.0,0.0,0.0,0.0,0.0,0.0,0.9229997992515564
"DM-6140",True,"train",0.0,0.0,0.0,0.0,0.0,0.0,0.09510722011327744,0.0,0.8710005879402161
"DM-17741",False,"train",0.18019798398017883,0.0,0.8162422180175781,0.0,0.0,0.0,0.0,0.0,0.0
"DM-10779",True,"train",0.013898509554564953,0.013900844380259514,0.01390019804239273,0.013899747282266617,0.013900433667004108,0.013901036232709885,0.013901516795158386,0.013898824341595173,0.8887988924980164
"DM-4063",False,"train",0.8499423861503601,0.0,0.0,0.0,0.0,0.0,0.0,0.0,0.13179939985275269
"DM-2627",False,"train",0.0,0.0,0.0,0.0,0.8572190999984741,0.0,0.12289747595787048,0.0,0.0
"DM-3633",False,"train",0.0,0.0,0.0,0.0,0.37114211916923523,0.0,0.0,0.620755672454834,0.0
"DM-13087",False,"train",0.010133042931556702,0.010133924894034863,0.010134130716323853,0.9188981056213379,0.010149608366191387,0.010134059935808182,0.01013986486941576,0.010141332633793354,0.010135939344763756
"DM-18169",True,"train",0.015676550567150116,0.015679407864809036,0.01567818596959114,0.01567721553146839,0.8745824694633484,0.015678757801651955,0.015676071867346764,0.015675581991672516,0.015675749629735947
"DM-16550",False,"train",0.9645026326179504,0.0,0.0,0.0,0.0,0.0,0.0,0.0,0.0
"DM-509",False,"train",0.0,0.0,0.0,0.4165290594100952,0.0,0.0,0.0,0.11787039041519165,0.43380481004714966
"DM-10088",False,"train",0.0,0.0,0.0,0.9575822353363037,0.0,0.0,0.0,0.0,0.0
"DM-3985",False,"train",0.0,0.0,0.0,0.24473538994789124,0.0,0.0,0.7232076525688171,0.0,0.0
"DM-10522",False,"train",0.0,0.0,0.0,0.17056331038475037,0.0,0.7775428295135498,0.0,0.0,0.0
"DM-6151",False,"train",0.0,0.740082859992981,0.0,0.244949072599411,0.0,0.0,0.0,0.0,0.0
"DM-4365",False,"train",0.3637431263923645,0.018545834347605705,0.01854262873530388,0.018525969237089157,0.018532659858465195,0.2749694585800171,0.0185400377959013,0.2500632405281067,0.0185370035469532
"DM-7067",False,"train",0.0,0.0,0.0,0.0,0.6147224307060242,0.11362043023109436,0.0,0.2422935962677002,0.0
"DM-14468",False,"train",0.0,0.0,0.0,0.43121451139450073,0.0,0.0,0.0,0.5428012609481812,0.0
"DM-8385",False,"train",0.0,0.5745473504066467,0.0,0.0,0.0,0.3974446952342987,0.0,0.0,0.0
"DM-11803",False,"train",0.0,0.0,0.19660966098308563,0.0,0.0,0.0,0.0,0.4096652567386627,0.3675414025783539
"DM-13313",False,"train",0.7895668148994446,0.012382758781313896,0.12372657656669617,0.012385896407067776,0.012387720867991447,0.01239310298115015,0.012387643568217754,0.01238376833498478,0.012385773472487926
"DM-2683",True,"train",0.0,0.0,0.0,0.0,0.9240050315856934,0.0,0.0,0.0,0.0
"DM-3265",False,"train",0.0,0.0,0.0,0.0,0.0,0.0,0.0,0.0,0.9764077663421631
"DM-11751",False,"train",0.0,0.0,0.0,0.0,0.0,0.0,0.6565161943435669,0.32250791788101196,0.0
"DM-8451",True,"train",0.02232627384364605,0.8213761448860168,0.022336600348353386,0.022326037287712097,0.022327153012156487,0.022328224033117294,0.022327041253447533,0.022325977683067322,0.022326549515128136
"DM-15858",False,"train",0.9776417016983032,0.0,0.0,0.0,0.0,0.0,0.0,0.0,0.0
"DM-9107",False,"train",0.0,0.7734472155570984,0.0,0.1778257191181183,0.0,0.0,0.0,0.0,0.0
"DM-13513",True,"train",0.0,0.4366259276866913,0.0,0.0,0.0,0.5053576827049255,0.0,0.0,0.0
"DM-14516",False,"train",0.1484939008951187,0.0,0.0,0.0,0.06175140663981438,0.761712908744812,0.0,0.0,0.0
"DM-3705",False,"train",0.8580828905105591,0.0,0.0,0.0,0.0,0.0,0.0,0.0,0.12720930576324463
"DM-5091",False,"train",0.01589200645685196,0.4577382206916809,0.015890592709183693,0.01589100807905197,0.4310084581375122,0.015898291021585464,0.01589195244014263,0.015890495851635933,0.01589898020029068
"DM-17",False,"train",0.0,0.9443033933639526,0.0,0.0,0.0,0.0,0.0,0.0,0.0
"DM-15927",False,"train",0.0,0.0,0.0,0.0,0.0,0.909631609916687,0.0,0.06416859477758408,0.0
"DM-2451",False,"train",0.0,0.18743199110031128,0.0,0.0,0.0,0.0,0.7988982200622559,0.0,0.0
"DM-4794",False,"train",0.0,0.0,0.0,0.8210765719413757,0.0,0.0,0.07010216265916824,0.0,0.08042468130588531
"DM-7843",False,"train",0.01588008552789688,0.8729445338249207,0.015881160274147987,0.01588113233447075,0.015881475061178207,0.015882158651947975,0.01588556356728077,0.015881067141890526,0.015882808715105057
"DM-13953",False,"train",0.215176060795784,0.011128325015306473,0.011130454950034618,0.011127729900181293,0.7069265246391296,0.011126197874546051,0.011127294972538948,0.01113146636635065,0.01112593337893486
"DM-9503",False,"train",0.7114282846450806,0.283111572265625,0.0,0.0,0.0,0.0,0.0,0.0,0.0
"DM-9542",True,"train",0.0,0.0,0.0,0.0,0.0,0.9657836556434631,0.0,0.0,0.0
"DM-11305",False,"train",0.6198979020118713,0.012392010539770126,0.2933526635169983,0.012394784949719906,0.012396363541483879,0.012391844764351845,0.01239053625613451,0.012390954419970512,0.012392962351441383
"DM-14153",True,"train",0.0,0.8939822912216187,0.0,0.0,0.0,0.0,0.07917308062314987,0.0,0.0
"DM-8888",False,"train",0.0,0.0,0.058194611221551895,0.0,0.0,0.8569090366363525,0.0750793069601059,0.0,0.0
"DM-1395",False,"train",0.013798274099826813,0.013796008192002773,0.1866241842508316,0.013796472921967506,0.5748109221458435,0.15576964616775513,0.013797969557344913,0.013799138367176056,0.013807353563606739
"DM-13685",False,"train",0.5419963598251343,0.0,0.0,0.0,0.0,0.0,0.0,0.0,0.4357500970363617
"DM-10371",False,"train",0.015890901908278465,0.015890292823314667,0.01589895784854889,0.01589178293943405,0.015890292823314667,0.015891654416918755,0.01590542308986187,0.015890713781118393,0.8728500008583069
"DM-7591",False,"train",0.0,0.0,0.9224622845649719,0.0,0.0,0.0,0.0,0.0,0.0
"DM-1725",False,"train",0.49600547552108765,0.06212155520915985,0.07445397973060608,0.0,0.10888577997684479,0.0,0.0,0.0,0.2520658075809479
"DM-11650",False,"train",0.5059969425201416,0.0,0.0,0.0,0.0,0.0,0.4601152539253235,0.0,0.0
"DM-3986",False,"train",0.0,0.0,0.0,0.5378482341766357,0.0,0.4377736449241638,0.0,0.0,0.0
"DM-2258",False,"train",0.0,0.3980688750743866,0.0,0.0,0.0,0.27923136949539185,0.0,0.30243369936943054,0.0
"DM-14155",False,"train",0.0,0.9782962799072266,0.0,0.0,0.0,0.0,0.0,0.0,0.0
"DM-15909",True,"train",0.10034304112195969,0.0,0.0,0.0,0.0,0.030818061903119087,0.0,0.043566979467868805,0.8087767362594604
"DM-875",False,"train",0.0,0.9865174293518066,0.0,0.0,0.0,0.0,0.0,0.0,0.0
"DM-13914",False,"train",0.0,0.0,0.0,0.3996502161026001,0.0,0.0,0.5446339845657349,0.0,0.0
"DM-6473",True,"train",0.0,0.20723874866962433,0.0,0.23036009073257446,0.19078241288661957,0.0,0.36314719915390015,0.0,0.0
"DM-14596",False,"train",0.0,0.07163020223379135,0.33286553621292114,0.0,0.0,0.41183599829673767,0.0,0.0,0.16804291307926178
"DM-12802",False,"train",0.0,0.0,0.0,0.7363602519035339,0.0,0.0,0.21143947541713715,0.0,0.0
"DM-8579",False,"train",0.07614370435476303,0.0,0.0781545639038086,0.16812914609909058,0.0,0.09331130236387253,0.5723194479942322,0.0,0.0
"DM-1088",False,"train",0.0,0.12308862060308456,0.0,0.0,0.0,0.7162960171699524,0.0,0.0,0.1496458500623703
"DM-7415",False,"train",0.4260440170764923,0.012366076931357384,0.012364671565592289,0.012364904396235943,0.48740243911743164,0.012363406829535961,0.012365015223622322,0.012365387752652168,0.012364023365080357
"DM-15638",True,"train",0.0,0.0,0.0,0.601876974105835,0.059810537844896317,0.0,0.31529709696769714,0.0,0.0
"DM-983",True,"train",0.011189060285687447,0.37934136390686035,0.01118951290845871,0.011188567616045475,0.011189448647201061,0.4318665564060211,0.12165562808513641,0.01119242049753666,0.011187476105988026
"DM-3656",False,"train",0.05462134629487991,0.0,0.0,0.0,0.8387689590454102,0.07718168199062347,0.0,0.0,0.0
"DM-9245",False,"train",0.7356959581375122,0.2083956003189087,0.0,0.0,0.0,0.0,0.0,0.0,0.0
"DM-16338",False,"train",0.0,0.0,0.0,0.0,0.26319441199302673,0.0,0.3466614782810211,0.0,0.3466481566429138
"DM-5301",False,"train",0.0,0.0,0.0,0.0,0.0,0.0,0.07643786072731018,0.9130396246910095,0.0
"DM-2630",False,"train",0.5241276621818542,0.0,0.0,0.0,0.12089227139949799,0.0,0.3492162525653839,0.0,0.0
"DM-16016",False,"train",0.0,0.0,0.0,0.0,0.0,0.3581046164035797,0.12686240673065186,0.0,0.4999433159828186
"DM-4847",False,"train",0.0,0.0,0.0,0.0,0.0,0.3437480032444,0.0,0.6170759797096252,0.0
"DM-8562",False,"train",0.16815832257270813,0.0,0.0,0.0,0.49825868010520935,0.0,0.30790701508522034,0.0,0.0
"DM-5035",True,"train",0.8721577525138855,0.01599358767271042,0.015988221392035484,0.01597512513399124,0.015973353758454323,0.015971926972270012,0.015989037230610847,0.015974359586834908,0.01597665809094906
"DM-514",True,"train",0.036092907190322876,0.03610231354832649,0.7111202478408813,0.0361114926636219,0.03613464906811714,0.036093324422836304,0.036121923476457596,0.03613179922103882,0.0360913947224617
"DM-14132",False,"train",0.0,0.0,0.0,0.0,0.2522815465927124,0.6920443177223206,0.0,0.0,0.0
"DM-13813",False,"train",0.0,0.0,0.0,0.0,0.09840845316648483,0.0,0.5717554092407227,0.31834903359413147,0.0
"DM-14618",False,"train",0.0,0.7805265784263611,0.0,0.0,0.0,0.0,0.1769009381532669,0.0,0.0
"DM-2722",True,"train",0.0,0.0,0.0,0.0,0.0,0.2559531033039093,0.5415017604827881,0.17533330619335175,0.0
"DM-9939",False,"train",0.0,0.0,0.0,0.0,0.0,0.0,0.8733983039855957,0.0,0.10999996960163116
"DM-14534",False,"train",0.0,0.0,0.0,0.3395511507987976,0.07943394035100937,0.0,0.0,0.5650098919868469,0.0
"DM-6358",False,"train",0.012370890937745571,0.012379823252558708,0.01237482763826847,0.6340787410736084,0.012370836921036243,0.012372585013508797,0.279299795627594,0.012371947057545185,0.012380511499941349
"DM-13378",False,"train",0.015880577266216278,0.015878694131970406,0.015880394726991653,0.015885692089796066,0.01589817740023136,0.015884006395936012,0.4596306383609772,0.015882954001426697,0.4291788935661316
"DM-11345",False,"train",0.0,0.0,0.026990830898284912,0.16532002389431,0.0,0.0,0.022062288597226143,0.5589587688446045,0.22419323027133942
"DM-15742",False,"train",0.9721890091896057,0.0,0.0,0.0,0.0,0.0,0.0,0.0,0.0
"DM-11026",True,"train",0.36890825629234314,0.0,0.0,0.552196741104126,0.05719904601573944,0.0,0.0,0.0,0.0
"DM-9786",True,"train",0.0,0.7366609573364258,0.0,0.0,0.0,0.0,0.2267141193151474,0.0,0.0
"DM-11599",True,"train",0.19935643672943115,0.0,0.0,0.0,0.0,0.0,0.7691402435302734,0.0,0.0
"DM-3136",False,"train",0.0,0.0,0.0,0.651495099067688,0.0,0.3113638758659363,0.0,0.0,0.0
"DM-9005",False,"train",0.0,0.5890650749206543,0.0,0.0,0.0,0.0,0.0,0.32771286368370056,0.08030117303133011
"DM-7136",False,"train",0.3865332007408142,0.0,0.0,0.5755314826965332,0.0,0.0,0.0,0.0,0.0
"DM-12377",False,"train",0.16813994944095612,0.0,0.0,0.0,0.6861921548843384,0.0,0.0,0.0,0.10890381038188934
"DM-2779",False,"train",0.0,0.24959775805473328,0.0,0.0,0.0,0.0,0.0,0.3457328677177429,0.3774707317352295
"DM-4365",False,"train",0.3637431263923645,0.018545834347605705,0.01854262873530388,0.018525969237089157,0.018532659858465195,0.2749694585800171,0.0185400377959013,0.2500632405281067,0.0185370035469532
"DM-12981",True,"train",0.3749164938926697,0.0,0.0,0.0,0.0,0.0,0.0,0.0,0.5844764113426208
"DM-4503",True,"train",0.013893483206629753,0.013891764916479588,0.013890590518712997,0.013893009163439274,0.013901623897254467,0.013891281560063362,0.8888549208641052,0.013892071321606636,0.013891272246837616
"DM-2792",False,"train",0.0,0.0,0.0,0.0,0.0,0.0,0.0,0.0,0.948616087436676
"DM-2157",True,"train",0.8269604444503784,0.0,0.0,0.0,0.0,0.0,0.04345542937517166,0.12407365441322327,0.0
"DM-1376",False,"train",0.0,0.0,0.25953367352485657,0.0,0.03294982761144638,0.26972272992134094,0.0,0.4286884367465973,0.0
"DM-15241",False,"train",0.0,0.26111671328544617,0.0,0.0,0.14064735174179077,0.0,0.0,0.0,0.582346498966217
"DM-14545",False,"train",0.011123036034405231,0.011119079776108265,0.011119389906525612,0.9110270142555237,0.011127489618957043,0.011123140342533588,0.011120348237454891,0.011118817143142223,0.011121658608317375
"DM-546",True,"train",0.0,0.0,0.053831350058317184,0.0,0.0,0.0,0.022608298808336258,0.9214522242546082,0.0
"DM-7543",False,"train",0.0,0.0,0.1111273467540741,0.3849390745162964,0.0,0.4880325198173523,0.0,0.0,0.0
"DM-75",False,"train",0.32573509216308594,0.0,0.04522455483675003,0.0,0.012663007713854313,0.09217599034309387,0.31029176712036133,0.21152956783771515,0.0
"DM-7315",False,"train",0.012146211229264736,0.01215093582868576,0.01214661169797182,0.012149904854595661,0.012147911824285984,0.01215952355414629,0.9027875661849976,0.012148701585829258,0.012162630446255207
"DM-8002",False,"train",0.09004812687635422,0.0,0.0,0.8123082518577576,0.0,0.0,0.08446008712053299,0.0,0.0
"DM-8138",False,"train",0.0,0.0,0.0,0.717833399772644,0.0,0.0,0.0,0.22597597539424896,0.0
"DM-5547",False,"train",0.022246090695261955,0.47408485412597656,0.022234249860048294,0.02223791554570198,0.022236675024032593,0.02223890833556652,0.022237293422222137,0.3702438771724701,0.02224014326930046
"DM-1618",False,"train",0.0,0.0,0.0,0.0,0.9317577481269836,0.0,0.0,0.0,0.0
"DM-14385",False,"train",0.0,0.0,0.0,0.0,0.9476657509803772,0.0,0.0,0.0,0.0
"DM-11371",False,"train",0.5054855942726135,0.0,0.0,0.0,0.0,0.0,0.44341564178466797,0.0,0.0
"DM-12159",False,"train",0.01566408760845661,0.01566399447619915,0.015675105154514313,0.01566449925303459,0.8746727705001831,0.01566561684012413,0.015667812898755074,0.015662457793951035,0.015663664788007736
"DM-18726",False,"train",0.0,0.0649755671620369,0.0,0.0,0.11871945112943649,0.32097455859184265,0.4762488305568695,0.0,0.0
"DM-1210",False,"train",0.1597532480955124,0.0,0.0,0.0,0.0,0.0,0.826309084892273,0.0,0.0
"DM-9516",False,"train",0.8517686724662781,0.018526019528508186,0.018529612571001053,0.01853048987686634,0.018524613231420517,0.018526727333664894,0.01853211410343647,0.018527118489146233,0.018534677103161812
"DM-15588",True,"train",0.2037442922592163,0.0,0.0,0.0,0.7559549808502197,0.0,0.0,0.0,0.0
"DM-12376",False,"train",0.4790448248386383,0.0,0.0,0.0,0.0,0.0,0.0,0.0,0.4983512759208679
"DM-9233",False,"train",0.2822909355163574,0.3571065366268158,0.3286723494529724,0.0,0.0,0.0,0.0,0.0,0.0
"DM-3371",True,"train",0.0,0.0,0.0,0.0,0.17516590654850006,0.3034629225730896,0.0,0.19451388716697693,0.31068140268325806
"DM-16060",False,"train",0.0,0.0,0.0,0.7103858590126038,0.0,0.0,0.0,0.0,0.2647946774959564
"DM-1463",False,"train",0.0,0.0,0.0,0.0,0.0,0.0,0.7549638748168945,0.0,0.19908614456653595
"DM-18181",True,"train",0.0,0.0,0.0,0.24198928475379944,0.7478895783424377,0.0,0.0,0.0,0.0
"DM-9992",False,"train",0.30491676926612854,0.199716717004776,0.0,0.0,0.0,0.45424631237983704,0.0,0.0,0.0
"DM-5781",False,"train",0.0,0.0,0.0,0.9635376930236816,0.0,0.0,0.0,0.0,0.0
"DM-17447",False,"train",0.5844683051109314,0.0,0.0,0.36746230721473694,0.0,0.0,0.0,0.0,0.0
"DM-7177",True,"train",0.0,0.9505663514137268,0.0,0.0,0.0,0.0,0.0,0.0,0.0
"DM-7822",False,"train",0.0,0.0,0.0,0.0,0.0,0.0,0.953169047832489,0.0,0.0
"DM-17835",False,"train",0.0,0.0,0.0,0.0,0.9612637758255005,0.0,0.0,0.0,0.0
"DM-5834",True,"train",0.2893107235431671,0.04323950409889221,0.0,0.0,0.0,0.4068833887577057,0.23727461695671082,0.0,0.0
"DM-4831",False,"train",0.0,0.0,0.0,0.97920823097229,0.0,0.0,0.0,0.0,0.0
"DM-11251",False,"train",0.3877381980419159,0.0,0.0,0.5527602434158325,0.0,0.0,0.0,0.0,0.0
"DM-11650",False,"train",0.5059969425201416,0.0,0.0,0.0,0.0,0.0,0.4601152539253235,0.0,0.0
"DM-17936",False,"train",0.0,0.0,0.0,0.0,0.0,0.0,0.0,0.9863116145133972,0.0
"DM-8085",False,"train",0.0,0.0,0.22490322589874268,0.0,0.0,0.0,0.0,0.7718116641044617,0.0
"DM-15424",False,"train",0.0,0.0,0.0,0.0,0.2988545000553131,0.4010031521320343,0.19087113440036774,0.09871821850538254,0.0
"DM-1619",False,"train",0.0,0.0,0.0,0.0,0.9257146716117859,0.0,0.0,0.0,0.0
"DM-17043",True,"train",0.0,0.0,0.0,0.0,0.0,0.04724905267357826,0.04538808763027191,0.0,0.8988174796104431
"DM-6376",False,"train",0.015986764803528786,0.015988945960998535,0.015987111255526543,0.01598789356648922,0.01599646545946598,0.015996860340237617,0.8720742464065552,0.015992112457752228,0.015989625826478004
"DM-2452",False,"train",0.013424315489828587,0.034913159906864166,0.4533519744873047,0.0,0.022327613085508347,0.1634746491909027,0.3104938566684723,0.0,0.0
"DM-1578",False,"train",0.0,0.0,0.0,0.0,0.2855159342288971,0.0,0.6588594317436218,0.0,0.0
"DM-14467",False,"train",0.19486725330352783,0.0,0.0,0.0,0.241641104221344,0.24721431732177734,0.06988266855478287,0.0,0.2413637489080429
"DM-15926",True,"train",0.0,0.0,0.0,0.0,0.0,0.015601355582475662,0.4526333212852478,0.43001633882522583,0.08007434010505676
"DM-5511",True,"train",0.02224612981081009,0.38534170389175415,0.02224332094192505,0.022235525771975517,0.022246360778808594,0.022239036858081818,0.02224384993314743,0.45896369218826294,0.02224040776491165
"DM-6660",False,"train",0.0,0.9841006994247437,0.0,0.0,0.0,0.0,0.0,0.0,0.0
"DM-7455",False,"train",0.20635922253131866,0.0,0.0,0.5251107215881348,0.0,0.0,0.22970794141292572,0.0,0.0
"DM-2961",True,"train",0.8552934527397156,0.018083909526467323,0.01808333396911621,0.018087921664118767,0.0180911123752594,0.01809597574174404,0.01808156631886959,0.018100976943969727,0.0180817898362875
"DM-12571",False,"train",0.2635466456413269,0.0,0.41866254806518555,0.010552802123129368,0.08873806148767471,0.15740394592285156,0.0,0.0,0.05932085961103439
"DM-6974",True,"train",0.0,0.6346116662025452,0.0,0.0,0.0,0.0,0.3364225924015045,0.0,0.0
"DM-10971",False,"train",0.0,0.0,0.0,0.0,0.0,0.0,0.0,0.6784761548042297,0.2728719413280487
"DM-14557",False,"train",0.3089393675327301,0.08937180042266846,0.0,0.056670576333999634,0.0,0.0,0.1289265751838684,0.0,0.4076966345310211
"DM-11948",False,"train",0.0,0.0,0.0,0.0,0.0,0.0,0.0,0.0,0.9613052010536194
"DM-9552",False,"train",0.3724552392959595,0.015715021640062332,0.015713149681687355,0.5175297260284424,0.01571829244494438,0.01572122797369957,0.01571165956556797,0.015710467472672462,0.015725232660770416
"DM-9306",False,"train",0.013894644565880299,0.013893692754209042,0.8888278603553772,0.01389421708881855,0.013896571472287178,0.013893451541662216,0.013896297663450241,0.013896435499191284,0.01390685886144638
"DM-16418",False,"train",0.0,0.0,0.0,0.1571841835975647,0.0,0.0,0.0,0.0,0.7846889495849609
"DM-7114",False,"train",0.0,0.0,0.5647721290588379,0.0,0.0,0.0,0.0,0.38286107778549194,0.04187944531440735
"DM-4204",True,"train",0.48793378472328186,0.0,0.0,0.0,0.0,0.0,0.0,0.4975062906742096,0.0
"DM-5794",False,"train",0.018634477630257607,0.613145112991333,0.018638765439391136,0.01864038035273552,0.2563818097114563,0.018654225394129753,0.018636932596564293,0.018632836639881134,0.01863546296954155
"DM-9028",False,"train",0.0,0.0,0.0,0.6526884436607361,0.0,0.0,0.0,0.32784295082092285,0.0
"DM-5298",False,"train",0.0,0.0,0.0,0.47697293758392334,0.0,0.2841244637966156,0.19182538986206055,0.0,0.0
"DM-17866",False,"train",0.0,0.6384017467498779,0.0,0.0,0.34423407912254333,0.0,0.0,0.0,0.0
"DM-1126",True,"train",0.0,0.0,0.0,0.0,0.0,0.9879743456840515,0.0,0.0,0.0
"DM-9420",False,"train",0.0,0.0,0.0,0.0,0.0,0.0,0.970325767993927,0.0,0.0
"DM-17331",False,"train",0.18800637125968933,0.0,0.16793881356716156,0.0694117397069931,0.0,0.550801694393158,0.0,0.0,0.0
"DM-10220",False,"train",0.0,0.9438013434410095,0.02711300179362297,0.0,0.0,0.0,0.0,0.0,0.02040405198931694
"DM-930",True,"train",0.0,0.0,0.0,0.0,0.0,0.0,0.9915116429328918,0.0,0.0
"DM-4493",False,"train",0.018527638167142868,0.018524112179875374,0.018526261672377586,0.018527433276176453,0.8517696261405945,0.0185333713889122,0.018538476899266243,0.01852499507367611,0.018528129905462265
"DM-11745",False,"train",0.8139117360115051,0.15820656716823578,0.0,0.0,0.0,0.0,0.0,0.0,0.0
"DM-7300",False,"train",0.027804240584373474,0.027821386232972145,0.027792321518063545,0.027790246531367302,0.027792496606707573,0.027790609747171402,0.027790125459432602,0.7776284217834473,0.027790158987045288
"DM-3265",False,"train",0.0,0.0,0.0,0.0,0.0,0.0,0.0,0.0,0.9764077663421631
"DM-6550",True,"train",0.0,0.0,0.8125780820846558,0.08163304626941681,0.0,0.0,0.0,0.0,0.09744203090667725
"DM-13339",False,"train",0.0,0.0,0.0,0.0,0.8212345838546753,0.0,0.0,0.1544252187013626,0.0
"DM-13674",False,"train",0.0,0.0,0.0,0.1995912343263626,0.05798647180199623,0.0,0.34539416432380676,0.0,0.3844928443431854
"DM-17483",False,"train",0.013894190080463886,0.013894745148718357,0.013894101604819298,0.013894694857299328,0.013894926756620407,0.013894328847527504,0.013894541189074516,0.013894428499042988,0.8888440132141113
"DM-11047",False,"train",0.0,0.0,0.0,0.0,0.0,0.0,0.1524438112974167,0.0,0.7786269187927246
"DM-18358",False,"train",0.0,0.0,0.0,0.0,0.9644071459770203,0.0,0.0,0.0,0.0
"DM-14771",False,"train",0.010248457081615925,0.010246706195175648,0.010246309451758862,0.010249754413962364,0.010251310653984547,0.010247073136270046,0.9180142879486084,0.01024788897484541,0.010248227044939995
"DM-1899",True,"train",0.0,0.0,0.0,0.27169859409332275,0.4080814719200134,0.2912595272064209,0.0,0.0,0.0
"DM-9604",False,"train",0.0,0.0,0.3673035502433777,0.19732239842414856,0.0,0.0,0.0,0.4087579548358917,0.0
"DM-10485",False,"train",0.23278376460075378,0.3290345072746277,0.07761948555707932,0.3022524416446686,0.0,0.0,0.0,0.0,0.05005715414881706
"DM-10440",False,"train",0.0,0.2742256820201874,0.0,0.0,0.0,0.0,0.0,0.6908380389213562,0.0
"DM-4992",False,"train",0.0,0.0,0.0,0.0,0.0,0.0,0.8619266748428345,0.09548412263393402,0.0
"DM-13685",False,"train",0.5419963598251343,0.0,0.0,0.0,0.0,0.0,0.0,0.0,0.4357500970363617
"DM-3970",False,"train",0.0,0.0,0.0,0.9703448414802551,0.0,0.0,0.0,0.0,0.0
"DM-7396",False,"train",0.0,0.0,0.0,0.36736130714416504,0.0,0.21164599061012268,0.0,0.0,0.38438600301742554
"DM-1884",False,"train",0.0,0.0,0.0,0.0,0.14262442290782928,0.12582747638225555,0.7000818252563477,0.0,0.0
"DM-12391",False,"train",0.0,0.0,0.0,0.0,0.0,0.0,0.0,0.9935431480407715,0.0
"DM-8451",True,"train",0.02232627384364605,0.8213761448860168,0.022336600348353386,0.022326037287712097,0.022327153012156487,0.022328224033117294,0.022327041253447533,0.022325977683067322,0.022326549515128136
"DM-4493",False,"train",0.018527638167142868,0.018524112179875374,0.018526261672377586,0.018527433276176453,0.8517696261405945,0.0185333713889122,0.018538476899266243,0.01852499507367611,0.018528129905462265
"DM-13875",False,"train",0.0,0.0,0.4968594014644623,0.0,0.2960350513458252,0.0,0.0,0.0,0.1648508906364441
"DM-13962",False,"train",0.015911947935819626,0.015912501141428947,0.32425063848495483,0.015917574986815453,0.21559929847717285,0.36464765667915344,0.015921900048851967,0.01591705158352852,0.015921417623758316
"DM-8001",False,"train",0.048923034220933914,0.0,0.0,0.05073121190071106,0.2704240381717682,0.0,0.29151299595832825,0.024724308401346207,0.31182795763015747
"DM-14157",False,"train",0.20854175090789795,0.0,0.0,0.37358275055885315,0.0,0.1817757785320282,0.214374840259552,0.018880805000662804,0.0
"DM-12425",True,"train",0.0,0.0,0.0,0.279306024312973,0.4286000430583954,0.0,0.2658734619617462,0.0,0.0
"DM-5547",False,"train",0.022246090695261955,0.47408485412597656,0.022234249860048294,0.02223791554570198,0.022236675024032593,0.02223890833556652,0.022237293422222137,0.3702438771724701,0.02224014326930046
"DM-6112",False,"train",0.09971380233764648,0.5159087181091309,0.0,0.0,0.0,0.0,0.2781878113746643,0.08698536455631256,0.0
"DM-10483",False,"train",0.0,0.0,0.06742890924215317,0.4616965055465698,0.0,0.0,0.0,0.0,0.4393998384475708
"DM-4009",False,"train",0.36178454756736755,0.0,0.10840174555778503,0.26378875970840454,0.0,0.0,0.24941985309123993,0.0,0.0
"DM-98",False,"train",0.012366107665002346,0.012365327216684818,0.012364653870463371,0.012362909503281116,0.012363538146018982,0.012364543043076992,0.9010816812515259,0.012367023155093193,0.012364246882498264
"DM-15725",False,"train",0.8378859758377075,0.0,0.0,0.0,0.0,0.0,0.1415933519601822,0.0,0.0
"DM-14114",False,"train",0.0,0.0,0.0,0.0,0.9364539384841919,0.0,0.0,0.0,0.0
"DM-12467",False,"train",0.0,0.0,0.1536085456609726,0.45055076479911804,0.0,0.0,0.3624670207500458,0.0,0.0
"DM-10779",True,"train",0.013898509554564953,0.013900844380259514,0.01390019804239273,0.013899747282266617,0.013900433667004108,0.013901036232709885,0.013901516795158386,0.013898824341595173,0.8887988924980164
"DM-18339",False,"train",0.0,0.7439567446708679,0.0,0.0,0.0,0.0,0.0,0.0,0.20456631481647491
"DM-3501",False,"train",0.015883129090070724,0.015901535749435425,0.015880119055509567,0.01588817685842514,0.015887273475527763,0.015885237604379654,0.015907246619462967,0.8728837370872498,0.015883587300777435
"DM-2858",False,"train",0.0,0.0,0.0,0.0,0.0,0.0,0.9798391461372375,0.0,0.0
"DM-1609",False,"train",0.0,0.0,0.0,0.0,0.0,0.0,0.9501082897186279,0.0,0.0
"DM-15872",True,"train",0.0,0.25525975227355957,0.5829271078109741,0.0,0.0,0.0,0.14117968082427979,0.0,0.0
"DM-5869",False,"train",0.0,0.0,0.0,0.0,0.0,0.2664005160331726,0.7110829949378967,0.0,0.0
"DM-15615",False,"train",0.0,0.0,0.2869841754436493,0.0,0.0,0.0,0.6016872525215149,0.0,0.0958329513669014
"DM-11747",False,"train",0.5714908242225647,0.0,0.0,0.0,0.0,0.38554516434669495,0.0,0.0,0.0
"DM-1055",False,"train",0.0,0.0,0.4810466766357422,0.0,0.18457897007465363,0.0,0.32201236486434937,0.0,0.0
"DM-13534",False,"train",0.2197054773569107,0.25667908787727356,0.0,0.0,0.0,0.0,0.3931204080581665,0.0,0.11384072154760361
"DM-18374",False,"train",0.012403539381921291,0.012402337975800037,0.4761037826538086,0.012404759414494038,0.012398581020534039,0.012400466948747635,0.43708616495132446,0.012400196865200996,0.012400176376104355
"DM-1944",False,"train",0.0,0.0,0.0,0.0,0.0,0.0,0.0,0.8760903477668762,0.08674243092536926
"DM-14574",False,"train",0.0,0.0,0.0,0.0,0.0,0.0,0.0,0.0,0.9716882705688477
"DM-3384",False,"train",0.0,0.10627003759145737,0.0,0.0,0.0,0.0,0.8747340440750122,0.0,0.0
"DM-4197",False,"train",0.0,0.0,0.0,0.0,0.0,0.0,0.9657561779022217,0.0,0.0
"DM-3037",False,"train",0.7437117099761963,0.0,0.0,0.0,0.0,0.20438414812088013,0.0,0.0,0.0
"DM-8464",True,"train",0.022235030308365822,0.8220846056938171,0.02223964035511017,0.0222326572984457,0.02226228453218937,0.022234821692109108,0.02223365195095539,0.02223260886967182,0.022244704887270927
"DM-1920",False,"train",0.0,0.25969308614730835,0.0,0.4721875488758087,0.0,0.0,0.0,0.2577435374259949,0.0
"DM-1256",False,"train",0.022231943905353546,0.022231627255678177,0.022229010239243507,0.02223639003932476,0.022240545600652695,0.02223164774477482,0.022253891453146935,0.022237591445446014,0.8221073746681213
"DM-17831",False,"train",0.0,0.0,0.0,0.0,0.0,0.0,0.0,0.9906960725784302,0.0
"DM-8914",False,"train",0.0,0.0,0.0,0.0,0.0,0.9381352066993713,0.0,0.0,0.0
"DM-10508",False,"train",0.0,0.0,0.0,0.2683778405189514,0.0,0.0,0.0,0.32694360613822937,0.363925039768219
"DM-7719",False,"train",0.010141518898308277,0.010142127983272076,0.010141899809241295,0.010146173648536205,0.6241652965545654,0.010144181549549103,0.010142233222723007,0.3048345446586609,0.01014202181249857
"DM-11910",False,"train",0.556794285774231,0.020204933360219002,0.029749715700745583,0.3853704035282135,0.0,0.0,0.0,0.0,0.0
"DM-7012",False,"train",0.0,0.9414726495742798,0.0,0.0,0.0,0.0,0.0,0.0,0.0
"DM-17375",True,"train",0.07932554930448532,0.0,0.0,0.0,0.0,0.09888086467981339,0.0,0.1776634007692337,0.6106550097465515
"DM-4236",False,"train",0.19213111698627472,0.0,0.0,0.0,0.23840060830116272,0.0,0.0,0.0,0.5569144487380981
"DM-7117",False,"train",0.06630400568246841,0.31052717566490173,0.0,0.0,0.08674564212560654,0.0,0.0,0.0,0.5306597352027893
"DM-836",True,"train",0.0,0.0,0.0,0.0,0.26630157232284546,0.0,0.3952396512031555,0.0,0.3229782283306122
"DM-16842",False,"train",0.0,0.0,0.07346876710653305,0.0,0.0,0.0,0.7066512107849121,0.0,0.19092996418476105
"DM-11902",False,"train",0.435141384601593,0.0,0.0,0.0,0.0,0.41011327505111694,0.0,0.13615591824054718,0.0
"DM-12459",False,"train",0.011999892070889473,0.01200143899768591,0.9039878845214844,0.012002668343484402,0.012005399912595749,0.01199857797473669,0.012006518431007862,0.011997312307357788,0.012000268325209618
"DM-14732",False,"train",0.0,0.0,0.0,0.3537050187587738,0.0,0.48339980840682983,0.0,0.0,0.13672973215579987
"DM-16235",True,"train",0.0,0.0,0.0,0.0,0.0,0.0,0.0,0.9908671975135803,0.0
"DM-3090",False,"train",0.0,0.0,0.14401909708976746,0.6219950318336487,0.0,0.18313121795654297,0.0,0.0,0.0
"DM-4302",False,"train",0.1345377266407013,0.0,0.0,0.20751188695430756,0.6140782237052917,0.0,0.0,0.0,0.0
"DM-554",False,"train",0.0,0.0,0.0,0.038013607263565063,0.0,0.8711193203926086,0.07848242670297623,0.0,0.0
"DM-12535",False,"train",0.054383669048547745,0.0,0.0,0.841856837272644,0.0,0.0,0.0,0.0,0.08371330797672272
"DM-228",True,"train",0.0,0.0,0.0,0.0,0.0,0.5079989433288574,0.4513185918331146,0.0,0.0
"DM-3176",False,"train",0.014862301759421825,0.014868133701384068,0.014861555770039558,0.014864032156765461,0.01486298069357872,0.014864571392536163,0.8810897469520569,0.014862843789160252,0.014863855205476284
"DM-3468",False,"train",0.0,0.38225656747817993,0.3648999333381653,0.0,0.0,0.1980162113904953,0.042584750801324844,0.0,0.0
"DM-10189",True,"train",0.0,0.0,0.0,0.0,0.0,0.0,0.0,0.0,0.985417366027832
"DM-14459",False,"train",0.0,0.0,0.0,0.0,0.2489001452922821,0.0,0.0,0.0,0.7027260661125183
"DM-10560",False,"train",0.0,0.0,0.14280903339385986,0.8216579556465149,0.0,0.0,0.0,0.0,0.0
"DM-17933",False,"train",0.02048872783780098,0.0,0.16147185862064362,0.0,0.0,0.0,0.0,0.7813018560409546,0.031107226386666298
"DM-9307",False,"train",0.013899140991270542,0.013898431323468685,0.7171817421913147,0.013898669742047787,0.18550363183021545,0.013899167068302631,0.01390813197940588,0.013901124708354473,0.013909958302974701
"DM-6239",False,"train",0.0,0.0,0.9613131880760193,0.0,0.0,0.0,0.0,0.0,0.0
"DM-3112",False,"train",0.019907409325242043,0.0,0.9647842645645142,0.011952678672969341,0.0,0.0,0.0,0.0,0.0
"DM-3104",False,"train",0.0,0.0,0.0,0.0,0.0,0.0,0.9765944480895996,0.0,0.0
"DM-754",True,"train",0.0,0.0,0.0,0.0,0.0,0.0,0.0,0.0,0.9406771063804626
"DM-9050",False,"train",0.0,0.0,0.0,0.13392043113708496,0.0,0.0,0.0,0.10862069576978683,0.7471500635147095
"DM-14306",False,"train",0.0,0.0,0.0,0.9612508416175842,0.0,0.0,0.0,0.0,0.0
"DM-334",False,"train",0.0,0.30757269263267517,0.0,0.0,0.08931329101324081,0.5694484710693359,0.0,0.0,0.0
"DM-9513",False,"train",0.01593499444425106,0.8725699186325073,0.01592930778861046,0.01592675782740116,0.015926824882626534,0.01592826656997204,0.015926530584692955,0.015930889174342155,0.015926506370306015
"DM-16904",False,"train",0.0,0.0,0.0,0.0,0.7382568717002869,0.1968054473400116,0.0,0.0,0.0
"DM-11551",False,"train",0.9505643248558044,0.0,0.0,0.0,0.0,0.0,0.0,0.0,0.0
"DM-16400",False,"train",0.5238710045814514,0.0,0.0,0.0,0.0,0.44914761185646057,0.0,0.0,0.0
"DM-7780",False,"train",0.011402095668017864,0.011404602788388729,0.011402963660657406,0.011410197243094444,0.011403939686715603,0.011404807679355145,0.9087644815444946,0.011401436291635036,0.011405400931835175
"DM-4851",False,"train",0.012849212624132633,0.012848724611103535,0.012848141603171825,0.012862498871982098,0.012851263396441936,0.8971911668777466,0.012849111109972,0.012848504818975925,0.012851453386247158
"DM-8233",False,"train",0.0,0.653367280960083,0.0,0.0,0.29683151841163635,0.0,0.0,0.0,0.0
"DM-17970",False,"train",0.0,0.0,0.0,0.1252802014350891,0.0,0.8197129964828491,0.0,0.0,0.0
"DM-9133",True,"train",0.0,0.0,0.10248538106679916,0.8758471012115479,0.0,0.0,0.0,0.0,0.0
"DM-8455",False,"train",0.02224685437977314,0.609663724899292,0.022256217896938324,0.022246532142162323,0.022248046472668648,0.02224951796233654,0.234595388174057,0.022246450185775757,0.022247230634093285
"DM-12761",False,"train",0.0,0.0,0.0,0.0,0.0,0.0,0.0,0.9730251431465149,0.0
"DM-4851",False,"train",0.012849212624132633,0.012848724611103535,0.012848141603171825,0.012862498871982098,0.012851263396441936,0.8971911668777466,0.012849111109972,0.012848504818975925,0.012851453386247158
"DM-16401",False,"train",0.0,0.0,0.0,0.1704728752374649,0.0,0.7093032598495483,0.0,0.08893801271915436,0.0
"DM-8833",False,"train",0.3066271245479584,0.0,0.0,0.0,0.09935104101896286,0.0,0.5769843459129333,0.0,0.0
"DM-4170",False,"train",0.0,0.0,0.0,0.0,0.4029349684715271,0.0,0.0,0.0,0.5734782814979553
"DM-2885",True,"train",0.0,0.0,0.0,0.0,0.0,0.0,0.9910053014755249,0.0,0.0
"DM-14694",False,"train",0.1742457151412964,0.36064618825912476,0.0,0.3499898910522461,0.0,0.0,0.10937166213989258,0.0,0.0
"DM-9346",False,"train",0.19953037798404694,0.0,0.0,0.5004196763038635,0.1253865659236908,0.0,0.15831170976161957,0.0,0.0
"DM-11609",False,"train",0.0,0.0,0.03934948518872261,0.07989908754825592,0.0,0.12127967178821564,0.7420944571495056,0.0,0.0
"DM-16667",False,"train",0.0,0.0,0.0,0.0,0.4275735318660736,0.0,0.5457850098609924,0.0,0.0
"DM-14760",True,"train",0.0,0.0,0.2698371112346649,0.0,0.6778604984283447,0.0,0.015602448023855686,0.0,0.0
"DM-4808",False,"train",0.0,0.0,0.0,0.0,0.0,0.0,0.0,0.0,0.9476454257965088
"DM-9172",False,"train",0.0,0.0,0.0,0.3576864004135132,0.0,0.0,0.0,0.0,0.6111524701118469
"DM-4882",True,"train",0.0,0.6221340298652649,0.0,0.0,0.0,0.0,0.35669344663619995,0.0,0.0
"DM-13612",False,"train",0.0,0.0,0.0,0.0,0.15621191263198853,0.0,0.8201756477355957,0.0,0.0
"DM-10996",False,"train",0.0,0.0,0.0,0.0,0.0,0.0,0.4009953439235687,0.5699717998504639,0.0
"DM-14639",False,"train",0.0,0.0,0.0,0.0,0.6481513977050781,0.3155267834663391,0.0,0.0,0.0
"DM-3178",False,"train",0.015565061941742897,0.015570581890642643,0.01556424330919981,0.015566974878311157,0.01556581910699606,0.015567565336823463,0.8754673600196838,0.015565660782158375,0.015566774643957615
"DM-13797",True,"train",0.0,0.0,0.0,0.3812974989414215,0.0,0.5962285995483398,0.0,0.0,0.0
"DM-8807",False,"train",0.24782468378543854,0.0,0.0,0.0,0.0,0.0,0.7285465002059937,0.0,0.0
"DM-13771",False,"train",0.0,0.0,0.0,0.8279294967651367,0.15623018145561218,0.0,0.0,0.0,0.0
"DM-7915",False,"train",0.0,0.0,0.0,0.0,0.0,0.0,0.0,0.8381876349449158,0.15275727212429047
"DM-3688",False,"train",0.23488010466098785,0.06684059649705887,0.0,0.0,0.0,0.0,0.0,0.0,0.6819102764129639
"DM-13869",False,"train",0.0,0.0,0.0,0.0,0.9374157786369324,0.0,0.0,0.0,0.0
"DM-5638",False,"train",0.01236182451248169,0.012353689409792423,0.012353279627859592,0.012358949519693851,0.01235284749418497,0.012354210950434208,0.901155412197113,0.01235609594732523,0.012353675439953804
"DM-8122",False,"train",0.1483057737350464,0.0,0.21717236936092377,0.6229687929153442,0.0,0.0,0.0,0.0,0.0
"DM-546",True,"train",0.0,0.0,0.053831350058317184,0.0,0.0,0.0,0.022608298808336258,0.9214522242546082,0.0
"DM-4757",False,"train",0.3392769992351532,0.0,0.0,0.0,0.0,0.0,0.6214118003845215,0.0,0.0
"DM-3824",True,"train",0.0,0.0965682715177536,0.1291070580482483,0.0,0.0,0.17922499775886536,0.504504919052124,0.08199623227119446,0.0
"DM-1293",False,"train",0.012391907162964344,0.012390580959618092,0.012388931587338448,0.012392428703606129,0.012395939789712429,0.012394918128848076,0.012395012192428112,0.012393016368150711,0.9008573293685913
"DM-2467",False,"train",0.01226570550352335,0.22733654081821442,0.012261902913451195,0.012270773760974407,0.012266094796359539,0.01227615773677826,0.012263542972505093,0.3925842344760895,0.30647507309913635
"DM-11341",True,"train",0.0,0.0,0.6256507039070129,0.0,0.2261105328798294,0.0,0.13092541694641113,0.0,0.0
"DM-6978",False,"train",0.6739503741264343,0.0,0.0,0.0,0.0,0.0,0.3079322874546051,0.0,0.0
"DM-13842",False,"train",0.0,0.0,0.0,0.0,0.92652827501297,0.0,0.0,0.0,0.0
"DM-1362",False,"train",0.06361646950244904,0.0,0.3809907138347626,0.0,0.0,0.4164782762527466,0.12133678048849106,0.0,0.0
"DM-313",True,"train",0.0,0.0,0.7015872597694397,0.0,0.0,0.0,0.0,0.25946107506752014,0.0
"DM-11445",True,"train",0.16693176329135895,0.0,0.0,0.7019031047821045,0.0,0.11220282316207886,0.0,0.0,0.0
"DM-5831",True,"train",0.0,0.0,0.0,0.07542649656534195,0.0,0.0,0.8687776327133179,0.0,0.0
"DM-7432",False,"train",0.4478772282600403,0.0,0.482779324054718,0.0,0.0,0.0,0.0,0.0,0.0
"DM-4568",False,"train",0.731080174446106,0.0,0.0,0.0,0.0,0.22784221172332764,0.0,0.0,0.0
"DM-11871",False,"train",0.014766874723136425,0.8818327188491821,0.014767787419259548,0.014767533168196678,0.014777831733226776,0.014767891727387905,0.014772641472518444,0.014774654991924763,0.014772100374102592
"DM-1571",False,"train",0.1506636142730713,0.0,0.14843600988388062,0.0,0.0,0.0,0.6714551448822021,0.0,0.0
"DM-18425",False,"train",0.052784763276576996,0.052799977362155914,0.5776562690734863,0.05278755724430084,0.05278494581580162,0.05280108377337456,0.0527963750064373,0.052795130759477615,0.05279393121600151
"DM-1589",True,"train",0.0,0.0,0.9315575957298279,0.0,0.0,0.0,0.0,0.0,0.0
"DM-7416",False,"train",0.012358537875115871,0.012352717109024525,0.012351703830063343,0.012350642122328281,0.901181161403656,0.012349912896752357,0.012350677512586117,0.012354605831205845,0.012349971570074558
"DM-17330",False,"train",0.12664444744586945,0.8236228227615356,0.0,0.0,0.0,0.0,0.0,0.0,0.0
"DM-16049",False,"train",0.013791014440357685,0.013791046105325222,0.013793500140309334,0.013792711310088634,0.013795284554362297,0.013797813095152378,0.8896458745002747,0.013795149512588978,0.013797629624605179
"DM-8465",False,"train",0.022260984405875206,0.8221270442008972,0.022238513454794884,0.022227896377444267,0.02222919464111328,0.02223050408065319,0.022229360416531563,0.022228118032217026,0.022228403016924858
"DM-3369",False,"train",0.0,0.0,0.0,0.44740501046180725,0.0,0.26441434025764465,0.0,0.27108514308929443,0.0
"DM-17229",False,"train",0.0,0.0,0.9131172895431519,0.0,0.0,0.0,0.0,0.07345458120107651,0.0
"DM-11250",False,"train",0.0,0.0,0.0,0.0,0.0,0.3700677454471588,0.610556423664093,0.0,0.0
"DM-9430",False,"train",0.13238640129566193,0.4191822409629822,0.0,0.2562216818332672,0.0,0.10349450260400772,0.06787109375,0.0,0.0
"DM-7128",False,"train",0.01594163291156292,0.8724229335784912,0.015940319746732712,0.01595071703195572,0.015940068289637566,0.015949560329318047,0.01596660539507866,0.015941446647047997,0.015946708619594574
"DM-17528",False,"train",0.0,0.03568223491311073,0.0,0.3859407305717468,0.0,0.15403032302856445,0.0,0.0,0.4165765345096588
"DM-11033",False,"train",0.537862241268158,0.0,0.0,0.12634411454200745,0.0,0.0,0.0,0.3236393928527832,0.0
"DM-4255",False,"train",0.0,0.0,0.0,0.0,0.0,0.0,0.0,0.9756199717521667,0.0
"DM-5823",False,"train",0.0,0.0,0.9605110883712769,0.0,0.0,0.0,0.0,0.0,0.0
"DM-9302",False,"train",0.0,0.0,0.0,0.0,0.0,0.0,0.0,0.9611409902572632,0.0
"DM-13805",True,"train",0.0,0.0,0.0,0.0,0.0,0.9656948447227478,0.0,0.0,0.0
"DM-13155",False,"train",0.0,0.0,0.0,0.0,0.9411135911941528,0.0,0.0,0.0,0.0
"DM-4202",True,"train",0.0,0.8584564328193665,0.0,0.0,0.0,0.0,0.0,0.12562966346740723,0.0
"DM-6123",False,"train",0.0,0.3997572362422943,0.0,0.0,0.0,0.059252750128507614,0.0,0.5238249897956848,0.0
"DM-7207",False,"train",0.0,0.0,0.5528174042701721,0.0,0.0,0.0,0.3915996551513672,0.0,0.0
"DM-8756",False,"train",0.013893825933337212,0.01389510091394186,0.01389729417860508,0.013894290663301945,0.013895614072680473,0.013894826173782349,0.8888367414474487,0.01389310508966446,0.013899203389883041
"DM-6497",False,"train",0.10480640828609467,0.0,0.038632139563560486,0.0,0.7400948405265808,0.0,0.1059379056096077,0.0,0.0
"DM-17337",False,"train",0.10753274708986282,0.3012012839317322,0.0,0.0,0.0,0.0,0.12993013858795166,0.1785794198513031,0.2764660120010376
"DM-9996",False,"train",0.0,0.5668951272964478,0.0,0.0,0.0,0.14663061499595642,0.23922941088676453,0.0,0.0
"DM-2427",False,"train",0.0,0.0,0.0,0.0,0.0,0.0,0.9745175838470459,0.0,0.0
"DM-16376",False,"train",0.012522902339696884,0.01251542940735817,0.012520930729806423,0.8998234272003174,0.01251313742250204,0.012514051049947739,0.012513223104178905,0.012537216767668724,0.012539616785943508
"DM-9186",True,"train",0.0,0.0,0.0,0.9702683091163635,0.0,0.0,0.0,0.0,0.0
"DM-15126",False,"train",0.3184756338596344,0.6443427205085754,0.0,0.0,0.0,0.0,0.0,0.0,0.0
"DM-12472",False,"train",0.0,0.0,0.39409855008125305,0.0,0.5697919726371765,0.0,0.0,0.0,0.0
"DM-6918",True,"train",0.0,0.0,0.40121254324913025,0.2973802089691162,0.0,0.0,0.28464046120643616,0.0,0.0
"DM-8832",False,"train",0.9636971354484558,0.0,0.0,0.0,0.0,0.0,0.0,0.03487643972039223,0.0
"DM-14563",False,"train",0.0,0.0,0.0,0.0,0.16977524757385254,0.0,0.0,0.09436193853616714,0.701285719871521
"DM-9329",True,"train",0.8123415112495422,0.0,0.0,0.0,0.0,0.0,0.0,0.0,0.15546107292175293
"DM-2849",False,"train",0.0,0.0,0.11941976845264435,0.7610746622085571,0.0,0.0,0.09919197857379913,0.0,0.0
"DM-7677",False,"train",0.4355318546295166,0.0,0.0,0.06756138801574707,0.0,0.2837776243686676,0.0,0.2052033692598343,0.0
"DM-6358",False,"train",0.012370890937745571,0.012379823252558708,0.01237482763826847,0.6340787410736084,0.012370836921036243,0.012372585013508797,0.279299795627594,0.012371947057545185,0.012380511499941349
"DM-12445",True,"train",0.0,0.29179900884628296,0.0,0.0,0.0,0.0,0.42785409092903137,0.0,0.2716112732887268
"DM-23",False,"train",0.02005082741379738,0.02004462666809559,0.02003706432878971,0.020036594942212105,0.020035916939377785,0.839658260345459,0.02003444731235504,0.020066725090146065,0.020035570487380028
"DM-9828",False,"train",0.0,0.975267231464386,0.0,0.0,0.0,0.0,0.0,0.0,0.0
"DM-6283",False,"train",0.9741495847702026,0.0,0.0,0.0,0.0,0.0,0.0,0.0,0.0
"DM-10824",False,"train",0.014034728519618511,0.014037920162081718,0.01403611060231924,0.014033416286110878,0.014033196493983269,0.3714139759540558,0.5303382277488708,0.014038427732884884,0.01403399370610714
"DM-13399",False,"train",0.5644226670265198,0.11074281483888626,0.0,0.0,0.0,0.2878687083721161,0.0,0.0,0.0
"DM-7460",False,"train",0.0,0.0,0.0,0.0,0.9738332033157349,0.0,0.0,0.0,0.0
"DM-1331",False,"train",0.18314775824546814,0.0,0.46593257784843445,0.3217402696609497,0.0,0.0,0.0,0.0,0.0
"DM-3174",False,"train",0.08011765033006668,0.0,0.0,0.0,0.3390214443206787,0.0,0.0,0.5702937245368958,0.0
"DM-1350",True,"train",0.0,0.1559293121099472,0.3241104185581207,0.0,0.0,0.48853322863578796,0.0,0.0,0.0
"DM-9447",False,"train",0.0,0.2767603397369385,0.0694136694073677,0.0,0.19383840262889862,0.0,0.0,0.4351022243499756,0.0
"DM-8096",True,"train",0.140182226896286,0.0,0.0,0.0,0.10843394696712494,0.0,0.0,0.0,0.7312953472137451
"DM-9514",False,"train",0.6280643343925476,0.01853305846452713,0.2421894520521164,0.018538428470492363,0.01853129267692566,0.018533147871494293,0.018537702038884163,0.018532035872340202,0.01854056306183338
"DM-10886",False,"train",0.018039096146821976,0.8557541966438293,0.01803164929151535,0.0180282574146986,0.01802835427224636,0.01803027093410492,0.018027937039732933,0.018032360821962357,0.018027929589152336
"DM-11310",False,"train",0.0,0.0,0.0,0.0,0.0,0.0,0.9587380290031433,0.0,0.0
"DM-2139",False,"train",0.0,0.0,0.0,0.0,0.0,0.0,0.0,0.9693149924278259,0.0
"DM-4470",False,"train",0.3120781183242798,0.022001054137945175,0.022014068439602852,0.021996241062879562,0.021994465962052345,0.02199893444776535,0.2929795980453491,0.022005442529916763,0.26293209195137024
"DM-3472",True,"train",0.0,0.339832067489624,0.0,0.6022084951400757,0.0,0.0,0.0,0.0,0.0
"DM-10270",False,"train",0.18534651398658752,0.0,0.0,0.0,0.345380961894989,0.0,0.0,0.0,0.4437115788459778
"DM-4617",False,"train",0.0,0.0,0.0,0.0,0.0,0.0,0.1424795389175415,0.0,0.8412920832633972
"DM-6162",False,"train",0.0,0.7564480900764465,0.0,0.0,0.0,0.0,0.2303554266691208,0.0,0.0
"DM-6141",False,"train",0.0,0.0,0.0,0.0,0.9730448722839355,0.0,0.0,0.0,0.0
"DM-5784",False,"train",0.0,0.0,0.0,0.0,0.0,0.10565122216939926,0.06305806338787079,0.5985883474349976,0.2220718115568161
"DM-1641",False,"train",0.2606526017189026,0.7058834433555603,0.0,0.0,0.0,0.0,0.0,0.0,0.0
"DM-9853",False,"train",0.0,0.0,0.8045703768730164,0.0,0.1627964824438095,0.0,0.0,0.0,0.0
"DM-7462",False,"train",0.0,0.0,0.0,0.32863643765449524,0.0,0.6609813570976257,0.0,0.0,0.0
"DM-17976",False,"train",0.20833651721477509,0.02323436364531517,0.023257127031683922,0.02324134111404419,0.023236636072397232,0.02323368936777115,0.023232558742165565,0.02323099970817566,0.628996729850769
"DM-9392",False,"train",0.015885615721344948,0.015901608392596245,0.8728870153427124,0.015886671841144562,0.015889909118413925,0.015889329835772514,0.015887264162302017,0.015885144472122192,0.01588742434978485
"DM-17546",False,"train",0.0,0.0,0.0,0.15148963034152985,0.0,0.2144877314567566,0.0,0.6117653250694275,0.0
"DM-1317",False,"train",0.4135066270828247,0.220687597990036,0.0,0.0,0.0,0.3435959815979004,0.0,0.0,0.0
"DM-4395",False,"train",0.0,0.08584658801555634,0.0,0.0,0.47490060329437256,0.0,0.401721328496933,0.0,0.0
"DM-3993",False,"train",0.010199159383773804,0.6588733792304993,0.2697390913963318,0.01019637193530798,0.010194598697125912,0.010197305120527744,0.01020186860114336,0.010197106748819351,0.010201086290180683
"DM-5835",False,"train",0.0,0.0,0.0,0.0,0.0,0.0,0.9472640156745911,0.0,0.0
"DM-14096",False,"train",0.6244975328445435,0.3109712302684784,0.0,0.0,0.0,0.0,0.0,0.0,0.0
"DM-18377",False,"train",0.022072667255997658,0.022084590047597885,0.022074999287724495,0.022070391103625298,0.022069483995437622,0.42037761211395264,0.4251011908054352,0.022070784121751785,0.022078264504671097
"DM-8965",False,"train",0.0,0.0,0.0,0.15102703869342804,0.0,0.4007488787174225,0.0,0.0,0.407456636428833
"DM-11807",False,"train",0.0,0.0,0.0,0.6439099907875061,0.0,0.0,0.0,0.0,0.3005056381225586
"DM-9431",False,"train",0.7456719875335693,0.2259521484375,0.0,0.0,0.0,0.0,0.0,0.0,0.0
"DM-14635",False,"train",0.0,0.0,0.0,0.0,0.0,0.0,0.0,0.0,0.9810516834259033
"DM-5688",False,"train",0.0,0.0,0.0,0.0,0.0,0.0,0.5147699117660522,0.44977691769599915,0.0
"DM-1616",False,"train",0.0,0.0,0.0,0.0,0.292053759098053,0.0,0.6900930404663086,0.0,0.0
"DM-9428",False,"train",0.0,0.0,0.8563883304595947,0.0,0.0,0.10258486866950989,0.0,0.0,0.0
"DM-15801",False,"train",0.0,0.0,0.0,0.0,0.0,0.3266112506389618,0.0,0.0,0.6528359651565552
"DM-15210",False,"train",0.0,0.2557227313518524,0.0,0.1257340908050537,0.0,0.0,0.35697197914123535,0.24026794731616974,0.0
"DM-8982",False,"train",0.0,0.0,0.9864151477813721,0.0,0.0,0.0,0.0,0.0,0.0
"DM-16666",False,"train",0.0,0.0,0.0,0.0,0.0,0.7758730053901672,0.0,0.0,0.1579757034778595
"DM-7884",False,"train",0.0,0.0,0.0,0.0,0.0,0.20477725565433502,0.0,0.7613182067871094,0.0
"DM-7780",False,"train",0.011402095668017864,0.011404602788388729,0.011402963660657406,0.011410197243094444,0.011403939686715603,0.011404807679355145,0.9087644815444946,0.011401436291635036,0.011405400931835175
"DM-3114",False,"train",0.0,0.0,0.0,0.0,0.12240376323461533,0.5083938241004944,0.0,0.11026923358440399,0.24353943765163422
"DM-8562",False,"train",0.16815832257270813,0.0,0.0,0.0,0.49825868010520935,0.0,0.30790701508522034,0.0,0.0
"DM-12272",True,"train",0.5208178758621216,0.0,0.21042323112487793,0.0,0.11209286004304886,0.11454767733812332,0.0,0.0,0.0
"DM-7826",False,"train",0.1129683330655098,0.0,0.0,0.6809375882148743,0.13607390224933624,0.0,0.05354902148246765,0.0,0.0
"DM-10764",False,"train",0.0,0.0,0.14594358205795288,0.0,0.0,0.0,0.8391726613044739,0.0,0.0
"DM-780",False,"train",0.0,0.0,0.0,0.15739914774894714,0.41464540362358093,0.0,0.19459469616413116,0.0,0.2187245637178421
"DM-12407",False,"train",0.015514473430812359,0.015518763102591038,0.015515096485614777,0.015513005666434765,0.015518656000494957,0.30013981461524963,0.5912396907806396,0.015517298132181168,0.015523155219852924
"DM-18513",False,"train",0.0,0.0,0.0,0.0,0.3856660723686218,0.0,0.0,0.577958881855011,0.0
"DM-5933",False,"train",0.0,0.0,0.0,0.747762143611908,0.0,0.0,0.0,0.0,0.209218829870224
"DM-9055",False,"train",0.0,0.0,0.0,0.0,0.0,0.0,0.0,0.7450289726257324,0.21441277861595154
"DM-11650",False,"train",0.5059969425201416,0.0,0.0,0.0,0.0,0.0,0.4601152539253235,0.0,0.0
"DM-3432",False,"train",0.0,0.26818645000457764,0.06855135411024094,0.09664525091648102,0.02070019766688347,0.0,0.07653093338012695,0.4270945191383362,0.041560929268598557
"DM-706",False,"train",0.0817333310842514,0.0,0.9009634256362915,0.0,0.0,0.0,0.0,0.0,0.0
"DM-5192",True,"train",0.15290901064872742,0.01853388175368309,0.018526343628764153,0.018525170162320137,0.018535029143095016,0.01852594129741192,0.7173871994018555,0.01853293925523758,0.018524514511227608
"DM-4214",False,"train",0.0,0.5245786309242249,0.0,0.0,0.0,0.0,0.0,0.0,0.46735623478889465
"DM-6821",False,"train",0.01790512725710869,0.017903784289956093,0.8567736744880676,0.017895765602588654,0.01790013164281845,0.017907774075865746,0.017902987077832222,0.017905568704009056,0.017905179411172867
"DM-12035",False,"train",0.0,0.0,0.0,0.0,0.9846629500389099,0.0,0.0,0.0,0.0
"DM-2664",False,"train",0.2473861575126648,0.5569299459457397,0.0,0.11557608097791672,0.0,0.07236848026514053,0.0,0.0,0.0
"DM-8358",False,"train",0.9110567569732666,0.011120046488940716,0.011114564724266529,0.011119456961750984,0.011122136376798153,0.011117408983409405,0.011116988956928253,0.011117076501250267,0.01111556962132454
"DM-7489",False,"train",0.0,0.27850696444511414,0.0,0.0,0.0,0.0,0.0,0.0908576101064682,0.6017524600028992
"DM-16347",False,"train",0.7350012063980103,0.0,0.0,0.01915132999420166,0.0,0.0,0.0,0.23870204389095306,0.0
"DM-10206",False,"train",0.0,0.08569206297397614,0.0,0.0,0.0,0.2761944830417633,0.0,0.0,0.6119807362556458
"DM-1217",False,"train",0.22081802785396576,0.0,0.05575478449463844,0.0,0.0,0.6653156876564026,0.05221544951200485,0.0,0.0
"DM-11882",False,"train",0.0,0.34624719619750977,0.3413110375404358,0.0,0.0,0.0,0.0,0.0,0.2813479006290436
"DM-8723",False,"train",0.0,0.14058203995227814,0.0,0.46809646487236023,0.0,0.0,0.3773622214794159,0.0,0.0
"DM-7053",False,"train",0.0,0.1274246871471405,0.0,0.0,0.11315063387155533,0.4099331498146057,0.3412131667137146,0.0,0.0
"DM-14197",False,"train",0.08128632605075836,0.0,0.12406102567911148,0.0,0.0,0.0,0.0,0.0,0.7846716046333313
"DM-17694",True,"train",0.9655969738960266,0.0,0.0,0.0,0.0,0.0,0.0,0.0,0.0
"DM-11608",False,"train",0.0,0.0,0.22534452378749847,0.0,0.0,0.5791081786155701,0.0,0.16522064805030823,0.0
"DM-11742",False,"train",0.56926429271698,0.0,0.0,0.37964195013046265,0.0,0.0,0.0,0.0,0.0
"DM-17560",False,"train",0.7579472064971924,0.0,0.0,0.0,0.0,0.0,0.0,0.0,0.22037941217422485
"DM-8005",False,"train",0.0,0.0,0.0,0.0,0.0,0.0,0.985419750213623,0.0,0.0
"DM-8226",False,"train",0.0,0.0,0.0,0.0,0.0,0.0,0.8072763681411743,0.0,0.16963715851306915
"DM-18131",False,"train",0.0,0.0,0.0,0.9904186725616455,0.0,0.0,0.0,0.0,0.0
"DM-14536",False,"train",0.0,0.0,0.0,0.0,0.0,0.19753602147102356,0.7655324935913086,0.0,0.0
"DM-9869",False,"train",0.010993649251759052,0.7187578082084656,0.010996256954967976,0.010994229465723038,0.20427948236465454,0.010995068587362766,0.01099452655762434,0.010994515381753445,0.010994469746947289
"DM-14334",True,"train",0.027112143114209175,0.027116257697343826,0.027114633470773697,0.02711200714111328,0.027118327096104622,0.02711503952741623,0.7830572128295898,0.027130616828799248,0.027123762294650078
"DM-8242",False,"train",0.0,0.0,0.0,0.0,0.0,0.9730495810508728,0.0,0.0,0.0
"DM-4904",False,"train",0.7663611769676208,0.0,0.0,0.13796469569206238,0.0,0.08952046185731888,0.0,0.0,0.0
"DM-17162",False,"train",0.3561290204524994,0.0,0.0,0.0,0.0,0.0,0.0765250101685524,0.0,0.53243488073349
"DM-14157",False,"train",0.20854175090789795,0.0,0.0,0.37358275055885315,0.0,0.1817757785320282,0.214374840259552,0.018880805000662804,0.0
"DM-14648",False,"train",0.042204126715660095,0.0,0.0,0.0,0.0,0.0,0.0,0.5641982555389404,0.3685239255428314
"DM-8166",False,"train",0.015898188576102257,0.015904175117611885,0.01591883786022663,0.015897691249847412,0.0159040167927742,0.01589890941977501,0.8727779984474182,0.015897095203399658,0.01590312086045742
"DM-16482",False,"train",0.0,0.0,0.0,0.0,0.669670581817627,0.0,0.0,0.29795509576797485,0.0
"DM-7669",False,"train",0.0156293585896492,0.01562528870999813,0.015628626570105553,0.01562517322599888,0.015627333894371986,0.015627477318048477,0.01563434675335884,0.015625663101673126,0.8749767541885376
"DM-1017",False,"train",0.0,0.0,0.0,0.0,0.0,0.9782989621162415,0.0,0.0,0.0
"DM-7171",False,"train",0.0,0.1582721769809723,0.0,0.0,0.6368533968925476,0.0,0.1840176284313202,0.0,0.0
"DM-3897",True,"train",0.0,0.0,0.0,0.32445988059043884,0.0,0.0,0.0,0.0,0.6444025635719299
"DM-17642",False,"train",0.0,0.0,0.08998116105794907,0.0,0.24938814342021942,0.442209392786026,0.0,0.0,0.19073599576950073
"DM-4408",False,"train",0.0,0.0,0.6934967041015625,0.0,0.0,0.0,0.0,0.3011316955089569,0.0
"DM-11911",True,"train",0.0,0.4147711396217346,0.0,0.36297690868377686,0.195820152759552,0.0,0.0,0.0,0.0
"DM-10274",False,"train",0.0,0.0,0.046562954783439636,0.0,0.0,0.0,0.0,0.0,0.9390164613723755
"DM-1533",True,"train",0.013915144838392735,0.01391527522355318,0.01391423400491476,0.013914731331169605,0.6138002276420593,0.013916222378611565,0.013915221206843853,0.2887950837612152,0.013913890346884727
"DM-637",False,"train",0.11948799341917038,0.0,0.0,0.0,0.0,0.0,0.0,0.5552949905395508,0.3172402083873749
"DM-12524",True,"train",0.0,0.0,0.0,0.0,0.0,0.9810724258422852,0.0,0.0,0.0
"DM-12615",False,"train",0.0,0.0,0.0,0.0,0.0,0.0,0.9807530641555786,0.0,0.0
"DM-4751",False,"train",0.0,0.0,0.0,0.694096565246582,0.0,0.0,0.24640151858329773,0.0,0.0
"DM-15137",False,"train",0.0,0.04993848502635956,0.0,0.3306886851787567,0.15049773454666138,0.0,0.0,0.0,0.4600251615047455
"DM-11813",True,"train",0.012309994548559189,0.012310488149523735,0.012312337756156921,0.0123148113489151,0.012310750782489777,0.012317509390413761,0.5385038256645203,0.01231122761964798,0.3753090500831604
"DM-7343",False,"train",0.0,0.0,0.0,0.0,0.0,0.0,0.9407114386558533,0.0,0.0
"DM-14699",False,"train",0.9553662538528442,0.0,0.0,0.0,0.0,0.0,0.0,0.0,0.0
"DM-13301",False,"train",0.0,0.0,0.0,0.0,0.25947678089141846,0.09649401903152466,0.6214901208877563,0.0,0.019190846011042595
"DM-3022",False,"train",0.5267161130905151,0.013904961757361889,0.013905339874327183,0.01390867680311203,0.22291187942028046,0.013914711773395538,0.16691136360168457,0.013906084932386875,0.013920869678258896
"DM-6251",False,"train",0.0,0.0,0.0,0.0,0.0,0.3976028561592102,0.5607908964157104,0.0,0.0
"DM-10286",False,"train",0.0,0.0,0.0,0.0,0.0,0.7382977604866028,0.0,0.13190142810344696,0.08794239908456802
"DM-8756",False,"train",0.013893825933337212,0.01389510091394186,0.01389729417860508,0.013894290663301945,0.013895614072680473,0.013894826173782349,0.8888367414474487,0.01389310508966446,0.013899203389883041
"DM-15686",True,"train",0.0,0.0,0.0,0.0,0.5485532283782959,0.1314956396818161,0.30833038687705994,0.0,0.0
"DM-790",False,"train",0.026581652462482452,0.026575613766908646,0.026580018922686577,0.026600385084748268,0.026597537100315094,0.026591606438159943,0.026584193110466003,0.026573937386274338,0.7873150110244751
"DM-11678",False,"train",0.722274899482727,0.0,0.0,0.25029119849205017,0.013212187215685844,0.0,0.0,0.0,0.0
"DM-7019",False,"train",0.0,0.0,0.0,0.0,0.0,0.3673677444458008,0.0,0.0,0.5877247452735901
"DM-9775",False,"train",0.0,0.09778805822134018,0.0,0.0,0.0,0.0,0.0,0.0,0.8476656675338745
"DM-13164",True,"train",0.26883387565612793,0.0,0.0,0.0,0.0,0.6823976635932922,0.0,0.0,0.0
"DM-12432",False,"train",0.0,0.0,0.0,0.0,0.0,0.0,0.9712976813316345,0.0,0.0
"DM-14473",False,"train",0.0,0.0,0.0,0.0,0.0,0.9574912786483765,0.0,0.0,0.0
"DM-13530",False,"train",0.34652453660964966,0.0,0.0,0.0,0.0,0.0,0.49312078952789307,0.0,0.1363895833492279
"DM-4367",False,"train",0.0,0.2049671858549118,0.0,0.408057302236557,0.0,0.0,0.1031588539481163,0.0,0.27148547768592834
"DM-430",False,"train",0.0,0.11268981546163559,0.0,0.0,0.0,0.0,0.0,0.28639593720436096,0.5718525052070618
"DM-11977",False,"train",0.5002649426460266,0.0,0.4379231929779053,0.0,0.0,0.0,0.0,0.0,0.0
"DM-13520",False,"train",0.0,0.0,0.0,0.0,0.35338953137397766,0.22628122568130493,0.22565855085849762,0.16939429938793182,0.0
"DM-5693",False,"train",0.0,0.0,0.0,0.0,0.0,0.9726302027702332,0.0,0.0,0.0
"DM-5865",False,"train",0.37103375792503357,0.32966312766075134,0.0,0.0,0.13052406907081604,0.0,0.1591845154762268,0.0,0.0
"DM-3182",True,"train",0.0,0.0,0.0,0.0,0.0,0.0,0.13110201060771942,0.8483853936195374,0.0
"DM-4867",False,"train",0.2045689970254898,0.0,0.0,0.0,0.0,0.7660466432571411,0.0,0.0,0.0
"DM-7442",False,"train",0.0,0.0,0.0,0.9594085216522217,0.0,0.0,0.0,0.0,0.0
"DM-17596",False,"train",0.025107519701123238,0.025107968598604202,0.025109916925430298,0.02510869689285755,0.02511473372578621,0.025115862488746643,0.025112640112638474,0.025109173730015755,0.7991135120391846
"DM-5352",False,"train",0.018530484288930893,0.018529057502746582,0.01853618025779724,0.01853998377919197,0.01853501982986927,0.018538206815719604,0.8517327308654785,0.018528973683714867,0.0185293797403574
"DM-15337",False,"train",0.40344300866127014,0.0,0.0,0.09469807147979736,0.0,0.0,0.4861668646335602,0.0,0.0
"DM-12783",True,"train",0.0,0.40502113103866577,0.0,0.0,0.0,0.1359698325395584,0.10640006512403488,0.0,0.34683820605278015
"DM-2777",False,"train",0.0,0.0,0.0,0.0,0.0,0.0,0.0,0.4900832176208496,0.4839223325252533
"DM-590",False,"train",0.0,0.0,0.0,0.1751670092344284,0.22881610691547394,0.27852171659469604,0.0,0.0,0.30802249908447266
"DM-5506",False,"train",0.0,0.2703551650047302,0.0,0.0,0.0,0.0,0.3261708915233612,0.35335004329681396,0.0
"DM-17928",False,"train",0.0,0.0,0.0,0.6370899081230164,0.0,0.0,0.3118360936641693,0.0,0.0
"DM-16284",False,"train",0.7444811463356018,0.01018286868929863,0.1842288225889206,0.010183296166360378,0.010183329693973064,0.010183940641582012,0.010185092687606812,0.010183783248066902,0.010187710635364056
"DM-17313",False,"train",0.0,0.0,0.0,0.0,0.0,0.0,0.9314501881599426,0.0,0.0
"DM-1787",False,"train",0.18051928281784058,0.38123002648353577,0.0,0.0,0.0,0.0,0.3066087067127228,0.12589304149150848,0.0
"DM-2467",False,"train",0.01226570550352335,0.22733654081821442,0.012261902913451195,0.012270773760974407,0.012266094796359539,0.01227615773677826,0.012263542972505093,0.3925842344760895,0.30647507309913635
"DM-12361",False,"train",0.0,0.0,0.0,0.9644186496734619,0.0,0.0,0.0,0.0,0.0
"DM-5638",False,"train",0.01236182451248169,0.012353689409792423,0.012353279627859592,0.012358949519693851,0.01235284749418497,0.012354210950434208,0.901155412197113,0.01235609594732523,0.012353675439953804
"DM-14742",False,"train",0.6390239596366882,0.0,0.0,0.0,0.23761534690856934,0.0,0.10773301869630814,0.0,0.0
"DM-1733",False,"train",0.016095994040369987,0.0161020215600729,0.016095131635665894,0.01609703153371811,0.01609652303159237,0.016098985448479652,0.8712210059165955,0.01609686389565468,0.0160964448004961
"DM-10384",True,"train",0.0,0.9505109190940857,0.0,0.0,0.0,0.0,0.0,0.0,0.0
"DM-11404",False,"train",0.0,0.7048109173774719,0.0,0.0,0.0,0.0,0.0,0.0,0.2640519142150879
"DM-10225",False,"train",0.0,0.0,0.0,0.0,0.0,0.0,0.0,0.9443846940994263,0.0
"DM-17639",False,"train",0.0,0.0,0.0,0.0,0.0,0.0,0.9283162951469421,0.0,0.0
"DM-9954",True,"train",0.0,0.0,0.0,0.0,0.0,0.22192363440990448,0.21397177875041962,0.0,0.5534551739692688
"DM-5352",False,"train",0.018530484288930893,0.018529057502746582,0.01853618025779724,0.01853998377919197,0.01853501982986927,0.018538206815719604,0.8517327308654785,0.018528973683714867,0.0185293797403574
"DM-7432",False,"train",0.4478772282600403,0.0,0.482779324054718,0.0,0.0,0.0,0.0,0.0,0.0
"DM-16467",True,"train",0.0,0.0,0.0,0.0,0.77643883228302,0.09816136956214905,0.0,0.09174112975597382,0.0
"DM-4845",False,"train",0.0,0.25559404492378235,0.0,0.0,0.0,0.0,0.0,0.0,0.7253186702728271
"DM-7725",False,"train",0.0,0.9629122614860535,0.0,0.0,0.0,0.0,0.0,0.0,0.0
"DM-14273",False,"train",0.4560905396938324,0.43330323696136475,0.0,0.0,0.0,0.0,0.06286042183637619,0.0,0.0
"DM-10482",False,"train",0.0,0.0,0.0,0.0,0.0,0.0,0.0,0.9657607674598694,0.0
"DM-680",True,"train",0.0,0.0,0.0,0.0,0.4088292717933655,0.0,0.5746622085571289,0.0,0.0
"DM-3897",True,"train",0.0,0.0,0.0,0.32445988059043884,0.0,0.0,0.0,0.0,0.6444025635719299
"DM-5514",False,"train",0.015912465751171112,0.015917299315333366,0.01591508463025093,0.01591465063393116,0.5009146928787231,0.01593153178691864,0.01591571234166622,0.38766196370124817,0.01591656170785427
"DM-17654",True,"train",0.0,0.0,0.0,0.0,0.0,0.4587480425834656,0.5011522173881531,0.0,0.0
"DM-12427",True,"train",0.39106523990631104,0.0,0.0,0.13997472822666168,0.0,0.43925872445106506,0.0,0.0,0.0
"DM-9132",False,"train",0.0,0.0,0.06551805883646011,0.0,0.0,0.0,0.5451197624206543,0.11495058238506317,0.25484469532966614
"DM-13211",True,"train",0.0,0.6409915089607239,0.0,0.0,0.0,0.0,0.3381963074207306,0.0,0.0
"DM-454",True,"train",0.0,0.5157991647720337,0.0,0.13794919848442078,0.11745575070381165,0.0,0.1196548193693161,0.10189176350831985,0.0
"DM-8095",False,"train",0.42699575424194336,0.0,0.0,0.0,0.03279692307114601,0.025549495592713356,0.5046878457069397,0.0,0.0
"DM-18181",True,"train",0.0,0.0,0.0,0.24198928475379944,0.7478895783424377,0.0,0.0,0.0,0.0
"DM-5918",True,"train",0.0,0.0,0.0,0.0,0.1561296582221985,0.0,0.4124498963356018,0.0,0.41884681582450867
"DM-3459",False,"train",0.0,0.0,0.0,0.0,0.0,0.10115794837474823,0.0,0.5759841799736023,0.29809868335723877
"DM-7139",False,"train",0.0,0.0,0.0,0.45248305797576904,0.0,0.5175724625587463,0.0,0.0,0.0
"DM-4499",True,"train",0.01587865874171257,0.015878083184361458,0.015884649008512497,0.015881914645433426,0.015884049236774445,0.01589817740023136,0.8729388117790222,0.01587756723165512,0.015878068283200264
"DM-16400",False,"train",0.5238710045814514,0.0,0.0,0.0,0.0,0.44914761185646057,0.0,0.0,0.0
"DM-11162",False,"train",0.11010610312223434,0.0,0.33368274569511414,0.0,0.4088857173919678,0.13840016722679138,0.0,0.0,0.0
"DM-2309",False,"train",0.0,0.8116316795349121,0.0,0.0,0.0,0.0,0.14699120819568634,0.0,0.0
"DM-18743",False,"train",0.0,0.0,0.19949236512184143,0.23549477756023407,0.0,0.31468385457992554,0.12899838387966156,0.026797868311405182,0.08906356990337372
"DM-8308",True,"train",0.0,0.0,0.0,0.0,0.4842935800552368,0.32982030510902405,0.0,0.0,0.16672205924987793
"DM-18358",False,"train",0.0,0.0,0.0,0.0,0.9644071459770203,0.0,0.0,0.0,0.0
"DM-6518",False,"train",0.0,0.0,0.0,0.0,0.0,0.0636378675699234,0.0,0.4193899631500244,0.4957917034626007
"DM-8542",False,"train",0.7530604004859924,0.0,0.0,0.0,0.2296064794063568,0.0,0.0,0.0,0.0
"DM-17433",False,"train",0.8967921137809753,0.012896168045699596,0.01290268637239933,0.012905873358249664,0.012898458167910576,0.01290443167090416,0.0129015501588583,0.012899355962872505,0.012899372726678848
"DM-6352",False,"train",0.0,0.0,0.0,0.0,0.0,0.0,0.9476398229598999,0.0,0.0
"DM-17642",False,"train",0.0,0.0,0.08998116105794907,0.0,0.24938814342021942,0.442209392786026,0.0,0.0,0.19073599576950073
"DM-3811",True,"train",0.0,0.0,0.0,0.9528590440750122,0.0,0.0,0.0,0.0,0.0
"DM-9241",False,"train",0.0,0.9406799077987671,0.0,0.0,0.0,0.0,0.0,0.0,0.0
"DM-10361",False,"train",0.0,0.6943787932395935,0.0,0.0,0.0,0.0,0.2596196234226227,0.0,0.0
"DM-13770",False,"train",0.0,0.0,0.0,0.519959032535553,0.2380359023809433,0.0,0.0,0.0,0.22759529948234558
"DM-9596",False,"train",0.0,0.0,0.33127737045288086,0.0,0.0,0.0,0.1841410994529724,0.4707944393157959,0.0
"DM-596",True,"train",0.0,0.0,0.0,0.0,0.1241152435541153,0.0,0.8589212894439697,0.0,0.0
"DM-15320",False,"train",0.0219992958009243,0.02200848050415516,0.021995585411787033,0.0220037754625082,0.022007623687386513,0.022003378719091415,0.8239665031433105,0.02200300619006157,0.022012412548065186
"DM-4833",False,"train",0.0,0.0,0.0,0.0,0.9476550221443176,0.0,0.0,0.0,0.0
"DM-18358",False,"train",0.0,0.0,0.0,0.0,0.9644071459770203,0.0,0.0,0.0,0.0
"DM-8197",False,"train",0.0,0.0,0.0,0.0,0.0,0.0,0.0,0.6404842138290405,0.3121604919433594
"DM-10878",False,"train",0.013894512318074703,0.013896502554416656,0.5352940559387207,0.013894621282815933,0.013897336088120937,0.01389392465353012,0.013896092772483826,0.01389628741890192,0.3674366772174835
"DM-1973",False,"train",0.016312597319483757,0.01631861738860607,0.01631169579923153,0.016313713043928146,0.016313130035996437,0.01631566509604454,0.8694879412651062,0.016313480213284492,0.016313176602125168
"DM-17826",False,"train",0.0,0.5093018412590027,0.0,0.4558884799480438,0.0,0.0,0.0,0.0,0.0
"DM-13956",False,"train",0.012124714441597462,0.012123437598347664,0.012124055065214634,0.012122190557420254,0.01212620921432972,0.012124603614211082,0.012131531722843647,0.9029989838600159,0.012124251574277878
"DM-14030",True,"train",0.7034677267074585,0.0,0.0,0.0,0.0,0.0,0.0,0.0,0.2894287705421448
"DM-5715",False,"train",0.0,0.0,0.0,0.0,0.0,0.0,0.9860577583312988,0.0,0.0
"DM-8754",True,"train",0.013534544967114925,0.013527603819966316,0.24120138585567474,0.013531140051782131,0.013526909053325653,0.013527613133192062,0.6640737652778625,0.01354439277201891,0.013532638549804688
"DM-8874",False,"train",0.0,0.8192134499549866,0.0,0.11590222269296646,0.0,0.0,0.0,0.0,0.0
"DM-11987",False,"train",0.3872002065181732,0.06818750500679016,0.0,0.0,0.0,0.0,0.0,0.097772978246212,0.4322300851345062
"DM-6547",True,"train",0.012095767073333263,0.012097938917577267,0.012105550616979599,0.012097937054932117,0.012095125392079353,0.012100299820303917,0.012101874686777592,0.012095358222723007,0.9032101035118103
"DM-8619",False,"train",0.0,0.340920627117157,0.0,0.0,0.0,0.0,0.0,0.0,0.5991660356521606
"DM-12230",False,"train",0.0,0.10487063974142075,0.0,0.0,0.16888615489006042,0.0,0.19269031286239624,0.0,0.5112272500991821
"DM-11735",False,"train",0.0,0.0,0.0,0.0,0.0,0.0,0.0,0.0,0.9406279921531677
"DM-7653",False,"train",0.3145863711833954,0.0,0.0,0.0,0.0,0.0,0.5114442706108093,0.0,0.14218443632125854
"DM-2095",False,"train",0.8181354999542236,0.0,0.0,0.0,0.08411379158496857,0.0,0.0,0.0711258053779602,0.0
"DM-18121",False,"train",0.0,0.0,0.0,0.0,0.9835262298583984,0.0,0.0,0.0,0.0
"DM-10482",False,"train",0.0,0.0,0.0,0.0,0.0,0.0,0.0,0.9657607674598694,0.0
"DM-8626",False,"train",0.0,0.0,0.0,0.0,0.970425009727478,0.0,0.0,0.0,0.0
"DM-13670",False,"train",0.0,0.0,0.0,0.10467824339866638,0.09174992144107819,0.0,0.0,0.0,0.7880334258079529
"DM-5037",False,"train",0.0,0.0,0.0,0.0,0.0,0.0,0.9363694787025452,0.0,0.0
"DM-17608",False,"train",0.16736772656440735,0.0,0.0,0.052361469715833664,0.15592777729034424,0.4814343750476837,0.0,0.13604268431663513,0.0
"DM-7697",False,"train",0.9758914113044739,0.0,0.0,0.0,0.0,0.0,0.0,0.0,0.0
"DM-14517",False,"train",0.0,0.0,0.0,0.0,0.0,0.0,0.9731653332710266,0.0,0.0
"DM-4440",False,"train",0.0,0.0,0.23382151126861572,0.0,0.0,0.7044433355331421,0.0,0.0,0.0
"DM-5400",False,"train",0.0,0.0,0.0,0.0,0.0,0.0,0.0,0.0,0.947415292263031
"DM-8056",False,"train",0.0,0.0,0.4695419371128082,0.0,0.0,0.47463807463645935,0.0,0.0,0.0
"DM-8757",False,"train",0.0,0.0,0.0,0.6502043008804321,0.0,0.0,0.3131905198097229,0.0,0.0
"DM-11701",False,"train",0.0,0.0580492801964283,0.0,0.0,0.0,0.0,0.0,0.4272959232330322,0.5036892294883728
"DM-15319",True,"train",0.01862880401313305,0.018625320866703987,0.018632197752594948,0.01862936094403267,0.018640337511897087,0.018624311313033104,0.018626436591148376,0.018627729266881943,0.8509654998779297
"DM-10069",False,"train",0.4462146759033203,0.0,0.0,0.0681830495595932,0.0,0.0,0.4585985541343689,0.0,0.0
"DM-10619",False,"train",0.0,0.0,0.0,0.6606894135475159,0.31980571150779724,0.0,0.0,0.0,0.0
"DM-10092",False,"train",0.09791143238544464,0.09333194047212601,0.0,0.0,0.1965993195772171,0.0,0.0,0.0,0.5983322262763977
"DM-18750",False,"train",0.5523554682731628,0.0,0.0,0.0,0.0,0.28873687982559204,0.0,0.14412671327590942,0.0
"DM-15201",False,"train",0.0,0.22515176236629486,0.0,0.0,0.0,0.0,0.0,0.7558467984199524,0.0
"DM-14774",True,"train",0.0,0.0,0.0,0.4502948522567749,0.073085717856884,0.4580644369125366,0.0,0.0,0.0
"DM-3360",False,"train",0.012522454373538494,0.01252400130033493,0.012530927546322346,0.012525278143584728,0.01252392865717411,0.01252182200551033,0.01252572238445282,0.012525507248938084,0.8998003005981445
"DM-6812",False,"train",0.13373833894729614,0.0,0.0,0.0,0.0,0.024931354448199272,0.7176764011383057,0.10460127145051956,0.0
"DM-4129",False,"train",0.2744804620742798,0.0,0.0,0.701174259185791,0.0,0.0,0.0,0.0,0.0
"DM-9564",False,"train",0.0,0.0,0.0,0.0,0.0,0.0726047083735466,0.04085509851574898,0.06679336726665497,0.8118335008621216
"DM-15651",True,"train",0.0,0.0,0.0,0.0,0.0,0.24297772347927094,0.0,0.0,0.719748318195343
"DM-7901",False,"train",0.0,0.0,0.0,0.9730194211006165,0.0,0.0,0.0,0.0,0.0
"DM-9308",False,"train",0.1717875599861145,0.013900735415518284,0.7308782339096069,0.013900869525969028,0.01390326302498579,0.013900287449359894,0.013905645348131657,0.013911074958741665,0.01391235925257206
"DM-2426",False,"train",0.140143483877182,0.2619842290878296,0.26668617129325867,0.0,0.0,0.0,0.14299358427524567,0.0,0.18028174340724945
"DM-7956",False,"train",0.0,0.17405225336551666,0.0,0.0,0.0,0.0,0.7912401556968689,0.0,0.0
"DM-18728",False,"train",0.0,0.0,0.0,0.07202909141778946,0.0,0.0,0.6861670613288879,0.23063835501670837,0.0
"DM-14520",False,"train",0.1899091601371765,0.0,0.0,0.0,0.0,0.0,0.0,0.7931286096572876,0.0
"DM-4808",False,"train",0.0,0.0,0.0,0.0,0.0,0.0,0.0,0.0,0.9476454257965088
"DM-6663",False,"train",0.11628440022468567,0.0,0.0,0.2974729537963867,0.5161970853805542,0.0,0.06460176408290863,0.0,0.0
"DM-7547",False,"train",0.0,0.0,0.0,0.0,0.24619323015213013,0.0,0.7258962988853455,0.0,0.0
"DM-12008",True,"train",0.0,0.0,0.0,0.0,0.0,0.2769479751586914,0.3646673858165741,0.0,0.3266221582889557
"DM-9552",False,"train",0.3724552392959595,0.015715021640062332,0.015713149681687355,0.5175297260284424,0.01571829244494438,0.01572122797369957,0.01571165956556797,0.015710467472672462,0.015725232660770416
"DM-11191",True,"train",0.02058294229209423,0.020580846816301346,0.020583104342222214,0.020589439198374748,0.020602958276867867,0.020582856610417366,0.8353075385093689,0.020589560270309448,0.020580800250172615
"DM-3440",False,"train",0.0,0.6340809464454651,0.0,0.33344417810440063,0.0,0.0,0.0,0.0,0.0
"DM-509",False,"train",0.0,0.0,0.0,0.4165290594100952,0.0,0.0,0.0,0.11787039041519165,0.43380481004714966
"DM-1310",False,"train",0.0,0.0,0.9443937540054321,0.0,0.0,0.0,0.0,0.0,0.0
"DM-15724",False,"train",0.0,0.0,0.0,0.9476280212402344,0.0,0.0,0.0,0.0,0.0
"DM-8966",False,"train",0.9503394365310669,0.0,0.0,0.0,0.0,0.0,0.0,0.0,0.0
"DM-832",True,"train",0.0,0.0,0.0,0.6353150606155396,0.0,0.34077152609825134,0.0,0.0,0.0
"DM-11599",True,"train",0.19935643672943115,0.0,0.0,0.0,0.0,0.0,0.7691402435302734,0.0,0.0
"DM-2193",True,"train",0.0,0.0884939655661583,0.0,0.0,0.0,0.0,0.0,0.0,0.8798066973686218
"DM-11575",False,"train",0.4411121606826782,0.0,0.0,0.0,0.0,0.12788845598697662,0.0,0.0,0.4056701362133026
"DM-4391",False,"train",0.040697988122701645,0.0,0.0,0.7126663327217102,0.08399403840303421,0.029285471886396408,0.0,0.0,0.12621507048606873
"DM-16431",False,"train",0.42747029662132263,0.0,0.0,0.0,0.0,0.2793949842453003,0.0,0.0,0.271070271730423
"DM-17347",False,"train",0.012431389652192593,0.012429294176399708,0.012429362162947655,0.012430318631231785,0.012438759207725525,0.012436001561582088,0.01243207324296236,0.01243018638342619,0.9005426168441772
"DM-7858",True,"train",0.0,0.40832260251045227,0.0,0.0,0.0,0.0,0.0,0.0,0.5225991606712341
"DM-14293",False,"train",0.01235493179410696,0.7470928430557251,0.012355059385299683,0.012355286628007889,0.012351684272289276,0.012352528981864452,0.16643179953098297,0.012355408631265163,0.012350418604910374
"DM-12598",False,"train",0.49213820695877075,0.0,0.0,0.0,0.0,0.0,0.464923232793808,0.0,0.0
"DM-5715",False,"train",0.0,0.0,0.0,0.0,0.0,0.0,0.9860577583312988,0.0,0.0
"DM-5086",False,"train",0.0,0.0,0.0,0.0,0.0,0.9339908957481384,0.0,0.0,0.0
"DM-4697",True,"train",0.018522661179304123,0.018530122935771942,0.01852576620876789,0.018526149913668633,0.018527289852499962,0.018530171364545822,0.018532387912273407,0.851772129535675,0.018533354625105858
"DM-8555",False,"train",0.0,0.0,0.0,0.0,0.6817032694816589,0.0,0.0,0.0,0.28834769129753113
"DM-17978",False,"train",0.0,0.0,0.12614047527313232,0.40247589349746704,0.0,0.0,0.0,0.4205186069011688,0.0
"DM-13513",True,"train",0.0,0.4366259276866913,0.0,0.0,0.0,0.5053576827049255,0.0,0.0,0.0
"DM-19242",False,"train",0.0,0.0,0.10394544899463654,0.0,0.0,0.8501303791999817,0.0,0.0,0.0
"DM-8452",False,"train",0.022251684218645096,0.6225502490997314,0.022261958569288254,0.02225136011838913,0.0222528837621212,0.022254347801208496,0.022252732887864113,0.22167187929153442,0.022252904251217842
"DM-2657",False,"train",0.0,0.17463234066963196,0.0,0.0,0.6189330816268921,0.0,0.0,0.1779528111219406,0.0
"DM-14040",False,"train",0.013922709040343761,0.01392323337495327,0.013920721597969532,0.013923161663115025,0.01393148023635149,0.8886007070541382,0.013930460438132286,0.01392320729792118,0.01392431277781725
"DM-11016",False,"train",0.08068881183862686,0.0,0.36893340945243835,0.12099789083003998,0.0,0.4210078716278076,0.0,0.0,0.0
"DM-11051",False,"train",0.0,0.0,0.0,0.0,0.0,0.0,0.0,0.0,0.9531547427177429
"DM-1147",False,"train",0.011150961741805077,0.011150910519063473,0.011150123551487923,0.011149810627102852,0.011152064427733421,0.011155560612678528,0.9107866883277893,0.011153663508594036,0.01115015521645546
"DM-1136",False,"train",0.08789008855819702,0.34910741448402405,0.0,0.0,0.0,0.0,0.3456316590309143,0.0,0.19525906443595886
"DM-3670",False,"train",0.0,0.1003229096531868,0.7235734462738037,0.0,0.15385286509990692,0.0,0.0,0.0,0.0
"DM-4881",False,"train",0.0,0.5235639810562134,0.0,0.2566224932670593,0.20260019600391388,0.0,0.0,0.0,0.0
"DM-12427",True,"train",0.39106523990631104,0.0,0.0,0.13997472822666168,0.0,0.43925872445106506,0.0,0.0,0.0
"DM-15249",False,"train",0.0,0.0,0.0,0.3001517653465271,0.458310604095459,0.06624489277601242,0.0,0.1552850902080536,0.0
"DM-12040",False,"train",0.12907952070236206,0.0,0.0,0.0,0.1866699457168579,0.0,0.31225788593292236,0.0,0.3599817156791687
"DM-13339",False,"train",0.0,0.0,0.0,0.0,0.8212345838546753,0.0,0.0,0.1544252187013626,0.0
"DM-548",True,"train",0.0,0.0,0.5453952550888062,0.3580886125564575,0.0,0.0,0.09160808473825455,0.0,0.0
"DM-9392",False,"train",0.015885615721344948,0.015901608392596245,0.8728870153427124,0.015886671841144562,0.015889909118413925,0.015889329835772514,0.015887264162302017,0.015885144472122192,0.01588742434978485
"DM-15602",False,"train",0.0,0.0,0.04996340349316597,0.9448508620262146,0.0,0.0,0.0,0.0,0.0
"DM-5909",False,"train",0.0,0.0,0.49227961897850037,0.0,0.4246560335159302,0.051289863884449005,0.0,0.0,0.0
"DM-4829",True,"train",0.3115150034427643,0.010111663490533829,0.010119042359292507,0.5034558773040771,0.1243470087647438,0.01011043693870306,0.010118533857166767,0.010111343115568161,0.010111137293279171
"DM-8805",False,"train",0.30337852239608765,0.024205509573221207,0.23689669370651245,0.03133224695920944,0.0,0.4015713036060333,0.0,0.0,0.0
"DM-10569",False,"train",0.013904057443141937,0.0139000928029418,0.013897968456149101,0.013896935619413853,0.013899303041398525,0.6444165110588074,0.013899472542107105,0.2582874596118927,0.013898196630179882
"DM-9392",False,"train",0.015885615721344948,0.015901608392596245,0.8728870153427124,0.015886671841144562,0.015889909118413925,0.015889329835772514,0.015887264162302017,0.015885144472122192,0.01588742434978485
"DM-7946",False,"train",0.0,0.0,0.0,0.0,0.0,0.0,0.7616315484046936,0.0,0.18594884872436523
"DM-3555",False,"train",0.0,0.14189286530017853,0.0,0.0,0.0,0.0,0.6616487503051758,0.15964731574058533,0.0
"DM-17020",False,"train",0.0,0.0,0.0,0.0,0.0,0.0,0.7274556159973145,0.0,0.2427070289850235
"DM-421",False,"train",0.011832172982394695,0.011841434985399246,0.011832562275230885,0.011832372285425663,0.9053215384483337,0.011834325268864632,0.011836547404527664,0.011831882409751415,0.011837190948426723
"DM-14040",False,"train",0.013922709040343761,0.01392323337495327,0.013920721597969532,0.013923161663115025,0.01393148023635149,0.8886007070541382,0.013930460438132286,0.01392320729792118,0.01392431277781725
"DM-6500",False,"train",0.0,0.0,0.0,0.0,0.13374514877796173,0.11303054541349411,0.6978573203086853,0.0,0.0
"DM-9710",False,"train",0.0,0.0,0.0,0.2860943078994751,0.0,0.0,0.49490535259246826,0.0,0.20495977997779846
"DM-11155",True,"train",0.0650046318769455,0.0,0.0,0.20377930998802185,0.0,0.16755932569503784,0.5549548864364624,0.0,0.0
"DM-7392",False,"train",0.0,0.6794745922088623,0.11454857885837555,0.0,0.16426628828048706,0.0,0.0,0.0,0.0
"DM-6987",False,"train",0.22239841520786285,0.0,0.0,0.3122085928916931,0.0,0.0,0.0,0.0,0.43606480956077576
"DM-7044",False,"train",0.0,0.0,0.0,0.0,0.0,0.0,0.9752379059791565,0.0,0.0
"DM-18189",False,"train",0.0,0.0,0.0,0.0,0.0,0.0,0.9531502723693848,0.0,0.0
"DM-8106",False,"train",0.0,0.0,0.6293312907218933,0.0,0.0,0.0,0.3533102571964264,0.0,0.0
"DM-9328",False,"train",0.0,0.06445832550525665,0.05518663674592972,0.0,0.0,0.7344474196434021,0.1366020143032074,0.0,0.0
"DM-8648",False,"train",0.0,0.0,0.0,0.9902071356773376,0.0,0.0,0.0,0.0,0.0
"DM-6457",False,"train",0.0,0.0,0.0,0.0,0.0,0.0,0.0,0.5559325814247131,0.3884592354297638
"DM-4882",True,"train",0.0,0.6221340298652649,0.0,0.0,0.0,0.0,0.35669344663619995,0.0,0.0
"DM-2733",True,"train",0.0,0.0,0.4656045436859131,0.13627029955387115,0.3964889347553253,0.0,0.0,0.0,0.0
"DM-7180",False,"train",0.01024183165282011,0.010242012329399586,0.01024025958031416,0.010244466364383698,0.47922810912132263,0.010246974416077137,0.010242137126624584,0.44907358288764954,0.010240625590085983
"DM-8095",False,"train",0.42699575424194336,0.0,0.0,0.0,0.03279692307114601,0.025549495592713356,0.5046878457069397,0.0,0.0
"DM-3983",False,"train",0.0,0.0,0.0,0.0,0.9838159680366516,0.0,0.0,0.0,0.0
"DM-16418",False,"train",0.0,0.0,0.0,0.1571841835975647,0.0,0.0,0.0,0.0,0.7846889495849609
"DM-17303",False,"train",0.0,0.0,0.0,0.0,0.07065635919570923,0.4097560942173004,0.0,0.0,0.5046966075897217
"DM-8216",False,"train",0.0,0.0,0.0,0.3348057270050049,0.0,0.0,0.5322009921073914,0.0,0.10919357091188431
"DM-513",False,"train",0.0,0.0,0.42449766397476196,0.14024128019809723,0.0,0.19605691730976105,0.14186222851276398,0.09079457074403763,0.0
"DM-10779",True,"train",0.013898509554564953,0.013900844380259514,0.01390019804239273,0.013899747282266617,0.013900433667004108,0.013901036232709885,0.013901516795158386,0.013898824341595173,0.8887988924980164
"DM-8425",False,"train",0.0,0.0,0.0,0.0,0.5929386615753174,0.19570618867874146,0.1823393851518631,0.0,0.0
"DM-8750",True,"train",0.0,0.0,0.0,0.0,0.0,0.0,0.0,0.3949443995952606,0.5899941325187683
"DM-8049",False,"train",0.0,0.0,0.31618762016296387,0.0,0.450749933719635,0.0,0.2067306786775589,0.0,0.0
"DM-1927",True,"train",0.012394284829497337,0.01239588763564825,0.012393230572342873,0.012397604994475842,0.012395784258842468,0.7489808201789856,0.012399710714817047,0.16424521803855896,0.012397440150380135
"DM-11429",False,"train",0.0,0.312148779630661,0.0,0.6648065447807312,0.0,0.0,0.0,0.0,0.0
"DM-12068",False,"train",0.0,0.0,0.0,0.0,0.0,0.0,0.0,0.0,0.9476532340049744
"DM-15680",False,"train",0.0,0.0,0.0,0.9443906545639038,0.0,0.0,0.0,0.0,0.0
"DM-16502",False,"train",0.0,0.0,0.0,0.0,0.41759705543518066,0.5555603504180908,0.0,0.0,0.0
"DM-12912",False,"train",0.0,0.19137869775295258,0.0,0.0,0.0,0.1428789645433426,0.0,0.0,0.6121926307678223
"DM-3949",False,"train",0.1820937842130661,0.0,0.0,0.0,0.0,0.0,0.7866999506950378,0.0,0.0
"DM-8556",False,"train",0.0,0.0,0.0,0.0,0.9703446626663208,0.0,0.0,0.0,0.0
"DM-16756",False,"train",0.0,0.9821789264678955,0.0,0.0,0.0,0.0,0.0,0.0,0.0
"DM-2475",False,"train",0.01590709760785103,0.015913914889097214,0.015906240791082382,0.015908150002360344,0.01590759865939617,0.015909992158412933,0.8727314472198486,0.015907932072877884,0.015907641500234604
"DM-12527",False,"train",0.0,0.9837937951087952,0.0,0.0,0.0,0.0,0.0,0.0,0.0
"DM-12459",False,"train",0.011999892070889473,0.01200143899768591,0.9039878845214844,0.012002668343484402,0.012005399912595749,0.01199857797473669,0.012006518431007862,0.011997312307357788,0.012000268325209618
"DM-17031",False,"train",0.0,0.0,0.0,0.0,0.0,0.0,0.21095231175422668,0.778203010559082,0.0
"DM-17669",True,"train",0.217194601893425,0.3359842598438263,0.0,0.0,0.17887486517429352,0.25693371891975403,0.0,0.0,0.0
"DM-14663",True,"train",0.09561648964881897,0.0,0.0,0.2468327432870865,0.1405918449163437,0.07995250821113586,0.2385367602109909,0.13794372975826263,0.059121016412973404
"DM-16022",True,"train",0.0,0.0,0.0,0.9682115912437439,0.0,0.0,0.0,0.0,0.0
"DM-2930",False,"train",0.0,0.0,0.0,0.0,0.0,0.0,0.9832081198692322,0.0,0.0
"DM-6812",False,"train",0.13373833894729614,0.0,0.0,0.0,0.0,0.024931354448199272,0.7176764011383057,0.10460127145051956,0.0
"DM-15719",False,"train",0.5072224736213684,0.0,0.0,0.0,0.0,0.0,0.44755789637565613,0.0,0.0
"DM-16077",False,"train",0.8026947975158691,0.0,0.0,0.0,0.0,0.0,0.023233937099575996,0.1697654277086258,0.0
"DM-10779",True,"train",0.013898509554564953,0.013900844380259514,0.01390019804239273,0.013899747282266617,0.013900433667004108,0.013901036232709885,0.013901516795158386,0.013898824341595173,0.8887988924980164
"DM-18570",False,"train",0.0,0.0,0.0,0.0,0.0,0.0,0.9594208002090454,0.0,0.0
"DM-9028",False,"train",0.0,0.0,0.0,0.6526884436607361,0.0,0.0,0.0,0.32784295082092285,0.0
"DM-8888",False,"train",0.0,0.0,0.058194611221551895,0.0,0.0,0.8569090366363525,0.0750793069601059,0.0,0.0
"DM-8803",True,"train",0.0,0.0,0.0,0.0,0.0,0.9576096534729004,0.0,0.0,0.0
"DM-4538",False,"train",0.0,0.0884174257516861,0.0,0.33826884627342224,0.1523878127336502,0.3970645070075989,0.0,0.0,0.0
"DM-70",False,"train",0.0,0.0,0.0,0.0,0.0,0.0,0.11101044714450836,0.8590056896209717,0.0
"DM-5293",False,"train",0.0,0.0,0.0,0.0,0.0,0.0,0.0,0.0,0.9730305075645447
"DM-2192",True,"train",0.60222989320755,0.0,0.0,0.0,0.0,0.0,0.0,0.0,0.3588125705718994
"DM-15194",False,"train",0.9200389385223389,0.0,0.02087455801665783,0.04638083651661873,0.0,0.0,0.0,0.0,0.0
"DM-10515",False,"train",0.0,0.0,0.0,0.0,0.0,0.0,0.571979820728302,0.39915090799331665,0.0
"DM-661",True,"train",0.0,0.0,0.0,0.0,0.0,0.0,0.9793179631233215,0.0,0.0
"DM-13378",False,"train",0.015880577266216278,0.015878694131970406,0.015880394726991653,0.015885692089796066,0.01589817740023136,0.015884006395936012,0.4596306383609772,0.015882954001426697,0.4291788935661316
"DM-5447",False,"train",0.0,0.0,0.0,0.0,0.7064673900604248,0.0,0.26840656995773315,0.0,0.0
"DM-9193",False,"train",0.0,0.0,0.0,0.0,0.21240423619747162,0.0,0.29215458035469055,0.0,0.4687941074371338
"DM-11574",True,"train",0.0,0.0,0.0,0.7973690629005432,0.0,0.0,0.0,0.0,0.19210195541381836
"DM-14663",True,"train",0.09561648964881897,0.0,0.0,0.2468327432870865,0.1405918449163437,0.07995250821113586,0.2385367602109909,0.13794372975826263,0.059121016412973404
"DM-8566",True,"train",0.0,0.0,0.0,0.0,0.0,0.9657791256904602,0.0,0.0,0.0
"DM-5544",False,"train",0.022241689264774323,0.4771765470504761,0.02223176136612892,0.022235454991459846,0.022235101088881493,0.02223639003932476,0.022240949794650078,0.3671627938747406,0.022239258512854576
"DM-25",False,"train",0.0,0.0,0.0,0.0,0.17244155704975128,0.0,0.0,0.7634645700454712,0.0
"DM-2858",False,"train",0.0,0.0,0.0,0.0,0.0,0.0,0.9798391461372375,0.0,0.0
"DM-8458",True,"train",0.022224361076951027,0.8221865296363831,0.022231467068195343,0.022224117070436478,0.02222568914294243,0.022227967157959938,0.022227521985769272,0.022224467247724533,0.022227870300412178
"DM-17066",False,"train",0.0,0.0,0.0,0.0,0.0,0.3874875009059906,0.4713267683982849,0.12869051098823547,0.0
"DM-18542",False,"train",0.014203152619302273,0.014205101877450943,0.886335015296936,0.014215841889381409,0.01420834381133318,0.014211620204150677,0.014205166138708591,0.014207140542566776,0.014208563603460789
"DM-7736",False,"train",0.0,0.0,0.0,0.32113561034202576,0.0,0.266903281211853,0.3889540135860443,0.0,0.0
"DM-11433",False,"train",0.0,0.0,0.10150206834077835,0.0,0.0,0.596031904220581,0.0,0.0,0.2856424152851105
"DM-4867",False,"train",0.2045689970254898,0.0,0.0,0.0,0.0,0.7660466432571411,0.0,0.0,0.0
"DM-12382",False,"train",0.02750491537153721,0.027520114555954933,0.7798716425895691,0.027524925768375397,0.02750670723617077,0.02754085324704647,0.02751266211271286,0.027502495795488358,0.02751571498811245
"DM-10522",False,"train",0.0,0.0,0.0,0.17056331038475037,0.0,0.7775428295135498,0.0,0.0,0.0
"DM-6141",False,"train",0.0,0.0,0.0,0.0,0.9730448722839355,0.0,0.0,0.0,0.0
"DM-8670",True,"train",0.0,0.0,0.0,0.0,0.0,0.0,0.9255961775779724,0.0,0.0
"DM-754",True,"train",0.0,0.0,0.0,0.0,0.0,0.0,0.0,0.0,0.9406771063804626
"DM-12636",False,"train",0.0,0.0,0.31397244334220886,0.0,0.0,0.0,0.44648873805999756,0.20757123827934265,0.0
"DM-12390",False,"train",0.5983552932739258,0.0,0.0,0.12683533132076263,0.13642413914203644,0.0,0.0,0.0,0.12943585216999054
"DM-8799",False,"train",0.0,0.0,0.43943357467651367,0.0,0.0,0.0,0.38603076338768005,0.0,0.15293635427951813
"DM-18453",False,"train",0.0,0.0,0.0,0.0,0.2752305269241333,0.6780105829238892,0.0,0.0,0.0
"DM-17451",False,"train",0.0,0.12519320845603943,0.0,0.0,0.0,0.3437517285346985,0.5175549983978271,0.0,0.0
"DM-3562",False,"train",0.03323034942150116,0.03322527930140495,0.03323091194033623,0.03322644159197807,0.033223412930965424,0.03322312980890274,0.7341902852058411,0.03322657570242882,0.03322366252541542
"DM-15695",False,"train",0.0,0.0,0.0,0.0,0.19127675890922546,0.0,0.0,0.0,0.7786812782287598
"DM-15680",False,"train",0.0,0.0,0.0,0.9443906545639038,0.0,0.0,0.0,0.0,0.0
"DM-10965",False,"train",0.504462480545044,0.10305818915367126,0.33702611923217773,0.0,0.0,0.04535633698105812,0.0,0.0,0.0
"DM-272",False,"train",0.0,0.3941848874092102,0.0,0.0,0.0,0.0,0.5425993800163269,0.0,0.0
"DM-14812",False,"train",0.0,0.0,0.0,0.9642364382743835,0.0,0.0,0.0,0.0,0.0
"DM-4443",False,"train",0.0,0.0,0.0,0.0,0.0,0.0,0.16532878577709198,0.3638501763343811,0.45735645294189453
"DM-15272",False,"train",0.0,0.0,0.0,0.3592725396156311,0.0,0.0,0.028633007779717445,0.5817538499832153,0.0
"DM-10946",False,"train",0.0,0.0,0.0,0.0,0.0,0.9806216359138489,0.0,0.0,0.0
"DM-6884",False,"train",0.0,0.0,0.0,0.0,0.0,0.0,0.0,0.9721562266349792,0.0
"DM-5427",False,"train",0.8485454320907593,0.0,0.0,0.141461580991745,0.0,0.0,0.0,0.0,0.0
"DM-8182",False,"train",0.6684790253639221,0.0,0.0,0.0,0.0,0.28632092475891113,0.0,0.0,0.0
"DM-9937",False,"train",0.0,0.0,0.8840892314910889,0.0,0.0,0.07203725725412369,0.02057849057018757,0.0,0.021219931542873383
"DM-15569",False,"train",0.0,0.0,0.0,0.6347242593765259,0.0,0.34355074167251587,0.0,0.0,0.0
"DM-15352",False,"train",0.01096875499933958,0.20511631667613983,0.01097107958048582,0.010964061133563519,0.010961810126900673,0.010961963795125484,0.010963342152535915,0.010967825539410114,0.7181248068809509
"DM-604",False,"train",0.0,0.0,0.0,0.6151548624038696,0.14560623466968536,0.0,0.0,0.0,0.22792589664459229
"DM-13491",False,"train",0.23621448874473572,0.0,0.2767920196056366,0.0,0.4655389189720154,0.0,0.0,0.0,0.0
"DM-9548",False,"train",0.6618983745574951,0.0,0.0,0.0,0.31029418110847473,0.0,0.0,0.0,0.0
"DM-3910",False,"train",0.0,0.0,0.0,0.24759803712368011,0.26811856031417847,0.3137677013874054,0.15511010587215424,0.0,0.0
"DM-15169",True,"train",0.0,0.5973308682441711,0.0,0.0,0.0,0.3515559732913971,0.0,0.0,0.0
"DM-9937",False,"train",0.0,0.0,0.8840892314910889,0.0,0.0,0.07203725725412369,0.02057849057018757,0.0,0.021219931542873383
"DM-10846",False,"train",0.0,0.22247722744941711,0.0,0.3273485600948334,0.0,0.3063441216945648,0.0,0.0,0.1291763186454773
"DM-8103",False,"train",0.0,0.9475452303886414,0.0,0.0,0.0,0.0,0.0,0.0,0.0
"DM-10532",False,"train",0.21141746640205383,0.17850321531295776,0.14800463616847992,0.0,0.0,0.30002593994140625,0.1521802395582199,0.0,0.0
"DM-9419",False,"train",0.0,0.6412287354469299,0.04435098171234131,0.07974600046873093,0.0,0.0,0.0,0.21586962044239044,0.0
"DM-5535",False,"train",0.8220701217651367,0.02225317619740963,0.022233590483665466,0.022239254787564278,0.022239038720726967,0.022240091115236282,0.02224157564342022,0.02224070578813553,0.02224244736135006
"DM-17603",True,"train",0.0,0.0,0.0,0.0,0.0,0.7021526098251343,0.18786472082138062,0.08159303665161133,0.0
"DM-13914",False,"train",0.0,0.0,0.0,0.3996502161026001,0.0,0.0,0.5446339845657349,0.0,0.0
"DM-23",False,"train",0.02005082741379738,0.02004462666809559,0.02003706432878971,0.020036594942212105,0.020035916939377785,0.839658260345459,0.02003444731235504,0.020066725090146065,0.020035570487380028
"DM-11953",False,"train",0.0,0.0,0.0,0.0,0.0,0.9737891554832458,0.0,0.0,0.0
"DM-16069",False,"train",0.0,0.0,0.08724898844957352,0.46221229434013367,0.0,0.0,0.0,0.41549116373062134,0.0
"DM-3163",True,"train",0.0,0.0,0.0,0.081296406686306,0.5825464725494385,0.0,0.0,0.3111149072647095,0.0
"DM-15173",False,"train",0.0,0.0,0.0,0.2921631336212158,0.4377397894859314,0.0,0.25155720114707947,0.0,0.0
"DM-10111",False,"train",0.23776355385780334,0.0,0.0,0.16463062167167664,0.0,0.13027243316173553,0.0,0.2963695228099823,0.15906789898872375
"DM-6717",False,"train",0.020238155499100685,0.020235097035765648,0.02023513801395893,0.02025984600186348,0.020238956436514854,0.020243819802999496,0.02024381421506405,0.8380545973777771,0.020250583067536354
"DM-3179",False,"train",0.013973874971270561,0.013978138566017151,0.013973217457532883,0.013975373469293118,0.013974460773169994,0.013975828886032104,0.8881968259811401,0.013974348083138466,0.013977955095469952
"DM-10462",False,"train",0.0,0.0,0.0,0.5922378897666931,0.0,0.18715791404247284,0.19845081865787506,0.0,0.0
"DM-7106",False,"train",0.0,0.0,0.0,0.0,0.11376325786113739,0.8452776074409485,0.0,0.0,0.0
"DM-18689",False,"train",0.0,0.0,0.0,0.0,0.0,0.7271252870559692,0.10127149522304535,0.15061154961585999,0.0
"DM-13805",True,"train",0.0,0.0,0.0,0.0,0.0,0.9656948447227478,0.0,0.0,0.0
"DM-14642",False,"train",0.027795841917395592,0.027792274951934814,0.7776557207107544,0.02778937667608261,0.02778906188905239,0.027789130806922913,0.02780359610915184,0.027794314548373222,0.027790706604719162
"DM-4897",True,"train",0.0,0.22628402709960938,0.0,0.7399348020553589,0.0,0.0,0.0,0.0,0.0
"DM-8303",False,"train",0.0,0.03308867663145065,0.0,0.0,0.0,0.0,0.14548887312412262,0.8161374926567078,0.0
"DM-2911",False,"train",0.01812533475458622,0.018133047968149185,0.018124207854270935,0.018126757815480232,0.018126023933291435,0.018129251897335052,0.854982852935791,0.01812645047903061,0.01812608167529106
"DM-13692",False,"train",0.0,0.0,0.0,0.0,0.0,0.9783003330230713,0.0,0.0,0.0
"DM-13536",False,"train",0.23113404214382172,0.0,0.03685227781534195,0.13992835581302643,0.06144244223833084,0.06217547506093979,0.0,0.0,0.46317049860954285
"DM-10295",False,"train",0.0,0.0,0.0,0.0,0.0,0.0,0.4245118498802185,0.0,0.5187098383903503
"DM-6968",False,"train",0.21268989145755768,0.0,0.0,0.05433358997106552,0.0,0.2037591189146042,0.0,0.5233109593391418,0.0
"DM-14997",True,"train",0.0,0.0,0.0,0.42265352606773376,0.25050488114356995,0.0,0.09500598162412643,0.1830970197916031,0.04335182532668114
"DM-12701",False,"train",0.0,0.0,0.0,0.3443964123725891,0.5452972650527954,0.0,0.0,0.0,0.09121600538492203
"DM-8533",False,"train",0.0,0.27129149436950684,0.0,0.6201263070106506,0.0,0.0,0.0,0.0,0.09155172854661942
"DM-15073",True,"train",0.0,0.0,0.0,0.619009256362915,0.0,0.0,0.33605706691741943,0.0,0.0
"DM-561",False,"train",0.0,0.0,0.0,0.0,0.0,0.9644175171852112,0.0,0.0,0.0
"DM-7947",False,"train",0.2145453244447708,0.0,0.0,0.4871472418308258,0.0,0.0,0.24333053827285767,0.0,0.0
"DM-3571",False,"train",0.0,0.0,0.0,0.2757822275161743,0.0,0.4824365973472595,0.11560240387916565,0.10935716331005096,0.0
"DM-2430",False,"train",0.2632253170013428,0.0,0.0,0.15712301433086395,0.0,0.0,0.5465971827507019,0.025290178135037422,0.0
"DM-1017",False,"train",0.0,0.0,0.0,0.0,0.0,0.9782989621162415,0.0,0.0,0.0
"DM-7657",False,"train",0.0,0.0,0.0,0.0,0.0,0.0,0.5656375288963318,0.0,0.4124860167503357
"DM-11094",False,"train",0.037532318383455276,0.0,0.0,0.34620410203933716,0.16685716807842255,0.10646402835845947,0.33358243107795715,0.0,0.0
"DM-14065",False,"train",0.017368081957101822,0.01737329550087452,0.017367683351039886,0.01737266592681408,0.017367400228977203,0.8610438108444214,0.017368515953421593,0.017370210960507393,0.017368368804454803
"DM-7848",False,"train",0.0,0.0,0.0,0.0,0.0,0.0,0.0,0.0,0.9255328178405762
"DM-17303",False,"train",0.0,0.0,0.0,0.0,0.07065635919570923,0.4097560942173004,0.0,0.0,0.5046966075897217
"DM-15085",False,"train",0.029551105573773384,0.0,0.0,0.0,0.43379083275794983,0.0,0.3099988102912903,0.22029362618923187,0.0
"DM-4556",False,"train",0.0,0.0,0.0,0.0,0.0,0.6157223582267761,0.0,0.3689914047718048,0.0
"DM-8005",False,"train",0.0,0.0,0.0,0.0,0.0,0.0,0.985419750213623,0.0,0.0
"DM-9641",False,"train",0.025467099621891975,0.02547280676662922,0.02547047659754753,0.02546675130724907,0.02546987496316433,0.0254667978733778,0.025470318272709846,0.025471223518252373,0.7962446808815002
"DM-16757",False,"train",0.0,0.0,0.0,0.0,0.17664054036140442,0.43327993154525757,0.35672494769096375,0.0,0.0
"DM-14824",False,"train",0.6327142119407654,0.0,0.0,0.35372284054756165,0.0,0.0,0.0,0.0,0.0
"DM-13581",True,"train",0.0,0.0,0.0,0.0,0.0,0.8461313843727112,0.0,0.10920920222997665,0.0
"DM-17514",False,"train",0.01599358394742012,0.01599959097802639,0.8720331788063049,0.015993818640708923,0.0159933902323246,0.015995239838957787,0.01599801331758499,0.015996677801012993,0.015996474772691727
"DM-14012",False,"train",0.478609174489975,0.0,0.0,0.0,0.0,0.4840751588344574,0.0,0.0,0.0
"DM-5532",True,"train",0.0,0.0,0.0,0.0,0.0,0.0,0.8624189496040344,0.0,0.1269090473651886
"DM-75",False,"train",0.32573509216308594,0.0,0.04522455483675003,0.0,0.012663007713854313,0.09217599034309387,0.31029176712036133,0.21152956783771515,0.0
"DM-10805",True,"train",0.0,0.0,0.0,0.0,0.0,0.3410934805870056,0.1856383979320526,0.4474281072616577,0.0
"DM-8336",False,"train",0.1179823949933052,0.0,0.0,0.3501121997833252,0.0,0.0,0.5096995234489441,0.0,0.0
"DM-2978",False,"train",0.0,0.0,0.0,0.5301452875137329,0.24272406101226807,0.0,0.0,0.0,0.20874398946762085
"DM-6813",False,"train",0.01579028181731701,0.01578938029706478,0.01578700914978981,0.01578863337635994,0.015793191269040108,0.01579091139137745,0.5872674584388733,0.0157941784709692,0.30219897627830505
"DM-8669",False,"train",0.02024880424141884,0.020253701135516167,0.020251447334885597,0.837963879108429,0.020260224118828773,0.02025306224822998,0.02025609277188778,0.020252985879778862,0.020259836688637733
"DM-17596",False,"train",0.025107519701123238,0.025107968598604202,0.025109916925430298,0.02510869689285755,0.02511473372578621,0.025115862488746643,0.025112640112638474,0.025109173730015755,0.7991135120391846
"DM-14544",False,"train",0.010107925161719322,0.010105934925377369,0.010104214772582054,0.010107133537530899,0.9191511273384094,0.010107646696269512,0.010106491856276989,0.01010434702038765,0.010105181485414505
"DM-8698",False,"train",0.9937291145324707,0.0,0.0,0.0,0.0,0.0,0.0,0.0,0.0
"DM-984",False,"train",0.0,0.0,0.0,0.0,0.27969595789909363,0.0,0.5458956360816956,0.15288613736629486,0.0
"DM-8030",False,"train",0.5127149820327759,0.0,0.0,0.0,0.0,0.0,0.2711782455444336,0.0,0.18133307993412018
"DM-5473",False,"train",0.9646451473236084,0.0,0.025206463411450386,0.0,0.0,0.0,0.0,0.0,0.0
"DM-15680",False,"train",0.0,0.0,0.0,0.9443906545639038,0.0,0.0,0.0,0.0,0.0
"DM-1896",False,"train",0.0,0.0,0.0,0.0,0.8012127876281738,0.0,0.0,0.0,0.167802095413208
"DM-15084",False,"train",0.0,0.0,0.0,0.43638089299201965,0.0,0.0,0.0,0.0,0.5231478214263916
"DM-15158",False,"train",0.0,0.0,0.508329451084137,0.04575945436954498,0.0,0.0,0.42224299907684326,0.0,0.0
"DM-8358",False,"train",0.9110567569732666,0.011120046488940716,0.011114564724266529,0.011119456961750984,0.011122136376798153,0.011117408983409405,0.011116988956928253,0.011117076501250267,0.01111556962132454
"DM-6501",False,"train",0.0,0.0,0.9729739427566528,0.0,0.0,0.0,0.0,0.0,0.0
"DM-7325",False,"train",0.7167332768440247,0.012725595384836197,0.012719633057713509,0.012722921557724476,0.1942046880722046,0.012722581624984741,0.012725533917546272,0.012721657752990723,0.012724134139716625
"DM-8048",False,"train",0.07985234260559082,0.0,0.0,0.0,0.0,0.32795941829681396,0.1977093666791916,0.3227001130580902,0.05685010179877281
"DM-5781",False,"train",0.0,0.0,0.0,0.9635376930236816,0.0,0.0,0.0,0.0,0.0
"DM-3402",False,"train",0.0,0.0,0.1786351352930069,0.7856678366661072,0.0,0.0,0.0,0.0,0.0
"DM-199",False,"train",0.0,0.9531579613685608,0.0,0.0,0.0,0.0,0.0,0.0,0.0
"DM-12361",False,"train",0.0,0.0,0.0,0.9644186496734619,0.0,0.0,0.0,0.0,0.0
"DM-814",False,"train",0.0,0.0,0.7112537026405334,0.0,0.0,0.0,0.0,0.25142109394073486,0.0
"DM-14117",False,"train",0.0,0.0,0.0,0.19976544380187988,0.2564297020435333,0.0,0.0,0.5280676484107971,0.0
"DM-14346",False,"train",0.01116324681788683,0.48104235529899597,0.011159239336848259,0.011159011162817478,0.011160353198647499,0.09761151671409607,0.35438254475593567,0.011161325499415398,0.011160454712808132
"DM-9640",False,"train",0.0,0.0,0.0,0.6482726335525513,0.0,0.11887749284505844,0.0,0.0,0.21073174476623535
"DM-15373",False,"train",0.0278043020516634,0.027793744578957558,0.027798665687441826,0.02781381644308567,0.02782432734966278,0.16724076867103577,0.027794715017080307,0.6381279230117798,0.02780177630484104
"DM-11625",False,"train",0.0,0.0,0.0,0.8944852352142334,0.0,0.0,0.0,0.0,0.09388680011034012
"DM-11292",False,"train",0.0,0.0,0.06995522230863571,0.0,0.0,0.0,0.186817929148674,0.15392349660396576,0.5640634894371033
"DM-12553",True,"train",0.0,0.0,0.0,0.9353070855140686,0.0,0.0,0.0,0.0,0.0
"DM-421",False,"train",0.011832172982394695,0.011841434985399246,0.011832562275230885,0.011832372285425663,0.9053215384483337,0.011834325268864632,0.011836547404527664,0.011831882409751415,0.011837190948426723
"DM-5874",False,"train",0.0,0.3312848210334778,0.0,0.37694624066352844,0.0,0.0,0.0,0.0,0.27523404359817505
"DM-18129",False,"train",0.0,0.0,0.0,0.0,0.4117717742919922,0.31655606627464294,0.2489825189113617,0.0,0.0
"DM-1998",False,"train",0.0,0.0,0.6360685229301453,0.0,0.0,0.0,0.3249734342098236,0.0,0.0
"DM-13153",False,"train",0.010110265575349331,0.010110346600413322,0.9191091060638428,0.01011140737682581,0.010111773386597633,0.010113924741744995,0.010112423449754715,0.010110516101121902,0.010110253468155861
"DM-8597",False,"train",0.0,0.9896403551101685,0.0,0.0,0.0,0.0,0.0,0.0,0.0
"DM-3946",False,"train",0.03668374940752983,0.036698728799819946,0.036685649305582047,0.03667858615517616,0.03668349236249924,0.036681167781353,0.7065288424491882,0.03668404743075371,0.03667574003338814
"DM-4494",True,"train",0.01587752439081669,0.015876468271017075,0.01588054746389389,0.01588420569896698,0.01588478498160839,0.01587824523448944,0.8729603886604309,0.015878718346357346,0.015879154205322266
"DM-1249",True,"train",0.0,0.0,0.0,0.0,0.6246306896209717,0.3206367492675781,0.0,0.0,0.0
"DM-4218",False,"train",0.7517151236534119,0.09561247378587723,0.07776033133268356,0.05579797923564911,0.0,0.0,0.0,0.0,0.0
"DM-14236",False,"train",0.6257216334342957,0.0,0.0,0.0,0.0,0.33604782819747925,0.0,0.0,0.0
"DM-18124",False,"train",0.0,0.0,0.4199194610118866,0.0,0.0,0.0,0.524868369102478,0.0,0.0
"DM-14739",False,"train",0.0,0.0,0.0,0.0,0.0,0.0,0.8800380229949951,0.0,0.09862877428531647
"DM-18127",False,"train",0.0,0.0,0.0,0.25253671407699585,0.09082995355129242,0.0,0.3599362075328827,0.2824801504611969,0.0
"DM-6307",False,"train",0.0,0.0,0.4279809594154358,0.0,0.0,0.0,0.0,0.0,0.5118943452835083
"DM-13696",False,"train",0.0,0.0,0.13954028487205505,0.6393830180168152,0.0,0.14472424983978271,0.0,0.06560421735048294,0.0
"DM-11672",False,"train",0.469562828540802,0.0,0.0,0.4343321919441223,0.08465304225683212,0.0,0.0,0.0,0.0
"DM-16839",False,"train",0.21965573728084564,0.12933750450611115,0.0,0.0,0.0,0.4565158784389496,0.0,0.1786229908466339,0.0
"DM-11966",False,"train",0.1665705144405365,0.0,0.0,0.0,0.0,0.7781473994255066,0.0,0.0,0.0
"DM-4834",False,"train",0.0,0.0,0.0,0.9575988054275513,0.0,0.0,0.0,0.0,0.0
"DM-14738",False,"train",0.0,0.10519570112228394,0.0,0.0,0.0,0.8493863344192505,0.0,0.0,0.0
"DM-10288",False,"train",0.0,0.0,0.3978911340236664,0.0,0.0,0.0,0.5338228344917297,0.0,0.0
"DM-6518",False,"train",0.0,0.0,0.0,0.0,0.0,0.0636378675699234,0.0,0.4193899631500244,0.4957917034626007
"DM-4003",False,"train",0.0,0.0,0.0,0.0,0.9505802392959595,0.0,0.0,0.0,0.0
"DM-1005",False,"train",0.013971205800771713,0.013975870795547962,0.013968062587082386,0.013967495411634445,0.013967080041766167,0.013968738727271557,0.8882461786270142,0.013969318941235542,0.01396606583148241
"DM-15433",False,"train",0.0,0.0,0.0,0.0,0.0,0.0,0.0,0.0,0.9802175164222717
"DM-794",False,"train",0.0,0.0,0.0,0.0,0.0,0.0,0.0,0.9962862730026245,0.0
"DM-2253",False,"train",0.0,0.9771730899810791,0.0,0.0,0.0,0.0,0.0,0.0,0.0
"DM-1161",True,"train",0.0,0.0,0.5170948505401611,0.0,0.10113468021154404,0.0,0.346858412027359,0.0,0.0
"DM-3895",False,"train",0.0,0.0,0.0,0.21308615803718567,0.0,0.0,0.0,0.2145344316959381,0.5445784330368042
"DM-7453",False,"train",0.2374204695224762,0.0,0.0,0.5569635629653931,0.0,0.0,0.16871748864650726,0.0,0.0
"DM-335",True,"train",0.0,0.0,0.4003199338912964,0.0,0.0,0.0,0.0,0.58379065990448,0.0
"DM-11625",False,"train",0.0,0.0,0.0,0.8944852352142334,0.0,0.0,0.0,0.0,0.09388680011034012
"DM-2581",False,"train",0.0,0.9603931903839111,0.0,0.0,0.0,0.0,0.0,0.0,0.0
"DM-1086",False,"train",0.1710282862186432,0.08439156413078308,0.0,0.0,0.0,0.06607543677091599,0.0,0.5131799578666687,0.15224261581897736
"DM-17091",False,"train",0.05705069378018379,0.0,0.2734845280647278,0.10558009892702103,0.0,0.0,0.5503427982330322,0.0,0.0
"DM-7018",False,"train",0.0,0.4444678723812103,0.0,0.04888778179883957,0.019197622314095497,0.0,0.46416497230529785,0.0,0.0
"DM-15787",False,"train",0.518966794013977,0.185634583234787,0.018442660570144653,0.018443534150719643,0.018442651256918907,0.0184446033090353,0.18473656475543976,0.018445897847414017,0.018442708998918533
"DM-16732",False,"train",0.21044957637786865,0.0,0.0,0.7650873064994812,0.0,0.0,0.0,0.0,0.0
"DM-4492",False,"train",0.015884622931480408,0.015882058069109917,0.01588200032711029,0.015889784321188927,0.8729103207588196,0.01589847169816494,0.01589057594537735,0.01588059403002262,0.01588156260550022
"DM-13823",False,"train",0.9494150280952454,0.0,0.0,0.0,0.0,0.0,0.0,0.0,0.0
"DM-13326",False,"train",0.11012574285268784,0.0,0.0,0.3083411753177643,0.06299126148223877,0.2571614384651184,0.20979678630828857,0.021160703152418137,0.028481604531407356
"DM-16383",True,"train",0.09995890408754349,0.0,0.0,0.0,0.0,0.0,0.8758097290992737,0.0,0.0
"DM-17546",False,"train",0.0,0.0,0.0,0.15148963034152985,0.0,0.2144877314567566,0.0,0.6117653250694275,0.0
"DM-12380",False,"train",0.0,0.0,0.0,0.20847801864147186,0.0,0.0,0.32753342390060425,0.0,0.448956698179245
"DM-4609",False,"train",0.0,0.0,0.347836434841156,0.0,0.0,0.6288663744926453,0.0,0.0,0.0
"DM-10522",False,"train",0.0,0.0,0.0,0.17056331038475037,0.0,0.7775428295135498,0.0,0.0,0.0
"DM-5694",False,"train",0.0,0.0,0.0,0.0,0.0,0.7203538417816162,0.23386326432228088,0.0,0.0
"DM-6289",True,"train",0.0,0.0,0.0,0.36382555961608887,0.5907323360443115,0.0,0.0,0.0,0.0
"DM-10890",False,"train",0.0,0.243414968252182,0.12274723500013351,0.4983628988265991,0.10070297867059708,0.0,0.0,0.0,0.0
"DM-6580",False,"train",0.0,0.22696208953857422,0.7272151708602905,0.0,0.0,0.0,0.0,0.0,0.0
"DM-521",False,"train",0.0,0.0,0.0,0.0,0.0,0.0,0.9831883311271667,0.0,0.0
"DM-3243",False,"train",0.5020184516906738,0.0,0.0,0.0,0.0,0.4700528681278229,0.0,0.0,0.0
"DM-13788",False,"train",0.023601610213518143,0.023602044209837914,0.023599322885274887,0.02359568141400814,0.023596476763486862,0.02359447069466114,0.02359747141599655,0.023595452308654785,0.8112174272537231
"DM-4866",True,"train",0.0,0.0,0.0,0.9643852710723877,0.0,0.0,0.0,0.0,0.0
"DM-8514",False,"train",0.013675184920430183,0.013675699941813946,0.013676362112164497,0.013675250113010406,0.01367864664644003,0.01368170976638794,0.8905845284461975,0.013677983544766903,0.01367464940994978
"DM-354",False,"train",0.0,0.0,0.6001654267311096,0.0,0.1963842362165451,0.0,0.0,0.16980203986167908,0.0
"DM-10603",False,"train",0.011975055560469627,0.011973428539931774,0.01197386160492897,0.0119773605838418,0.011975182220339775,0.011974691413342953,0.5099563598632812,0.0119778485968709,0.4062161445617676
"DM-6128",False,"train",0.0,0.0,0.8441118001937866,0.13299837708473206,0.0,0.0,0.0,0.0,0.0
"DM-4393",False,"train",0.0,0.0,0.0,0.1889861673116684,0.0,0.0,0.0,0.8003321290016174,0.0
"DM-9669",False,"train",0.9679176807403564,0.0,0.0,0.0,0.0,0.0,0.0,0.0,0.0
"DM-1052",False,"train",0.015884682536125183,0.015887804329395294,0.01587836630642414,0.015881134197115898,0.015877680853009224,0.015881525352597237,0.8729485869407654,0.015879102051258087,0.015881117433309555
"DM-4194",False,"train",0.9657742977142334,0.0,0.0,0.0,0.0,0.0,0.0,0.0,0.0
"DM-8797",False,"train",0.0,0.0,0.0,0.22692656517028809,0.0,0.26971152424812317,0.19714999198913574,0.12254413217306137,0.1721346378326416
"DM-11981",True,"train",0.0,0.0,0.0,0.9863112568855286,0.0,0.0,0.0,0.0,0.0
"DM-10765",True,"train",0.010956227779388428,0.010956971906125546,0.01095985434949398,0.01095948088914156,0.010959610342979431,0.3815775513648987,0.010961158201098442,0.2916285991668701,0.2610405683517456
"DM-16160",False,"train",0.0,0.0,0.0,0.4423229694366455,0.11654698848724365,0.0,0.0,0.38020002841949463,0.0508107990026474
"DM-17847",False,"train",0.0,0.0,0.0,0.0,0.0,0.40916284918785095,0.17356839776039124,0.018788302317261696,0.3930916488170624
"DM-13954",False,"train",0.0,0.0,0.0,0.0,0.0,0.0,0.9415268898010254,0.0,0.0
"DM-9303",False,"train",0.4287557303905487,0.0,0.0,0.0,0.0,0.0,0.36818572878837585,0.0,0.19911082088947296
"DM-10833",True,"train",0.0,0.0,0.0,0.7641906142234802,0.0,0.0,0.0,0.1870959997177124,0.0
"DM-2188",False,"train",0.0,0.0,0.0,0.0,0.0,0.0,0.1282806396484375,0.8510397672653198,0.0
"DM-12132",False,"train",0.0,0.0,0.0,0.0,0.9788151383399963,0.0,0.0,0.0,0.0
"DM-11931",False,"train",0.27320411801338196,0.0,0.0,0.11745701730251312,0.17020557820796967,0.0,0.0,0.0,0.4284477233886719
"DM-10875",True,"train",0.8516979217529297,0.018535014241933823,0.018539048731327057,0.018539540469646454,0.018533682450652122,0.018535738810896873,0.018540799617767334,0.018534192815423012,0.0185440331697464
"DM-2671",False,"train",0.016010832041502,0.016017571091651917,0.01600986160337925,0.18724550306797028,0.016011467203497887,0.01601432077586651,0.7006630897521973,0.016011917963624,0.016015445813536644
"DM-14674",False,"train",0.0,0.0,0.0,0.0,0.0,0.0,0.9643935561180115,0.0,0.0
"DM-630",True,"train",0.0,0.0,0.013283247128129005,0.0,0.0,0.0,0.0,0.9845753312110901,0.0
"DM-11390",False,"train",0.950556755065918,0.0,0.0,0.0,0.0,0.0,0.0,0.0,0.0
"DM-14161",False,"train",0.9319563508033752,0.0,0.0,0.0,0.0,0.0,0.0,0.0,0.0
"DM-2510",False,"train",0.0,0.17100894451141357,0.0,0.2021491527557373,0.0,0.0,0.0,0.5756040215492249,0.0
"DM-5525",False,"train",0.5782931447029114,0.0,0.0,0.0,0.0,0.1526191532611847,0.2489432394504547,0.0,0.0
"DM-17641",False,"train",0.0,0.0,0.0,0.0,0.0,0.0,0.9441325068473816,0.0,0.0
"DM-11524",False,"train",0.0,0.0,0.0,0.0,0.0,0.0,0.981052815914154,0.0,0.0
"DM-981",False,"train",0.0,0.16530786454677582,0.0,0.0,0.0,0.0,0.0,0.8022433519363403,0.0
"DM-4826",True,"train",0.022231727838516235,0.02223098836839199,0.02223260886967182,0.022233301773667336,0.022233063355088234,0.022231699898838997,0.8221368193626404,0.022238781675696373,0.022230975329875946
"DM-11378",False,"train",0.0,0.0,0.0,0.0,0.0,0.5878930687904358,0.0,0.0,0.39211785793304443
"DM-4295",False,"train",0.0,0.16601181030273438,0.0,0.0,0.0,0.0,0.7998937368392944,0.0,0.0
"DM-7208",False,"train",0.0,0.0,0.61905837059021,0.31693515181541443,0.0,0.0,0.0,0.0,0.0
"DM-5137",False,"train",0.20608654618263245,0.0,0.0,0.0,0.0,0.0,0.7489955425262451,0.0,0.0
"DM-14109",False,"train",0.0,0.0,0.0,0.7208085656166077,0.23174795508384705,0.0,0.0,0.0,0.0
"DM-3366",False,"train",0.010108444839715958,0.9191277027130127,0.010109697468578815,0.010107717476785183,0.010111751966178417,0.010107777081429958,0.010110446251928806,0.010108410380780697,0.010108078829944134
"DM-10410",True,"train",0.0,0.11865445971488953,0.0,0.0,0.12188532948493958,0.0,0.7055176496505737,0.0,0.0
"DM-4481",True,"train",0.015889693051576614,0.015900781378149986,0.01588202454149723,0.015905430540442467,0.22993047535419464,0.015886373817920685,0.6588250398635864,0.015891144052147865,0.015889056026935577
"DM-977",False,"train",0.0,0.08829811215400696,0.0,0.0,0.0,0.0,0.2999405860900879,0.5785001516342163,0.0
"DM-7113",True,"train",0.0,0.0,0.0,0.0,0.6153428554534912,0.0,0.324424684047699,0.0,0.04989739879965782
"DM-16246",True,"train",0.2786964178085327,0.0,0.0,0.0,0.09759217500686646,0.0,0.0,0.622745931148529,0.0
"DM-11250",False,"train",0.0,0.0,0.0,0.0,0.0,0.3700677454471588,0.610556423664093,0.0,0.0
"DM-5734",False,"train",0.0,0.0,0.2757919132709503,0.0,0.0,0.0,0.7029870748519897,0.0,0.0
"DM-12157",False,"train",0.0,0.0,0.0,0.0,0.0,0.9439735412597656,0.0,0.0,0.0
"DM-10233",False,"train",0.0,0.0,0.4951287806034088,0.0,0.0,0.0,0.0,0.46354496479034424,0.0
"DM-6280",False,"train",0.0,0.0,0.0,0.0,0.0,0.0,0.9504258036613464,0.0,0.0
"DM-3504",False,"train",0.022230222821235657,0.02223755419254303,0.022232141345739365,0.022241398692131042,0.022232823073863983,0.303497314453125,0.022234369069337845,0.022228635847568512,0.5408655405044556
"DM-6516",False,"train",0.015289335511624813,0.3340960741043091,0.015285382978618145,0.015286007896065712,0.015294642187654972,0.015286381356418133,0.5588909387588501,0.015283686108887196,0.015287560410797596
"DM-14637",False,"train",0.0,0.0,0.09948520362377167,0.0,0.05003129318356514,0.0,0.19582560658454895,0.09896880388259888,0.5498862266540527
"DM-5723",False,"train",0.012175609357655048,0.012176068499684334,0.40596407651901245,0.012176983058452606,0.012181129306554794,0.012174749746918678,0.012179511599242687,0.012174110859632492,0.5087977647781372
"DM-4495",True,"train",0.022230517119169235,0.022228144109249115,0.02222793735563755,0.02223197929561138,0.022247327491641045,0.022227764129638672,0.8221497535705566,0.022228706628084183,0.022227894514799118
"DM-1151",False,"train",0.6545782089233398,0.0,0.0,0.0,0.0,0.0,0.0,0.0,0.31832942366600037
"DM-18638",False,"train",0.0,0.0,0.0,0.9870963096618652,0.0,0.0,0.0,0.0,0.0
"DM-3224",False,"train",0.01573236659169197,0.01573214679956436,0.0157312098890543,0.015733802691102028,0.5467455983161926,0.01573273539543152,0.34312328696250916,0.015736933797597885,0.015731941908597946
"DM-4003",False,"train",0.0,0.0,0.0,0.0,0.9505802392959595,0.0,0.0,0.0,0.0
"DM-706",False,"train",0.0817333310842514,0.0,0.9009634256362915,0.0,0.0,0.0,0.0,0.0,0.0
"DM-3970",False,"train",0.0,0.0,0.0,0.9703448414802551,0.0,0.0,0.0,0.0,0.0
"DM-10332",True,"train",0.07524756342172623,0.0,0.02442423813045025,0.0,0.0,0.04946255311369896,0.0,0.0,0.8417925834655762
"DM-17859",False,"train",0.0,0.0,0.0,0.0,0.0,0.7249718904495239,0.14503160119056702,0.12244594097137451,0.0
"DM-17460",False,"train",0.0,0.0,0.0,0.0,0.9311200380325317,0.0,0.0,0.0,0.0
"DM-12156",False,"train",0.0,0.0,0.0,0.0,0.0,0.6483809351921082,0.291705846786499,0.0,0.0
"DM-10410",True,"train",0.0,0.11865445971488953,0.0,0.0,0.12188532948493958,0.0,0.7055176496505737,0.0,0.0
"DM-10514",False,"train",0.0,0.0,0.0,0.0,0.0,0.0,0.9314523339271545,0.0,0.0
"DM-4866",True,"train",0.0,0.0,0.0,0.9643852710723877,0.0,0.0,0.0,0.0,0.0
"DM-15770",False,"train",0.0,0.0,0.0,0.0,0.0,0.0,0.0,0.9644007682800293,0.0
"DM-9795",False,"train",0.0,0.27451249957084656,0.05623140186071396,0.0,0.0,0.13470441102981567,0.0,0.0,0.5266263484954834
"DM-14121",False,"train",0.0,0.0,0.0,0.0,0.5274287462234497,0.22701989114284515,0.05282072350382805,0.17837513983249664,0.0
"DM-1497",False,"train",0.0,0.0,0.0,0.0,0.0,0.11202925443649292,0.8226805329322815,0.0,0.0
"DM-9757",False,"train",0.0,0.0,0.0,0.0,0.5586069822311401,0.0,0.2873368263244629,0.13778740167617798,0.0
"DM-14334",True,"train",0.027112143114209175,0.027116257697343826,0.027114633470773697,0.02711200714111328,0.027118327096104622,0.02711503952741623,0.7830572128295898,0.027130616828799248,0.027123762294650078
"DM-16539",True,"train",0.0,0.0,0.0,0.0,0.1348312348127365,0.0,0.22199700772762299,0.6337026357650757,0.0
"DM-7119",False,"train",0.0,0.0,0.0,0.06181217357516289,0.0,0.0,0.9187134504318237,0.0,0.0
"DM-4194",False,"train",0.9657742977142334,0.0,0.0,0.0,0.0,0.0,0.0,0.0,0.0
"DM-1312",True,"train",0.0,0.0,0.34516990184783936,0.0,0.0,0.4097650945186615,0.13965149223804474,0.07563956826925278,0.0
"DM-12698",False,"train",0.49860879778862,0.0,0.0,0.08558643609285355,0.0,0.2933029234409332,0.09909483045339584,0.0,0.0
"DM-9775",False,"train",0.0,0.09778805822134018,0.0,0.0,0.0,0.0,0.0,0.0,0.8476656675338745
"DM-13317",False,"train",0.0,0.0,0.0,0.0,0.48471909761428833,0.0,0.4506193995475769,0.05861716344952583,0.0
"DM-3173",False,"train",0.0,0.0,0.0,0.0,0.0,0.2145131677389145,0.0,0.7636286020278931,0.0
"DM-7113",True,"train",0.0,0.0,0.0,0.0,0.6153428554534912,0.0,0.324424684047699,0.0,0.04989739879965782
"DM-13959",False,"train",0.03157006576657295,0.03156996890902519,0.03157944977283478,0.031575191766023636,0.03157244250178337,0.7474119067192078,0.03157402202486992,0.03157684952020645,0.031570132821798325
"DM-4832",False,"train",0.0,0.0,0.0,0.0,0.9438329935073853,0.0,0.0,0.0,0.0
"DM-13087",False,"train",0.010133042931556702,0.010133924894034863,0.010134130716323853,0.9188981056213379,0.010149608366191387,0.010134059935808182,0.01013986486941576,0.010141332633793354,0.010135939344763756
"DM-11813",True,"train",0.012309994548559189,0.012310488149523735,0.012312337756156921,0.0123148113489151,0.012310750782489777,0.012317509390413761,0.5385038256645203,0.01231122761964798,0.3753090500831604
"DM-7358",False,"train",0.16232576966285706,0.0,0.2898767292499542,0.0,0.0,0.0,0.500148355960846,0.0,0.0
"DM-17866",False,"train",0.0,0.6384017467498779,0.0,0.0,0.34423407912254333,0.0,0.0,0.0,0.0
"DM-14986",False,"train",0.0,0.3104095757007599,0.5651116967201233,0.0,0.0,0.0,0.09793737530708313,0.0,0.0
"DM-17397",False,"train",0.2299325317144394,0.0,0.0,0.0,0.742698073387146,0.0,0.0,0.0,0.0
"DM-5192",True,"train",0.15290901064872742,0.01853388175368309,0.018526343628764153,0.018525170162320137,0.018535029143095016,0.01852594129741192,0.7173871994018555,0.01853293925523758,0.018524514511227608
"DM-18730",False,"train",0.22078202664852142,0.0,0.0,0.0,0.296000212430954,0.43209153413772583,0.0,0.0,0.0
"DM-15770",False,"train",0.0,0.0,0.0,0.0,0.0,0.0,0.0,0.9644007682800293,0.0
"DM-8564",False,"train",0.0,0.0,0.0,0.12720753252506256,0.8527412414550781,0.0,0.0,0.0,0.0
"DM-8982",False,"train",0.0,0.0,0.9864151477813721,0.0,0.0,0.0,0.0,0.0,0.0
"DM-8462",True,"train",0.022242160513997078,0.6027511358261108,0.0222471896559,0.022236471995711327,0.022238997742533684,0.24155858159065247,0.022237524390220642,0.022251080721616745,0.022236865013837814
"DM-17553",False,"train",0.0,0.0,0.0,0.0,0.0,0.0,0.8588148951530457,0.12494289129972458,0.0
"DM-4833",False,"train",0.0,0.0,0.0,0.0,0.9476550221443176,0.0,0.0,0.0,0.0
"DM-5652",False,"train",0.0,0.5857789516448975,0.0,0.0,0.0,0.0,0.0,0.35488420724868774,0.0
"DM-7065",False,"train",0.0,0.0,0.0,0.0,0.6425978541374207,0.0,0.23781080543994904,0.09069564193487167,0.0
"DM-14593",False,"train",0.3206402659416199,0.0,0.0,0.18585243821144104,0.043394867330789566,0.12780842185020447,0.17109663784503937,0.14663387835025787,0.0
"DM-4393",False,"train",0.0,0.0,0.0,0.1889861673116684,0.0,0.0,0.0,0.8003321290016174,0.0
"DM-11856",False,"train",0.0,0.0,0.3870040774345398,0.0,0.0,0.5801815986633301,0.0,0.0,0.0
"DM-1802",False,"train",0.24934324622154236,0.0,0.12671440839767456,0.0,0.0,0.0,0.0,0.5790359973907471,0.0
"DM-646",False,"train",0.0,0.0,0.0,0.0,0.0,0.0,0.953708291053772,0.0,0.0
"DM-16045",True,"train",0.0,0.978825032711029,0.0,0.0,0.0,0.0,0.0,0.0,0.0
"DM-16696",False,"train",0.0,0.0,0.0,0.0,0.7333387136459351,0.0,0.0,0.12831290066242218,0.11160054802894592
"DM-13674",False,"train",0.0,0.0,0.0,0.1995912343263626,0.05798647180199623,0.0,0.34539416432380676,0.0,0.3844928443431854
"DM-228",True,"train",0.0,0.0,0.0,0.0,0.0,0.5079989433288574,0.4513185918331146,0.0,0.0
"DM-16022",True,"train",0.0,0.0,0.0,0.9682115912437439,0.0,0.0,0.0,0.0,0.0
"DM-16904",False,"train",0.0,0.0,0.0,0.0,0.7382568717002869,0.1968054473400116,0.0,0.0,0.0
"DM-13919",False,"train",0.17574003338813782,0.0,0.0,0.32038673758506775,0.0,0.42905378341674805,0.06909745931625366,0.0,0.0
"DM-5297",False,"train",0.0,0.0,0.0,0.0,0.8301525115966797,0.0,0.0,0.0,0.15394483506679535
"DM-1701",False,"train",0.3243410289287567,0.0,0.0,0.0,0.0,0.6065754890441895,0.0,0.0,0.0
"DM-18532",False,"train",0.0,0.0,0.0,0.3734826147556305,0.0,0.05769556015729904,0.0,0.5486891269683838,0.0
"DM-16392",False,"train",0.0,0.0,0.0,0.0,0.0,0.0,0.18980401754379272,0.7884402275085449,0.017681941390037537
"DM-3142",True,"train",0.0,0.0,0.13939973711967468,0.07713890820741653,0.0,0.08709865808486938,0.3207276165485382,0.37042292952537537,0.0
"DM-10777",True,"train",0.0,0.0,0.0,0.0,0.4853685200214386,0.1498485654592514,0.055356595665216446,0.0,0.30193382501602173
"DM-12272",True,"train",0.5208178758621216,0.0,0.21042323112487793,0.0,0.11209286004304886,0.11454767733812332,0.0,0.0,0.0
"DM-10972",False,"train",0.8238348960876465,0.0,0.0,0.0,0.0,0.0,0.13265042006969452,0.0,0.0
"DM-15431",False,"train",0.023057768121361732,0.0,0.0,0.0,0.3341047465801239,0.51328444480896,0.0,0.12058255076408386,0.0
"DM-10384",True,"train",0.0,0.9505109190940857,0.0,0.0,0.0,0.0,0.0,0.0,0.0
"DM-4497",True,"train",0.018528243526816368,0.018524570390582085,0.018527375534176826,0.01853378675878048,0.018539929762482643,0.018532302230596542,0.8517617583274841,0.0185259897261858,0.01852606050670147
"DM-993",False,"train",0.11086147278547287,0.0,0.0,0.0,0.0,0.0,0.8746433854103088,0.0,0.0
"DM-9618",False,"train",0.035430438816547394,0.035429783165454865,0.71648770570755,0.03543105721473694,0.035437364131212234,0.03543015569448471,0.035448577255010605,0.035430919378995895,0.03547404706478119
"DM-509",False,"train",0.0,0.0,0.0,0.4165290594100952,0.0,0.0,0.0,0.11787039041519165,0.43380481004714966
"DM-2930",False,"train",0.0,0.0,0.0,0.0,0.0,0.0,0.9832081198692322,0.0,0.0
"DM-7969",False,"train",0.0,0.0,0.0,0.1552334725856781,0.0,0.25150266289711,0.5765804052352905,0.0,0.0
"DM-13521",False,"train",0.17267480492591858,0.0,0.0,0.0,0.0,0.47020384669303894,0.0,0.21794570982456207,0.1220218613743782
"DM-13754",True,"train",0.07957877218723297,0.0,0.0,0.0,0.0,0.0,0.8817666172981262,0.0,0.0
"DM-5202",False,"train",0.0,0.0,0.0,0.0,0.0,0.0,0.9510312080383301,0.0,0.0
"DM-1071",False,"train",0.0,0.0,0.0,0.11815349757671356,0.0,0.0,0.0,0.687693178653717,0.15355584025382996
"DM-10605",True,"train",0.0,0.0,0.0,0.0,0.0,0.0,0.0,0.0,0.9258865714073181
"DM-8832",False,"train",0.9636971354484558,0.0,0.0,0.0,0.0,0.0,0.0,0.03487643972039223,0.0
"DM-7946",False,"train",0.0,0.0,0.0,0.0,0.0,0.0,0.7616315484046936,0.0,0.18594884872436523
"DM-929",False,"train",0.3747522234916687,0.0,0.0,0.0,0.0,0.0,0.28514519333839417,0.0,0.31440022587776184
"DM-9848",False,"train",0.9284837245941162,0.0,0.0,0.0,0.07021753489971161,0.0,0.0,0.0,0.0
"DM-8500",False,"train",0.0,0.0,0.49429917335510254,0.313844233751297,0.0,0.0,0.1806315928697586,0.0,0.0
"DM-13806",True,"train",0.010025993920862675,0.010027390904724598,0.010025177150964737,0.01002848707139492,0.47142085433006287,0.010030585341155529,0.01002939697355032,0.010025890544056892,0.45838621258735657
"DM-2320",False,"train",0.0,0.0,0.440176397562027,0.0,0.09477447718381882,0.0,0.4331885576248169,0.0,0.0
"DM-17",False,"train",0.0,0.9443033933639526,0.0,0.0,0.0,0.0,0.0,0.0,0.0
"DM-13842",False,"train",0.0,0.0,0.0,0.0,0.92652827501297,0.0,0.0,0.0,0.0
"DM-6538",False,"train",0.0,0.0,0.0,0.0,0.0,0.0,0.9576320648193359,0.0,0.0
"DM-2681",False,"train",0.0,0.0,0.0,0.0,0.0,0.0,0.28473135828971863,0.7014843225479126,0.0
"DM-11046",False,"train",0.011928509920835495,0.011929408647119999,0.01193687878549099,0.011935965158045292,0.011928235180675983,0.011931529268622398,0.403991162776947,0.01193256676197052,0.5124857425689697
"DM-13972",False,"train",0.0,0.0,0.0,0.7980968952178955,0.0,0.0,0.13877049088478088,0.05276523903012276,0.0
"DM-11377",False,"train",0.0,0.0,0.21574588119983673,0.0,0.0,0.14291498064994812,0.21929563581943512,0.2214328795671463,0.18972092866897583
"DM-3501",False,"train",0.015883129090070724,0.015901535749435425,0.015880119055509567,0.01588817685842514,0.015887273475527763,0.015885237604379654,0.015907246619462967,0.8728837370872498,0.015883587300777435
"DM-10482",False,"train",0.0,0.0,0.0,0.0,0.0,0.0,0.0,0.9657607674598694,0.0
"DM-8685",True,"train",0.0,0.0,0.0,0.0,0.958671510219574,0.0,0.0,0.0,0.0
"DM-1885",False,"train",0.010110616683959961,0.010108019225299358,0.010107816196978092,0.010111778974533081,0.010112831369042397,0.5488898158073425,0.010110415518283844,0.38033854961395264,0.010110113769769669
"DM-7889",True,"train",0.0,0.0,0.0,0.0,0.9555210471153259,0.0,0.0,0.0,0.0
"DM-13456",True,"train",0.0,0.0,0.0,0.0,0.0,0.0,0.13683325052261353,0.0,0.8144243359565735
"DM-8085",False,"train",0.0,0.0,0.22490322589874268,0.0,0.0,0.0,0.0,0.7718116641044617,0.0
"DM-10370",False,"train",0.0,0.4637712240219116,0.0,0.0,0.0,0.23935243487358093,0.0,0.0,0.2772426903247833
"DM-3459",False,"train",0.0,0.0,0.0,0.0,0.0,0.10115794837474823,0.0,0.5759841799736023,0.29809868335723877
"DM-7822",False,"train",0.0,0.0,0.0,0.0,0.0,0.0,0.953169047832489,0.0,0.0
"DM-15085",False,"train",0.029551105573773384,0.0,0.0,0.0,0.43379083275794983,0.0,0.3099988102912903,0.22029362618923187,0.0
"DM-8462",True,"train",0.022242160513997078,0.6027511358261108,0.0222471896559,0.022236471995711327,0.022238997742533684,0.24155858159065247,0.022237524390220642,0.022251080721616745,0.022236865013837814
"DM-15160",False,"train",0.0,0.0,0.0,0.0,0.0,0.6799992322921753,0.0,0.0,0.28127920627593994
"DM-16273",False,"train",0.0,0.0,0.0,0.08101456612348557,0.8911269903182983,0.0,0.0,0.0,0.0
"DM-774",False,"train",0.03577815741300583,0.03578021749854088,0.7136998176574707,0.03578554093837738,0.03577856719493866,0.03578237444162369,0.03580987825989723,0.035779207944869995,0.03580620512366295
"DM-2939",True,"train",0.0,0.13505400717258453,0.0,0.5467916131019592,0.0,0.0,0.16486266255378723,0.14059767127037048,0.0
"DM-8872",True,"train",0.0,0.0,0.0,0.0,0.0,0.0,0.0,0.9423596262931824,0.0
"DM-10822",False,"train",0.0,0.0,0.0,0.0,0.0,0.3315804600715637,0.2987614572048187,0.32565590739250183,0.0
"DM-13096",False,"train",0.25205743312835693,0.0,0.0,0.3864384889602661,0.0,0.15367430448532104,0.0,0.18503928184509277,0.0
"DM-5472",False,"train",0.44031259417533875,0.0,0.0,0.0,0.0,0.342212975025177,0.0,0.19083435833454132,0.0
"DM-11601",False,"train",0.0,0.0,0.0,0.9695010781288147,0.0,0.0,0.0,0.0,0.0
"DM-10257",True,"train",0.15556210279464722,0.0,0.17418162524700165,0.3412141799926758,0.0,0.3131922483444214,0.0,0.0,0.0
"DM-2201",True,"train",0.9154839515686035,0.010564245283603668,0.01056953240185976,0.0105659244582057,0.010565499775111675,0.010566692799329758,0.010561770759522915,0.01055968552827835,0.010562676936388016
"DM-7301",False,"train",0.02781224623322487,0.027795281261205673,0.027795149013400078,0.027792777866125107,0.027795029804110527,0.027793142944574356,0.027792656794190407,0.7776307463645935,0.027792958542704582
"DM-17284",False,"train",0.0,0.6015323400497437,0.0,0.33856022357940674,0.0,0.0,0.0,0.0,0.0
"DM-10275",False,"train",0.21922452747821808,0.0,0.0861494243144989,0.6614227890968323,0.0,0.0,0.0,0.0,0.0
"DM-5541",False,"train",0.02224445901811123,0.8221255540847778,0.022229883819818497,0.022233083844184875,0.022230928763747215,0.022234216332435608,0.022232620045542717,0.022234637290239334,0.022234657779335976
"DM-17399",False,"train",0.0,0.8431565165519714,0.0,0.1112649142742157,0.0,0.0,0.0,0.0,0.038236938416957855
"DM-10543",False,"train",0.0,0.0,0.1386822760105133,0.6262924671173096,0.14626255631446838,0.0,0.0,0.06327971071004868,0.0
"DM-5784",False,"train",0.0,0.0,0.0,0.0,0.0,0.10565122216939926,0.06305806338787079,0.5985883474349976,0.2220718115568161
"DM-6438",False,"train",0.2688225209712982,0.0,0.038142137229442596,0.0,0.0,0.0,0.3826204240322113,0.0,0.30229824781417847
"DM-15370",False,"train",0.0,0.0,0.0,0.39510488510131836,0.0,0.5693831443786621,0.0,0.0,0.0
"DM-2797",True,"train",0.0,0.0,0.0,0.0,0.9114056825637817,0.0,0.0,0.06493254750967026,0.0
"DM-3347",False,"train",0.0,0.26608744263648987,0.0,0.0,0.13801652193069458,0.22665798664093018,0.0,0.03240681812167168,0.33116599917411804
"DM-10433",False,"train",0.0,0.9721925258636475,0.0,0.0,0.0,0.0,0.0,0.0,0.0
"DM-15311",True,"train",0.3655548393726349,0.0,0.0,0.0,0.0,0.23760627210140228,0.0,0.3770710825920105,0.0
"DM-13202",True,"train",0.0,0.0,0.0,0.36625048518180847,0.21378012001514435,0.0,0.0,0.0,0.40796878933906555
"DM-13491",False,"train",0.23621448874473572,0.0,0.2767920196056366,0.0,0.4655389189720154,0.0,0.0,0.0,0.0
"DM-17390",True,"train",0.016264837235212326,0.016258621588349342,0.1813359260559082,0.016264071688055992,0.016266562044620514,0.17382465302944183,0.016272233799099922,0.5472506284713745,0.01626242697238922
"DM-6309",False,"train",0.0,0.09616899490356445,0.0,0.0,0.0,0.0,0.0,0.0,0.873818039894104
"DM-13163",False,"train",0.9715678691864014,0.0,0.0,0.0,0.0,0.0,0.0,0.0,0.0
"DM-14155",False,"train",0.0,0.9782962799072266,0.0,0.0,0.0,0.0,0.0,0.0,0.0
"DM-8097",False,"train",0.14507071673870087,0.2516876459121704,0.0,0.0,0.0,0.0,0.0,0.599574863910675,0.0
"DM-1305",False,"train",0.6700822710990906,0.049035850912332535,0.03239140287041664,0.0,0.0,0.0,0.0,0.0,0.24594588577747345
"DM-1364",False,"train",0.0,0.0,0.0,0.9531508088111877,0.0,0.0,0.0,0.0,0.0
"DM-14755",False,"train",0.07541389763355255,0.0,0.09776149690151215,0.0,0.0,0.11061622202396393,0.5317257046699524,0.17731764912605286,0.0
"DM-5447",False,"train",0.0,0.0,0.0,0.0,0.7064673900604248,0.0,0.26840656995773315,0.0,0.0
"DM-833",False,"train",0.0,0.0,0.0,0.0,0.0,0.9557018280029297,0.0,0.0,0.0
"DM-12035",False,"train",0.0,0.0,0.0,0.0,0.9846629500389099,0.0,0.0,0.0,0.0
"DM-12794",False,"train",0.0,0.0,0.0,0.0,0.0,0.9628612995147705,0.0,0.0,0.0
"DM-3104",False,"train",0.0,0.0,0.0,0.0,0.0,0.0,0.9765944480895996,0.0,0.0
"DM-1587",True,"train",0.015888426452875137,0.015882711857557297,0.015882855281233788,0.7356755137443542,0.1531427949666977,0.01588089019060135,0.015881722792983055,0.0158837977796793,0.015881283208727837
"DM-12521",False,"train",0.03667757287621498,0.0366671122610569,0.03670419007539749,0.03666754439473152,0.0366666279733181,0.0366666205227375,0.03666740655899048,0.7066163420677185,0.03666660189628601
"DM-15040",False,"train",0.9977550506591797,0.0,0.0,0.0,0.0,0.0,0.0,0.0,0.0
"DM-14840",False,"train",0.0,0.06921545416116714,0.0,0.6266922950744629,0.0,0.0,0.0,0.0,0.29137030243873596
"DM-4903",True,"train",0.3275378346443176,0.0,0.0,0.23809467256069183,0.41886433959007263,0.0,0.0,0.0,0.0
"DM-16174",False,"train",0.5939731001853943,0.09551138430833817,0.0,0.0,0.0,0.0,0.0,0.3032364547252655,0.0
"DM-13335",True,"train",0.0,0.4793800413608551,0.0,0.3631187379360199,0.0,0.0,0.14421461522579193,0.0,0.0
"DM-11313",False,"train",0.8729408383369446,0.01589195802807808,0.01587662659585476,0.015880441293120384,0.015882285311818123,0.01588098518550396,0.015878694131970406,0.01588662713766098,0.01588159054517746
"DM-10438",False,"train",0.0,0.0,0.0,0.11625293642282486,0.0,0.0,0.0,0.3101370334625244,0.5574576258659363
"DM-6549",True,"train",0.0,0.0,0.237728551030159,0.0,0.0,0.0,0.0,0.0,0.7466719746589661
"DM-8619",False,"train",0.0,0.340920627117157,0.0,0.0,0.0,0.0,0.0,0.0,0.5991660356521606
"DM-11571",False,"train",0.10682158917188644,0.0,0.0,0.0,0.7029822468757629,0.0,0.17812106013298035,0.0,0.0
"DM-8004",False,"train",0.614314079284668,0.0,0.0,0.0,0.0,0.0,0.0,0.38236916065216064,0.0
"DM-8808",False,"train",0.0,0.0,0.1436345875263214,0.0,0.0,0.0,0.6820948123931885,0.1439897119998932,0.0
"DM-11653",True,"train",0.0,0.5262629389762878,0.0,0.0,0.0,0.0,0.0,0.41385743021965027,0.0
"DM-337",False,"train",0.012580476701259613,0.012579541653394699,0.21490375697612762,0.012582749128341675,0.012577206827700138,0.012578370980918407,0.012581776827573776,0.697039008140564,0.012577180750668049
"DM-5206",False,"train",0.02604844607412815,0.0,0.368602991104126,0.0,0.0,0.0,0.06116712465882301,0.0,0.5377339720726013
"DM-8696",False,"train",0.0,0.9217764139175415,0.0,0.0,0.0,0.0,0.0,0.0,0.0
"DM-8805",False,"train",0.30337852239608765,0.024205509573221207,0.23689669370651245,0.03133224695920944,0.0,0.4015713036060333,0.0,0.0,0.0
"DM-13849",False,"train",0.3691011667251587,0.0,0.0,0.0,0.0,0.0,0.0,0.0,0.6126555800437927
"DM-8594",False,"train",0.0,0.0,0.5822486281394958,0.0,0.0,0.0,0.38391533493995667,0.0,0.0
"DM-10986",False,"train",0.013228394091129303,0.013224109075963497,0.0132226487621665,0.013222767971456051,0.13710518181324005,0.01322711631655693,0.013227100484073162,0.013222313486039639,0.7703203558921814
"DM-1998",False,"train",0.0,0.0,0.6360685229301453,0.0,0.0,0.0,0.3249734342098236,0.0,0.0
"DM-1088",False,"train",0.0,0.12308862060308456,0.0,0.0,0.0,0.7162960171699524,0.0,0.0,0.1496458500623703
"DM-14761",False,"train",0.0,0.09902750700712204,0.0,0.8673423528671265,0.0,0.0,0.0,0.0,0.0
"DM-11528",False,"train",0.22700288891792297,0.0,0.0,0.0,0.14777185022830963,0.30720141530036926,0.29147693514823914,0.0,0.0
"DM-2020",False,"train",0.013355890288949013,0.013356765732169151,0.01335983257740736,0.2538650929927826,0.65262770652771,0.013360454700887203,0.013356534764170647,0.013355687260627747,0.013362077064812183
"DM-2161",False,"train",0.0,0.0,0.0,0.10117331147193909,0.31878334283828735,0.0,0.0,0.5383461117744446,0.0
"DM-7995",False,"train",0.0,0.0,0.0,0.2955490052700043,0.0,0.0,0.6714549660682678,0.0,0.0
"DM-4454",False,"train",0.1683596521615982,0.0,0.0,0.0,0.0,0.19082726538181305,0.1032252237200737,0.528203010559082,0.0
"DM-848",False,"train",0.2811059057712555,0.0,0.0,0.7019439935684204,0.0,0.0,0.0,0.0,0.0
"DM-7949",False,"train",0.0,0.06811893731355667,0.029238173738121986,0.0,0.063479483127594,0.0,0.0,0.46666136384010315,0.3656701147556305
"DM-5320",False,"train",0.0,0.0,0.0,0.0,0.7842602133750916,0.0,0.19803035259246826,0.0,0.0
"DM-13655",False,"train",0.0,0.0,0.4195282757282257,0.0,0.0,0.5123813152313232,0.05609940364956856,0.0,0.0
"DM-15528",False,"train",0.0,0.0,0.3061807155609131,0.0,0.34813642501831055,0.0,0.32550305128097534,0.0,0.0
"DM-13651",False,"train",0.4808778166770935,0.21376793086528778,0.0,0.05558156967163086,0.0,0.0,0.0,0.10308162868022919,0.13942183554172516
"DM-10026",False,"train",0.0,0.0,0.0,0.0,0.0,0.5689850449562073,0.3715876340866089,0.0,0.0
"DM-5276",True,"train",0.0,0.03710312396287918,0.9070063829421997,0.0,0.0486641600728035,0.0,0.0,0.0,0.0
"DM-13878",False,"train",0.0,0.0,0.0,0.0,0.0,0.5062053203582764,0.0,0.0,0.47086483240127563
"DM-4851",False,"train",0.012849212624132633,0.012848724611103535,0.012848141603171825,0.012862498871982098,0.012851263396441936,0.8971911668777466,0.012849111109972,0.012848504818975925,0.012851453386247158
"DM-3608",False,"train",0.0,0.2421225905418396,0.0,0.09844178706407547,0.3383985161781311,0.0,0.12555235624313354,0.0,0.1820017397403717
"DM-6814",False,"train",0.0214174035936594,0.021426348015666008,0.3120369613170624,0.021417031064629555,0.021421484649181366,0.02142753079533577,0.5379939079284668,0.021433165296912193,0.021426159888505936
"DM-10336",False,"train",0.4827631115913391,0.023106837645173073,0.4234185516834259,0.0,0.0,0.0,0.03399162366986275,0.0,0.03211039677262306
"DM-11280",False,"train",0.0,0.0,0.0,0.0,0.9504700899124146,0.0,0.0,0.0,0.0
"DM-15373",False,"train",0.0278043020516634,0.027793744578957558,0.027798665687441826,0.02781381644308567,0.02782432734966278,0.16724076867103577,0.027794715017080307,0.6381279230117798,0.02780177630484104
"DM-6293",False,"train",0.0,0.0,0.6005354523658752,0.0,0.34740182757377625,0.0,0.04298975691199303,0.0,0.0
"DM-8019",False,"train",0.0,0.0,0.0,0.0,0.0,0.0,0.5729973316192627,0.0,0.40381768345832825
"DM-8296",False,"train",0.0,0.2097492814064026,0.0,0.0,0.0,0.5267255902290344,0.0,0.1250893771648407,0.11999006569385529
"DM-15224",False,"train",0.13773582875728607,0.0,0.0,0.588590145111084,0.0,0.16513344645500183,0.0,0.0,0.09964902698993683
"DM-17486",False,"train",0.013894190080463886,0.013894745148718357,0.013894101604819298,0.013894694857299328,0.013894928619265556,0.013894328847527504,0.013894541189074516,0.013894428499042988,0.8888440132141113
"DM-14239",False,"train",0.0,0.0,0.0,0.7253788113594055,0.21070587635040283,0.0,0.0,0.0,0.0
"DM-8754",True,"train",0.013534544967114925,0.013527603819966316,0.24120138585567474,0.013531140051782131,0.013526909053325653,0.013527613133192062,0.6640737652778625,0.01354439277201891,0.013532638549804688
"DM-14372",False,"train",0.22825758159160614,0.0,0.0,0.0,0.0,0.0,0.0,0.0,0.7259582877159119
"DM-12428",False,"train",0.15517506003379822,0.07722996175289154,0.0,0.0,0.0,0.07723847031593323,0.6609560251235962,0.0,0.0
"DM-2841",False,"train",0.12520243227481842,0.0,0.0,0.0,0.0,0.0,0.8262738585472107,0.0,0.0
"DM-1617",False,"train",0.0,0.0,0.0,0.0,0.9668174386024475,0.0,0.0,0.0,0.0
"DM-18363",False,"train",0.0,0.0,0.0,0.42186295986175537,0.0,0.5361811518669128,0.0,0.0,0.0
"DM-6611",False,"train",0.013814045116305351,0.01381952315568924,0.013813299126923084,0.013815046288073063,0.2736382484436035,0.01381829846650362,0.43167439103126526,0.2117941677570343,0.01381293311715126
"DM-742",True,"train",0.0,0.0,0.0,0.0,0.0,0.0,0.943612813949585,0.0,0.0
"DM-7039",False,"train",0.0,0.4041239321231842,0.0,0.0,0.0,0.0,0.0,0.5792984962463379,0.0
"DM-707",False,"train",0.0,0.0,0.9892812371253967,0.0,0.0,0.0,0.0,0.0,0.0
"DM-1541",False,"train",0.0,0.0,0.0,0.41587477922439575,0.12777210772037506,0.0,0.22533482313156128,0.08562880754470825,0.1395917683839798
"DM-12419",False,"train",0.2151951938867569,0.0,0.0,0.0,0.0,0.0,0.3068923354148865,0.0,0.4489663243293762
"DM-1076",False,"train",0.0,0.0,0.5828794836997986,0.37921032309532166,0.0,0.0,0.0,0.0,0.0
"DM-9882",False,"train",0.0,0.0,0.0,0.0,0.981839656829834,0.0,0.0,0.0,0.0
"DM-12851",False,"train",0.7067457437515259,0.0,0.0,0.0,0.0,0.0,0.0,0.0,0.28283748030662537
"DM-15355",False,"train",0.9896336793899536,0.0,0.0,0.0,0.0,0.0,0.0,0.0,0.0
"DM-3141",False,"train",0.0,0.15417860448360443,0.034236643463373184,0.0,0.0,0.10400744527578354,0.0,0.6611176133155823,0.045953623950481415
"DM-7453",False,"train",0.2374204695224762,0.0,0.0,0.5569635629653931,0.0,0.0,0.16871748864650726,0.0,0.0
"DM-18708",False,"train",0.9472690224647522,0.0,0.0,0.0,0.0,0.0,0.0,0.0,0.0
"DM-7822",False,"train",0.0,0.0,0.0,0.0,0.0,0.0,0.953169047832489,0.0,0.0
"DM-17913",False,"train",0.0,0.0,0.0,0.0,0.11134955286979675,0.0,0.0,0.4264301061630249,0.4421119689941406
"DM-13038",False,"train",0.0,0.0,0.0,0.06909774988889694,0.7765357494354248,0.0,0.1120954155921936,0.0,0.03139202296733856
"DM-215",True,"train",0.4903905689716339,0.02223932556807995,0.02223670482635498,0.022245146334171295,0.022234687581658363,0.022235598415136337,0.022244755178689957,0.3539353907108307,0.022237807512283325
"DM-9639",False,"train",0.0,0.0,0.0,0.0,0.0,0.5545877814292908,0.0,0.3947555422782898,0.0
"DM-531",False,"train",0.0,0.0,0.0,0.013824657537043095,0.07272376120090485,0.0,0.8808104395866394,0.0,0.030042434111237526
"DM-14544",False,"train",0.010107925161719322,0.010105934925377369,0.010104214772582054,0.010107133537530899,0.9191511273384094,0.010107646696269512,0.010106491856276989,0.01010434702038765,0.010105181485414505
"DM-17565",True,"train",0.0,0.0,0.07224191725254059,0.0,0.0,0.886084794998169,0.0,0.0,0.0
"DM-764",False,"train",0.0,0.320700466632843,0.0,0.0,0.0,0.0,0.0,0.6382890343666077,0.0
"DM-15606",True,"train",0.0,0.0,0.0,0.0,0.0,0.0,0.0,0.1292087733745575,0.8464651703834534
"DM-981",False,"train",0.0,0.16530786454677582,0.0,0.0,0.0,0.0,0.0,0.8022433519363403,0.0
"DM-10116",False,"train",0.0,0.0,0.0,0.0,0.9505399465560913,0.0,0.0,0.0,0.0
"DM-14014",False,"train",0.0,0.0,0.0,0.0,0.0,0.0,0.0,0.9777363538742065,0.0
"DM-13850",False,"train",0.0,0.4289284944534302,0.0,0.0,0.5300750732421875,0.0,0.0,0.0,0.0
"DM-1482",False,"train",0.0,0.0,0.0,0.22173063457012177,0.0,0.7517879009246826,0.0,0.0,0.0
"DM-15126",False,"train",0.3184756338596344,0.6443427205085754,0.0,0.0,0.0,0.0,0.0,0.0,0.0
"DM-16260",False,"train",0.01637553982436657,0.016374194994568825,0.8690009713172913,0.01637503132224083,0.016372835263609886,0.016372624784708023,0.016381580382585526,0.016374550759792328,0.016372714191675186
"DM-11048",False,"train",0.1662854254245758,0.01365641038864851,0.7381231188774109,0.013657059520483017,0.01365788746625185,0.013654026202857494,0.013654747046530247,0.013656956143677235,0.013654395937919617
"DM-8708",False,"train",0.9252713918685913,0.0,0.0,0.0,0.0,0.0,0.0,0.0,0.0
"DM-2657",False,"train",0.0,0.17463234066963196,0.0,0.0,0.6189330816268921,0.0,0.0,0.1779528111219406,0.0
"DM-12038",False,"train",0.0,0.0,0.0,0.29924941062927246,0.10043405741453171,0.13691158592700958,0.0,0.4449530243873596,0.0
"DM-1126",True,"train",0.0,0.0,0.0,0.0,0.0,0.9879743456840515,0.0,0.0,0.0
"DM-9134",False,"train",0.0,0.0,0.0,0.7098727226257324,0.0,0.0,0.0,0.2270013839006424,0.0
"DM-1868",True,"train",0.0,0.0,0.0,0.0,0.0,0.0,0.7175249457359314,0.2615470290184021,0.0
"DM-5471",False,"train",0.0,0.0,0.0,0.0,0.0,0.0,0.7914333939552307,0.1783810555934906,0.0
"DM-17608",False,"train",0.16736772656440735,0.0,0.0,0.052361469715833664,0.15592777729034424,0.4814343750476837,0.0,0.13604268431663513,0.0
"DM-7053",False,"train",0.0,0.1274246871471405,0.0,0.0,0.11315063387155533,0.4099331498146057,0.3412131667137146,0.0,0.0
"DM-6257",False,"train",0.013895378448069096,0.013904958963394165,0.013897547498345375,0.01390592660754919,0.013894138857722282,0.013901366852223873,0.013899700716137886,0.013900361023843288,0.8888006210327148
"DM-588",False,"train",0.0330502949655056,0.0,0.0,0.0,0.0,0.37186625599861145,0.1762840747833252,0.3037472367286682,0.11129558086395264
"DM-17186",False,"train",0.0,0.4489981532096863,0.0,0.0,0.0,0.0,0.0,0.11108048260211945,0.4046487808227539
"DM-9194",True,"train",0.0,0.12301873415708542,0.0,0.0,0.07944443821907043,0.0,0.0,0.0,0.7716392874717712
"DM-16312",False,"train",0.5000396370887756,0.0,0.0,0.0,0.4482528865337372,0.0,0.0,0.0,0.0
"DM-1256",False,"train",0.022231943905353546,0.022231627255678177,0.022229010239243507,0.02223639003932476,0.022240545600652695,0.02223164774477482,0.022253891453146935,0.022237591445446014,0.8221073746681213
"DM-4575",True,"train",0.0,0.0,0.0,0.36413490772247314,0.0,0.5954183340072632,0.0,0.0,0.0
"DM-11519",False,"train",0.21424120664596558,0.0,0.0,0.4527589678764343,0.145816370844841,0.05880197882652283,0.0,0.0,0.12130623310804367
"DM-6077",False,"train",0.0,0.0,0.0,0.0,0.0,0.7909970283508301,0.0,0.16573810577392578,0.0
"DM-2698",False,"train",0.0,0.08099144697189331,0.0,0.1427837461233139,0.0,0.06129005551338196,0.4222314655780792,0.19407841563224792,0.09257764369249344
"DM-4440",False,"train",0.0,0.0,0.23382151126861572,0.0,0.0,0.7044433355331421,0.0,0.0,0.0
"DM-1580",False,"train",0.0,0.0,0.07144168764352798,0.21527142822742462,0.0,0.18099446594715118,0.3825046122074127,0.1370459347963333,0.0
"DM-1255",False,"train",0.02224518358707428,0.022240061312913895,0.022244371473789215,0.02224745601415634,0.578360378742218,0.022242937237024307,0.02225593291223049,0.0222467053681612,0.26591700315475464
"DM-16305",False,"train",0.0,0.0,0.0,0.0,0.0,0.0,0.0,0.8301313519477844,0.15037941932678223
"DM-3637",False,"train",0.0,0.0,0.0,0.062175605446100235,0.0,0.0,0.6816513538360596,0.22583390772342682,0.0
"DM-11315",False,"train",0.011172804981470108,0.2889132797718048,0.6328702569007874,0.011175441555678844,0.011172402650117874,0.011174401268362999,0.011172831058502197,0.011173909530043602,0.01117468997836113
"DM-5465",False,"train",0.0,0.5698063969612122,0.0,0.29683518409729004,0.0,0.0,0.04965873435139656,0.0,0.06984905898571014
"DM-3363",False,"train",0.043333906680345535,0.0,0.24556192755699158,0.0,0.10631491243839264,0.0,0.5900533199310303,0.0,0.0
"DM-17341",False,"train",0.0,0.0,0.0,0.3766767978668213,0.12903735041618347,0.44994378089904785,0.0,0.0,0.0
"DM-1431",True,"train",0.0,0.959571897983551,0.0,0.0,0.0,0.0,0.0,0.0,0.0
"DM-15680",False,"train",0.0,0.0,0.0,0.9443906545639038,0.0,0.0,0.0,0.0,0.0
"DM-9279",False,"train",0.015880053862929344,0.01622772589325905,0.872606098651886,0.015879355370998383,0.015882685780525208,0.01588204689323902,0.01588156633079052,0.015880249440670013,0.015880227088928223
"DM-8239",False,"train",0.0,0.0,0.0,0.0,0.0,0.0,0.9831717014312744,0.0,0.0
"DM-18327",False,"train",0.4015044867992401,0.0,0.0,0.0,0.572445273399353,0.0,0.0,0.0,0.0
"DM-10887",False,"train",0.015899647027254105,0.8728536367416382,0.01589396223425865,0.01589142344892025,0.015891490504145622,0.01589292474091053,0.015891198068857193,0.015894517302513123,0.015891173854470253
"DM-13313",False,"train",0.7895668148994446,0.012382758781313896,0.12372657656669617,0.012385896407067776,0.012387720867991447,0.01239310298115015,0.012387643568217754,0.01238376833498478,0.012385773472487926
"DM-4483",False,"train",0.018525537103414536,0.018525440245866776,0.018530182540416718,0.018528280779719353,0.6790133118629456,0.19128350913524628,0.018544482067227364,0.018523914739489555,0.018525350838899612
"DM-15431",False,"train",0.023057768121361732,0.0,0.0,0.0,0.3341047465801239,0.51328444480896,0.0,0.12058255076408386,0.0
"DM-5132",False,"train",0.6492393612861633,0.16491097211837769,0.0,0.0,0.18080838024616241,0.0,0.0,0.0,0.0
"DM-7915",False,"train",0.0,0.0,0.0,0.0,0.0,0.0,0.0,0.8381876349449158,0.15275727212429047
"DM-521",False,"train",0.0,0.0,0.0,0.0,0.0,0.0,0.9831883311271667,0.0,0.0
"DM-9578",False,"train",0.0,0.0,0.0,0.9738354086875916,0.0,0.0,0.0,0.0,0.0
"DM-14359",False,"train",0.3597841262817383,0.05368194729089737,0.020547768101096153,0.3549303710460663,0.0,0.0,0.0,0.20588381588459015,0.0
"DM-4566",False,"train",0.0,0.0,0.0,0.0,0.5254402160644531,0.43381816148757935,0.0,0.0,0.0
"DM-4210",False,"train",0.0,0.0,0.35216107964515686,0.2640959322452545,0.36108171939849854,0.0,0.0,0.0,0.0
"DM-6717",False,"train",0.020238155499100685,0.020235097035765648,0.02023513801395893,0.02025984600186348,0.020238956436514854,0.020243819802999496,0.02024381421506405,0.8380545973777771,0.020250583067536354
"DM-12361",False,"train",0.0,0.0,0.0,0.9644186496734619,0.0,0.0,0.0,0.0,0.0
"DM-15233",False,"train",0.5697271823883057,0.0,0.3732580542564392,0.0,0.0,0.03736383095383644,0.0,0.0,0.0
"DM-5037",False,"train",0.0,0.0,0.0,0.0,0.0,0.0,0.9363694787025452,0.0,0.0
"DM-5785",False,"train",0.7218529582023621,0.0,0.0,0.0,0.25113165378570557,0.0,0.0,0.0,0.0
"DM-13267",False,"train",0.0,0.28696030378341675,0.0,0.0,0.0,0.0,0.0,0.0,0.6722740530967712
"DM-6651",False,"train",0.0,0.0,0.0,0.0,0.0,0.0,0.9818126559257507,0.0,0.0
"DM-8646",False,"train",0.0,0.0,0.0,0.0,0.0,0.0,0.0,0.0,0.9782628417015076
"DM-15602",False,"train",0.0,0.0,0.04996340349316597,0.9448508620262146,0.0,0.0,0.0,0.0,0.0
"DM-14072",False,"train",0.0,0.0,0.0,0.9702642560005188,0.0,0.0,0.0,0.0,0.0
"DM-9326",False,"train",0.0,0.0,0.0,0.7268156409263611,0.2307024747133255,0.0,0.0,0.0,0.0
"DM-13861",True,"train",0.0,0.0,0.0,0.0,0.0,0.0,0.0,0.0,0.9712965488433838
"DM-6356",False,"train",0.0,0.0,0.0,0.0,0.0,0.0,0.0,0.0,0.9407135248184204
"DM-9297",False,"train",0.0,0.0,0.0,0.0,0.19993993639945984,0.0,0.7860385179519653,0.0,0.0
"DM-8357",False,"train",0.9110665321350098,0.011119959875941277,0.01111421175301075,0.011116608045995235,0.011118059046566486,0.011116902343928814,0.011116583831608295,0.01111600548028946,0.01111513003706932
"DM-2189",False,"train",0.026412097737193108,0.02640789933502674,0.026420973241329193,0.02640816941857338,0.026408813893795013,0.026412205770611763,0.02641024999320507,0.026403753086924553,0.7887158393859863
"DM-13621",True,"train",0.012408504262566566,0.012407451868057251,0.012410185299813747,0.012413710355758667,0.3607320189476013,0.012408353388309479,0.5523960590362549,0.0124097540974617,0.012414027005434036
"DM-12818",False,"train",0.0,0.0,0.0,0.19261547923088074,0.5002886056900024,0.0,0.29272449016571045,0.0,0.0
"DM-2258",False,"train",0.0,0.3980688750743866,0.0,0.0,0.0,0.27923136949539185,0.0,0.30243369936943054,0.0
"DM-1456",True,"train",0.01853143610060215,0.018536819145083427,0.018530547618865967,0.8517282009124756,0.018537241965532303,0.01852734200656414,0.018534395843744278,0.01853180304169655,0.01854223571717739
"DM-6933",True,"train",0.0,0.0,0.0,0.0,0.0,0.9314573407173157,0.0,0.0,0.0
"DM-5759",True,"train",0.0,0.0,0.0,0.0,0.3454437851905823,0.0,0.6343483328819275,0.0,0.0
"DM-13562",False,"train",0.1295747011899948,0.0,0.0,0.0,0.1330462098121643,0.7148647904396057,0.0,0.0,0.0
"DM-10847",False,"train",0.0,0.0,0.04473963379859924,0.820731520652771,0.0,0.0,0.0,0.0,0.10108828544616699
"DM-13715",False,"train",0.0,0.0,0.0,0.0,0.953038215637207,0.0,0.0,0.0,0.0
"DM-5293",False,"train",0.0,0.0,0.0,0.0,0.0,0.0,0.0,0.0,0.9730305075645447
"DM-2205",True,"train",0.0,0.0,0.12058548629283905,0.0,0.6487501263618469,0.0,0.0,0.21603649854660034,0.0
"DM-13850",False,"train",0.0,0.4289284944534302,0.0,0.0,0.5300750732421875,0.0,0.0,0.0,0.0
"DM-7504",False,"train",0.0,0.04793580621480942,0.0,0.0,0.2252752184867859,0.09851297736167908,0.0,0.0,0.6119685173034668
"DM-5729",False,"train",0.0,0.8774855732917786,0.0,0.0,0.0,0.0,0.0,0.0,0.09138195216655731
"DM-7346",False,"train",0.0,0.0,0.6774688363075256,0.0,0.0,0.0,0.2626005709171295,0.0,0.0
"DM-6547",True,"train",0.012095767073333263,0.012097938917577267,0.012105550616979599,0.012097937054932117,0.012095125392079353,0.012100299820303917,0.012101874686777592,0.012095358222723007,0.9032101035118103
"DM-1073",False,"train",0.0,0.0,0.0,0.0,0.0,0.0,0.0,0.5219515562057495,0.4223884046077728
"DM-13986",False,"train",0.026686128228902817,0.026686768978834152,0.026687495410442352,0.026698391884565353,0.02668905071914196,0.026688463985919952,0.3563639521598816,0.0267042089253664,0.4567956030368805
"DM-5797",False,"train",0.739535927772522,0.0,0.25812235474586487,0.0,0.0,0.0,0.0,0.0,0.0
"DM-16291",False,"train",0.7580437064170837,0.0,0.0,0.0707983672618866,0.0,0.0,0.0,0.0,0.16145117580890656
"DM-9503",False,"train",0.7114282846450806,0.283111572265625,0.0,0.0,0.0,0.0,0.0,0.0,0.0
"DM-11957",True,"train",0.0,0.420590877532959,0.05688001215457916,0.0,0.0,0.0,0.08369434624910355,0.0,0.42209020256996155
"DM-9432",True,"train",0.019288750365376472,0.01927962526679039,0.8457613587379456,0.019277624785900116,0.019278986379504204,0.019276803359389305,0.019275834783911705,0.01928347535431385,0.019277548417448997
"DM-10497",False,"train",0.22890229523181915,0.010323947295546532,0.010327166877686977,0.010322422720491886,0.3929656147956848,0.010328171774744987,0.010325751267373562,0.01032568234950304,0.31617891788482666
"DM-17044",False,"train",0.0,0.0,0.0,0.0,0.0,0.9828808307647705,0.0,0.0,0.0
"DM-8831",False,"train",0.0,0.05594760552048683,0.0,0.3386366665363312,0.0,0.0,0.0,0.0,0.5877147912979126
"DM-7343",False,"train",0.0,0.0,0.0,0.0,0.0,0.0,0.9407114386558533,0.0,0.0
"DM-10429",False,"train",0.0,0.0,0.3332962393760681,0.0,0.0,0.15055665373802185,0.0,0.12025508284568787,0.38304615020751953
"DM-16129",False,"train",0.0,0.0,0.0,0.08623908460140228,0.1712447553873062,0.5280324220657349,0.0,0.1916501671075821,0.0
"DM-11732",False,"train",0.8517317175865173,0.01853105239570141,0.018533926457166672,0.018528718501329422,0.018547402694821358,0.01852996274828911,0.01853119768202305,0.0185314379632473,0.018534624949097633
"DM-11960",False,"train",0.8162418007850647,0.0,0.0,0.0,0.0,0.0,0.0,0.0,0.147206649184227
"DM-16392",False,"train",0.0,0.0,0.0,0.0,0.0,0.0,0.18980401754379272,0.7884402275085449,0.017681941390037537
"DM-7214",False,"train",0.0,0.0,0.0,0.0,0.9404855966567993,0.0,0.0,0.0,0.0
"DM-3199",False,"train",0.0,0.0,0.0,0.23664705455303192,0.27016034722328186,0.0,0.47041043639183044,0.0,0.0
"DM-1348",True,"train",0.13653703033924103,0.0,0.0,0.22239495813846588,0.0,0.0,0.6121352314949036,0.0,0.0
"DM-15537",False,"train",0.5569449067115784,0.0,0.0,0.0,0.12036937475204468,0.2132272571325302,0.0,0.08171922713518143,0.0
"DM-11807",False,"train",0.0,0.0,0.0,0.6439099907875061,0.0,0.0,0.0,0.0,0.3005056381225586
"DM-10258",False,"train",0.018281154334545135,0.8538141846656799,0.018266208469867706,0.018270228058099747,0.018269408494234085,0.018271522596478462,0.018281355500221252,0.018273040652275085,0.01827288419008255
"DM-2953",False,"train",0.0,0.0,0.9418344497680664,0.0,0.0,0.0,0.0,0.0,0.0
"DM-16012",False,"train",0.0,0.0,0.0,0.0,0.0,0.0,0.979293942451477,0.0,0.0
"DM-9416",False,"train",0.0,0.0,0.11513751745223999,0.0,0.3204193413257599,0.0,0.13836108148097992,0.41282597184181213,0.0
"DM-10100",False,"train",0.0,0.19288678467273712,0.0,0.3231223225593567,0.0,0.2937872111797333,0.1757633090019226,0.0,0.0
"DM-5933",False,"train",0.0,0.0,0.0,0.747762143611908,0.0,0.0,0.0,0.0,0.209218829870224
"DM-3951",False,"train",0.010612615384161472,0.15937118232250214,0.01061356719583273,0.010614867322146893,0.010614024475216866,0.010612460784614086,0.7663254737854004,0.010613445192575455,0.010622327215969563
"DM-370",True,"train",0.0,0.04160800576210022,0.5808206796646118,0.0,0.0,0.18513286113739014,0.1801590472459793,0.0,0.0
"DM-11953",False,"train",0.0,0.0,0.0,0.0,0.0,0.9737891554832458,0.0,0.0,0.0
"DM-17202",False,"train",0.0,0.0,0.11173488944768906,0.37570831179618835,0.0,0.0,0.307986855506897,0.0,0.1891665905714035
"DM-7956",False,"train",0.0,0.17405225336551666,0.0,0.0,0.0,0.0,0.7912401556968689,0.0,0.0
"DM-12938",False,"train",0.671540379524231,0.0,0.0,0.0,0.0,0.0,0.0,0.0,0.31515955924987793
"DM-10149",False,"train",0.0,0.0,0.0,0.0,0.0,0.0,0.6728910803794861,0.26724669337272644,0.0
"DM-18542",False,"train",0.014203152619302273,0.014205101877450943,0.886335015296936,0.014215841889381409,0.01420834381133318,0.014211620204150677,0.014205166138708591,0.014207140542566776,0.014208563603460789
"DM-5695",False,"train",0.0,0.3608012795448303,0.0,0.0,0.0,0.45385557413101196,0.17022791504859924,0.0,0.0
"DM-6522",False,"train",0.011591716669499874,0.011602760292589664,0.9072284698486328,0.011593439616262913,0.011596533469855785,0.011597097851336002,0.01159435510635376,0.011593790724873543,0.011601844802498817
"DM-13042",False,"train",0.5888888239860535,0.0,0.0,0.2602505683898926,0.0,0.134900763630867,0.0,0.0,0.0
"DM-5594",False,"train",0.0,0.0,0.0,0.0,0.0,0.0,0.7593848705291748,0.0,0.1974247395992279
"DM-9279",False,"train",0.015880053862929344,0.01622772589325905,0.872606098651886,0.015879355370998383,0.015882685780525208,0.01588204689323902,0.01588156633079052,0.015880249440670013,0.015880227088928223
"DM-5462",True,"train",0.14011156558990479,0.0,0.0,0.0,0.29296424984931946,0.32579824328422546,0.0,0.22959443926811218,0.0
"DM-15909",True,"train",0.10034304112195969,0.0,0.0,0.0,0.0,0.030818061903119087,0.0,0.043566979467868805,0.8087767362594604
"DM-17795",False,"train",0.0,0.0,0.0,0.0,0.6466071009635925,0.0,0.0,0.3012082874774933,0.0
"DM-17824",False,"train",0.6540692448616028,0.0107078542932868,0.27094995975494385,0.010710258036851883,0.010712302289903164,0.010712423361837864,0.010710181668400764,0.01071863155812025,0.010709172114729881
"DM-14834",True,"train",0.0,0.0,0.6085302233695984,0.0,0.0,0.22820578515529633,0.15391044318675995,0.0,0.0
"DM-7547",False,"train",0.0,0.0,0.0,0.0,0.24619323015213013,0.0,0.7258962988853455,0.0,0.0
"DM-3179",False,"train",0.013973874971270561,0.013978138566017151,0.013973217457532883,0.013975373469293118,0.013974460773169994,0.013975828886032104,0.8881968259811401,0.013974348083138466,0.013977955095469952
"DM-4590",True,"train",0.0,0.0,0.1994241327047348,0.2709959149360657,0.492745041847229,0.0,0.0,0.0,0.0
"DM-2858",False,"train",0.0,0.0,0.0,0.0,0.0,0.0,0.9798391461372375,0.0,0.0
"DM-6487",True,"train",0.0,0.03948243334889412,0.018338102847337723,0.9335520267486572,0.0,0.0,0.0,0.0,0.0
"DM-13687",False,"train",0.0,0.0,0.0,0.9861029982566833,0.0,0.0,0.0,0.0,0.0
"DM-658",True,"train",0.0,0.0,0.5590631365776062,0.0,0.08671615272760391,0.0,0.3303726613521576,0.0,0.0
"DM-2599",False,"train",0.42628076672554016,0.0,0.0,0.2878860831260681,0.26996877789497375,0.0,0.0,0.0,0.0
"DM-6252",False,"train",0.0,0.0,0.04755956307053566,0.3013041615486145,0.0,0.0,0.501474916934967,0.13114890456199646,0.0
"DM-17474",True,"train",0.02723914571106434,0.027231594547629356,0.027239641174674034,0.02721850574016571,0.027219664305448532,0.41210025548934937,0.027218252420425415,0.027236970141530037,0.3972960114479065
"DM-16532",False,"train",0.0,0.0,0.0,0.0,0.9631466865539551,0.0,0.03366050124168396,0.0,0.0
"DM-5544",False,"train",0.022241689264774323,0.4771765470504761,0.02223176136612892,0.022235454991459846,0.022235101088881493,0.02223639003932476,0.022240949794650078,0.3671627938747406,0.022239258512854576
"DM-11971",False,"train",0.9896571636199951,0.0,0.0,0.0,0.0,0.0,0.0,0.0,0.0
"DM-7979",False,"train",0.25293248891830444,0.0,0.0,0.0,0.0,0.0,0.38124343752861023,0.0,0.34821194410324097
"DM-11315",False,"train",0.011172804981470108,0.2889132797718048,0.6328702569007874,0.011175441555678844,0.011172402650117874,0.011174401268362999,0.011172831058502197,0.011173909530043602,0.01117468997836113
"DM-1287",False,"train",0.012141239829361439,0.6744339466094971,0.01214134693145752,0.012140181846916676,0.012138862162828445,0.012143364176154137,0.012151863425970078,0.012150639668107033,0.24055853486061096
"DM-9863",False,"train",0.0,0.0,0.703904926776886,0.0,0.0,0.0,0.0173569954931736,0.0,0.25924670696258545
"DM-4683",False,"train",0.024771755561232567,0.024766765534877777,0.024764452129602432,0.024769043549895287,0.0247822143137455,0.024810058996081352,0.024765614420175552,0.024770503863692284,0.8017995357513428
"DM-1329",False,"train",0.0,0.0,0.0,0.0,0.0,0.1628178358078003,0.0,0.6869610548019409,0.11841373145580292
"DM-10842",False,"train",0.0,0.0,0.20551201701164246,0.0,0.0,0.0,0.0,0.0,0.7512504458427429
"DM-3891",True,"train",0.0,0.0,0.4641364812850952,0.0,0.0,0.25082817673683167,0.242893785238266,0.0,0.0
"DM-14014",False,"train",0.0,0.0,0.0,0.0,0.0,0.0,0.0,0.9777363538742065,0.0
"DM-17664",False,"train",0.0,0.0,0.0,0.0,0.0,0.9364083409309387,0.0,0.0,0.0
"DM-5792",True,"train",0.037092987447977066,0.7031420469284058,0.0370904877781868,0.037139590829610825,0.03710661455988884,0.03712999075651169,0.03709198161959648,0.03709079325199127,0.03711553290486336
"DM-17914",False,"train",0.0,0.0,0.0,0.0,0.0,0.0,0.0,0.0,0.9682155251502991
"DM-13153",False,"train",0.010110265575349331,0.010110346600413322,0.9191091060638428,0.01011140737682581,0.010111773386597633,0.010113924741744995,0.010112423449754715,0.010110516101121902,0.010110253468155861
"DM-13546",False,"train",0.29257363080978394,0.0,0.15372967720031738,0.0,0.2696900963783264,0.0,0.0,0.2729511260986328,0.0
"DM-7464",False,"train",0.2327180653810501,0.0,0.0,0.37301287055015564,0.0,0.23245608806610107,0.15444158017635345,0.0,0.0
"DM-5452",False,"train",0.0,0.0,0.0,0.18102258443832397,0.33638283610343933,0.32070088386535645,0.13661301136016846,0.0,0.0
"DM-8577",False,"train",0.0,0.7800970077514648,0.1854003369808197,0.0,0.0,0.0,0.0,0.0,0.0
"DM-15355",False,"train",0.9896336793899536,0.0,0.0,0.0,0.0,0.0,0.0,0.0,0.0
"DM-13535",False,"train",0.21834775805473328,0.0,0.0,0.0,0.0,0.0,0.0,0.0,0.767082691192627
"DM-1945",False,"train",0.08947322517633438,0.0,0.027886124327778816,0.0,0.0,0.0,0.0,0.8745432496070862,0.0
"DM-3257",True,"train",0.96434086561203,0.0,0.0,0.0,0.0,0.0,0.0,0.0,0.0
"DM-1255",False,"train",0.02224518358707428,0.022240061312913895,0.022244371473789215,0.02224745601415634,0.578360378742218,0.022242937237024307,0.02225593291223049,0.0222467053681612,0.26591700315475464
"DM-11516",False,"train",0.0,0.0,0.14033585786819458,0.0,0.0,0.0,0.8401718735694885,0.0,0.0
"DM-11122",True,"train",0.0,0.0,0.0,0.0,0.0,0.978706419467926,0.0,0.0,0.0
"DM-4544",False,"train",0.0,0.0,0.0,0.0,0.0,0.0,0.0,0.2637313902378082,0.677683413028717
"DM-12007",True,"train",0.0,0.0,0.0,0.0,0.0,0.0,0.4990707039833069,0.0,0.4780403673648834
"DM-5550",False,"train",0.5110486745834351,0.33309927582740784,0.022259032353758812,0.02227843925356865,0.022256553173065186,0.0222635380923748,0.022263074293732643,0.02226913720369339,0.02226230688393116
"DM-16127",False,"train",0.0,0.9777650237083435,0.0,0.0,0.0,0.0,0.0,0.0,0.0
"DM-7784",False,"train",0.0,0.0,0.0,0.638457715511322,0.0,0.0,0.346218466758728,0.0,0.0
"DM-10780",True,"train",0.0,0.0,0.0,0.0,0.0,0.931546688079834,0.0,0.0,0.0
"DM-782",False,"train",0.0,0.0,0.0,0.0,0.0,0.0,0.9786619544029236,0.0,0.0
"DM-14292",True,"train",0.02311757206916809,0.023107752203941345,0.02309798076748848,0.02309853956103325,0.023107677698135376,0.6441027522087097,0.023121459409594536,0.023123422637581825,0.19412283599376678
"DM-10271",False,"train",0.0,0.6382905840873718,0.0,0.0,0.0,0.0,0.0,0.0,0.3505621552467346
"DM-1068",False,"train",0.0,0.0,0.0,0.0,0.0,0.0,0.0,0.6893445253372192,0.27950966358184814
"DM-9732",False,"train",0.012351649813354015,0.572920560836792,0.01235568430274725,0.012358658947050571,0.012355316430330276,0.34060031175613403,0.012354720383882523,0.012352793477475643,0.012350300326943398
"DM-1579",False,"train",0.0,0.0,0.0,0.15308186411857605,0.0,0.0,0.46677887439727783,0.0,0.35876893997192383
"DM-10189",True,"train",0.0,0.0,0.0,0.0,0.0,0.0,0.0,0.0,0.985417366027832
"DM-12957",False,"train",0.020731009542942047,0.020733725279569626,0.8341339230537415,0.020736809819936752,0.02073204703629017,0.02072642184793949,0.020740726962685585,0.020727554336190224,0.02073773182928562
"DM-6812",False,"train",0.13373833894729614,0.0,0.0,0.0,0.0,0.024931354448199272,0.7176764011383057,0.10460127145051956,0.0
"DM-9998",True,"train",0.0,0.0,0.0,0.0,0.0,0.0,0.0,0.0,0.9738154411315918
"DM-12111",False,"train",0.0,0.0,0.0,0.0,0.957233190536499,0.0,0.0,0.0,0.0
"DM-16311",True,"train",0.0,0.3018631935119629,0.0,0.0,0.0,0.6435571312904358,0.0,0.0,0.0
"DM-3175",False,"train",0.018345577642321587,0.0183535385876894,0.018344420939683914,0.01834704354405403,0.018346289172768593,0.018349608406424522,0.8532204627990723,0.018346723169088364,0.01834634691476822
"DM-9968",False,"train",0.0,0.0,0.0,0.0,0.0,0.0,0.0,0.8848329186439514,0.09404386579990387
"DM-15268",False,"train",0.0,0.0,0.0,0.17063283920288086,0.0,0.0,0.7861229181289673,0.0,0.0
"DM-8610",False,"train",0.9703284502029419,0.0,0.0,0.0,0.0,0.0,0.0,0.0,0.0
"DM-17610",False,"train",0.011159637942910194,0.01115965936332941,0.011158429086208344,0.01115975622087717,0.011158308014273643,0.01116145122796297,0.01115987915545702,0.011159381829202175,0.9107235074043274
"DM-7797",True,"train",0.0,0.0,0.1643434464931488,0.82375568151474,0.0,0.0,0.0,0.0,0.0
"DM-1329",False,"train",0.0,0.0,0.0,0.0,0.0,0.1628178358078003,0.0,0.6869610548019409,0.11841373145580292
"DM-10925",False,"train",0.0,0.0,0.8617185354232788,0.0,0.0619996078312397,0.06196195259690285,0.0,0.0,0.0
"DM-1431",True,"train",0.0,0.959571897983551,0.0,0.0,0.0,0.0,0.0,0.0,0.0
"DM-1376",False,"train",0.0,0.0,0.25953367352485657,0.0,0.03294982761144638,0.26972272992134094,0.0,0.4286884367465973,0.0
"DM-10542",False,"train",0.2729078531265259,0.0,0.10899017006158829,0.0,0.0,0.5893768668174744,0.0,0.0,0.0
"DM-2419",False,"train",0.0,0.0,0.0,0.06590668112039566,0.6400930881500244,0.0,0.270110547542572,0.0,0.0
"DM-4485",True,"train",0.01852494478225708,0.01852349564433098,0.0185233186930418,0.0185252632945776,0.7151615023612976,0.1551569104194641,0.018539758399128914,0.01852237433195114,0.018522396683692932
"DM-14392",False,"train",0.013896430842578411,0.013895501382648945,0.40517866611480713,0.49751901626586914,0.013896777294576168,0.013915750198066235,0.013901563361287117,0.013900361023843288,0.013895973563194275
"DM-8166",False,"train",0.015898188576102257,0.015904175117611885,0.01591883786022663,0.015897691249847412,0.0159040167927742,0.01589890941977501,0.8727779984474182,0.015897095203399658,0.01590312086045742
"DM-8160",False,"train",0.0,0.0,0.9670571684837341,0.0,0.0,0.0,0.0,0.0,0.0
"DM-16404",False,"train",0.0,0.0,0.0,0.17305371165275574,0.2672876715660095,0.0,0.527743935585022,0.0,0.0
"DM-291",True,"train",0.027483031153678894,0.027478860691189766,0.027464214712381363,0.02746228501200676,0.027479182928800583,0.027483707293868065,0.7802097201347351,0.027468321844935417,0.027470741420984268
"DM-16734",False,"train",0.10201376676559448,0.0,0.0,0.8376769423484802,0.0,0.0,0.0,0.0,0.0
"DM-7503",False,"train",0.20590198040008545,0.0,0.04703226685523987,0.0,0.0,0.0,0.404185026884079,0.0,0.3154611885547638
"DM-12592",True,"train",0.0,0.0,0.0,0.0,0.0,0.0,0.27149784564971924,0.0,0.6641368269920349
"DM-13241",True,"train",0.0,0.0,0.0,0.07841330766677856,0.7996388673782349,0.0,0.10869073867797852,0.0,0.0
"DM-13747",False,"train",0.0,0.0,0.0,0.0,0.0,0.0,0.9396400451660156,0.0,0.0
"DM-5726",False,"train",0.0,0.0,0.9505823850631714,0.0,0.0,0.0,0.0,0.0,0.0
"DM-9567",True,"train",0.0,0.0,0.0,0.16687323153018951,0.0,0.0,0.0,0.8243758082389832,0.0
"DM-10349",False,"train",0.0,0.9730381369590759,0.0,0.0,0.0,0.0,0.0,0.0,0.0
"DM-2890",False,"train",0.8683043718338013,0.0,0.0,0.0,0.0,0.0,0.0,0.0,0.0947575643658638
"DM-12701",False,"train",0.0,0.0,0.0,0.3443964123725891,0.5452972650527954,0.0,0.0,0.0,0.09121600538492203
"DM-8211",False,"train",0.0,0.0,0.26074302196502686,0.0,0.0,0.0,0.7215478420257568,0.0,0.0
"DM-621",False,"train",0.24884429574012756,0.0,0.0,0.0,0.7269191741943359,0.0,0.0,0.0,0.0
"DM-1331",False,"train",0.18314775824546814,0.0,0.46593257784843445,0.3217402696609497,0.0,0.0,0.0,0.0,0.0
"DM-7590",False,"train",0.0,0.0,0.9315593242645264,0.0,0.0,0.0,0.0,0.0,0.0
"DM-11405",False,"train",0.17289607226848602,0.0,0.0,0.8086978197097778,0.0,0.0,0.0,0.0,0.0
"DM-10237",False,"train",0.0,0.0,0.0,0.5145081281661987,0.0,0.0,0.0,0.44007477164268494,0.0
"DM-290",False,"train",0.05569437891244888,0.0,0.0,0.11119907349348068,0.0,0.0,0.2157610058784485,0.0,0.6086529493331909
"DM-16299",False,"train",0.5539701581001282,0.0,0.0,0.22625866532325745,0.0,0.0,0.20114871859550476,0.0,0.0
"DM-11096",False,"train",0.0,0.19858193397521973,0.0,0.0,0.019782910123467445,0.26393893361091614,0.3930504024028778,0.0,0.12180152535438538
"DM-8298",False,"train",0.0,0.0,0.0,0.0,0.0,0.0,0.09572801738977432,0.8968863487243652,0.0
"DM-4496",True,"train",0.018523868173360825,0.018522169440984726,0.018525242805480957,0.018526533618569374,0.01853225752711296,0.018521487712860107,0.8518046736717224,0.01852237805724144,0.018521413207054138
"DM-12070",False,"train",0.0,0.5781068205833435,0.0,0.0,0.0,0.0,0.0,0.3786444365978241,0.0
"DM-6983",False,"train",0.9813304543495178,0.0,0.0,0.0,0.013548688031733036,0.0,0.0,0.0,0.0
"DM-8752",False,"train",0.013892858289182186,0.013891713693737984,0.01389707438647747,0.013892955146729946,0.013892636634409428,0.013893680647015572,0.8888498544692993,0.013892321847379208,0.013896952383220196
"DM-9595",False,"train",0.0,0.0,0.0,0.0,0.0,0.0,0.9530964493751526,0.0,0.0
"DM-14699",False,"train",0.9553662538528442,0.0,0.0,0.0,0.0,0.0,0.0,0.0,0.0
"DM-17820",False,"train",0.2084706872701645,0.014890717342495918,0.014888052828609943,0.014895799569785595,0.014893035404384136,0.34834420680999756,0.014889190904796124,0.014890473335981369,0.35383784770965576
"DM-5249",False,"train",0.01577162928879261,0.01576409302651882,0.01576235331594944,0.015769612044095993,0.01576700061559677,0.4445970952510834,0.01576608419418335,0.44503387808799744,0.015768254175782204
"DM-7458",False,"train",0.0,0.0,0.6492664217948914,0.0,0.0,0.0,0.33444681763648987,0.0,0.0
"DM-12030",False,"train",0.0,0.0,0.0,0.501894474029541,0.3215203285217285,0.0,0.07321611046791077,0.09135248512029648,0.0
"DM-5286",False,"train",0.0,0.0,0.0,0.5846679210662842,0.3990403115749359,0.0,0.0,0.0,0.0
"DM-6309",False,"train",0.0,0.09616899490356445,0.0,0.0,0.0,0.0,0.0,0.0,0.873818039894104
"DM-4496",True,"train",0.018523868173360825,0.018522169440984726,0.018525242805480957,0.018526533618569374,0.01853225752711296,0.018521487712860107,0.8518046736717224,0.01852237805724144,0.018521413207054138
"DM-3778",False,"train",0.0,0.0,0.0,0.0,0.0,0.8375446796417236,0.0,0.13733287155628204,0.0
"DM-17442",False,"train",0.0,0.0,0.0,0.0,0.0,0.9806594252586365,0.0,0.0,0.0
"DM-6382",False,"train",0.0,0.0,0.0,0.9612907767295837,0.0,0.0,0.0,0.0,0.0
"DM-1012",False,"train",0.0,0.0,0.0,0.0,0.0,0.6982408165931702,0.25700637698173523,0.0,0.0
"DM-14520",False,"train",0.1899091601371765,0.0,0.0,0.0,0.0,0.0,0.0,0.7931286096572876,0.0
"DM-11790",False,"train",0.0,0.0,0.0,0.16445504128932953,0.0,0.0,0.0,0.0,0.790900468826294
"DM-5808",False,"train",0.0,0.0,0.17402733862400055,0.2130802869796753,0.0,0.5568976402282715,0.0,0.0,0.0
"DM-8752",False,"train",0.013892858289182186,0.013891713693737984,0.01389707438647747,0.013892955146729946,0.013892636634409428,0.013893680647015572,0.8888498544692993,0.013892321847379208,0.013896952383220196
"DM-9194",True,"train",0.0,0.12301873415708542,0.0,0.0,0.07944443821907043,0.0,0.0,0.0,0.7716392874717712
"DM-17747",False,"train",0.0,0.0,0.0,0.0,0.0,0.4490469992160797,0.0,0.0,0.5138832330703735
"DM-473",False,"train",0.0,0.0,0.6645565629005432,0.0,0.0,0.0,0.0,0.0,0.3149251639842987
"DM-4844",False,"train",0.0,0.0,0.0,0.8209140300750732,0.0,0.0,0.0,0.1551196575164795,0.0
"DM-14289",True,"train",0.0,0.0,0.0,0.0,0.15668804943561554,0.0,0.827366292476654,0.0,0.0
"DM-3372",True,"train",0.0,0.0,0.0,0.0,0.10425176471471786,0.1405336707830429,0.2852402329444885,0.45544862747192383,0.0
"DM-4529",False,"train",0.22029004991054535,0.0,0.0,0.6243302226066589,0.0,0.0,0.13956421613693237,0.0,0.0
"DM-8812",False,"train",0.0,0.0,0.0,0.0,0.0,0.0,0.9363072514533997,0.0,0.0
"DM-7822",False,"train",0.0,0.0,0.0,0.0,0.0,0.0,0.953169047832489,0.0,0.0
"DM-16128",False,"train",0.0,0.9773231148719788,0.0,0.0,0.0,0.0,0.0,0.0,0.0
"DM-13211",True,"train",0.0,0.6409915089607239,0.0,0.0,0.0,0.0,0.3381963074207306,0.0,0.0
"DM-11313",False,"train",0.8729408383369446,0.01589195802807808,0.01587662659585476,0.015880441293120384,0.015882285311818123,0.01588098518550396,0.015878694131970406,0.01588662713766098,0.01588159054517746
"DM-5688",False,"train",0.0,0.0,0.0,0.0,0.0,0.0,0.5147699117660522,0.44977691769599915,0.0
"DM-9188",False,"train",0.0,0.0,0.09836341440677643,0.0,0.0,0.0,0.8780906796455383,0.0,0.0
"DM-16048",True,"train",0.0,0.0,0.0,0.7583853602409363,0.0,0.0,0.22664496302604675,0.0,0.0
"DM-15207",True,"train",0.0,0.0,0.0,0.0,0.7202504277229309,0.0,0.23787501454353333,0.0,0.0
"DM-4837",False,"train",0.0,0.0,0.0,0.4458340108394623,0.5303664803504944,0.0,0.0,0.0,0.0
"DM-2662",False,"train",0.0,0.13117378950119019,0.0,0.0,0.5244013071060181,0.0,0.3335142433643341,0.0,0.0
"DM-17826",False,"train",0.0,0.5093018412590027,0.0,0.4558884799480438,0.0,0.0,0.0,0.0,0.0
"DM-8465",False,"train",0.022260984405875206,0.8221270442008972,0.022238513454794884,0.022227896377444267,0.02222919464111328,0.02223050408065319,0.022229360416531563,0.022228118032217026,0.022228403016924858
"DM-10241",False,"train",0.0,0.9240244030952454,0.0,0.0,0.0,0.05371361970901489,0.0,0.0,0.0
"DM-15053",False,"train",0.0,0.0,0.025053605437278748,0.0726839229464531,0.0,0.10959500074386597,0.6164764165878296,0.1703033149242401,0.0
"DM-3177",False,"train",0.014285365119576454,0.014290439896285534,0.014284607023000717,0.014287077821791172,0.014286065474152565,0.014287736266851425,0.7538553476333618,0.014285994693636894,0.14613735675811768
"DM-4258",False,"train",0.0,0.0,0.0,0.0,0.0,0.0,0.9765784740447998,0.0,0.0
"DM-8877",False,"train",0.0,0.9259024262428284,0.0,0.0,0.0,0.0,0.0,0.0,0.0
"DM-16022",True,"train",0.0,0.0,0.0,0.9682115912437439,0.0,0.0,0.0,0.0,0.0
"DM-6124",False,"train",0.0,0.484323650598526,0.0,0.0,0.0,0.0,0.0,0.4766751229763031,0.0
"DM-11981",True,"train",0.0,0.0,0.0,0.9863112568855286,0.0,0.0,0.0,0.0,0.0
"DM-18885",False,"train",0.0,0.7814316153526306,0.0,0.0,0.0,0.0,0.0,0.09234946221113205,0.10676055401563644
"DM-17876",False,"train",0.0,0.0,0.0,0.0,0.0,0.44878530502319336,0.0,0.11609283089637756,0.40642139315605164
"DM-7825",False,"train",0.27802398800849915,0.0,0.0,0.0,0.0,0.0,0.5861204266548157,0.13143974542617798,0.0
"DM-12890",False,"train",0.7804397940635681,0.0,0.0,0.0,0.0,0.0,0.14978845417499542,0.0,0.04951995611190796
"DM-4478",False,"train",0.018528098240494728,0.01852455921471119,0.018526142463088036,0.018533550202846527,0.8517727255821228,0.018525879830121994,0.018540021032094955,0.018523134291172028,0.018525876104831696
"DM-8759",True,"train",0.0,0.0,0.0,0.9609326720237732,0.0,0.0,0.0,0.0,0.0
"DM-14894",False,"train",0.25174078345298767,0.0,0.7102548480033875,0.0,0.0,0.0,0.0,0.0,0.0
"DM-7808",False,"train",0.0,0.0,0.2632475197315216,0.0,0.0,0.3742173910140991,0.3472999334335327,0.0,0.0
"DM-15252",True,"train",0.0,0.26377224922180176,0.12077904492616653,0.0,0.6038756370544434,0.0,0.0,0.0,0.0
"DM-9050",False,"train",0.0,0.0,0.0,0.13392043113708496,0.0,0.0,0.0,0.10862069576978683,0.7471500635147095
"DM-9572",True,"train",0.0,0.0,0.0,0.0,0.955398440361023,0.0,0.0,0.0,0.0
"DM-1464",False,"train",0.1734682023525238,0.012255474925041199,0.01225780975073576,0.012262072414159775,0.012253010645508766,0.012259675189852715,0.012258105911314487,0.7407233715057373,0.01226226519793272
"DM-15159",False,"train",0.0,0.0,0.0,0.0,0.0,0.0,0.9531600475311279,0.0,0.0
"DM-5282",False,"train",0.0,0.5143224000930786,0.0,0.0,0.3968130648136139,0.0,0.0,0.05167757719755173,0.0310699213296175
"DM-7448",False,"train",0.048004064708948135,0.0,0.0,0.32960423827171326,0.6028591394424438,0.0,0.0,0.0,0.0
"DM-5880",False,"train",0.0,0.0,0.17381179332733154,0.0,0.0,0.02529352344572544,0.0,0.5497280359268188,0.2220533788204193
"DM-7676",False,"train",0.9762168526649475,0.0,0.0,0.0,0.0,0.0,0.0,0.0,0.0
"DM-6352",False,"train",0.0,0.0,0.0,0.0,0.0,0.0,0.9476398229598999,0.0,0.0
"DM-5473",False,"train",0.9646451473236084,0.0,0.025206463411450386,0.0,0.0,0.0,0.0,0.0,0.0
"DM-1530",True,"train",0.0,0.0,0.0,0.0,0.0,0.0,0.9702507853507996,0.0,0.0
"DM-1310",False,"train",0.0,0.0,0.9443937540054321,0.0,0.0,0.0,0.0,0.0,0.0
"DM-1210",False,"train",0.1597532480955124,0.0,0.0,0.0,0.0,0.0,0.826309084892273,0.0,0.0
"DM-1125",False,"train",0.0,0.0,0.0,0.0,0.13918423652648926,0.0,0.839923083782196,0.0,0.0
"DM-840",False,"train",0.5820521712303162,0.0,0.0,0.0,0.0,0.0,0.0,0.4004024863243103,0.0
"DM-10422",False,"train",0.01867581717669964,0.018680263310670853,0.01868116483092308,0.018677959218621254,0.15726499259471893,0.018675023689866066,0.7119887471199036,0.018678387627005577,0.018677620217204094
"DM-3800",True,"train",0.0,0.0,0.0,0.0,0.42712026834487915,0.2069145143032074,0.0,0.06307949870824814,0.2941173315048218
"DM-4479",False,"train",0.013899222947657108,0.013899076730012894,0.013907643966376781,0.013900328427553177,0.8887880444526672,0.013900884427130222,0.01390708889812231,0.013898544944822788,0.013899142853915691
"DM-18589",False,"train",0.0,0.09353876113891602,0.0,0.17759139835834503,0.6168731451034546,0.0,0.0,0.10272775590419769,0.0
"DM-7590",False,"train",0.0,0.0,0.9315593242645264,0.0,0.0,0.0,0.0,0.0,0.0
"DM-6592",False,"train",0.0,0.0,0.0,0.0,0.0,0.4531448185443878,0.0,0.0,0.4905361235141754
"DM-10007",False,"train",0.0,0.0,0.0,0.0,0.0,0.0,0.0,0.0,0.9427204728126526
"DM-8298",False,"train",0.0,0.0,0.0,0.0,0.0,0.0,0.09572801738977432,0.8968863487243652,0.0
"DM-977",False,"train",0.0,0.08829811215400696,0.0,0.0,0.0,0.0,0.2999405860900879,0.5785001516342163,0.0
"DM-9784",True,"train",0.0,0.0,0.0,0.0,0.0,0.03332743048667908,0.8786338567733765,0.0,0.0709633156657219
"DM-6362",False,"train",0.037122830748558044,0.037109799683094025,0.03710930794477463,0.03710925206542015,0.03710925206542015,0.03710925206542015,0.03710925206542015,0.037109360098838806,0.7031117081642151
"DM-16021",True,"train",0.0,0.0,0.0,0.6807645559310913,0.1028851866722107,0.18471011519432068,0.0,0.0,0.0
"DM-18362",False,"train",0.0,0.0,0.0,0.0,0.0,0.0,0.9505420327186584,0.0,0.0
"DM-14510",False,"train",0.0,0.0,0.24229879677295685,0.0,0.0,0.0,0.46702876687049866,0.0,0.27986404299736023
"DM-10145",False,"train",0.48089373111724854,0.0,0.0,0.0,0.0,0.0,0.0,0.49667179584503174,0.0
"DM-14544",False,"train",0.010107925161719322,0.010105934925377369,0.010104214772582054,0.010107133537530899,0.9191511273384094,0.010107646696269512,0.010106491856276989,0.01010434702038765,0.010105181485414505
"DM-8201",False,"train",0.0,0.0,0.0,0.0,0.33127275109291077,0.3126087486743927,0.0,0.3210901618003845,0.0
"DM-17666",False,"train",0.0,0.0,0.0,0.0,0.2110103964805603,0.0,0.0,0.0,0.7233948111534119
"DM-13950",False,"train",0.7973390817642212,0.0,0.0,0.0,0.15377937257289886,0.0,0.0,0.0,0.0
"DM-7803",False,"train",0.0,0.0,0.0,0.9499201774597168,0.0,0.0,0.0,0.0,0.0
"DM-5638",False,"train",0.01236182451248169,0.012353689409792423,0.012353279627859592,0.012358949519693851,0.01235284749418497,0.012354210950434208,0.901155412197113,0.01235609594732523,0.012353675439953804
"DM-12007",True,"train",0.0,0.0,0.0,0.0,0.0,0.0,0.4990707039833069,0.0,0.4780403673648834
"DM-11397",False,"train",0.0,0.22961461544036865,0.0,0.0,0.13092994689941406,0.0,0.3597305715084076,0.0,0.2722943127155304
"DM-9491",False,"train",0.0,0.0,0.0,0.0,0.2940506339073181,0.0,0.6951690912246704,0.0,0.0
"DM-17837",False,"train",0.07820966094732285,0.0,0.0,0.0,0.1304917186498642,0.7681042551994324,0.0,0.0,0.0
"DM-15254",False,"train",0.0,0.0,0.0,0.0,0.14499545097351074,0.2813466787338257,0.07252781093120575,0.0,0.4922480285167694
"DM-14237",False,"train",0.0,0.0,0.0,0.0,0.0,0.0,0.0,0.9782781004905701,0.0
"DM-8223",False,"train",0.4915538728237152,0.0,0.0,0.0,0.4660290479660034,0.0,0.0,0.0,0.0
"DM-5638",False,"train",0.01236182451248169,0.012353689409792423,0.012353279627859592,0.012358949519693851,0.01235284749418497,0.012354210950434208,0.901155412197113,0.01235609594732523,0.012353675439953804
"DM-1055",False,"train",0.0,0.0,0.4810466766357422,0.0,0.18457897007465363,0.0,0.32201236486434937,0.0,0.0
"DM-15689",True,"train",0.0,0.0,0.0,0.44782373309135437,0.0,0.0,0.2729606628417969,0.2565420866012573,0.0
"DM-15081",False,"train",0.0,0.0,0.0,0.3179577589035034,0.6611172556877136,0.0,0.0,0.0,0.0
"DM-2380",False,"train",0.41293761134147644,0.0,0.06709056347608566,0.20593498647212982,0.0,0.0,0.29014623165130615,0.0,0.0
"DM-8249",False,"train",0.0,0.0,0.0,0.0,0.0,0.0,0.0,0.9406133890151978,0.0
"DM-11477",False,"train",0.0,0.0,0.15654800832271576,0.44019803404808044,0.026243213564157486,0.0,0.367266446352005,0.0,0.0
"DM-11096",False,"train",0.0,0.19858193397521973,0.0,0.0,0.019782910123467445,0.26393893361091614,0.3930504024028778,0.0,0.12180152535438538
"DM-6473",True,"train",0.0,0.20723874866962433,0.0,0.23036009073257446,0.19078241288661957,0.0,0.36314719915390015,0.0,0.0
"DM-5471",False,"train",0.0,0.0,0.0,0.0,0.0,0.0,0.7914333939552307,0.1783810555934906,0.0
"DM-9598",False,"train",0.0,0.0,0.0,0.0,0.0,0.9627494215965271,0.0,0.0,0.0
"DM-12377",False,"train",0.16813994944095612,0.0,0.0,0.0,0.6861921548843384,0.0,0.0,0.0,0.10890381038188934
"DM-18671",False,"train",0.0,0.0,0.0,0.9642351865768433,0.0,0.0,0.0,0.0,0.0
"DM-15845",False,"train",0.0,0.0,0.0,0.0,0.6953259706497192,0.2726511061191559,0.0,0.0,0.0
"DM-9968",False,"train",0.0,0.0,0.0,0.0,0.0,0.0,0.0,0.8848329186439514,0.09404386579990387
"DM-5431",False,"train",0.0,0.037620749324560165,0.0,0.7472026944160461,0.0,0.0,0.2037602812051773,0.0,0.0
"DM-441",False,"train",0.0,0.0,0.0,0.0,0.0,0.0,0.0,0.0,0.990424633026123
"DM-1364",False,"train",0.0,0.0,0.0,0.9531508088111877,0.0,0.0,0.0,0.0,0.0
"DM-4365",False,"train",0.3637431263923645,0.018545834347605705,0.01854262873530388,0.018525969237089157,0.018532659858465195,0.2749694585800171,0.0185400377959013,0.2500632405281067,0.0185370035469532
"DM-3993",False,"train",0.010199159383773804,0.6588733792304993,0.2697390913963318,0.01019637193530798,0.010194598697125912,0.010197305120527744,0.01020186860114336,0.010197106748819351,0.010201086290180683
"DM-7055",False,"train",0.0,0.0,0.0,0.0,0.0,0.10627565532922745,0.8474183678627014,0.0,0.0
"DM-8646",False,"train",0.0,0.0,0.0,0.0,0.0,0.0,0.0,0.0,0.9782628417015076
"DM-10824",False,"train",0.014034728519618511,0.014037920162081718,0.01403611060231924,0.014033416286110878,0.014033196493983269,0.3714139759540558,0.5303382277488708,0.014038427732884884,0.01403399370610714
"DM-7273",False,"train",0.0,0.0,0.0,0.6389108896255493,0.0,0.0,0.0,0.0,0.34411752223968506
"DM-18122",True,"train",0.0,0.0,0.0,0.3946787714958191,0.3488084077835083,0.0,0.24111966788768768,0.0,0.0
"DM-14690",False,"train",0.0,0.6888002157211304,0.3048028349876404,0.0,0.0,0.0,0.0,0.0,0.0
"DM-8425",False,"train",0.0,0.0,0.0,0.0,0.5929386615753174,0.19570618867874146,0.1823393851518631,0.0,0.0
"DM-9568",False,"train",0.1644115447998047,0.0,0.5877082347869873,0.0,0.0,0.0,0.0,0.0,0.21220967173576355
"DM-914",False,"train",0.02200230397284031,0.02200867421925068,0.021998295560479164,0.02200065739452839,0.021999888122081757,0.022007711231708527,0.8239673972129822,0.022007038816809654,0.022008059546351433
"DM-17557",False,"train",0.0,0.0,0.0,0.522343099117279,0.35007721185684204,0.10833742469549179,0.0,0.0,0.0
"DM-12102",False,"train",0.0,0.0,0.9415000081062317,0.0,0.0,0.0,0.0,0.0,0.0
"DM-3474",False,"train",0.06522474437952042,0.0,0.0,0.0,0.0,0.0,0.9159544706344604,0.0,0.0
"DM-10916",False,"train",0.0,0.0,0.27365830540657043,0.0,0.6966214179992676,0.0,0.0,0.0,0.0
"DM-5406",False,"train",0.0,0.05951403081417084,0.0,0.0,0.0,0.0,0.0,0.7870553135871887,0.13711200654506683
"DM-13163",False,"train",0.9715678691864014,0.0,0.0,0.0,0.0,0.0,0.0,0.0,0.0
"DM-13632",False,"train",0.5342201590538025,0.0,0.0,0.0,0.22389818727970123,0.0,0.0,0.2256697118282318,0.0
"DM-16384",False,"train",0.783726692199707,0.0,0.0,0.16087664663791656,0.0,0.0,0.0,0.0,0.0
"DM-17345",False,"train",0.188522607088089,0.0,0.0,0.0,0.6095240712165833,0.0,0.0,0.0,0.17336086928844452
"DM-10752",False,"train",0.0,0.08668826520442963,0.0,0.7076072692871094,0.0,0.03673085570335388,0.0,0.0,0.155457004904747
"DM-2452",False,"train",0.013424315489828587,0.034913159906864166,0.4533519744873047,0.0,0.022327613085508347,0.1634746491909027,0.3104938566684723,0.0,0.0
"DM-18121",False,"train",0.0,0.0,0.0,0.0,0.9835262298583984,0.0,0.0,0.0,0.0
"DM-4507",False,"train",0.022292161360383034,0.02228987216949463,0.02228950709104538,0.022293735295534134,0.02231166698038578,0.022289488464593887,0.8216534852981567,0.022290438413619995,0.022289587184786797
"DM-11461",False,"train",0.614237904548645,0.08774877339601517,0.0,0.0,0.0,0.0,0.0,0.0,0.2852199971675873
"DM-15871",False,"train",0.0,0.0,0.23937779664993286,0.7327702641487122,0.0,0.0,0.0,0.0,0.0
"DM-15537",False,"train",0.5569449067115784,0.0,0.0,0.0,0.12036937475204468,0.2132272571325302,0.0,0.08171922713518143,0.0
"DM-11475",False,"train",0.0,0.0,0.0,0.2606373429298401,0.0,0.0,0.265066534280777,0.0,0.44082948565483093
"DM-8440",False,"train",0.0,0.09836478531360626,0.20821888744831085,0.0,0.0,0.6547157764434814,0.0,0.0,0.0
"DM-6785",False,"train",0.0,0.0,0.0,0.0,0.8217702507972717,0.0,0.0,0.0,0.15714332461357117
"DM-10907",False,"train",0.0,0.0,0.0,0.5995760560035706,0.0,0.0,0.0,0.0,0.3521667420864105
"DM-12924",True,"train",0.2373524159193039,0.0,0.3115648031234741,0.03736358508467674,0.18245829641819,0.1787956953048706,0.04752629995346069,0.0,0.0
"DM-9669",False,"train",0.9679176807403564,0.0,0.0,0.0,0.0,0.0,0.0,0.0,0.0
"DM-17370",False,"train",0.0,0.0,0.0,0.0,0.4159282147884369,0.21932680904865265,0.0,0.3294554352760315,0.0
"DM-17943",False,"train",0.7922589778900146,0.012085622176527977,0.012088466435670853,0.12309836596250534,0.012087906710803509,0.012098503299057484,0.012095578014850616,0.012088773772120476,0.012097734026610851
"DM-12423",False,"train",0.0,0.23922927677631378,0.0,0.0,0.7378507852554321,0.0,0.0,0.0,0.0
"DM-1716",False,"train",0.011296807788312435,0.011297205463051796,0.011296950280666351,0.011297396384179592,0.909616231918335,0.01129741221666336,0.011302746832370758,0.011297857388854027,0.011297360993921757
"DM-2671",False,"train",0.016010832041502,0.016017571091651917,0.01600986160337925,0.18724550306797028,0.016011467203497887,0.01601432077586651,0.7006630897521973,0.016011917963624,0.016015445813536644
"DM-1601",False,"train",0.0,0.0,0.0,0.0,0.0,0.0,0.15872231125831604,0.02625567466020584,0.807890772819519
"DM-8026",False,"train",0.3630039393901825,0.011085165664553642,0.32576197385787964,0.011080395430326462,0.01107906736433506,0.24474649131298065,0.01107954140752554,0.011078883893787861,0.01108455378562212
"DM-13811",False,"train",0.0,0.0,0.0,0.0,0.0,0.0,0.6691434383392334,0.0,0.3155500590801239
"DM-17460",False,"train",0.0,0.0,0.0,0.0,0.9311200380325317,0.0,0.0,0.0,0.0
"DM-10538",False,"train",0.011116905137896538,0.9110586047172546,0.011117188259959221,0.011117562651634216,0.011116386391222477,0.011117768473923206,0.011120340786874294,0.011116852052509785,0.011118423193693161
"DM-7444",False,"train",0.0,0.0,0.0,0.3405066430568695,0.03881988301873207,0.0,0.3440989851951599,0.13285215198993683,0.1372552067041397
"DM-2630",False,"train",0.5241276621818542,0.0,0.0,0.0,0.12089227139949799,0.0,0.3492162525653839,0.0,0.0
"DM-6356",False,"train",0.0,0.0,0.0,0.0,0.0,0.0,0.0,0.0,0.9407135248184204
"DM-13669",False,"train",0.0,0.7051119804382324,0.0,0.09671078622341156,0.0,0.0,0.0,0.0,0.18424910306930542
"DM-13941",False,"train",0.0,0.1930508017539978,0.0,0.0,0.056553974747657776,0.0,0.46166008710861206,0.0,0.27807047963142395
"DM-12361",False,"train",0.0,0.0,0.0,0.9644186496734619,0.0,0.0,0.0,0.0,0.0
"DM-16305",False,"train",0.0,0.0,0.0,0.0,0.0,0.0,0.0,0.8301313519477844,0.15037941932678223
"DM-8555",False,"train",0.0,0.0,0.0,0.0,0.6817032694816589,0.0,0.0,0.0,0.28834769129753113
"DM-8211",False,"train",0.0,0.0,0.26074302196502686,0.0,0.0,0.0,0.7215478420257568,0.0,0.0
"DM-14583",False,"train",0.010376308113336563,0.010378179140388966,0.010376090183854103,0.01037709228694439,0.010377570986747742,0.01037838775664568,0.9169828295707703,0.010375911369919777,0.010377634316682816
"DM-8007",False,"train",0.0,0.13344837725162506,0.0,0.0,0.0,0.8210594058036804,0.0,0.0,0.0
"DM-3688",False,"train",0.23488010466098785,0.06684059649705887,0.0,0.0,0.0,0.0,0.0,0.0,0.6819102764129639
"DM-3707",False,"train",0.5445101857185364,0.0,0.0,0.0,0.0,0.0,0.43775320053100586,0.0,0.0
"DM-18131",False,"train",0.0,0.0,0.0,0.9904186725616455,0.0,0.0,0.0,0.0,0.0
"DM-463",False,"train",0.0,0.42460164427757263,0.0,0.0,0.1342279016971588,0.3026825487613678,0.0,0.0,0.11124839633703232
"DM-13873",False,"train",0.0,0.0,0.0,0.0,0.0,0.0,0.0,0.9745761752128601,0.0
"DM-10879",False,"train",0.013894307427108288,0.013893970288336277,0.4216556251049042,0.013894293457269669,0.013894952833652496,0.013893657363951206,0.013895823620259762,0.013895847834646702,0.4810815155506134
"DM-14642",False,"train",0.027795841917395592,0.027792274951934814,0.7776557207107544,0.02778937667608261,0.02778906188905239,0.027789130806922913,0.02780359610915184,0.027794314548373222,0.027790706604719162
"DM-11183",False,"train",0.486985445022583,0.011197041720151901,0.011200258508324623,0.011196940205991268,0.011199774220585823,0.3054984509944916,0.011201350949704647,0.14032290875911713,0.011197865940630436
"DM-9916",False,"train",0.0,0.0,0.0,0.33736687898635864,0.0,0.0,0.0,0.0,0.6390847563743591
"DM-3501",False,"train",0.015883129090070724,0.015901535749435425,0.015880119055509567,0.01588817685842514,0.015887273475527763,0.015885237604379654,0.015907246619462967,0.8728837370872498,0.015883587300777435
"DM-15499",True,"train",0.0,0.10796774178743362,0.0,0.04523947834968567,0.0,0.09436658769845963,0.5799914002418518,0.0,0.16612301766872406
"DM-1294",False,"train",0.0,0.0,0.0,0.12946657836437225,0.8375641107559204,0.0,0.0,0.0,0.0
"DM-17315",False,"train",0.9258259534835815,0.0,0.0,0.0,0.0,0.0,0.0,0.0,0.0
"DM-15046",False,"train",0.010135237127542496,0.01013297587633133,0.010152175091207027,0.010138215497136116,0.010133398696780205,0.010137252509593964,0.010136647149920464,0.010136865079402924,0.9188972115516663
"DM-664",False,"train",0.0,0.0,0.0,0.0,0.0,0.0,0.0,0.9984118342399597,0.0
"DM-13417",False,"train",0.7169933915138245,0.0,0.0,0.0,0.26157400012016296,0.0,0.0,0.0,0.0
"DM-1725",False,"train",0.49600547552108765,0.06212155520915985,0.07445397973060608,0.0,0.10888577997684479,0.0,0.0,0.0,0.2520658075809479
"DM-17753",False,"train",0.0,0.0,0.0,0.1171601191163063,0.0,0.8581146001815796,0.0,0.0,0.0
"DM-11308",False,"train",0.0,0.0,0.0,0.0,0.0,0.9702205657958984,0.0,0.0,0.0
"DM-2547",False,"train",0.0,0.16694402694702148,0.0,0.0,0.0,0.0,0.8196189403533936,0.0,0.0
"DM-15090",False,"train",0.0,0.0,0.0,0.0,0.0,0.0,0.0,0.9738300442695618,0.0
"DM-11764",False,"train",0.0,0.16128921508789062,0.4927414357662201,0.04984695836901665,0.0,0.16851995885372162,0.06421347707509995,0.05861533060669899,0.0
"DM-7448",False,"train",0.048004064708948135,0.0,0.0,0.32960423827171326,0.6028591394424438,0.0,0.0,0.0,0.0
"DM-11487",False,"train",0.0,0.0,0.0,0.955498218536377,0.0,0.0,0.0,0.0,0.0
"DM-10946",False,"train",0.0,0.0,0.0,0.0,0.0,0.9806216359138489,0.0,0.0,0.0
"DM-17660",True,"train",0.0,0.0,0.0,0.0,0.6379542946815491,0.0,0.3330174386501312,0.0,0.0
"DM-7779",False,"train",0.0,0.0,0.0,0.0,0.0,0.0,0.9520471692085266,0.0,0.0
"DM-10045",False,"train",0.0,0.0,0.0841536596417427,0.3631969094276428,0.0,0.16347825527191162,0.2849849462509155,0.0,0.09833575040102005
"DM-8706",False,"train",0.0,0.0,0.0,0.22982054948806763,0.0,0.34558141231536865,0.39592236280441284,0.0,0.0
"DM-14594",False,"train",0.9183288216590881,0.01020811963826418,0.010208914056420326,0.01020913664251566,0.010208556428551674,0.010210029780864716,0.010208385065197945,0.01020943932235241,0.010208620689809322
"DM-3987",True,"train",0.0,0.0,0.0,0.0,0.0,0.0,0.0,0.4861188530921936,0.46041667461395264
"DM-1788",False,"train",0.19963409006595612,0.1086815893650055,0.0,0.0,0.0,0.0,0.6822614073753357,0.0,0.0
"DM-7889",True,"train",0.0,0.0,0.0,0.0,0.9555210471153259,0.0,0.0,0.0,0.0
"DM-12802",False,"train",0.0,0.0,0.0,0.7363602519035339,0.0,0.0,0.21143947541713715,0.0,0.0
"DM-14391",True,"train",0.0,0.1762637048959732,0.0,0.33291998505592346,0.0,0.4793471395969391,0.0,0.0,0.0
"DM-14924",False,"train",0.0,0.0,0.0,0.03159642592072487,0.04114598408341408,0.08527322858572006,0.26698949933052063,0.5683106184005737,0.0
"DM-11932",False,"train",0.010020866990089417,0.010018548928201199,0.010018998757004738,0.01002126932144165,0.010019327513873577,0.648910641670227,0.010023538023233414,0.010020297951996326,0.2809465527534485
"DM-7936",False,"train",0.0,0.0,0.6617609858512878,0.0,0.0,0.0,0.0,0.0,0.2863045930862427
"DM-7889",True,"train",0.0,0.0,0.0,0.0,0.9555210471153259,0.0,0.0,0.0,0.0
"DM-2595",False,"train",0.023930590599775314,0.02391301840543747,0.023911617696285248,0.023915639147162437,0.8086636066436768,0.023921338841319084,0.02391589619219303,0.023915806785225868,0.02391246147453785
"DM-15054",False,"train",0.0,0.0,0.4862615764141083,0.0,0.0,0.2222294807434082,0.0,0.0,0.2832397222518921
"DM-14237",False,"train",0.0,0.0,0.0,0.0,0.0,0.0,0.0,0.9782781004905701,0.0
"DM-15438",False,"train",0.0,0.07604268193244934,0.0,0.0,0.0,0.0,0.0,0.0,0.8876904845237732
"DM-10831",False,"train",0.03091045655310154,0.0,0.0,0.40357688069343567,0.0,0.0,0.2289934605360031,0.327179878950119,0.0
"DM-2316",False,"train",0.0,0.34918221831321716,0.1211111843585968,0.0,0.1815195530653,0.0,0.3092224895954132,0.03557269275188446,0.0
"DM-13768",True,"train",0.0,0.10243269056081772,0.0,0.0,0.0,0.8026016354560852,0.0,0.07610715925693512,0.0
"DM-8390",False,"train",0.6288900375366211,0.0,0.0,0.0,0.0,0.0,0.0,0.35289543867111206,0.0
"DM-2191",True,"train",0.0,0.0,0.0,0.0,0.0,0.0,0.0,0.9729929566383362,0.0
"DM-8242",False,"train",0.0,0.0,0.0,0.0,0.0,0.9730495810508728,0.0,0.0,0.0
"DM-17252",False,"train",0.0,0.0,0.38556236028671265,0.0,0.0,0.0,0.0,0.5709330439567566,0.0
"DM-8642",False,"train",0.011189524084329605,0.011190203949809074,0.11403785645961761,0.011191131547093391,0.011207503266632557,0.01119061466306448,0.16002056002616882,0.6587784886360168,0.011194122023880482
"DM-17977",False,"train",0.0,0.0,0.0,0.401015043258667,0.34200263023376465,0.24417535960674286,0.0,0.0,0.0
"DM-2593",False,"train",0.0,0.9657965898513794,0.0,0.0,0.0,0.0,0.0,0.0,0.0
"DM-13637",True,"train",0.0,0.09387743473052979,0.0,0.7138409614562988,0.03355385363101959,0.0,0.0,0.1493188440799713,0.0
"DM-8832",False,"train",0.9636971354484558,0.0,0.0,0.0,0.0,0.0,0.0,0.03487643972039223,0.0
"DM-15230",False,"train",0.967027485370636,0.0,0.0,0.0,0.0,0.0,0.0,0.0,0.0
"DM-3983",False,"train",0.0,0.0,0.0,0.0,0.9838159680366516,0.0,0.0,0.0,0.0
"DM-3390",False,"train",0.011051305569708347,0.011051288805902004,0.01105246227234602,0.5410033464431763,0.011052465066313744,0.38164156675338745,0.011049490422010422,0.011048024520277977,0.011050117202103138
"DM-2981",False,"train",0.0,0.0,0.0,0.6851341128349304,0.0,0.29405102133750916,0.0,0.0,0.0
"DM-5388",True,"train",0.018418993800878525,0.018420033156871796,0.018416764214634895,0.018420686945319176,0.018437394872307777,0.8526052236557007,0.018438877537846565,0.018421746790409088,0.018420303240418434
"DM-3261",True,"train",0.013896639458835125,0.01389419287443161,0.013895424082875252,0.7157526612281799,0.18696413934230804,0.013896571472287178,0.013904430903494358,0.01390132401138544,0.013894653879106045
"DM-10151",False,"train",0.027954140678048134,0.04907295107841492,0.0,0.0,0.0,0.18357393145561218,0.0,0.0,0.736502468585968
"DM-1607",False,"train",0.0,0.0,0.0,0.0,0.0,0.0,0.6331284046173096,0.0962948277592659,0.23561233282089233
"DM-13655",False,"train",0.0,0.0,0.4195282757282257,0.0,0.0,0.5123813152313232,0.05609940364956856,0.0,0.0
"DM-4821",False,"train",0.0,0.20872636139392853,0.0,0.0,0.740911602973938,0.0,0.0,0.0,0.04133109375834465
"DM-6183",False,"train",0.0,0.9505584836006165,0.0,0.0,0.0,0.0,0.0,0.0,0.0
"DM-12517",False,"train",0.0,0.0,0.0,0.0,0.0,0.07488590478897095,0.0,0.0,0.9065468311309814
"DM-9089",False,"train",0.0,0.4293243885040283,0.0,0.0,0.0,0.0,0.550165593624115,0.0,0.0
"DM-14774",True,"train",0.0,0.0,0.0,0.4502948522567749,0.073085717856884,0.4580644369125366,0.0,0.0,0.0
"DM-12866",False,"train",0.0,0.0,0.9516309499740601,0.0,0.0,0.0,0.0,0.0,0.0
"DM-14024",False,"train",0.0,0.1745840460062027,0.0,0.0,0.0,0.7650094032287598,0.0,0.0,0.0
"DM-11744",False,"train",0.6170899271965027,0.35289236903190613,0.0,0.0,0.0,0.0,0.0,0.0,0.0
"DM-6980",False,"train",0.015834147110581398,0.015826482325792313,0.01583665795624256,0.5463971495628357,0.18760089576244354,0.01584680750966072,0.17100487649440765,0.01582641340792179,0.01582656055688858
"DM-19220",False,"train",0.0,0.0,0.0,0.07859639078378677,0.0,0.0,0.0,0.0,0.8777391910552979
"DM-13250",False,"train",0.0,0.0,0.0,0.0,0.0,0.0,0.9369703531265259,0.0,0.0
"DM-7562",False,"train",0.0,0.0,0.0,0.0,0.0,0.0,0.2977776527404785,0.0,0.6833705306053162
"DM-7558",False,"train",0.0,0.0,0.0,0.0,0.0,0.0,0.4369833171367645,0.5223701000213623,0.0
"DM-1710",False,"train",0.6443646550178528,0.0,0.25092557072639465,0.0,0.055789459496736526,0.0,0.0,0.038850393146276474,0.0
"DM-17952",False,"train",0.04838404804468155,0.0,0.0,0.0,0.9307065010070801,0.0,0.0,0.0,0.0
"DM-12007",True,"train",0.0,0.0,0.0,0.0,0.0,0.0,0.4990707039833069,0.0,0.4780403673648834
"DM-10411",False,"train",0.0,0.0,0.16251887381076813,0.0,0.0,0.0,0.815216064453125,0.0,0.0
"DM-14293",False,"train",0.01235493179410696,0.7470928430557251,0.012355059385299683,0.012355286628007889,0.012351684272289276,0.012352528981864452,0.16643179953098297,0.012355408631265163,0.012350418604910374
"DM-6463",False,"train",0.0,0.0,0.0,0.9051456451416016,0.0,0.0,0.0,0.07432399690151215,0.0
"DM-7936",False,"train",0.0,0.0,0.6617609858512878,0.0,0.0,0.0,0.0,0.0,0.2863045930862427
"DM-7018",False,"train",0.0,0.4444678723812103,0.0,0.04888778179883957,0.019197622314095497,0.0,0.46416497230529785,0.0,0.0
"DM-12740",False,"train",0.0,0.0,0.9505894184112549,0.0,0.0,0.0,0.0,0.0,0.0
"DM-6128",False,"train",0.0,0.0,0.8441118001937866,0.13299837708473206,0.0,0.0,0.0,0.0,0.0
"DM-3693",False,"train",0.10888077318668365,0.0,0.0,0.4131435751914978,0.0,0.10318049788475037,0.0,0.10359546542167664,0.26342374086380005
"DM-5133",False,"train",0.2724355459213257,0.0,0.0,0.0,0.0,0.09977859258651733,0.6131690740585327,0.0,0.0
"DM-10292",False,"train",0.138658344745636,0.0,0.0,0.0,0.14306971430778503,0.1955687403678894,0.5043774843215942,0.0,0.0
"DM-7127",False,"train",0.0,0.0,0.0,0.0,0.0,0.0,0.5176578760147095,0.0,0.4307383596897125
"DM-2737",False,"train",0.0,0.043805383145809174,0.0,0.26516786217689514,0.0,0.0,0.14698506891727448,0.5344182848930359,0.0
"DM-7455",False,"train",0.20635922253131866,0.0,0.0,0.5251107215881348,0.0,0.0,0.22970794141292572,0.0,0.0
"DM-3911",True,"train",0.0,0.0,0.0,0.0,0.0,0.0,0.1502496600151062,0.3267066180706024,0.5125219821929932
"DM-869",False,"train",0.9613199830055237,0.0,0.0,0.0,0.0,0.0,0.0,0.0,0.0
"DM-12008",True,"train",0.0,0.0,0.0,0.0,0.0,0.2769479751586914,0.3646673858165741,0.0,0.3266221582889557
"DM-6303",False,"train",0.012202376499772072,0.012209784239530563,0.42365798354148865,0.012200542725622654,0.01220029778778553,0.012201745063066483,0.19102804362773895,0.012201826088130474,0.3120974600315094
"DM-321",False,"train",0.011335578747093678,0.011332670226693153,0.011333489790558815,0.011331030167639256,0.7851724028587341,0.01133261900395155,0.13549698889255524,0.01133350096642971,0.011331756599247456
"DM-10007",False,"train",0.0,0.0,0.0,0.0,0.0,0.0,0.0,0.0,0.9427204728126526
"DM-11360",False,"train",0.0,0.0,0.0,0.0,0.0,0.0,0.9703340530395508,0.0,0.0
"DM-12216",False,"train",0.0,0.0,0.15438233315944672,0.8252717852592468,0.0,0.0,0.0,0.0,0.0
"DM-10361",False,"train",0.0,0.6943787932395935,0.0,0.0,0.0,0.0,0.2596196234226227,0.0,0.0
"DM-2624",True,"train",0.010125264525413513,0.010124635882675648,0.010123128071427345,0.010125318542122841,0.010129226371645927,0.010124227032065392,0.4958465099334717,0.43327510356903076,0.010126575827598572
"DM-18595",False,"train",0.9669389724731445,0.0,0.0,0.0,0.0,0.0,0.0,0.0,0.0
"DM-12566",False,"train",0.0,0.0,0.12260498851537704,0.0,0.0,0.0,0.31147709488868713,0.0,0.5356501936912537
"DM-1770",True,"train",0.0,0.0,0.0,0.0,0.0,0.0,0.0,0.9629204273223877,0.0
"DM-2984",False,"train",0.0,0.0,0.0,0.0,0.0,0.0,0.0,0.9910775423049927,0.0
"DM-20",False,"train",0.012672059237957,0.012682637199759483,0.012670531868934631,0.2730780839920044,0.012671598233282566,0.6381925940513611,0.012675778940320015,0.012679077684879303,0.012677613645792007
"DM-4408",False,"train",0.0,0.0,0.6934967041015625,0.0,0.0,0.0,0.0,0.3011316955089569,0.0
"DM-17097",False,"train",0.0,0.0,0.0,0.34308019280433655,0.621394693851471,0.0,0.0,0.0,0.0
"DM-17591",False,"train",0.11830583959817886,0.010394861921668053,0.010391793213784695,0.010390548966825008,0.010398107580840588,0.010395459830760956,0.8089383244514465,0.010391774587333202,0.010393312200903893
"DM-2538",False,"train",0.01181552093476057,0.9055141806602478,0.011809367686510086,0.011807906441390514,0.011810576543211937,0.011809425428509712,0.011811441741883755,0.011813106946647167,0.01180847268551588
"DM-6238",False,"train",0.5787637233734131,0.022527672350406647,0.02251962386071682,0.02250693552196026,0.02250693365931511,0.022507626563310623,0.2636398375034332,0.022513601928949356,0.02251407876610756
"DM-8556",False,"train",0.0,0.0,0.0,0.0,0.9703446626663208,0.0,0.0,0.0,0.0
"DM-8374",False,"train",0.0,0.2489086091518402,0.41076526045799255,0.049413423985242844,0.28091979026794434,0.0,0.0,0.0,0.0
"DM-8252",True,"train",0.11385318636894226,0.0,0.023434260860085487,0.0,0.44166073203086853,0.0,0.41333991289138794,0.0,0.0
"DM-10423",True,"train",0.024269722402095795,0.02427327074110508,0.02427227795124054,0.02426859177649021,0.024271206930279732,0.024272479116916656,0.8058273196220398,0.02427377551794052,0.02427140809595585
"DM-8756",False,"train",0.013893825933337212,0.01389510091394186,0.01389729417860508,0.013894290663301945,0.013895614072680473,0.013894826173782349,0.8888367414474487,0.01389310508966446,0.013899203389883041
"DM-14018",True,"train",0.18067970871925354,0.0,0.0,0.610880970954895,0.19427727162837982,0.0,0.0,0.0,0.0
"DM-7311",False,"train",0.027820372954010963,0.02780257724225521,0.027801932767033577,0.027799665927886963,0.027802200987935066,0.027799338102340698,0.26965469121932983,0.5357199907302856,0.027799207717180252
"DM-3893",False,"train",0.033195704221725464,0.049903981387615204,0.3115529417991638,0.0,0.5934675931930542,0.0,0.0,0.0,0.0
"DM-860",True,"train",0.013909832574427128,0.19015248119831085,0.013910751789808273,0.01391485333442688,0.7124666571617126,0.013906776905059814,0.013912312686443329,0.013912190683186054,0.013914180919528008
"DM-13648",False,"train",0.0,0.0,0.0,0.0,0.36743420362472534,0.5839211940765381,0.0,0.0,0.0
"DM-7913",False,"train",0.0,0.0,0.0,0.0,0.0,0.0,0.7098957896232605,0.0,0.2640607953071594
"DM-5107",False,"train",0.9104222059249878,0.0,0.07067680358886719,0.0,0.0,0.0,0.0,0.0,0.0
"DM-680",True,"train",0.0,0.0,0.0,0.0,0.4088292717933655,0.0,0.5746622085571289,0.0,0.0
"DM-9927",False,"train",0.07176093012094498,0.14421479403972626,0.0,0.0,0.0,0.45283693075180054,0.0,0.0,0.31427282094955444
"DM-9506",False,"train",0.05724884569644928,0.0,0.0,0.2523554861545563,0.1131681501865387,0.0,0.0,0.04721420258283615,0.5256986618041992
"DM-13873",False,"train",0.0,0.0,0.0,0.0,0.0,0.0,0.0,0.9745761752128601,0.0
"DM-2593",False,"train",0.0,0.9657965898513794,0.0,0.0,0.0,0.0,0.0,0.0,0.0
"DM-13187",False,"train",0.0,0.23300416767597198,0.0,0.05403594672679901,0.0,0.37917575240135193,0.32390737533569336,0.0,0.0
"DM-6533",False,"train",0.0,0.8654720187187195,0.0,0.0,0.0,0.08252675831317902,0.0,0.0,0.0
"DM-9205",False,"train",0.011703428812325,0.6488631367683411,0.011705409735441208,0.011704383417963982,0.011701777577400208,0.011703820899128914,0.011708789505064487,0.011704135686159134,0.26920509338378906
"DM-4411",False,"train",0.0,0.0,0.0,0.9392094612121582,0.0,0.0,0.0,0.0,0.0
"DM-11887",False,"train",0.2705850899219513,0.0,0.0,0.5360554456710815,0.0,0.0,0.1635541468858719,0.0,0.0
"DM-2762",True,"train",0.14977635443210602,0.0,0.5818572044372559,0.0,0.25737816095352173,0.0,0.0,0.0,0.0
"DM-10424",True,"train",0.025330165401101112,0.02532338909804821,0.025341350585222244,0.025331024080514908,0.39999622106552124,0.025328779593110085,0.42269086837768555,0.025329986587166786,0.025328190997242928
"DM-14282",False,"train",0.492887407541275,0.0,0.0,0.0,0.014226817525923252,0.0,0.0,0.48643630743026733,0.0
"DM-17909",False,"train",0.0,0.0,0.0,0.0,0.15613070130348206,0.0,0.0,0.2530394196510315,0.5558835864067078
"DM-9872",True,"train",0.0,0.36307868361473083,0.0,0.0,0.0,0.0,0.0,0.6078770756721497,0.0
"DM-14922",False,"train",0.016047267243266106,0.01604926772415638,0.016048308461904526,0.5292506217956543,0.01604432985186577,0.016046861186623573,0.2685231566429138,0.10594790428876877,0.01604231260716915
"DM-1295",False,"train",0.2705749571323395,0.0,0.6947731375694275,0.0,0.0,0.0,0.0,0.0,0.0
"DM-1802",False,"train",0.24934324622154236,0.0,0.12671440839767456,0.0,0.0,0.0,0.0,0.5790359973907471,0.0
"DM-14646",False,"train",0.02223447896540165,0.022234654054045677,0.02223808318376541,0.02223292924463749,0.022233545780181885,0.022269967943429947,0.8220291137695312,0.02223573625087738,0.022291509434580803
"DM-12035",False,"train",0.0,0.0,0.0,0.0,0.9846629500389099,0.0,0.0,0.0,0.0
"DM-1489",True,"train",0.0,0.0,0.0,0.0,0.0,0.0,0.5271872282028198,0.4468281865119934,0.0
"DM-12256",False,"train",0.9576518535614014,0.0,0.0,0.0,0.0,0.0,0.0,0.0,0.0
"DM-14385",False,"train",0.0,0.0,0.0,0.0,0.9476657509803772,0.0,0.0,0.0,0.0
"DM-14922",False,"train",0.016047267243266106,0.01604926772415638,0.016048308461904526,0.5292506217956543,0.01604432985186577,0.016046861186623573,0.2685231566429138,0.10594790428876877,0.01604231260716915
"DM-7939",False,"train",0.0,0.0,0.29472747445106506,0.0,0.0,0.4081502854824066,0.24168188869953156,0.0,0.0
"DM-10274",False,"train",0.0,0.0,0.046562954783439636,0.0,0.0,0.0,0.0,0.0,0.9390164613723755
"DM-6490",False,"train",0.0,0.0,0.0,0.030280882492661476,0.0,0.0,0.0,0.9131704568862915,0.0543954111635685
"DM-4538",False,"train",0.0,0.0884174257516861,0.0,0.33826884627342224,0.1523878127336502,0.3970645070075989,0.0,0.0,0.0
"DM-8566",True,"train",0.0,0.0,0.0,0.0,0.0,0.9657791256904602,0.0,0.0,0.0
"DM-13612",False,"train",0.0,0.0,0.0,0.0,0.15621191263198853,0.0,0.8201756477355957,0.0,0.0
"DM-14669",True,"train",0.0,0.0,0.0,0.0,0.0,0.0,0.0,0.9777454137802124,0.0
"DM-10275",False,"train",0.21922452747821808,0.0,0.0861494243144989,0.6614227890968323,0.0,0.0,0.0,0.0,0.0
"DM-15040",False,"train",0.9977550506591797,0.0,0.0,0.0,0.0,0.0,0.0,0.0,0.0
"DM-588",False,"train",0.0330502949655056,0.0,0.0,0.0,0.0,0.37186625599861145,0.1762840747833252,0.3037472367286682,0.11129558086395264
"DM-7745",False,"train",0.0,0.13523609936237335,0.0,0.0,0.0,0.0,0.5872599482536316,0.0,0.26760968565940857
"DM-13748",True,"train",0.0,0.0,0.0,0.0,0.0,0.0,0.374856173992157,0.0,0.573239266872406
"DM-2966",False,"train",0.0,0.0,0.0,0.19188626110553741,0.5801888704299927,0.0,0.0,0.18026971817016602,0.0
"DM-8654",False,"train",0.3296906352043152,0.0,0.1160544827580452,0.4494423270225525,0.0,0.0,0.0,0.09541663527488708,0.0
"DM-8208",False,"train",0.0,0.28901422023773193,0.0,0.5505866408348083,0.1503807157278061,0.0,0.0,0.0,0.0
"DM-8873",False,"train",0.0,0.8149545192718506,0.0,0.0,0.0,0.0,0.0,0.0,0.1200229674577713
"DM-10004",False,"train",0.0,0.15834730863571167,0.0,0.0,0.0,0.809141993522644,0.0,0.0,0.0
"DM-7462",False,"train",0.0,0.0,0.0,0.32863643765449524,0.0,0.6609813570976257,0.0,0.0,0.0
"DM-9566",False,"train",0.023357216268777847,0.023361699655652046,0.023360595107078552,0.02336088940501213,0.02336677722632885,0.023380819708108902,0.8130881786346436,0.023363055661320686,0.02336074784398079
"DM-245",True,"train",0.0,0.10031012445688248,0.0,0.0,0.3470015823841095,0.0,0.5363171696662903,0.0,0.0
"DM-16292",True,"train",0.14496955275535583,0.016512060537934303,0.03318660706281662,0.30543506145477295,0.0,0.38757413625717163,0.0,0.11086919903755188,0.0
"DM-10398",False,"train",0.0,0.0,0.0,0.3079945743083954,0.2551119923591614,0.0,0.4019281268119812,0.0,0.0
"DM-1697",False,"train",0.018529122695326805,0.018545132130384445,0.018531151115894318,0.8516721129417419,0.018548525869846344,0.018544405698776245,0.018557049334049225,0.018537187948822975,0.018535319715738297
"DM-4197",False,"train",0.0,0.0,0.0,0.0,0.0,0.0,0.9657561779022217,0.0,0.0
"DM-7494",False,"train",0.0,0.0,0.0,0.0,0.29155436158180237,0.6485812067985535,0.0,0.0,0.0
"DM-12044",False,"train",0.018727215006947517,0.01872847229242325,0.018719464540481567,0.018727131187915802,0.850161612033844,0.018728941679000854,0.018737951293587685,0.01874156855046749,0.01872766762971878
"DM-8111",False,"train",0.0,0.0,0.0,0.0,0.0,0.703694760799408,0.0,0.25677213072776794,0.0
"DM-1197",False,"train",0.0,0.020804530009627342,0.06550423055887222,0.0,0.0,0.31353065371513367,0.0,0.5937409400939941,0.0
"DM-9258",False,"train",0.09517008811235428,0.3606554865837097,0.0,0.5268387198448181,0.0,0.0,0.0,0.0,0.0
"DM-1777",False,"train",0.28640809655189514,0.0,0.0,0.11123780161142349,0.0,0.10944238305091858,0.19196809828281403,0.28775104880332947,0.0
"DM-13087",False,"train",0.010133042931556702,0.010133924894034863,0.010134130716323853,0.9188981056213379,0.010149608366191387,0.010134059935808182,0.01013986486941576,0.010141332633793354,0.010135939344763756
"DM-9863",False,"train",0.0,0.0,0.703904926776886,0.0,0.0,0.0,0.0173569954931736,0.0,0.25924670696258545
"DM-7223",False,"train",0.0,0.4147540330886841,0.0,0.0,0.0,0.0,0.0,0.5442568063735962,0.0
"DM-17029",True,"train",0.0,0.0,0.0,0.0,0.9843735694885254,0.0,0.0,0.0,0.0
"DM-18729",False,"train",0.13932645320892334,0.0,0.0,0.0,0.0,0.0,0.8235249519348145,0.0,0.0
"DM-1603",False,"train",0.0,0.0,0.4651741683483124,0.0,0.0,0.0,0.5171640515327454,0.0,0.0
"DM-17441",False,"train",0.2186448723077774,0.0,0.0,0.0,0.0,0.0,0.0,0.0,0.756308913230896
"DM-6587",False,"train",0.04790337756276131,0.03397524729371071,0.0,0.0,0.39046424627304077,0.34537744522094727,0.0,0.11909535527229309,0.05862034112215042
"DM-16947",False,"train",0.6529977917671204,0.24843436479568481,0.014082362875342369,0.014081108383834362,0.014080007560551167,0.014079578220844269,0.014083223417401314,0.014078180305659771,0.014083370566368103
"DM-860",True,"train",0.013909832574427128,0.19015248119831085,0.013910751789808273,0.01391485333442688,0.7124666571617126,0.013906776905059814,0.013912312686443329,0.013912190683186054,0.013914180919528008
"DM-8175",False,"train",0.0,0.06838255375623703,0.0,0.0,0.0,0.0,0.0,0.0,0.908841609954834
"DM-1845",False,"train",0.0,0.0,0.25497764348983765,0.0,0.27175474166870117,0.4445386826992035,0.0,0.0,0.0
"DM-7691",False,"train",0.4949282705783844,0.06203581765294075,0.0,0.0,0.0,0.01658656820654869,0.0,0.42021283507347107,0.0
"DM-10560",False,"valid",0.0,0.0,0.14280903339385986,0.8216579556465149,0.0,0.0,0.0,0.0,0.0
"DM-6717",False,"valid",0.020238155499100685,0.020235097035765648,0.02023513801395893,0.02025984600186348,0.020238956436514854,0.020243819802999496,0.02024381421506405,0.8380545973777771,0.020250583067536354
"DM-10748",False,"valid",0.0,0.16464154422283173,0.0,0.37643900513648987,0.3171127736568451,0.0,0.0,0.11927974224090576,0.0
"DM-7833",False,"valid",0.0,0.0,0.0,0.5001355409622192,0.0,0.0,0.19472554326057434,0.2768528461456299,0.0
"DM-9748",False,"valid",0.20616422593593597,0.012298038229346275,0.28433775901794434,0.012296423316001892,0.012301942333579063,0.012304632924497128,0.4357011914253235,0.012294624000787735,0.012301209382712841
"DM-602",True,"valid",0.0,0.0,0.3002578616142273,0.0,0.0,0.0,0.6564951539039612,0.0,0.0
"DM-7860",False,"valid",0.0,0.0,0.0,0.0,0.0,0.0,0.0,0.9770291447639465,0.0
"DM-12044",False,"valid",0.018727215006947517,0.01872847229242325,0.018719464540481567,0.018727131187915802,0.850161612033844,0.018728941679000854,0.018737951293587685,0.01874156855046749,0.01872766762971878
"DM-10371",False,"valid",0.015890901908278465,0.015890292823314667,0.01589895784854889,0.01589178293943405,0.015890292823314667,0.015891654416918755,0.01590542308986187,0.015890713781118393,0.8728500008583069
"DM-16832",False,"valid",0.0,0.0,0.0,0.5148269534111023,0.0,0.0,0.0,0.45270416140556335,0.0
"DM-14350",False,"valid",0.0,0.0,0.0,0.0,0.0,0.0,0.0,0.0,0.9760416746139526
"DM-5014",False,"valid",0.0,0.0,0.0,0.0,0.0,0.0,0.0,0.0,0.9782912731170654
"DM-12430",False,"valid",0.0,0.0,0.0,0.43565526604652405,0.0,0.0,0.0,0.0,0.5420003533363342
"DM-14638",True,"valid",0.0,0.0,0.0,0.0,0.5011229515075684,0.45564329624176025,0.0,0.0,0.0
"DM-8798",False,"valid",0.44515112042427063,0.0,0.2647720277309418,0.27042773365974426,0.0,0.0,0.0,0.0,0.0
"DM-10462",False,"valid",0.0,0.0,0.0,0.5922378897666931,0.0,0.18715791404247284,0.19845081865787506,0.0,0.0
"DM-2426",False,"valid",0.140143483877182,0.2619842290878296,0.26668617129325867,0.0,0.0,0.0,0.14299358427524567,0.0,0.18028174340724945
"DM-1615",False,"valid",0.0,0.0,0.15121376514434814,0.0,0.688540518283844,0.14174281060695648,0.0,0.0,0.0
"DM-17933",False,"valid",0.02048872783780098,0.0,0.16147185862064362,0.0,0.0,0.0,0.0,0.7813018560409546,0.031107226386666298
"DM-6135",False,"valid",0.0,0.0,0.0,0.0,0.0,0.17858397960662842,0.7729796767234802,0.0,0.0
"DM-9464",True,"valid",0.0,0.0,0.0,0.0,0.0,0.9618968367576599,0.0,0.0,0.0
"DM-14670",True,"valid",0.0,0.0,0.0,0.0,0.0,0.0,0.6337893605232239,0.2820092439651489,0.06333573162555695
"DM-2192",True,"valid",0.60222989320755,0.0,0.0,0.0,0.0,0.0,0.0,0.0,0.3588125705718994
"DM-1588",True,"valid",0.01588578149676323,0.01587989740073681,0.015882646664977074,0.6825557351112366,0.015883438289165497,0.01588047668337822,0.015881607308983803,0.015883369371294975,0.20626704394817352
"DM-1282",False,"valid",0.0,0.0,0.0,0.0,0.0,0.0,0.9405115842819214,0.0,0.0
"DM-1311",False,"valid",0.0,0.0,0.5208300352096558,0.27564963698387146,0.0,0.171860933303833,0.0,0.0,0.0
"DM-2911",False,"valid",0.01812533475458622,0.018133047968149185,0.018124207854270935,0.018126757815480232,0.018126023933291435,0.018129251897335052,0.854982852935791,0.01812645047903061,0.01812608167529106
"DM-5595",False,"valid",0.0,0.9950757622718811,0.0,0.0,0.0,0.0,0.0,0.0,0.0
"DM-2787",True,"valid",0.0,0.3837366998195648,0.0,0.022789621725678444,0.017799945548176765,0.0,0.0,0.5176367163658142,0.05475933104753494
"DM-9571",False,"valid",0.0,0.0,0.0,0.0,0.0,0.7449986934661865,0.0,0.22076043486595154,0.0
"DM-12848",False,"valid",0.17965863645076752,0.12827669084072113,0.0,0.3019920587539673,0.0,0.0,0.22313755750656128,0.0,0.15965859591960907
"DM-10087",False,"valid",0.0,0.0,0.0,0.12904751300811768,0.0,0.0,0.0,0.8410055041313171,0.0
"DM-16856",False,"valid",0.33881503343582153,0.0,0.6071677803993225,0.0,0.0,0.0,0.0,0.0,0.0
"DM-13496",False,"valid",0.0,0.47617554664611816,0.0,0.0,0.33053791522979736,0.0,0.1642242819070816,0.0,0.0
"DM-7521",True,"valid",0.025606758892536163,0.0,0.11882893741130829,0.6567374467849731,0.0,0.13151100277900696,0.06220617517828941,0.0,0.0
"DM-8868",False,"valid",0.0,0.9258825778961182,0.0,0.0,0.0,0.0,0.0,0.0,0.0
"DM-6656",False,"valid",0.0,0.0,0.0,0.5915437936782837,0.08620397001504898,0.0,0.31442588567733765,0.0,0.0
"DM-1810",False,"valid",0.0,0.32749974727630615,0.0,0.0,0.07306861877441406,0.0,0.0,0.0,0.5703502893447876
"DM-3367",False,"valid",0.049272552132606506,0.0,0.0,0.0,0.0,0.0,0.9218693375587463,0.0,0.0
"DM-1257",True,"valid",0.01853196695446968,0.01852802373468876,0.018531274050474167,0.018533557653427124,0.48390114307403564,0.01853017508983612,0.01853940822184086,0.018533162772655487,0.38637131452560425
"DM-13065",False,"valid",0.0,0.0,0.0,0.0,0.0,0.0,0.0,0.0,0.9599063396453857
"DM-15028",False,"valid",0.0,0.28877824544906616,0.0,0.0,0.0,0.0,0.46448034048080444,0.0,0.218857541680336
"DM-1619",False,"valid",0.0,0.0,0.0,0.0,0.9257146716117859,0.0,0.0,0.0,0.0
"DM-13866",True,"valid",0.0,0.10491937398910522,0.0,0.0,0.45998385548591614,0.0,0.0,0.06607361882925034,0.3546369969844818
"DM-7016",False,"valid",0.0,0.0,0.0,0.16293327510356903,0.23883548378944397,0.0,0.5700032114982605,0.0,0.0
"DM-11578",False,"valid",0.0,0.0,0.5138570666313171,0.0,0.11184360831975937,0.3431073725223541,0.0,0.0,0.0
"DM-12551",False,"valid",0.0,0.0,0.0,0.31224384903907776,0.0,0.0,0.0,0.0,0.6682807207107544
"DM-3618",False,"valid",0.0,0.0,0.0,0.4045621156692505,0.0,0.0,0.5576125383377075,0.0,0.0
"DM-13700",False,"valid",0.4231887459754944,0.010116967372596264,0.010114753618836403,0.5059787034988403,0.010122917592525482,0.010118876583874226,0.010118772275745869,0.010121233761310577,0.010119003243744373
"DM-12473",False,"valid",0.05337135121226311,0.0,0.3737773001194,0.10387855023145676,0.0,0.17672041058540344,0.2818530201911926,0.0,0.0
"DM-4440",False,"valid",0.0,0.0,0.23382151126861572,0.0,0.0,0.7044433355331421,0.0,0.0,0.0
"DM-6816",False,"valid",0.0,0.0,0.0,0.0,0.0,0.0,0.0,0.9554961323738098,0.0
"DM-5293",False,"valid",0.0,0.0,0.0,0.0,0.0,0.0,0.0,0.0,0.9730305075645447
"DM-5988",False,"valid",0.6390966176986694,0.09140386432409286,0.0,0.0,0.2380521297454834,0.0,0.0,0.0,0.0
"DM-5362",True,"valid",0.0,0.0,0.14225496351718903,0.0,0.0,0.8200817108154297,0.0,0.0,0.0
"DM-7157",False,"valid",0.11130910366773605,0.0,0.0,0.0,0.0,0.0,0.6831020712852478,0.0,0.18013985455036163
"DM-4255",False,"valid",0.0,0.0,0.0,0.0,0.0,0.0,0.0,0.9756199717521667,0.0
"DM-7789",True,"valid",0.012667720206081867,0.012662583030760288,0.012663704343140125,0.012666136026382446,0.012663883157074451,0.12694314122200012,0.7844001650810242,0.01266289222985506,0.012669742107391357
"DM-6546",False,"valid",0.0,0.0,0.0,0.3754921853542328,0.589931845664978,0.0,0.0,0.0,0.0
"DM-14537",False,"valid",0.0,0.0,0.0,0.0,0.0,0.094846710562706,0.8752189874649048,0.0,0.0
"DM-17835",False,"valid",0.0,0.0,0.0,0.0,0.9612637758255005,0.0,0.0,0.0,0.0
"DM-12310",False,"valid",0.0,0.048218920826911926,0.3148687779903412,0.22617575526237488,0.0,0.0,0.0,0.0,0.40111246705055237
"DM-5725",False,"valid",0.0,0.0,0.9502686858177185,0.0,0.0,0.0,0.0,0.0,0.0
"DM-5785",False,"valid",0.7218529582023621,0.0,0.0,0.0,0.25113165378570557,0.0,0.0,0.0,0.0
"DM-4730",True,"valid",0.0,0.0,0.0,0.22017885744571686,0.0,0.0,0.0,0.76835697889328,0.0
"DM-13972",False,"valid",0.0,0.0,0.0,0.7980968952178955,0.0,0.0,0.13877049088478088,0.05276523903012276,0.0
"DM-5991",False,"valid",0.0,0.9531881809234619,0.0,0.0,0.0,0.0,0.0,0.0,0.0
"DM-5579",False,"valid",0.015876824036240578,0.01587917096912861,0.015879971906542778,0.015879783779382706,0.01588413678109646,0.0158784631639719,0.8729633688926697,0.01587747037410736,0.015880845487117767
"DM-14205",True,"valid",0.04037214443087578,0.040372204035520554,0.04037993773818016,0.04037264734506607,0.0403762087225914,0.04037239030003548,0.04037646949291229,0.040372513234615326,0.6770054697990417
"DM-13154",True,"valid",0.0,0.0,0.0,0.6011484265327454,0.0,0.0,0.20962929725646973,0.0,0.15010599792003632
"DM-11934",False,"valid",0.9703260064125061,0.0,0.0,0.0,0.0,0.0,0.0,0.0,0.0
"DM-10231",False,"valid",0.29533734917640686,0.0,0.0,0.6710158586502075,0.0,0.0,0.0,0.0,0.02468794770538807
"DM-17960",True,"valid",0.0,0.0,0.0,0.0,0.0,0.0,0.9751948118209839,0.0,0.0
"DM-3619",False,"valid",0.01145941298455,0.011461435817182064,0.011461125686764717,0.011464892886579037,0.011462664231657982,0.011459746398031712,0.011462554335594177,0.9083085656166077,0.011459617875516415
"DM-8066",False,"valid",0.0,0.0,0.0,0.0,0.0,0.08767414838075638,0.6974377036094666,0.2004498839378357,0.0
"DM-5516",True,"valid",0.7776203155517578,0.02780720219016075,0.027791418135166168,0.027796264737844467,0.027787338942289352,0.027798878028988838,0.027801837772130966,0.02779962867498398,0.027797067537903786
"DM-18340",False,"valid",0.0,0.0,0.0,0.060073256492614746,0.0,0.0,0.0,0.0,0.9072698354721069
"DM-9431",False,"valid",0.7456719875335693,0.2259521484375,0.0,0.0,0.0,0.0,0.0,0.0,0.0
"DM-5693",False,"valid",0.0,0.0,0.0,0.0,0.0,0.9726302027702332,0.0,0.0,0.0
"DM-10336",False,"valid",0.4827631115913391,0.023106837645173073,0.4234185516834259,0.0,0.0,0.0,0.03399162366986275,0.0,0.03211039677262306
"DM-6522",False,"valid",0.011591716669499874,0.011602760292589664,0.9072284698486328,0.011593439616262913,0.011596533469855785,0.011597097851336002,0.01159435510635376,0.011593790724873543,0.011601844802498817
"DM-3971",False,"valid",0.02229214645922184,0.022298481315374374,0.022287379950284958,0.02228747308254242,0.02228604629635811,0.022300254553556442,0.022296922281384468,0.8216602206230164,0.022291120141744614
"DM-16326",False,"valid",0.0,0.0,0.0,0.0,0.0,0.0,0.9438050985336304,0.0,0.0
"DM-4893",False,"valid",0.0,0.05658074468374252,0.07458876818418503,0.20008867979049683,0.0,0.0,0.5113456845283508,0.10212793201208115,0.045447058975696564
"DM-5904",False,"valid",0.0,0.0,0.43485429883003235,0.4087331295013428,0.0,0.12276803702116013,0.0,0.0,0.0
"DM-17368",False,"valid",0.0,0.0,0.0,0.0,0.938000500202179,0.0,0.0,0.0,0.0
"DM-13339",False,"valid",0.0,0.0,0.0,0.0,0.8212345838546753,0.0,0.0,0.1544252187013626,0.0
"DM-18425",False,"valid",0.052784763276576996,0.052799977362155914,0.5776562690734863,0.05278755724430084,0.05278494581580162,0.05280108377337456,0.0527963750064373,0.052795130759477615,0.05279393121600151
"DM-9001",False,"valid",0.0,0.0,0.0,0.5232496857643127,0.0,0.0,0.3613322973251343,0.09415830671787262,0.0
"DM-12464",False,"valid",0.0,0.0,0.0,0.0,0.0,0.0,0.24799707531929016,0.6868506669998169,0.0
"DM-6538",False,"valid",0.0,0.0,0.0,0.0,0.0,0.0,0.9576320648193359,0.0,0.0
"DM-15206",True,"valid",0.0,0.0,0.0,0.0,0.0,0.0,0.9896313548088074,0.0,0.0
"DM-10343",False,"valid",0.0,0.0,0.0,0.0,0.0,0.0,0.0,0.9707629084587097,0.0
"DM-12668",True,"valid",0.0,0.0,0.0,0.0534895583987236,0.6978579759597778,0.0,0.1530638337135315,0.0839032456278801,0.0
"DM-10477",True,"valid",0.0,0.0,0.0,0.7498639822006226,0.0,0.22965732216835022,0.0,0.0,0.0
"DM-11287",False,"valid",0.010105308145284653,0.010105457156896591,0.010104941204190254,0.01011169794946909,0.010110759176313877,0.3761498034000397,0.5531011819839478,0.010104606859385967,0.01010629627853632
"DM-10596",False,"valid",0.0,0.0,0.0,0.0,0.0,0.9843685626983643,0.0,0.0,0.0
"DM-13371",False,"valid",0.9213456511497498,0.0,0.0,0.0,0.0,0.0,0.0,0.0,0.0
"DM-611",False,"valid",0.0,0.0,0.0,0.0,0.0,0.9878093004226685,0.0,0.0,0.0
"DM-17593",False,"valid",0.0,0.0,0.24319763481616974,0.0,0.0,0.2883421778678894,0.14389458298683167,0.30851486325263977,0.0
"DM-16475",False,"valid",0.0,0.0,0.0,0.0,0.0,0.0,0.9751685261726379,0.0,0.0
"DM-4145",True,"valid",0.0,0.0,0.0,0.9038643836975098,0.08021730184555054,0.0,0.0,0.0,0.0
"DM-5922",False,"valid",0.3893074095249176,0.0,0.0,0.0,0.0,0.0,0.596790075302124,0.0,0.0
"DM-4682",False,"valid",0.02727707102894783,0.027275724336504936,0.027271119877696037,0.027277769520878792,0.7817540764808655,0.0272915568202734,0.027272069826722145,0.0272745992988348,0.027306053787469864
"DM-18438",False,"valid",0.0,0.0,0.0,0.0,0.3356659710407257,0.0,0.6355141997337341,0.0,0.0
"DM-17977",False,"valid",0.0,0.0,0.0,0.401015043258667,0.34200263023376465,0.24417535960674286,0.0,0.0,0.0
"DM-15159",False,"valid",0.0,0.0,0.0,0.0,0.0,0.0,0.9531600475311279,0.0,0.0
"DM-13187",False,"valid",0.0,0.23300416767597198,0.0,0.05403594672679901,0.0,0.37917575240135193,0.32390737533569336,0.0,0.0
"DM-12627",False,"valid",0.23721946775913239,0.0,0.0,0.0,0.528605043888092,0.0638134554028511,0.0,0.0,0.14980950951576233
"DM-6290",False,"valid",0.0,0.0,0.0,0.461574912071228,0.0,0.0,0.1950216144323349,0.0,0.3022478222846985
"DM-5939",False,"valid",0.11248467117547989,0.052978482097387314,0.024541836231946945,0.494971364736557,0.0,0.07517016679048538,0.0,0.0,0.23507748544216156
"DM-10882",False,"valid",0.013907700777053833,0.013907048851251602,0.6981189250946045,0.013905483298003674,0.013918166048824787,0.013904697261750698,0.013907953165471554,0.20451340079307556,0.01391665730625391
"DM-4490",True,"valid",0.018523573875427246,0.018523698672652245,0.01852567307651043,0.018526257947087288,0.8517820239067078,0.018529197201132774,0.018542125821113586,0.018523452803492546,0.01852402091026306
"DM-1811",False,"valid",0.0,0.0,0.0,0.9386410117149353,0.0,0.0,0.0,0.0,0.0
"DM-1610",False,"valid",0.0,0.0,0.0,0.0,0.237038254737854,0.0,0.1802068054676056,0.5508497953414917,0.0
"DM-8758",False,"valid",0.0,0.0,0.0,0.9613276124000549,0.0,0.0,0.0,0.0,0.0
"DM-336",True,"valid",0.0,0.0,0.39963364601135254,0.0,0.0,0.0,0.0,0.5664940476417542,0.0
"DM-8536",False,"valid",0.0,0.0,0.21758458018302917,0.24316763877868652,0.3551858961582184,0.0,0.0,0.17172420024871826,0.0
"DM-1002",False,"valid",0.0,0.0,0.0,0.0,0.0,0.9503264427185059,0.0,0.0,0.0
"DM-2914",True,"valid",0.0,0.0,0.0,0.0,0.95950847864151,0.0,0.0,0.0,0.0
"DM-9358",True,"valid",0.16379566490650177,0.0,0.0,0.0,0.0,0.0,0.5275617241859436,0.0,0.2965603768825531
"DM-750",True,"valid",0.0,0.0,0.0,0.0,0.0,0.45329681038856506,0.0,0.5237800478935242,0.0
"DM-10972",False,"valid",0.8238348960876465,0.0,0.0,0.0,0.0,0.0,0.13265042006969452,0.0,0.0
"DM-11047",False,"valid",0.0,0.0,0.0,0.0,0.0,0.0,0.1524438112974167,0.0,0.7786269187927246
"DM-8464",True,"valid",0.022235030308365822,0.8220846056938171,0.02223964035511017,0.0222326572984457,0.02226228453218937,0.022234821692109108,0.02223365195095539,0.02223260886967182,0.022244704887270927
"DM-9353",False,"valid",0.0,0.0,0.0,0.0,0.9436575770378113,0.0,0.0,0.0,0.0
"DM-18033",False,"valid",0.0,0.0,0.0,0.0,0.18088778853416443,0.0,0.0,0.11015629768371582,0.7013564109802246
"DM-18483",False,"valid",0.021336114034056664,0.02133599855005741,0.021350469440221786,0.02133578062057495,0.021335802972316742,0.021336263045668602,0.02134341187775135,0.021335819736123085,0.8292903304100037
"DM-8593",True,"valid",0.0,0.0,0.0,0.0,0.8342387676239014,0.0,0.0,0.11109068244695663,0.0
"DM-1881",False,"valid",0.0,0.0,0.0,0.0,0.0,0.9385506510734558,0.0,0.0,0.0
"DM-15865",False,"valid",0.0,0.0,0.0,0.0,0.0,0.9260455965995789,0.0,0.0,0.0
"DM-8872",True,"valid",0.0,0.0,0.0,0.0,0.0,0.0,0.0,0.9423596262931824,0.0
"DM-14282",False,"valid",0.492887407541275,0.0,0.0,0.0,0.014226817525923252,0.0,0.0,0.48643630743026733,0.0
"DM-6360",False,"valid",0.0,0.2123141884803772,0.0,0.0,0.0,0.17505137622356415,0.08273126184940338,0.5058338642120361,0.0
"DM-8361",False,"valid",0.0,0.12880484759807587,0.0,0.0,0.19123369455337524,0.11179978400468826,0.20729225873947144,0.35532116889953613,0.0
"DM-13351",False,"valid",0.0,0.0,0.0,0.3890669345855713,0.0,0.0,0.2806834876537323,0.0,0.3012402057647705
"DM-6467",False,"valid",0.0,0.21355882287025452,0.0,0.3722672462463379,0.0,0.0,0.3940105736255646,0.0,0.0
"DM-13861",True,"valid",0.0,0.0,0.0,0.0,0.0,0.0,0.0,0.0,0.9712965488433838
"DM-9392",False,"valid",0.015885615721344948,0.015901608392596245,0.8728870153427124,0.015886671841144562,0.015889909118413925,0.015889329835772514,0.015887264162302017,0.015885144472122192,0.01588742434978485
"DM-8629",False,"valid",0.11837691813707352,0.0,0.0,0.04779357463121414,0.0,0.0,0.8224888443946838,0.0,0.0
"DM-15048",False,"valid",0.0,0.0,0.08981512486934662,0.0,0.0,0.0,0.0,0.0,0.8461952209472656
"DM-9548",False,"valid",0.6618983745574951,0.0,0.0,0.0,0.31029418110847473,0.0,0.0,0.0,0.0
"DM-6718",False,"valid",0.0872865691781044,0.041331805288791656,0.0,0.0,0.0,0.0,0.8623380064964294,0.0,0.0
"DM-6280",False,"valid",0.0,0.0,0.0,0.0,0.0,0.0,0.9504258036613464,0.0,0.0
"DM-16832",False,"valid",0.0,0.0,0.0,0.5148269534111023,0.0,0.0,0.0,0.45270416140556335,0.0
"DM-3970",False,"valid",0.0,0.0,0.0,0.9703448414802551,0.0,0.0,0.0,0.0,0.0
"DM-14273",False,"valid",0.4560905396938324,0.43330323696136475,0.0,0.0,0.0,0.0,0.06286042183637619,0.0,0.0
"DM-5988",False,"valid",0.6390966176986694,0.09140386432409286,0.0,0.0,0.2380521297454834,0.0,0.0,0.0,0.0
"DM-8358",False,"valid",0.9110567569732666,0.011120046488940716,0.011114564724266529,0.011119456961750984,0.011122136376798153,0.011117408983409405,0.011116988956928253,0.011117076501250267,0.01111556962132454
"DM-6257",False,"valid",0.013895378448069096,0.013904958963394165,0.013897547498345375,0.01390592660754919,0.013894138857722282,0.013901366852223873,0.013899700716137886,0.013900361023843288,0.8888006210327148
"DM-6463",False,"valid",0.0,0.0,0.0,0.9051456451416016,0.0,0.0,0.0,0.07432399690151215,0.0
"DM-751",False,"valid",0.0,0.0,0.0,0.0,0.0,0.0,0.0,0.997138261795044,0.0
"DM-3778",False,"valid",0.0,0.0,0.0,0.0,0.0,0.8375446796417236,0.0,0.13733287155628204,0.0
"DM-7104",False,"valid",0.08897208422422409,0.0,0.0,0.0,0.13469862937927246,0.7429676651954651,0.0,0.0,0.0
"DM-13892",False,"valid",0.0,0.39496394991874695,0.0,0.5491942167282104,0.0,0.0,0.0,0.0,0.0
"DM-9107",False,"valid",0.0,0.7734472155570984,0.0,0.1778257191181183,0.0,0.0,0.0,0.0,0.0
"DM-14759",False,"valid",0.0,0.4922964870929718,0.0,0.0,0.0,0.0,0.0,0.0,0.465048223733902
"DM-9786",True,"valid",0.0,0.7366609573364258,0.0,0.0,0.0,0.0,0.2267141193151474,0.0,0.0
"DM-7489",False,"valid",0.0,0.27850696444511414,0.0,0.0,0.0,0.0,0.0,0.0908576101064682,0.6017524600028992
"DM-7418",False,"valid",0.012364604510366917,0.012358840554952621,0.012357736937701702,0.012356748804450035,0.9011324048042297,0.012356036342680454,0.012356799095869064,0.012360730208456516,0.012356092222034931
"DM-1919",False,"valid",0.0,0.7233788967132568,0.0,0.0,0.0,0.0,0.0,0.0,0.2376002073287964
"DM-3366",False,"valid",0.010108444839715958,0.9191277027130127,0.010109697468578815,0.010107717476785183,0.010111751966178417,0.010107777081429958,0.010110446251928806,0.010108410380780697,0.010108078829944134
"DM-16017",False,"valid",0.07926632463932037,0.0,0.0,0.0,0.0,0.6629247665405273,0.22756294906139374,0.0,0.0
"DM-7611",False,"valid",0.015881815925240517,0.01589016802608967,0.015885841101408005,0.01589234173297882,0.015881231054663658,0.015884272754192352,0.2698456346988678,0.015892433002591133,0.6189462542533875
"DM-13136",False,"valid",0.8753137588500977,0.11505946516990662,0.0,0.0,0.0,0.0,0.0,0.0,0.0
"DM-14392",False,"valid",0.013896430842578411,0.013895501382648945,0.40517866611480713,0.49751901626586914,0.013896777294576168,0.013915750198066235,0.013901563361287117,0.013900361023843288,0.013895973563194275
"DM-1291",False,"valid",0.0,0.0,0.0,0.0,0.5441974997520447,0.0,0.42712369561195374,0.0,0.0
"DM-4825",False,"valid",0.9237667918205261,0.0,0.0,0.0,0.0,0.0,0.0,0.0,0.04928887262940407
"DM-6718",False,"valid",0.0872865691781044,0.041331805288791656,0.0,0.0,0.0,0.0,0.8623380064964294,0.0,0.0
"DM-18123",False,"valid",0.0,0.0,0.0,0.6138805150985718,0.0,0.0,0.36154481768608093,0.0,0.0
"DM-16253",True,"valid",0.0,0.0,0.0,0.0,0.0,0.0,0.0,0.9406227469444275,0.0
"DM-5014",False,"valid",0.0,0.0,0.0,0.0,0.0,0.0,0.0,0.0,0.9782912731170654
"DM-5387",False,"valid",0.013966049998998642,0.013963238336145878,0.013961019925773144,0.013965312391519547,0.013968311250209808,0.013965755701065063,0.8882848620414734,0.01396375522017479,0.013961657881736755
"DM-15916",False,"valid",0.0,0.0,0.0,0.04912726953625679,0.5443047285079956,0.0,0.0,0.39182254672050476,0.0
"DM-8872",True,"valid",0.0,0.0,0.0,0.0,0.0,0.0,0.0,0.9423596262931824,0.0
"DM-14516",False,"valid",0.1484939008951187,0.0,0.0,0.0,0.06175140663981438,0.761712908744812,0.0,0.0,0.0
"DM-1088",False,"valid",0.0,0.12308862060308456,0.0,0.0,0.0,0.7162960171699524,0.0,0.0,0.1496458500623703
"DM-10371",False,"valid",0.015890901908278465,0.015890292823314667,0.01589895784854889,0.01589178293943405,0.015890292823314667,0.015891654416918755,0.01590542308986187,0.015890713781118393,0.8728500008583069
"DM-13941",False,"valid",0.0,0.1930508017539978,0.0,0.0,0.056553974747657776,0.0,0.46166008710861206,0.0,0.27807047963142395
"DM-10386",False,"valid",0.0,0.7844732999801636,0.16623887419700623,0.0,0.0,0.0,0.0,0.0,0.0
"DM-7557",False,"valid",0.0,0.22673028707504272,0.0,0.0,0.0,0.0,0.3854173421859741,0.3530314862728119,0.0
"DM-429",True,"valid",0.0,0.0,0.1290203332901001,0.28184255957603455,0.0,0.0,0.46952807903289795,0.10701998323202133,0.0
"DM-9882",False,"valid",0.0,0.0,0.0,0.0,0.981839656829834,0.0,0.0,0.0,0.0
"DM-7811",False,"valid",0.012381646782159805,0.0123831108212471,0.4971834123134613,0.4161326587200165,0.012378710322082043,0.012383936904370785,0.012389697134494781,0.0123839620500803,0.012382911518216133
"DM-9089",False,"valid",0.0,0.4293243885040283,0.0,0.0,0.0,0.0,0.550165593624115,0.0,0.0
"DM-5816",False,"valid",0.19902914762496948,0.04318463057279587,0.5051761269569397,0.0,0.0,0.0,0.23997096717357635,0.0,0.0
"DM-13350",False,"valid",0.0,0.0,0.0,0.0,0.8367245197296143,0.0,0.0,0.12802457809448242,0.0
"DM-11602",True,"valid",0.0,0.0,0.11635985225439072,0.0,0.8360071182250977,0.0,0.0,0.0,0.0
"DM-9306",False,"valid",0.013894644565880299,0.013893692754209042,0.8888278603553772,0.01389421708881855,0.013896571472287178,0.013893451541662216,0.013896297663450241,0.013896435499191284,0.01390685886144638
"DM-6514",False,"valid",0.0,0.0,0.0,0.10715470463037491,0.16248151659965515,0.0,0.24387161433696747,0.0,0.4785952568054199
"DM-1944",False,"valid",0.0,0.0,0.0,0.0,0.0,0.0,0.0,0.8760903477668762,0.08674243092536926
"DM-10780",True,"valid",0.0,0.0,0.0,0.0,0.0,0.931546688079834,0.0,0.0,0.0
"DM-17914",False,"valid",0.0,0.0,0.0,0.0,0.0,0.0,0.0,0.0,0.9682155251502991
"DM-8496",False,"valid",0.0,0.9406998157501221,0.0,0.0,0.0,0.0,0.0,0.0,0.0
"DM-17747",False,"valid",0.0,0.0,0.0,0.0,0.0,0.4490469992160797,0.0,0.0,0.5138832330703735
"DM-13872",False,"valid",0.0,0.0,0.0,0.42270877957344055,0.15348559617996216,0.0,0.3992760479450226,0.0,0.0
"DM-6941",False,"valid",0.0,0.7758728861808777,0.1722220629453659,0.0,0.0,0.0,0.0,0.0,0.0
"DM-1461",False,"valid",0.9319899082183838,0.0,0.0,0.0,0.0,0.0,0.0,0.0,0.0
"DM-9567",True,"valid",0.0,0.0,0.0,0.16687323153018951,0.0,0.0,0.0,0.8243758082389832,0.0
"DM-8914",False,"valid",0.0,0.0,0.0,0.0,0.0,0.9381352066993713,0.0,0.0,0.0
"DM-15725",False,"valid",0.8378859758377075,0.0,0.0,0.0,0.0,0.0,0.1415933519601822,0.0,0.0
"DM-15431",False,"valid",0.023057768121361732,0.0,0.0,0.0,0.3341047465801239,0.51328444480896,0.0,0.12058255076408386,0.0
"DM-6549",True,"valid",0.0,0.0,0.237728551030159,0.0,0.0,0.0,0.0,0.0,0.7466719746589661
"DM-13599",False,"valid",0.9315558671951294,0.0,0.0,0.0,0.0,0.0,0.0,0.0,0.0
"DM-14162",True,"valid",0.6662172675132751,0.0,0.0,0.0,0.028374651446938515,0.0,0.29259249567985535,0.0,0.0
"DM-14630",False,"valid",0.011084980331361294,0.011091695167124271,0.1297394335269928,0.011082279495894909,0.011086433194577694,0.7926584482192993,0.01108602900058031,0.011087553575634956,0.011083077639341354
"DM-15116",False,"valid",0.03706594556570053,0.03706594556570053,0.03706594556570053,0.037106361240148544,0.03706594556570053,0.03706594556570053,0.03706594556570053,0.03713748976588249,0.7033604979515076
"DM-7936",False,"valid",0.0,0.0,0.6617609858512878,0.0,0.0,0.0,0.0,0.0,0.2863045930862427
"DM-13371",False,"valid",0.9213456511497498,0.0,0.0,0.0,0.0,0.0,0.0,0.0,0.0
"DM-8091",False,"valid",0.0,0.0,0.03183848038315773,0.0,0.0,0.0,0.9519739747047424,0.0,0.0
"DM-14720",False,"valid",0.0,0.0,0.0,0.0,0.0,0.0,0.0,0.0756610631942749,0.8687056303024292
"DM-4440",False,"valid",0.0,0.0,0.23382151126861572,0.0,0.0,0.7044433355331421,0.0,0.0,0.0
"DM-13800",False,"valid",0.19533301889896393,0.0,0.0,0.20583033561706543,0.0,0.0,0.0,0.0,0.5881458520889282
"DM-16613",False,"valid",0.0,0.0,0.0,0.0,0.9531363248825073,0.0,0.0,0.0,0.0
"DM-9994",False,"valid",0.2721262276172638,0.0,0.0,0.0,0.3872518241405487,0.0,0.0,0.32309892773628235,0.0
"DM-18855",False,"valid",0.0,0.22033382952213287,0.670417845249176,0.0,0.0,0.0,0.0,0.0,0.09086926281452179
"DM-3670",False,"valid",0.0,0.1003229096531868,0.7235734462738037,0.0,0.15385286509990692,0.0,0.0,0.0,0.0
"DM-11735",False,"valid",0.0,0.0,0.0,0.0,0.0,0.0,0.0,0.0,0.9406279921531677
"DM-9428",False,"valid",0.0,0.0,0.8563883304595947,0.0,0.0,0.10258486866950989,0.0,0.0,0.0
"DM-750",True,"valid",0.0,0.0,0.0,0.0,0.0,0.45329681038856506,0.0,0.5237800478935242,0.0
"DM-6239",False,"valid",0.0,0.0,0.9613131880760193,0.0,0.0,0.0,0.0,0.0,0.0
"DM-11377",False,"valid",0.0,0.0,0.21574588119983673,0.0,0.0,0.14291498064994812,0.21929563581943512,0.2214328795671463,0.18972092866897583
"DM-6392",False,"valid",0.5595378875732422,0.010132918134331703,0.010125245898962021,0.01012391597032547,0.01012155320495367,0.010124999098479748,0.3695793151855469,0.01012624241411686,0.01012791320681572
"DM-5868",False,"valid",0.0,0.2937743365764618,0.0,0.40073755383491516,0.0,0.27941641211509705,0.0,0.0,0.0
"DM-7419",False,"valid",0.012470140121877193,0.012464608997106552,0.012463491410017014,0.012462476268410683,0.9002865552902222,0.012461877427995205,0.012462526559829712,0.012466532178223133,0.012461808510124683
"DM-17543",False,"valid",0.0,0.0,0.0,0.0,0.0,0.4702913165092468,0.2249201089143753,0.0,0.2929343581199646
"DM-5775",False,"valid",0.09267308562994003,0.0,0.2990684509277344,0.0,0.517689049243927,0.08470084518194199,0.0,0.0,0.0
"DM-8215",True,"valid",0.0,0.0,0.0,0.0,0.015796616673469543,0.0,0.6232128143310547,0.08753766864538193,0.26846086978912354
"DM-17397",False,"valid",0.2299325317144394,0.0,0.0,0.0,0.742698073387146,0.0,0.0,0.0,0.0
"DM-4999",False,"valid",0.0,0.0,0.0,0.0,0.3278692066669464,0.0,0.6280449628829956,0.0,0.0
"DM-16843",False,"valid",0.0,0.0,0.0,0.0,0.08874041587114334,0.0,0.8602275252342224,0.0,0.0
"DM-13382",False,"valid",0.0,0.0,0.0,0.6541024446487427,0.31707221269607544,0.0,0.0,0.0,0.0
"DM-11594",False,"valid",0.49823659658432007,0.0,0.42117074131965637,0.0,0.055320363491773605,0.0,0.0,0.0,0.0
"DM-10435",False,"valid",0.0,0.0,0.0,0.0,0.0,0.0,0.9410151839256287,0.0,0.0
"DM-14366",False,"valid",0.0,0.0,0.0,0.0,0.0,0.0,0.0,0.9384775161743164,0.0
"DM-4135",False,"valid",0.0,0.04420346021652222,0.0,0.0,0.0,0.47649168968200684,0.1577187031507492,0.3062587380409241,0.0
"DM-16661",False,"valid",0.0,0.0,0.025043876841664314,0.06673593819141388,0.12073387205600739,0.0,0.7449983358383179,0.0,0.03610128536820412
"DM-2161",False,"valid",0.0,0.0,0.0,0.10117331147193909,0.31878334283828735,0.0,0.0,0.5383461117744446,0.0
"DM-1488",False,"valid",0.0,0.0,0.0,0.0,0.0,0.0,0.0,0.9443696141242981,0.0
"DM-16502",False,"valid",0.0,0.0,0.0,0.0,0.41759705543518066,0.5555603504180908,0.0,0.0,0.0
"DM-17030",False,"valid",0.0,0.0,0.0,0.0,0.0,0.14756785333156586,0.3565516173839569,0.0,0.48873046040534973
"DM-7172",False,"valid",0.013828261755406857,0.18252010643482208,0.013827784918248653,0.013830354437232018,0.0138345155864954,0.23844440281391144,0.4960520565509796,0.013828625902533531,0.013833951205015182
"DM-3564",False,"valid",0.8241568803787231,0.021974602714180946,0.021981751546263695,0.02197670005261898,0.02197573333978653,0.02197633497416973,0.02199615351855755,0.021988410502672195,0.021973444148898125
"DM-3984",False,"valid",0.0,0.5598688721656799,0.0,0.1745923012495041,0.2517324388027191,0.0,0.0,0.0,0.0
"DM-4759",True,"valid",0.0,0.0,0.0,0.5364977121353149,0.0,0.0,0.42746782302856445,0.0,0.0
"DM-17264",True,"valid",0.0,0.0,0.0,0.0,0.9531842470169067,0.0,0.0,0.0,0.0
"DM-5867",True,"valid",0.5114022493362427,0.191225066781044,0.0,0.0,0.0,0.0,0.27671003341674805,0.0,0.0
"DM-2914",True,"valid",0.0,0.0,0.0,0.0,0.95950847864151,0.0,0.0,0.0,0.0
"DM-9157",False,"valid",0.28831443190574646,0.6628101468086243,0.0,0.0,0.0,0.0,0.0,0.0,0.0
"DM-6818",False,"valid",0.0,0.0,0.0,0.0,0.0,0.0,0.0,0.9541670083999634,0.0
"DM-18007",False,"valid",0.0,0.35065048933029175,0.0,0.0,0.0,0.010763132013380527,0.6232240796089172,0.0,0.0
"DM-8189",False,"valid",0.0,0.0,0.0,0.0,0.7559568285942078,0.0,0.1400015503168106,0.08030477911233902,0.0
"DM-6640",True,"valid",0.8061717748641968,0.0,0.0,0.1732928454875946,0.0,0.0,0.0,0.0,0.0
"DM-18576",False,"valid",0.0,0.0,0.14534446597099304,0.0,0.0,0.0,0.07502233982086182,0.11973626166582108,0.6423235535621643
"DM-2643",False,"valid",0.0,0.0,0.6851748824119568,0.0,0.0,0.0,0.0,0.0,0.25834769010543823
"DM-13588",False,"valid",0.0,0.0,0.0,0.0,0.0,0.0,0.0,0.0,0.9531708359718323
"DM-1541",False,"valid",0.0,0.0,0.0,0.41587477922439575,0.12777210772037506,0.0,0.22533482313156128,0.08562880754470825,0.1395917683839798
"DM-14634",False,"valid",0.0,0.0,0.4326520562171936,0.0,0.0,0.1360810250043869,0.0,0.16058151423931122,0.25835293531417847
"DM-13690",False,"valid",0.26361608505249023,0.0,0.0,0.0,0.5637218952178955,0.0,0.0,0.0,0.14108365774154663
"DM-15230",False,"valid",0.967027485370636,0.0,0.0,0.0,0.0,0.0,0.0,0.0,0.0
"DM-3370",True,"valid",0.0,0.0,0.0,0.6632086634635925,0.0,0.0,0.0,0.3013431131839752,0.0
"DM-4184",False,"valid",0.0,0.0,0.0,0.17418184876441956,0.0,0.0,0.0,0.0,0.780032217502594
"DM-18374",False,"valid",0.012403539381921291,0.012402337975800037,0.4761037826538086,0.012404759414494038,0.012398581020534039,0.012400466948747635,0.43708616495132446,0.012400196865200996,0.012400176376104355
"DM-12257",False,"valid",0.9629409313201904,0.0,0.0,0.0,0.0,0.0,0.0,0.0,0.0
"DM-8454",False,"valid",0.022224202752113342,0.8221963047981262,0.022230984643101692,0.022223979234695435,0.02222507633268833,0.022226130589842796,0.02222496271133423,0.022223910316824913,0.02222447469830513
"DM-8233",False,"valid",0.0,0.653367280960083,0.0,0.0,0.29683151841163635,0.0,0.0,0.0,0.0
"DM-16814",False,"valid",0.0,0.5450776815414429,0.0,0.0,0.0,0.0,0.4239703416824341,0.0,0.0
"DM-13459",False,"valid",0.0,0.0,0.0,0.0,0.0,0.0,0.8793912529945374,0.0,0.08669381588697433
"DM-14864",False,"valid",0.0,0.7295156121253967,0.12928569316864014,0.0,0.0,0.0,0.0,0.0,0.12800416350364685
"DM-3970",False,"valid",0.0,0.0,0.0,0.9703448414802551,0.0,0.0,0.0,0.0,0.0
"DM-1641",False,"valid",0.2606526017189026,0.7058834433555603,0.0,0.0,0.0,0.0,0.0,0.0,0.0
"DM-15713",False,"valid",0.0,0.0,0.0,0.18348248302936554,0.2585115134716034,0.0,0.5324152708053589,0.0,0.0
"DM-1118",False,"valid",0.0,0.0,0.0,0.0,0.0,0.0,0.9657271504402161,0.0,0.0
"DM-12391",False,"valid",0.0,0.0,0.0,0.0,0.0,0.0,0.0,0.9935431480407715,0.0
"DM-17162",False,"valid",0.3561290204524994,0.0,0.0,0.0,0.0,0.0,0.0765250101685524,0.0,0.53243488073349
"DM-4556",False,"valid",0.0,0.0,0.0,0.0,0.0,0.6157223582267761,0.0,0.3689914047718048,0.0
"DM-15476",False,"valid",0.0,0.0,0.0,0.0,0.07296077162027359,0.0,0.6982231140136719,0.0,0.21745818853378296
"DM-7139",False,"valid",0.0,0.0,0.0,0.45248305797576904,0.0,0.5175724625587463,0.0,0.0,0.0
"DM-8809",False,"valid",0.0,0.0,0.0,0.0,0.0,0.0,0.0,0.8409417271614075,0.11956004053354263
"DM-6857",False,"valid",0.0,0.0,0.0,0.0,0.0,0.0,0.9797848463058472,0.0,0.0
"DM-13396",False,"valid",0.40714511275291443,0.058304719626903534,0.0,0.44550588726997375,0.0,0.0819702222943306,0.0,0.0,0.0
"DM-16314",False,"valid",0.013905009254813194,0.8887572884559631,0.013904433697462082,0.013903938233852386,0.013905580155551434,0.0139045100659132,0.013906209729611874,0.013906584121286869,0.013906454667448997
"DM-7176",False,"valid",0.0,0.7965574264526367,0.0,0.15850509703159332,0.0,0.0,0.0,0.0,0.0
"DM-15126",False,"valid",0.3184756338596344,0.6443427205085754,0.0,0.0,0.0,0.0,0.0,0.0,0.0
"DM-2581",False,"valid",0.0,0.9603931903839111,0.0,0.0,0.0,0.0,0.0,0.0,0.0
"DM-11037",False,"valid",0.0,0.606029748916626,0.0,0.0,0.0,0.0,0.0,0.0,0.3479442894458771
"DM-2094",False,"valid",0.7233254909515381,0.0,0.0,0.0,0.24671123921871185,0.0,0.0,0.0,0.0
"DM-11255",False,"valid",0.0,0.0,0.0,0.7860886454582214,0.19200149178504944,0.0,0.0,0.0,0.0
"DM-16131",False,"valid",0.0,0.0,0.0,0.4278433620929718,0.0,0.0,0.5349462628364563,0.0,0.0
"DM-15694",True,"valid",0.0,0.0,0.0,0.0,0.0,0.1418668031692505,0.8261013031005859,0.0,0.0
"DM-11048",False,"valid",0.1662854254245758,0.01365641038864851,0.7381231188774109,0.013657059520483017,0.01365788746625185,0.013654026202857494,0.013654747046530247,0.013656956143677235,0.013654395937919617
"DM-8552",False,"valid",0.0,0.14917898178100586,0.0,0.0,0.0,0.0,0.4060758352279663,0.0,0.42286786437034607
"DM-16035",True,"valid",0.0,0.0,0.0,0.0,0.9788211584091187,0.0,0.0,0.0,0.0
"DM-5794",False,"valid",0.018634477630257607,0.613145112991333,0.018638765439391136,0.01864038035273552,0.2563818097114563,0.018654225394129753,0.018636932596564293,0.018632836639881134,0.01863546296954155
"DM-16814",False,"valid",0.0,0.5450776815414429,0.0,0.0,0.0,0.0,0.4239703416824341,0.0,0.0
"DM-637",False,"valid",0.11948799341917038,0.0,0.0,0.0,0.0,0.0,0.0,0.5552949905395508,0.3172402083873749
"DM-1291",False,"valid",0.0,0.0,0.0,0.0,0.5441974997520447,0.0,0.42712369561195374,0.0,0.0
"DM-3483",False,"valid",0.0,0.0,0.18741588294506073,0.0,0.7889708280563354,0.0,0.0,0.0,0.0
"DM-7869",False,"valid",0.24538889527320862,0.0,0.08260966092348099,0.0,0.0,0.35249751806259155,0.0,0.0,0.27757835388183594
"DM-5094",True,"valid",0.0,0.0,0.0,0.9702425599098206,0.0,0.0,0.0,0.0,0.0
"DM-14363",True,"valid",0.07002738118171692,0.0,0.43296217918395996,0.0,0.4824357330799103,0.0,0.0,0.0,0.0
"DM-5939",False,"valid",0.11248467117547989,0.052978482097387314,0.024541836231946945,0.494971364736557,0.0,0.07517016679048538,0.0,0.0,0.23507748544216156
"DM-7424",False,"valid",0.0,0.0,0.09783049672842026,0.0,0.0,0.0,0.7445991635322571,0.0,0.14042864739894867
"DM-7317",False,"valid",0.0,0.038910720497369766,0.5245164036750793,0.1101476177573204,0.09241810441017151,0.01362417358905077,0.21605752408504486,0.0,0.0
"DM-13432",False,"valid",0.0,0.0,0.4490034282207489,0.16648487746715546,0.0,0.3671932816505432,0.0,0.0,0.0
"DM-11701",False,"valid",0.0,0.0580492801964283,0.0,0.0,0.0,0.0,0.0,0.4272959232330322,0.5036892294883728
"DM-4302",False,"valid",0.1345377266407013,0.0,0.0,0.20751188695430756,0.6140782237052917,0.0,0.0,0.0,0.0
"DM-7805",False,"valid",0.0,0.0,0.0,0.42045676708221436,0.5552312731742859,0.0,0.0,0.0,0.0
"DM-17188",False,"valid",0.2033645659685135,0.0,0.0,0.0,0.30630484223365784,0.46143534779548645,0.0,0.0,0.0
"DM-13791",False,"valid",0.795868456363678,0.0,0.0,0.0,0.0,0.0,0.0,0.0,0.17021459341049194
"DM-7915",False,"valid",0.0,0.0,0.0,0.0,0.0,0.0,0.0,0.8381876349449158,0.15275727212429047
"DM-5014",False,"valid",0.0,0.0,0.0,0.0,0.0,0.0,0.0,0.0,0.9782912731170654
"DM-928",False,"valid",0.2971757650375366,0.018548021093010902,0.018540723249316216,0.01854104921221733,0.018540022894740105,0.018544860184192657,0.5730189085006714,0.018544452264904976,0.018546149134635925
"DM-5541",False,"valid",0.02224445901811123,0.8221255540847778,0.022229883819818497,0.022233083844184875,0.022230928763747215,0.022234216332435608,0.022232620045542717,0.022234637290239334,0.022234657779335976
"DM-16443",False,"valid",0.0,0.5394188165664673,0.0,0.14004768431186676,0.0,0.04139835387468338,0.0,0.2588907778263092,0.0
"DM-14114",False,"valid",0.0,0.0,0.0,0.0,0.9364539384841919,0.0,0.0,0.0,0.0
"DM-2425",False,"valid",0.0,0.0,0.0,0.08164138346910477,0.0,0.9030426740646362,0.0,0.0,0.0
"DM-10971",False,"valid",0.0,0.0,0.0,0.0,0.0,0.0,0.0,0.6784761548042297,0.2728719413280487
"DM-1041",False,"valid",0.0,0.21756775677204132,0.0,0.0,0.0,0.0,0.21903511881828308,0.3359483480453491,0.21975894272327423
"DM-10274",False,"valid",0.0,0.0,0.046562954783439636,0.0,0.0,0.0,0.0,0.0,0.9390164613723755
"DM-8500",False,"valid",0.0,0.0,0.49429917335510254,0.313844233751297,0.0,0.0,0.1806315928697586,0.0,0.0
"DM-5922",False,"valid",0.3893074095249176,0.0,0.0,0.0,0.0,0.0,0.596790075302124,0.0,0.0
"DM-12422",False,"valid",0.0,0.23619084060192108,0.0,0.0,0.0,0.0,0.7362390160560608,0.0,0.0
"DM-14919",False,"valid",0.0,0.9814453125,0.0,0.0,0.0,0.0,0.0,0.0,0.0
"DM-11126",False,"valid",0.0,0.0,0.0,0.0,0.0,0.965785026550293,0.0,0.0,0.0
"DM-8554",False,"valid",0.0,0.0,0.0,0.0,0.22252383828163147,0.0,0.0,0.08287478238344193,0.6531648635864258
"DM-11786",True,"valid",0.0,0.0,0.0,0.4330751895904541,0.5150222182273865,0.0,0.0,0.0,0.0
"DM-11957",True,"valid",0.0,0.420590877532959,0.05688001215457916,0.0,0.0,0.0,0.08369434624910355,0.0,0.42209020256996155
"DM-18400",False,"valid",0.0,0.0,0.8898348212242126,0.0,0.020607000216841698,0.0,0.0,0.08764216303825378,0.0
"DM-7811",False,"valid",0.012381646782159805,0.0123831108212471,0.4971834123134613,0.4161326587200165,0.012378710322082043,0.012383936904370785,0.012389697134494781,0.0123839620500803,0.012382911518216133
"DM-14307",False,"valid",0.08888546377420425,0.37353751063346863,0.0,0.0,0.0,0.0,0.3203277885913849,0.17211675643920898,0.036200378090143204
"DM-5532",True,"valid",0.0,0.0,0.0,0.0,0.0,0.0,0.8624189496040344,0.0,0.1269090473651886
"DM-8010",False,"valid",0.0,0.0,0.0,0.5406838059425354,0.0,0.0,0.4362713694572449,0.0,0.0
"DM-5489",True,"valid",0.011155771091580391,0.9107052683830261,0.011182035319507122,0.011158738285303116,0.011157521978020668,0.011157560162246227,0.011167362332344055,0.011155355721712112,0.011160372756421566
"DM-11997",False,"valid",0.0,0.0,0.5563247203826904,0.0,0.16704732179641724,0.0,0.0,0.0,0.25359833240509033
"DM-15646",True,"valid",0.0,0.0,0.0,0.0,0.18036751449108124,0.45629844069480896,0.3485875725746155,0.0,0.0
"DM-10688",False,"valid",0.0,0.0,0.0,0.0,0.817706823348999,0.0,0.0,0.0,0.13897140324115753
"DM-2657",False,"valid",0.0,0.17463234066963196,0.0,0.0,0.6189330816268921,0.0,0.0,0.1779528111219406,0.0
"DM-15812",False,"valid",0.022247401997447014,0.02223093807697296,0.022231195122003555,0.022231057286262512,0.022232064977288246,0.02223128452897072,0.022230733186006546,0.022232023999094963,0.8221332430839539
"DM-14197",False,"valid",0.08128632605075836,0.0,0.12406102567911148,0.0,0.0,0.0,0.0,0.0,0.7846716046333313
"DM-12618",False,"valid",0.06760379672050476,0.0,0.17967292666435242,0.0,0.4285775125026703,0.18185514211654663,0.0,0.0,0.13116300106048584
"DM-7432",False,"valid",0.4478772282600403,0.0,0.482779324054718,0.0,0.0,0.0,0.0,0.0,0.0
"DM-8868",False,"valid",0.0,0.9258825778961182,0.0,0.0,0.0,0.0,0.0,0.0,0.0
"DM-14359",False,"valid",0.3597841262817383,0.05368194729089737,0.020547768101096153,0.3549303710460663,0.0,0.0,0.0,0.20588381588459015,0.0
"DM-16060",False,"valid",0.0,0.0,0.0,0.7103858590126038,0.0,0.0,0.0,0.0,0.2647946774959564
"DM-14646",False,"valid",0.02223447896540165,0.022234654054045677,0.02223808318376541,0.02223292924463749,0.022233545780181885,0.022269967943429947,0.8220291137695312,0.02223573625087738,0.022291509434580803
"DM-13129",False,"valid",0.7917693853378296,0.0,0.1687110960483551,0.0,0.0,0.031895335763692856,0.0,0.0,0.0
"DM-11743",False,"valid",0.011180257424712181,0.011180747300386429,0.011181102134287357,0.4860519468784332,0.011186468414962292,0.01119181327521801,0.4356663227081299,0.011181356385350227,0.011180008761584759
"DM-7991",True,"valid",0.0,0.0,0.0,0.0,0.5825328826904297,0.0,0.4078540802001953,0.0,0.0
"DM-8597",False,"valid",0.0,0.9896403551101685,0.0,0.0,0.0,0.0,0.0,0.0,0.0
"DM-3450",False,"valid",0.14570175111293793,0.0,0.0,0.0,0.08758652210235596,0.0,0.750359296798706,0.0,0.0
"DM-17484",False,"valid",0.013894191011786461,0.013894746080040932,0.013894102536141872,0.013894695788621902,0.01389493141323328,0.013894329778850079,0.013894541189074516,0.013894428499042988,0.8888440132141113
"DM-9561",False,"valid",0.06224702671170235,0.0,0.0,0.08698271214962006,0.0,0.0,0.0,0.04744233936071396,0.7957369089126587
"DM-9429",False,"valid",0.0,0.7975730895996094,0.0,0.0,0.0,0.13831380009651184,0.0,0.0,0.0
"DM-1389",False,"valid",0.021884357556700706,0.021883754059672356,0.8249053955078125,0.021893896162509918,0.021887317299842834,0.021890686824917793,0.02188281901180744,0.02188396267592907,0.021887870505452156
"DM-13491",False,"valid",0.23621448874473572,0.0,0.2767920196056366,0.0,0.4655389189720154,0.0,0.0,0.0,0.0
"DM-15610",False,"valid",0.0,0.0,0.11225098371505737,0.0,0.0,0.0,0.4299204349517822,0.2957063913345337,0.1484241783618927
"DM-4500",False,"valid",0.022228557616472244,0.022227153182029724,0.022227860987186432,0.022230258211493492,0.8221569061279297,0.022226989269256592,0.02224886789917946,0.022226782515645027,0.022226577624678612
"DM-7408",False,"valid",0.012349329888820648,0.01235563587397337,0.012352176941931248,0.01235152781009674,0.012349161319434643,0.012350663542747498,0.9011864066123962,0.012349938042461872,0.012355148792266846
"DM-3162",False,"valid",0.0,0.0,0.0,0.0,0.7994546294212341,0.0,0.0,0.0,0.15428049862384796
"DM-8652",False,"valid",0.0,0.0,0.9441515803337097,0.0,0.0,0.0,0.0,0.0,0.0
"DM-11429",False,"valid",0.0,0.312148779630661,0.0,0.6648065447807312,0.0,0.0,0.0,0.0,0.0
"DM-16613",False,"valid",0.0,0.0,0.0,0.0,0.9531363248825073,0.0,0.0,0.0,0.0
"DM-2900",False,"valid",0.0,0.0,0.0,0.0,0.0,0.0,0.9584526419639587,0.0,0.0
"DM-18577",False,"valid",0.19268564879894257,0.0,0.0,0.0,0.5633384585380554,0.0,0.0,0.0,0.23820970952510834
"DM-17552",False,"valid",0.0,0.0,0.0,0.0,0.0,0.15526655316352844,0.4432504177093506,0.3784356415271759,0.0
"DM-18108",True,"valid",0.0,0.0,0.0,0.0,0.0,0.9247866272926331,0.0,0.0,0.0
"DM-6818",False,"valid",0.0,0.0,0.0,0.0,0.0,0.0,0.0,0.9541670083999634,0.0
"DM-1249",True,"valid",0.0,0.0,0.0,0.0,0.6246306896209717,0.3206367492675781,0.0,0.0,0.0
"DM-14879",False,"valid",0.0,0.0,0.0,0.0,0.0,0.9385462999343872,0.0,0.0,0.0
"DM-3670",False,"valid",0.0,0.1003229096531868,0.7235734462738037,0.0,0.15385286509990692,0.0,0.0,0.0,0.0
"DM-15836",False,"valid",0.2862244248390198,0.05477536842226982,0.0,0.015786927193403244,0.38046833872795105,0.10970224440097809,0.14866796135902405,0.0,0.0
"DM-11389",False,"valid",0.21587923169136047,0.09671320766210556,0.0,0.47883790731430054,0.0,0.0,0.0,0.1860218197107315,0.0
"DM-8822",False,"valid",0.29320651292800903,0.0,0.0,0.6953079700469971,0.0,0.0,0.0,0.0,0.0
"DM-11856",False,"valid",0.0,0.0,0.3870040774345398,0.0,0.0,0.5801815986633301,0.0,0.0,0.0
"DM-1333",False,"valid",0.0,0.0,0.0,0.0,0.5680768489837646,0.20919547975063324,0.21467964351177216,0.0,0.0
"DM-11183",False,"valid",0.486985445022583,0.011197041720151901,0.011200258508324623,0.011196940205991268,0.011199774220585823,0.3054984509944916,0.011201350949704647,0.14032290875911713,0.011197865940630436
"DM-1709",False,"valid",0.0,0.0,0.0,0.0,0.0,0.0,0.9843282103538513,0.0,0.0
"DM-1322",False,"valid",0.0,0.0,0.0,0.0,0.0,0.0,0.7683454751968384,0.0,0.19105122983455658
"DM-10875",True,"valid",0.8516979217529297,0.018535014241933823,0.018539048731327057,0.018539540469646454,0.018533682450652122,0.018535738810896873,0.018540799617767334,0.018534192815423012,0.0185440331697464
"DM-5298",False,"valid",0.0,0.0,0.0,0.47697293758392334,0.0,0.2841244637966156,0.19182538986206055,0.0,0.0
"DM-12208",False,"valid",0.0,0.0,0.0,0.0,0.0,0.0,0.2325141727924347,0.0,0.7250874638557434
"DM-16782",True,"valid",0.0,0.0,0.0,0.0,0.0,0.9682015180587769,0.0,0.0,0.0
"DM-9514",False,"valid",0.6280643343925476,0.01853305846452713,0.2421894520521164,0.018538428470492363,0.01853129267692566,0.018533147871494293,0.018537702038884163,0.018532035872340202,0.01854056306183338
"DM-8408",False,"valid",0.0,0.0,0.0,0.0,0.07563409954309464,0.8819734454154968,0.0,0.0,0.0
"DM-17022",True,"valid",0.0,0.0,0.0,0.0,0.0,0.6562048196792603,0.2890883982181549,0.0,0.0
"DM-3141",False,"valid",0.0,0.15417860448360443,0.034236643463373184,0.0,0.0,0.10400744527578354,0.0,0.6611176133155823,0.045953623950481415
"DM-9157",False,"valid",0.28831443190574646,0.6628101468086243,0.0,0.0,0.0,0.0,0.0,0.0,0.0
"DM-9055",False,"valid",0.0,0.0,0.0,0.0,0.0,0.0,0.0,0.7450289726257324,0.21441277861595154
"DM-5874",False,"valid",0.0,0.3312848210334778,0.0,0.37694624066352844,0.0,0.0,0.0,0.0,0.27523404359817505
"DM-3800",True,"valid",0.0,0.0,0.0,0.0,0.42712026834487915,0.2069145143032074,0.0,0.06307949870824814,0.2941173315048218
"DM-10328",False,"valid",0.20980972051620483,0.0736783891916275,0.3890056908130646,0.08145325630903244,0.0,0.0,0.0,0.23203939199447632,0.0
"DM-7927",False,"valid",0.0,0.0,0.0,0.0,0.15850955247879028,0.24089837074279785,0.0,0.28619974851608276,0.30048853158950806
"DM-8801",True,"valid",0.0,0.0,0.0,0.17790837585926056,0.0,0.0,0.5179883241653442,0.0,0.2833367586135864
"DM-4571",False,"valid",0.0,0.0,0.0,0.0,0.7596308588981628,0.19753248989582062,0.0,0.0,0.0
"DM-16034",True,"valid",0.0,0.0,0.0,0.0,0.547622561454773,0.0,0.42490246891975403,0.0,0.0
"DM-9873",False,"valid",0.5150049924850464,0.0,0.06837151944637299,0.0,0.1126306802034378,0.15824733674526215,0.0,0.14063459634780884,0.0
"DM-9833",False,"valid",0.011152798309922218,0.910778820514679,0.011150437407195568,0.011151992715895176,0.011152192018926144,0.011151714250445366,0.011155127547681332,0.011153793893754482,0.01115318201482296
"DM-14552",False,"valid",0.0,0.0,0.0,0.0,0.0,0.0,0.8600397109985352,0.0,0.12984327971935272
"DM-7168",False,"valid",0.0,0.0,0.21118205785751343,0.5738831162452698,0.0,0.20045897364616394,0.0,0.0,0.0
"DM-11948",False,"valid",0.0,0.0,0.0,0.0,0.0,0.0,0.0,0.0,0.9613052010536194
"DM-278",False,"valid",0.0,0.0,0.15562982857227325,0.11287298798561096,0.6919885277748108,0.0,0.0,0.0,0.0
"DM-9954",True,"valid",0.0,0.0,0.0,0.0,0.0,0.22192363440990448,0.21397177875041962,0.0,0.5534551739692688
"DM-12113",False,"valid",0.18057969212532043,0.0,0.0,0.4340744912624359,0.0,0.0,0.3460916578769684,0.0,0.0
"DM-1732",False,"valid",0.0,0.0,0.0,0.0,0.998581051826477,0.0,0.0,0.0,0.0
"DM-9371",False,"valid",0.0,0.0,0.0,0.7470328211784363,0.0,0.1954735815525055,0.0,0.0,0.0
"DM-6286",True,"valid",0.0,0.039604734629392624,0.0,0.7833788394927979,0.0,0.07576631754636765,0.0,0.087698794901371,0.0
"DM-12551",False,"valid",0.0,0.0,0.0,0.31224384903907776,0.0,0.0,0.0,0.0,0.6682807207107544
"DM-10233",False,"valid",0.0,0.0,0.4951287806034088,0.0,0.0,0.0,0.0,0.46354496479034424,0.0
"DM-15109",False,"valid",0.0,0.0,0.0,0.0,0.0,0.19970667362213135,0.0,0.7667653560638428,0.0
"DM-14849",False,"valid",0.25580430030822754,0.0,0.0,0.0,0.19418290257453918,0.19052140414714813,0.3403385877609253,0.0,0.0
"DM-6183",False,"valid",0.0,0.9505584836006165,0.0,0.0,0.0,0.0,0.0,0.0,0.0
"DM-17766",False,"valid",0.2720169425010681,0.10889948904514313,0.0,0.07199620455503464,0.0,0.17039614915847778,0.0,0.366411417722702,0.0
"DM-13637",True,"valid",0.0,0.09387743473052979,0.0,0.7138409614562988,0.03355385363101959,0.0,0.0,0.1493188440799713,0.0
"DM-4470",False,"valid",0.3120781183242798,0.022001054137945175,0.022014068439602852,0.021996241062879562,0.021994465962052345,0.02199893444776535,0.2929795980453491,0.022005442529916763,0.26293209195137024
"DM-5908",False,"valid",0.0,0.0,0.7599032521247864,0.0,0.0,0.20943565666675568,0.0,0.0,0.0
"DM-4043",False,"valid",0.0,0.0,0.1505245566368103,0.0,0.0,0.06144672632217407,0.0,0.7350220680236816,0.046606361865997314
"DM-14642",False,"valid",0.027795841917395592,0.027792274951934814,0.7776557207107544,0.02778937667608261,0.02778906188905239,0.027789130806922913,0.02780359610915184,0.027794314548373222,0.027790706604719162
"DM-17974",False,"valid",0.0,0.0,0.42181167006492615,0.0,0.0,0.0,0.0,0.0,0.5430444478988647
"DM-10087",False,"valid",0.0,0.0,0.0,0.12904751300811768,0.0,0.0,0.0,0.8410055041313171,0.0
"DM-7655",False,"valid",0.0,0.0,0.0,0.0,0.0,0.9555229544639587,0.0,0.0,0.0
"DM-13813",False,"valid",0.0,0.0,0.0,0.0,0.09840845316648483,0.0,0.5717554092407227,0.31834903359413147,0.0
"DM-3243",False,"valid",0.5020184516906738,0.0,0.0,0.0,0.0,0.4700528681278229,0.0,0.0,0.0
"DM-9276",True,"valid",0.015896713361144066,0.8728615641593933,0.01589943841099739,0.01588246040046215,0.015884779393672943,0.01588347740471363,0.015885302796959877,0.01590723730623722,0.015898995101451874
"DM-15366",False,"valid",0.7433469295501709,0.0,0.0,0.0,0.0,0.20506447553634644,0.0,0.0,0.0
"DM-9439",False,"valid",0.9682731628417969,0.0,0.0,0.0,0.0,0.0,0.012499301694333553,0.010886676609516144,0.0
"DM-6905",False,"valid",0.19852767884731293,0.0,0.0,0.0,0.0,0.7492775917053223,0.0,0.0,0.0
"DM-4217",False,"valid",0.0,0.0,0.0,0.9744446277618408,0.0,0.0,0.0,0.0,0.0
"DM-13552",False,"valid",0.9837844967842102,0.0,0.0,0.0,0.0,0.0,0.0,0.0,0.0
"DM-4043",False,"valid",0.0,0.0,0.1505245566368103,0.0,0.0,0.06144672632217407,0.0,0.7350220680236816,0.046606361865997314
"DM-13588",False,"valid",0.0,0.0,0.0,0.0,0.0,0.0,0.0,0.0,0.9531708359718323
"DM-17202",False,"valid",0.0,0.0,0.11173488944768906,0.37570831179618835,0.0,0.0,0.307986855506897,0.0,0.1891665905714035
"DM-17914",False,"valid",0.0,0.0,0.0,0.0,0.0,0.0,0.0,0.0,0.9682155251502991
"DM-10002",False,"valid",0.0,0.2577572464942932,0.6673235893249512,0.0,0.0,0.0,0.0,0.05936674773693085,0.0
"DM-4845",False,"valid",0.0,0.25559404492378235,0.0,0.0,0.0,0.0,0.0,0.0,0.7253186702728271
"DM-4567",True,"valid",0.5252679586410522,0.0,0.0,0.0,0.45487549901008606,0.0,0.0,0.0,0.0
"DM-12593",False,"valid",0.010939059779047966,0.010930986143648624,0.01093227043747902,0.10734254121780396,0.6696244478225708,0.0109320729970932,0.010935194790363312,0.010935313068330288,0.1574281007051468
"DM-7833",False,"valid",0.0,0.0,0.0,0.5001355409622192,0.0,0.0,0.19472554326057434,0.2768528461456299,0.0
"DM-6132",False,"valid",0.29277071356773376,0.011815328150987625,0.011819128878414631,0.6244995594024658,0.011820822954177856,0.011816365644335747,0.011820334941148758,0.011819854378700256,0.011817879043519497
"DM-11620",True,"valid",0.1301816999912262,0.0,0.1385258138179779,0.0,0.0,0.0,0.0,0.7294960021972656,0.0
"DM-7554",False,"valid",0.0,0.0,0.0,0.0,0.0,0.0,0.9449260830879211,0.0,0.0
"DM-9932",True,"valid",0.0,0.0,0.5358434319496155,0.04411331191658974,0.0,0.0,0.0,0.032456234097480774,0.38011208176612854
"DM-17908",False,"valid",0.0,0.0,0.0,0.0,0.0,0.10658158361911774,0.843009889125824,0.0,0.0
"DM-5041",True,"valid",0.0,0.0,0.6442956924438477,0.0,0.0,0.0,0.0,0.0,0.30698996782302856
"DM-11407",False,"valid",0.0,0.0,0.15950866043567657,0.0,0.4767266809940338,0.0,0.0,0.0,0.34364134073257446
"DM-6611",False,"valid",0.013814045116305351,0.01381952315568924,0.013813299126923084,0.013815046288073063,0.2736382484436035,0.01381829846650362,0.43167439103126526,0.2117941677570343,0.01381293311715126
"DM-13637",True,"valid",0.0,0.09387743473052979,0.0,0.7138409614562988,0.03355385363101959,0.0,0.0,0.1493188440799713,0.0
"DM-751",False,"valid",0.0,0.0,0.0,0.0,0.0,0.0,0.0,0.997138261795044,0.0
"DM-8550",False,"valid",0.0,0.0,0.0,0.14620159566402435,0.0,0.0,0.0,0.0,0.8393353223800659
"DM-14391",True,"valid",0.0,0.1762637048959732,0.0,0.33291998505592346,0.0,0.4793471395969391,0.0,0.0,0.0
"DM-17060",False,"valid",0.1763593703508377,0.0,0.0,0.0,0.0,0.0,0.7816797494888306,0.0,0.0
"DM-11863",True,"valid",0.11474389582872391,0.21096165478229523,0.0,0.050530724227428436,0.0,0.03931916877627373,0.07128296792507172,0.0,0.5062236189842224
"DM-2926",False,"valid",0.6892480254173279,0.0,0.26960819959640503,0.0,0.0,0.0,0.0,0.0,0.0
"DM-875",False,"valid",0.0,0.9865174293518066,0.0,0.0,0.0,0.0,0.0,0.0,0.0
"DM-6361",False,"valid",0.037122029811143875,0.037105951458215714,0.0371062196791172,0.03710709139704704,0.037105951458215714,0.037105951458215714,0.03710659593343735,0.037105951458215714,0.703134298324585
"DM-5474",False,"valid",0.4874255657196045,0.0,0.0,0.0,0.13657638430595398,0.0,0.0,0.0,0.3582289516925812
"DM-8913",False,"valid",0.0,0.0,0.0,0.944368302822113,0.0,0.0,0.0,0.0,0.0
"DM-8641",False,"valid",0.2554323077201843,0.0,0.0,0.0,0.0,0.11189556121826172,0.3523923456668854,0.0,0.26438361406326294
"DM-421",False,"valid",0.011832172982394695,0.011841434985399246,0.011832562275230885,0.011832372285425663,0.9053215384483337,0.011834325268864632,0.011836547404527664,0.011831882409751415,0.011837190948426723
"DM-13371",False,"valid",0.9213456511497498,0.0,0.0,0.0,0.0,0.0,0.0,0.0,0.0
"DM-631",False,"valid",0.7077620625495911,0.03657142072916031,0.03651326894760132,0.03653034195303917,0.03652634099125862,0.03652746230363846,0.03653845191001892,0.0365150012075901,0.03651565685868263
"DM-18039",False,"valid",0.0,0.0,0.0,0.0,0.9374516606330872,0.0,0.0,0.0,0.0
"DM-7716",False,"valid",0.0,0.0,0.0,0.5785814523696899,0.0,0.0,0.0,0.4017830491065979,0.0
"DM-2977",False,"valid",0.0,0.0,0.0,0.0,0.8581929206848145,0.0,0.0,0.0,0.11452696472406387
"DM-15923",False,"valid",0.0,0.0,0.0,0.0,0.0,0.9703303575515747,0.0,0.0,0.0
"DM-10764",False,"valid",0.0,0.0,0.14594358205795288,0.0,0.0,0.0,0.8391726613044739,0.0,0.0
"DM-1314",False,"valid",0.0,0.0,0.0,0.0,0.0,0.0,0.5518263578414917,0.4276581406593323,0.0
"DM-16012",False,"valid",0.0,0.0,0.0,0.0,0.0,0.0,0.979293942451477,0.0,0.0
"DM-2189",False,"valid",0.026412097737193108,0.02640789933502674,0.026420973241329193,0.02640816941857338,0.026408813893795013,0.026412205770611763,0.02641024999320507,0.026403753086924553,0.7887158393859863
"DM-18839",False,"valid",0.7052546143531799,0.0,0.0,0.0,0.0,0.0,0.0,0.0,0.28218206763267517
"DM-13787",False,"valid",0.0,0.0,0.1917375773191452,0.29474717378616333,0.5065532326698303,0.0,0.0,0.0,0.0
"DM-15162",False,"valid",0.0,0.0,0.7828785181045532,0.0,0.0,0.0,0.0,0.1927313655614853,0.0
"DM-2538",False,"valid",0.01181552093476057,0.9055141806602478,0.011809367686510086,0.011807906441390514,0.011810576543211937,0.011809425428509712,0.011811441741883755,0.011813106946647167,0.01180847268551588
"DM-11911",True,"valid",0.0,0.4147711396217346,0.0,0.36297690868377686,0.195820152759552,0.0,0.0,0.0,0.0
"DM-8052",False,"valid",0.0,0.0,0.0,0.0,0.0,0.0,0.9737985730171204,0.0,0.0
"DM-14819",False,"valid",0.0,0.0,0.0,0.07979274541139603,0.20070508122444153,0.2824464440345764,0.30870500206947327,0.12110269069671631,0.0
"DM-4483",False,"valid",0.018525537103414536,0.018525440245866776,0.018530182540416718,0.018528280779719353,0.6790133118629456,0.19128350913524628,0.018544482067227364,0.018523914739489555,0.018525350838899612
"DM-16292",True,"valid",0.14496955275535583,0.016512060537934303,0.03318660706281662,0.30543506145477295,0.0,0.38757413625717163,0.0,0.11086919903755188,0.0
"DM-11046",False,"valid",0.011928509920835495,0.011929408647119999,0.01193687878549099,0.011935965158045292,0.011928235180675983,0.011931529268622398,0.403991162776947,0.01193256676197052,0.5124857425689697
"DM-4323",False,"valid",0.0,0.0,0.08722839504480362,0.0,0.7876408696174622,0.0,0.09179405122995377,0.0,0.0
"DM-18167",False,"valid",0.0,0.0,0.0,0.3781448006629944,0.0,0.1098473072052002,0.49614256620407104,0.0,0.0
"DM-2593",False,"valid",0.0,0.9657965898513794,0.0,0.0,0.0,0.0,0.0,0.0,0.0
"DM-7938",False,"valid",0.0,0.0,0.0,0.0976194217801094,0.0,0.0,0.8480024337768555,0.0,0.0
"DM-10514",False,"valid",0.0,0.0,0.0,0.0,0.0,0.0,0.9314523339271545,0.0,0.0
"DM-16532",False,"valid",0.0,0.0,0.0,0.0,0.9631466865539551,0.0,0.03366050124168396,0.0,0.0
"DM-14157",False,"valid",0.20854175090789795,0.0,0.0,0.37358275055885315,0.0,0.1817757785320282,0.214374840259552,0.018880805000662804,0.0
"DM-7083",False,"valid",0.0,0.0,0.0,0.0,0.979767918586731,0.0,0.0,0.0,0.0
"DM-1900",True,"valid",0.0,0.0,0.0,0.0,0.13210365176200867,0.0,0.0,0.8410202264785767,0.0
"DM-13916",False,"valid",0.6082770228385925,0.0,0.0,0.0,0.0,0.0,0.3362807333469391,0.0,0.0
"DM-12406",False,"valid",0.013505474664270878,0.013507000170648098,0.013505809009075165,0.01350424811244011,0.013507802970707417,0.4856363832950592,0.41981595754623413,0.013505677692592144,0.013511642813682556
"DM-7469",False,"valid",0.010785703547298908,0.010779080912470818,0.010777887888252735,0.22887206077575684,0.01078355498611927,0.010781679302453995,0.6956565380096436,0.010781725868582726,0.010781798511743546
"DM-5827",False,"valid",0.0,0.0,0.0,0.777130126953125,0.0,0.0,0.0,0.21087010204792023,0.0
"DM-16707",False,"valid",0.0,0.0,0.0,0.0,0.0,0.627785325050354,0.3205816447734833,0.0,0.0
"DM-17332",False,"valid",0.012354862876236439,0.012355156242847443,0.012352406978607178,0.012353791855275631,0.012355592101812363,0.9011651277542114,0.01235442515462637,0.012354053556919098,0.012354555539786816
"DM-1996",False,"valid",0.0,0.0,0.0,0.12921495735645294,0.0,0.0,0.0,0.825899064540863,0.0
"DM-18388",False,"valid",0.013727447018027306,0.013732178136706352,0.013736505061388016,0.013730001635849476,0.013727933168411255,0.013737263157963753,0.013731126673519611,0.8901495337486267,0.013727976940572262
"DM-5703",False,"valid",0.0,0.05919334292411804,0.0,0.25557342171669006,0.0,0.0,0.0,0.0,0.6694715619087219
"DM-12611",False,"valid",0.33022478222846985,0.0,0.1734364926815033,0.27127209305763245,0.0,0.0,0.20776547491550446,0.0,0.0
"DM-982",True,"valid",0.0,0.0,0.0,0.0,0.0,0.0,0.0,0.9644020199775696,0.0
"DM-4801",False,"valid",0.0,0.0,0.0,0.0,0.17067036032676697,0.0,0.0,0.2337421476840973,0.5824233293533325
"DM-8610",False,"valid",0.9703284502029419,0.0,0.0,0.0,0.0,0.0,0.0,0.0,0.0
"DM-9166",False,"valid",0.0,0.0,0.0,0.0,0.0,0.2480541616678238,0.0,0.7072052359580994,0.0
"DM-3522",False,"valid",0.0,0.10050662606954575,0.719506561756134,0.0,0.0,0.0,0.025782516226172447,0.15314172208309174,0.0
"DM-16483",False,"valid",0.0,0.0,0.03948779031634331,0.0,0.07048314809799194,0.0,0.5330604314804077,0.05602700635790825,0.2933584749698639
"DM-9776",False,"valid",0.0,0.0,0.0,0.6210453510284424,0.0,0.31342872977256775,0.0,0.0,0.0
"DM-1973",False,"valid",0.016312597319483757,0.01631861738860607,0.01631169579923153,0.016313713043928146,0.016313130035996437,0.01631566509604454,0.8694879412651062,0.016313480213284492,0.016313176602125168
"DM-9380",False,"valid",0.0,0.0,0.0,0.0,0.0,0.15771503746509552,0.0,0.7935148477554321,0.0
"DM-5124",False,"valid",0.8601628541946411,0.03822606801986694,0.0,0.09376154839992523,0.0,0.0,0.0,0.0,0.0
"DM-7001",False,"valid",0.01006389781832695,0.010066010057926178,0.010066239163279533,0.5891733169555664,0.010064547881484032,0.010069050826132298,0.340366929769516,0.01006513275206089,0.010064925067126751
"DM-14275",True,"valid",0.0,0.0,0.0,0.8002806305885315,0.0,0.0,0.16497677564620972,0.0,0.0
"DM-6379",False,"valid",0.24317975342273712,0.4684571623802185,0.013456487096846104,0.013460375368595123,0.0134579474106431,0.01345990039408207,0.20760300755500793,0.013455226086080074,0.013470117934048176
"DM-7358",False,"valid",0.16232576966285706,0.0,0.2898767292499542,0.0,0.0,0.0,0.500148355960846,0.0,0.0
"DM-8459",False,"valid",0.022235549986362457,0.8221571445465088,0.02223590947687626,0.022227704524993896,0.02222880721092224,0.022229867056012154,0.022228706628084183,0.022228067740797997,0.02222820743918419
"DM-2262",False,"valid",0.02224534936249256,0.022257788106799126,0.022241199389100075,0.02223672904074192,0.022236987948417664,0.022265078499913216,0.4940619468688965,0.022259753197431564,0.35019516944885254
"DM-3697",False,"valid",0.0,0.590519368648529,0.0,0.12173880636692047,0.0,0.26385682821273804,0.0,0.0,0.0
"DM-6989",True,"valid",0.09042958170175552,0.0,0.0,0.0,0.0,0.0,0.0,0.8900829553604126,0.0
"DM-7171",False,"valid",0.0,0.1582721769809723,0.0,0.0,0.6368533968925476,0.0,0.1840176284313202,0.0,0.0
"DM-8296",False,"valid",0.0,0.2097492814064026,0.0,0.0,0.0,0.5267255902290344,0.0,0.1250893771648407,0.11999006569385529
"DM-6590",False,"valid",0.7602102160453796,0.0,0.0,0.0,0.0,0.0,0.12359718978404999,0.0,0.10196931660175323
"DM-10565",False,"valid",0.0,0.9672662019729614,0.0,0.0,0.0,0.0,0.02704375796020031,0.0,0.0
"DM-13116",False,"valid",0.32432591915130615,0.0,0.0,0.0,0.0,0.0,0.0,0.0,0.6520529985427856
"DM-4129",False,"valid",0.2744804620742798,0.0,0.0,0.701174259185791,0.0,0.0,0.0,0.0,0.0
"DM-7057",False,"valid",0.019067876040935516,0.01907670870423317,0.6711115837097168,0.019069237634539604,0.1954086869955063,0.01906518079340458,0.019071094691753387,0.019064687192440033,0.019064979627728462
"DM-8698",False,"valid",0.9937291145324707,0.0,0.0,0.0,0.0,0.0,0.0,0.0,0.0
"DM-15048",False,"valid",0.0,0.0,0.08981512486934662,0.0,0.0,0.0,0.0,0.0,0.8461952209472656
"DM-7524",False,"valid",0.0,0.0,0.9952865839004517,0.0,0.0,0.0,0.0,0.0,0.0
"DM-4798",False,"valid",0.0,0.541946291923523,0.0,0.2736552357673645,0.0,0.0,0.0,0.0,0.17383834719657898
"DM-6138",False,"valid",0.0,0.1845361292362213,0.0,0.2206454575061798,0.0,0.5694529414176941,0.0,0.0,0.0
"DM-3817",False,"valid",0.0,0.0,0.0,0.21451686322689056,0.15919294953346252,0.5895594358444214,0.0,0.0,0.0
"DM-14552",False,"valid",0.0,0.0,0.0,0.0,0.0,0.0,0.8600397109985352,0.0,0.12984327971935272
"DM-16220",False,"valid",0.0,0.0,0.0,0.0,0.348308801651001,0.0,0.0,0.6008697152137756,0.0
"DM-17662",False,"valid",0.02243438921868801,0.8205116391181946,0.022437699139118195,0.02244390919804573,0.022434338927268982,0.022437119856476784,0.022437801584601402,0.02243206277489662,0.022431084886193275
"DM-5936",False,"valid",0.0,0.0,0.0,0.0,0.0,0.0,0.0,0.046755727380514145,0.933262050151825
"DM-8496",False,"valid",0.0,0.9406998157501221,0.0,0.0,0.0,0.0,0.0,0.0,0.0
"DM-5086",False,"valid",0.0,0.0,0.0,0.0,0.0,0.9339908957481384,0.0,0.0,0.0
"DM-10529",False,"valid",0.0,0.0,0.0,0.0,0.09721358865499496,0.0,0.0,0.8373537063598633,0.0
"DM-5880",False,"valid",0.0,0.0,0.17381179332733154,0.0,0.0,0.02529352344572544,0.0,0.5497280359268188,0.2220533788204193
"DM-15344",False,"valid",0.0,0.2027362436056137,0.0,0.0862274095416069,0.0,0.0,0.043174900114536285,0.0,0.6563083529472351
"DM-6235",False,"valid",0.012354131788015366,0.01235953439027071,0.012354169972240925,0.9011636972427368,0.012349463067948818,0.012351457960903645,0.012356111779808998,0.012351255863904953,0.01236022636294365
"DM-11517",False,"valid",0.34355849027633667,0.0,0.0,0.0,0.0,0.0,0.3251243829727173,0.3032492995262146,0.0
"DM-7893",True,"valid",0.0,0.34459415078163147,0.0,0.0,0.0,0.0,0.6335066556930542,0.0,0.0
"DM-16902",False,"valid",0.0,0.0,0.7518990635871887,0.0,0.0,0.0,0.0,0.20705559849739075,0.0
"DM-2001",False,"valid",0.0,0.0,0.0,0.9656140208244324,0.0,0.0,0.0,0.0,0.0
"DM-14819",False,"valid",0.0,0.0,0.0,0.07979274541139603,0.20070508122444153,0.2824464440345764,0.30870500206947327,0.12110269069671631,0.0
"DM-13967",False,"valid",0.0,0.36071300506591797,0.2328484207391739,0.33410173654556274,0.0,0.0,0.061806146055459976,0.0,0.0
"DM-5162",False,"valid",0.0,0.0,0.0,0.3797627389431,0.0,0.0,0.24050813913345337,0.3617478907108307,0.0
"DM-8224",False,"valid",0.0,0.0,0.0,0.0,0.0,0.0,0.9866855144500732,0.0,0.0
"DM-1603",False,"valid",0.0,0.0,0.4651741683483124,0.0,0.0,0.0,0.5171640515327454,0.0,0.0
"DM-8265",False,"valid",0.0,0.0,0.0,0.0,0.7166154980659485,0.0,0.05139487609267235,0.21823002398014069,0.0
"DM-17908",False,"valid",0.0,0.0,0.0,0.0,0.0,0.10658158361911774,0.843009889125824,0.0,0.0
"DM-10825",True,"valid",0.0,0.0,0.0,0.3716316223144531,0.08484656363725662,0.21966524422168732,0.29976558685302734,0.0,0.0
"DM-10225",False,"valid",0.0,0.0,0.0,0.0,0.0,0.0,0.0,0.9443846940994263,0.0
"DM-4506",True,"valid",0.02226516418159008,0.022277923300862312,0.022262902930378914,0.022281557321548462,0.02227984555065632,0.02226298861205578,0.8218234777450562,0.022283632308244705,0.022262558341026306
"DM-7843",False,"valid",0.01588008552789688,0.8729445338249207,0.015881160274147987,0.01588113233447075,0.015881475061178207,0.015882158651947975,0.01588556356728077,0.015881067141890526,0.015882808715105057
"DM-11599",True,"valid",0.19935643672943115,0.0,0.0,0.0,0.0,0.0,0.7691402435302734,0.0,0.0
"DM-1363",False,"valid",0.21470604836940765,0.0,0.0,0.0,0.28072449564933777,0.0,0.0,0.4867215156555176,0.0
"DM-9143",True,"valid",0.0,0.0,0.0,0.0,0.0,0.0,0.0,0.0,0.9821950197219849
"DM-11604",False,"valid",0.0,0.0,0.0,0.7776296138763428,0.0,0.0,0.1835891306400299,0.0,0.0
"DM-9003",False,"valid",0.0,0.0,0.338472843170166,0.0,0.2586307227611542,0.3554399013519287,0.0,0.0,0.0
"DM-9833",False,"valid",0.011152798309922218,0.910778820514679,0.011150437407195568,0.011151992715895176,0.011152192018926144,0.011151714250445366,0.011155127547681332,0.011153793893754482,0.01115318201482296
"DM-17114",False,"valid",0.0,0.0,0.0,0.4549257457256317,0.0,0.0,0.3619249761104584,0.0,0.14438572525978088
"DM-6123",False,"valid",0.0,0.3997572362422943,0.0,0.0,0.0,0.059252750128507614,0.0,0.5238249897956848,0.0
"DM-12404",True,"valid",0.0,0.41576334834098816,0.0,0.0,0.0,0.0,0.0,0.10028721392154694,0.4617016017436981
"DM-13196",False,"valid",0.0,0.0,0.0,0.0,0.058127086609601974,0.0,0.0,0.1812540590763092,0.7412926554679871
"DM-7329",False,"valid",0.0,0.24134746193885803,0.1996871829032898,0.0,0.0,0.0,0.5113146305084229,0.0,0.0
"DM-14864",False,"valid",0.0,0.7295156121253967,0.12928569316864014,0.0,0.0,0.0,0.0,0.0,0.12800416350364685
"DM-12771",True,"valid",0.1126464381814003,0.0,0.0,0.0,0.0,0.0,0.22830821573734283,0.0503673329949379,0.5912988781929016
"DM-4503",True,"valid",0.013893483206629753,0.013891764916479588,0.013890590518712997,0.013893009163439274,0.013901623897254467,0.013891281560063362,0.8888549208641052,0.013892071321606636,0.013891272246837616
"DM-18671",False,"valid",0.0,0.0,0.0,0.9642351865768433,0.0,0.0,0.0,0.0,0.0
"DM-4694",False,"valid",0.021993495523929596,0.021993175148963928,0.021993041038513184,0.021993812173604965,0.02200179174542427,0.021991433575749397,0.8240470886230469,0.02199341356754303,0.02199273370206356
"DM-5041",True,"valid",0.0,0.0,0.6442956924438477,0.0,0.0,0.0,0.0,0.0,0.30698996782302856
"DM-2429",False,"valid",0.0,0.0,0.0,0.0,0.0,0.0,0.0,0.9553088545799255,0.0
"DM-7177",True,"valid",0.0,0.9505663514137268,0.0,0.0,0.0,0.0,0.0,0.0,0.0
"DM-12473",False,"valid",0.05337135121226311,0.0,0.3737773001194,0.10387855023145676,0.0,0.17672041058540344,0.2818530201911926,0.0,0.0
"DM-461",True,"valid",0.0,0.27950435876846313,0.2595239579677582,0.0,0.0,0.4194921553134918,0.02953658252954483,0.0,0.0
"DM-6246",False,"valid",0.0,0.0,0.0,0.24444356560707092,0.0,0.0,0.743126392364502,0.0,0.0
"DM-8189",False,"valid",0.0,0.0,0.0,0.0,0.7559568285942078,0.0,0.1400015503168106,0.08030477911233902,0.0
"DM-3253",False,"valid",0.6015786528587341,0.0,0.0,0.0,0.06799305230379105,0.28645971417427063,0.0,0.0127640999853611,0.0
"DM-3569",True,"valid",0.03488108888268471,0.0348827950656414,0.0348808653652668,0.03488083556294441,0.36846503615379333,0.38736528158187866,0.034881796687841415,0.034880783408880234,0.03488153964281082
"DM-4003",False,"valid",0.0,0.0,0.0,0.0,0.9505802392959595,0.0,0.0,0.0,0.0
"DM-14674",False,"valid",0.0,0.0,0.0,0.0,0.0,0.0,0.9643935561180115,0.0,0.0
"DM-17720",True,"valid",0.0,0.0,0.0,0.0,0.978818416595459,0.0,0.0,0.0,0.0
"DM-16603",False,"valid",0.0,0.0,0.0,0.9530848860740662,0.0,0.0,0.0,0.0,0.0
"DM-2914",True,"valid",0.0,0.0,0.0,0.0,0.95950847864151,0.0,0.0,0.0,0.0
"DM-15320",False,"valid",0.0219992958009243,0.02200848050415516,0.021995585411787033,0.0220037754625082,0.022007623687386513,0.022003378719091415,0.8239665031433105,0.02200300619006157,0.022012412548065186
"DM-2710",False,"valid",0.0,0.0,0.2518004775047302,0.3824349343776703,0.0,0.1821446716785431,0.0,0.16316820681095123,0.0
"DM-6240",False,"valid",0.0,0.0,0.0,0.0,0.0,0.6270483732223511,0.0,0.0,0.3461844325065613
"DM-5432",False,"valid",0.0,0.26238980889320374,0.3076712489128113,0.0,0.0,0.0,0.0,0.22551286220550537,0.1880878061056137
"DM-4856",False,"valid",0.0,0.0,0.0,0.0,0.0,0.0,0.0,0.16471238434314728,0.7813395261764526
"DM-2385",False,"valid",0.0,0.0,0.0,0.0,0.24566593766212463,0.0,0.0,0.720487117767334,0.0
"DM-471",False,"valid",0.3186688721179962,0.37570005655288696,0.0,0.0,0.0,0.0,0.09378380328416824,0.0,0.20308411121368408
"DM-3697",False,"valid",0.0,0.590519368648529,0.0,0.12173880636692047,0.0,0.26385682821273804,0.0,0.0,0.0
"DM-5546",False,"valid",0.5189478993415833,0.022247985005378723,0.02223588526248932,0.022238269448280334,0.02223372273147106,0.02223995141685009,0.02223929390311241,0.3253779709339142,0.02223905362188816
"DM-1253",False,"valid",0.022414591163396835,0.022408265620470047,0.634289562702179,0.022408727556467056,0.02241368032991886,0.02240758389234543,0.20882295072078705,0.02242412604391575,0.022410528734326363
"DM-14392",False,"valid",0.013896430842578411,0.013895501382648945,0.40517866611480713,0.49751901626586914,0.013896777294576168,0.013915750198066235,0.013901563361287117,0.013900361023843288,0.013895973563194275
"DM-11816",True,"valid",0.010214115492999554,0.918268084526062,0.010215336456894875,0.010216716676950455,0.01021680235862732,0.010218659415841103,0.01021880004554987,0.010214530862867832,0.010216961614787579
"DM-12697",False,"valid",0.12057820707559586,0.0,0.0,0.41674691438674927,0.0,0.4410846531391144,0.0,0.0,0.0
"DM-14543",False,"valid",0.11696606129407883,0.011149883270263672,0.011150335893034935,0.011152567341923714,0.011160090565681458,0.8049692511558533,0.011149270460009575,0.011152110993862152,0.01115040760487318
"DM-8242",False,"valid",0.0,0.0,0.0,0.0,0.0,0.9730495810508728,0.0,0.0,0.0
"DM-8157",True,"valid",0.0,0.0,0.0,0.0,0.0,0.9088876843452454,0.0584791824221611,0.0,0.0
"DM-16502",False,"valid",0.0,0.0,0.0,0.0,0.41759705543518066,0.5555603504180908,0.0,0.0,0.0
"DM-1445",False,"valid",0.02256597951054573,0.42832255363464355,0.022571105509996414,0.022557834163308144,0.0225557629019022,0.022568101063370705,0.022601667791604996,0.02259024977684021,0.4136667847633362
"DM-12361",False,"valid",0.0,0.0,0.0,0.9644186496734619,0.0,0.0,0.0,0.0,0.0
"DM-10340",False,"valid",0.8354207873344421,0.0,0.0,0.0,0.0,0.0,0.0,0.15239208936691284,0.010192197747528553
"DM-12973",False,"valid",0.2438489943742752,0.0,0.0,0.44479799270629883,0.0,0.0,0.2566034495830536,0.0,0.0
"DM-7912",False,"valid",0.3113546669483185,0.39892613887786865,0.0,0.0,0.25963202118873596,0.0,0.0,0.0,0.0
"DM-10620",False,"valid",0.0,0.0,0.0,0.0,0.0,0.0,0.8357963562011719,0.0,0.11228510737419128
"DM-3360",False,"valid",0.012522454373538494,0.01252400130033493,0.012530927546322346,0.012525278143584728,0.01252392865717411,0.01252182200551033,0.01252572238445282,0.012525507248938084,0.8998003005981445
"DM-10231",False,"valid",0.29533734917640686,0.0,0.0,0.6710158586502075,0.0,0.0,0.0,0.0,0.02468794770538807
"DM-14552",False,"valid",0.0,0.0,0.0,0.0,0.0,0.0,0.8600397109985352,0.0,0.12984327971935272
"DM-5435",False,"valid",0.0,0.0,0.0,0.0,0.0,0.0,0.0,0.9657785296440125,0.0
"DM-8113",False,"valid",0.0,0.0,0.0,0.0,0.0,0.97034752368927,0.0,0.0,0.0
"DM-11018",False,"valid",0.0,0.0,0.0,0.9752588272094727,0.0,0.0,0.0,0.0,0.0
"DM-18885",False,"valid",0.0,0.7814316153526306,0.0,0.0,0.0,0.0,0.0,0.09234946221113205,0.10676055401563644
"DM-13970",False,"valid",0.0,0.0,0.0,0.0,0.36729589104652405,0.08694591373205185,0.39416491985321045,0.0,0.1347408890724182
"DM-5301",False,"valid",0.0,0.0,0.0,0.0,0.0,0.0,0.07643786072731018,0.9130396246910095,0.0
"DM-8181",False,"valid",0.0,0.0,0.0,0.0,0.0,0.0,0.9554279446601868,0.0,0.0
"DM-16314",False,"valid",0.013905009254813194,0.8887572884559631,0.013904433697462082,0.013903938233852386,0.013905580155551434,0.0139045100659132,0.013906209729611874,0.013906584121286869,0.013906454667448997
"DM-4575",True,"valid",0.0,0.0,0.0,0.36413490772247314,0.0,0.5954183340072632,0.0,0.0,0.0
"DM-1196",False,"valid",0.5859821438789368,0.0,0.0,0.3880389928817749,0.0,0.0,0.0,0.0,0.0
"DM-4567",True,"valid",0.5252679586410522,0.0,0.0,0.0,0.45487549901008606,0.0,0.0,0.0,0.0
"DM-4065",False,"valid",0.010964603163301945,0.010964324697852135,0.5735139846801758,0.0109652578830719,0.3497246503829956,0.010968378745019436,0.010967040434479713,0.010966657660901546,0.010965143330395222
"DM-11981",True,"valid",0.0,0.0,0.0,0.9863112568855286,0.0,0.0,0.0,0.0,0.0
"DM-3347",False,"valid",0.0,0.26608744263648987,0.0,0.0,0.13801652193069458,0.22665798664093018,0.0,0.03240681812167168,0.33116599917411804
"DM-814",False,"valid",0.0,0.0,0.7112537026405334,0.0,0.0,0.0,0.0,0.25142109394073486,0.0
"DM-964",False,"valid",0.0,0.22369840741157532,0.0,0.0,0.24415160715579987,0.0,0.0,0.39200520515441895,0.09778249263763428
"DM-11404",False,"valid",0.0,0.7048109173774719,0.0,0.0,0.0,0.0,0.0,0.0,0.2640519142150879
"DM-614",False,"valid",0.0,0.0,0.0,0.0,0.0,0.0,0.0,0.9349159598350525,0.0
"DM-16922",False,"valid",0.0,0.18734461069107056,0.0,0.0,0.0,0.34987524151802063,0.4436822533607483,0.0,0.0
"DM-12981",True,"valid",0.3749164938926697,0.0,0.0,0.0,0.0,0.0,0.0,0.0,0.5844764113426208
"DM-13625",False,"valid",0.0,0.0,0.0,0.7554091811180115,0.0,0.23116832971572876,0.0,0.0,0.0
"DM-9313",False,"valid",0.0,0.09075150638818741,0.545232355594635,0.0,0.0,0.0,0.12144357711076736,0.0,0.2306276559829712
"DM-1488",False,"valid",0.0,0.0,0.0,0.0,0.0,0.0,0.0,0.9443696141242981,0.0
"DM-4856",False,"valid",0.0,0.0,0.0,0.0,0.0,0.0,0.0,0.16471238434314728,0.7813395261764526
"DM-5041",True,"valid",0.0,0.0,0.6442956924438477,0.0,0.0,0.0,0.0,0.0,0.30698996782302856
"DM-6614",False,"valid",0.0,0.0,0.0,0.0,0.0,0.0,0.9499891996383667,0.0,0.0
"DM-706",False,"valid",0.0817333310842514,0.0,0.9009634256362915,0.0,0.0,0.0,0.0,0.0,0.0
"DM-3663",False,"valid",0.09149902313947678,0.0,0.09035313129425049,0.21291916072368622,0.4870094656944275,0.10711555182933807,0.0,0.0,0.0
"DM-16361",False,"valid",0.0,0.0,0.0,0.0,0.25715672969818115,0.0,0.0,0.7244908213615417,0.0
"DM-5932",True,"valid",0.0,0.0,0.0,0.0,0.0,0.0,0.7867904901504517,0.1723577082157135,0.0
"DM-3892",False,"valid",0.0,0.17813239991664886,0.31074997782707214,0.4318057596683502,0.0,0.0,0.0,0.05509046092629433,0.0
"DM-10397",False,"valid",0.0,0.0,0.0,0.37180671095848083,0.0,0.5189477801322937,0.08959644287824631,0.0,0.0
"DM-6857",False,"valid",0.0,0.0,0.0,0.0,0.0,0.0,0.9797848463058472,0.0,0.0
"DM-8109",False,"valid",0.0,0.0,0.0,0.581741213798523,0.0,0.0,0.0,0.0,0.37676191329956055
"DM-17038",False,"valid",0.4276904761791229,0.0,0.0,0.5385599732398987,0.0,0.0,0.0,0.0,0.0
"DM-7049",False,"valid",0.0,0.0,0.0,0.0,0.0,0.0,0.0,0.0,0.9876272082328796
"DM-8097",False,"valid",0.14507071673870087,0.2516876459121704,0.0,0.0,0.0,0.0,0.0,0.599574863910675,0.0
"DM-10984",False,"valid",0.10008247196674347,0.5593008995056152,0.0,0.0,0.0,0.3056013286113739,0.0,0.0,0.0
"DM-11987",False,"valid",0.3872002065181732,0.06818750500679016,0.0,0.0,0.0,0.0,0.0,0.097772978246212,0.4322300851345062
"DM-10105",False,"valid",0.6119750738143921,0.0,0.013397113420069218,0.0,0.0,0.0,0.0,0.3733741343021393,0.0
"DM-18728",False,"valid",0.0,0.0,0.0,0.07202909141778946,0.0,0.0,0.6861670613288879,0.23063835501670837,0.0
"DM-15364",False,"valid",0.0,0.0,0.0,0.13137684762477875,0.0,0.0,0.0,0.4572203755378723,0.3891122043132782
"DM-11008",False,"valid",0.8594162464141846,0.03375189006328583,0.040761590003967285,0.0,0.011371736414730549,0.0,0.0,0.05328131467103958,0.0
"DM-10803",False,"valid",0.0,0.35132014751434326,0.0,0.0,0.0,0.31351304054260254,0.30410298705101013,0.0,0.0
"DM-18897",False,"valid",0.012586641125380993,0.012586327269673347,0.012587104924023151,0.012586787343025208,0.5409091711044312,0.012585831806063652,0.37098297476768494,0.012586887925863266,0.012588250450789928
"DM-17389",True,"valid",0.027320582419633865,0.027326632291078568,0.027316423133015633,0.027332020923495293,0.02731880359351635,0.027325408533215523,0.027343405410647392,0.027320729568600655,0.7813960313796997
"DM-7576",False,"valid",0.0,0.0,0.05673729628324509,0.0,0.0751190111041069,0.423263818025589,0.0,0.0,0.4231241047382355
"DM-5352",False,"valid",0.018530484288930893,0.018529057502746582,0.01853618025779724,0.01853998377919197,0.01853501982986927,0.018538206815719604,0.8517327308654785,0.018528973683714867,0.0185293797403574
"DM-3922",False,"valid",0.5449931621551514,0.0,0.0,0.0,0.41941264271736145,0.0,0.0,0.0,0.0
"DM-11250",False,"valid",0.0,0.0,0.0,0.0,0.0,0.3700677454471588,0.610556423664093,0.0,0.0
"DM-13476",False,"valid",0.0,0.0,0.028674088418483734,0.0,0.0,0.1114581823348999,0.8493181467056274,0.0,0.0
"DM-10565",False,"valid",0.0,0.9672662019729614,0.0,0.0,0.0,0.0,0.02704375796020031,0.0,0.0
"DM-13487",False,"valid",0.027809232473373413,0.027802757918834686,0.027815410867333412,0.777462363243103,0.027812432497739792,0.027810005471110344,0.027838606387376785,0.02783224917948246,0.02781691960990429
"DM-2980",True,"valid",0.44031667709350586,0.0,0.0,0.028470585122704506,0.0,0.4153672158718109,0.10609923303127289,0.0,0.0
"DM-1312",True,"valid",0.0,0.0,0.34516990184783936,0.0,0.0,0.4097650945186615,0.13965149223804474,0.07563956826925278,0.0
"DM-9851",False,"valid",0.7026528120040894,0.0,0.0,0.0,0.0,0.1951441764831543,0.0,0.07562178373336792,0.0
"DM-1525",False,"valid",0.6664393544197083,0.06237681955099106,0.0,0.0,0.0,0.032884713262319565,0.0,0.06385943293571472,0.17269805073738098
"DM-449",False,"valid",0.0,0.0,0.0,0.0,0.12488900125026703,0.0,0.0,0.0,0.8084822297096252
"DM-11280",False,"valid",0.0,0.0,0.0,0.0,0.9504700899124146,0.0,0.0,0.0,0.0
"DM-10206",False,"valid",0.0,0.08569206297397614,0.0,0.0,0.0,0.2761944830417633,0.0,0.0,0.6119807362556458
"DM-419",True,"valid",0.5757288336753845,0.02825930528342724,0.028258807957172394,0.0282402653247118,0.028274796903133392,0.22649811208248138,0.028247445821762085,0.028250733390450478,0.0282417181879282
"DM-16299",False,"valid",0.5539701581001282,0.0,0.0,0.22625866532325745,0.0,0.0,0.20114871859550476,0.0,0.0
"DM-18131",False,"valid",0.0,0.0,0.0,0.9904186725616455,0.0,0.0,0.0,0.0,0.0
"DM-14814",False,"valid",0.0,0.0,0.7451160550117493,0.09102707356214523,0.0,0.0,0.0,0.0,0.15482546389102936
"DM-1213",False,"valid",0.0,0.0,0.5491706728935242,0.0,0.0,0.0,0.0,0.41527870297431946,0.0
"DM-7223",False,"valid",0.0,0.4147540330886841,0.0,0.0,0.0,0.0,0.0,0.5442568063735962,0.0
"DM-2624",True,"valid",0.010125264525413513,0.010124635882675648,0.010123128071427345,0.010125318542122841,0.010129226371645927,0.010124227032065392,0.4958465099334717,0.43327510356903076,0.010126575827598572
"DM-1927",True,"valid",0.012394284829497337,0.01239588763564825,0.012393230572342873,0.012397604994475842,0.012395784258842468,0.7489808201789856,0.012399710714817047,0.16424521803855896,0.012397440150380135
"DM-2141",False,"valid",0.37762022018432617,0.584258496761322,0.0,0.0,0.0,0.0,0.0,0.0,0.0
"DM-848",False,"valid",0.2811059057712555,0.0,0.0,0.7019439935684204,0.0,0.0,0.0,0.0,0.0
"DM-9060",False,"valid",0.28110912442207336,0.04924395680427551,0.0,0.28075042366981506,0.053180065006017685,0.08675836026668549,0.0507793202996254,0.192485973238945,0.0
"DM-9776",False,"valid",0.0,0.0,0.0,0.6210453510284424,0.0,0.31342872977256775,0.0,0.0,0.0
"DM-17042",False,"valid",0.0,0.0,0.0,0.0,0.0,0.0,0.937286376953125,0.0,0.0
"DM-10552",False,"valid",0.0,0.0,0.0,0.11241114139556885,0.0,0.8711512088775635,0.0,0.0,0.0
"DM-14641",False,"valid",0.02779584378004074,0.027792276814579964,0.7776556611061096,0.02778937853872776,0.02778906375169754,0.027789132669568062,0.02780362218618393,0.02779431641101837,0.02779070846736431
"DM-13588",False,"valid",0.0,0.0,0.0,0.0,0.0,0.0,0.0,0.0,0.9531708359718323
"DM-13269",False,"valid",0.0,0.0,0.0,0.5446521043777466,0.0,0.0,0.0,0.0,0.4221828877925873
"DM-10839",False,"valid",0.0,0.0,0.0,0.0,0.2296464592218399,0.0,0.0,0.7146058678627014,0.0
"DM-1926",False,"valid",0.01843288168311119,0.01843002252280712,0.01842818409204483,0.018430061638355255,0.01844041422009468,0.6356330513954163,0.018435081467032433,0.23534122109413147,0.01842910423874855
"DM-15159",False,"valid",0.0,0.0,0.0,0.0,0.0,0.0,0.9531600475311279,0.0,0.0
"DM-28",False,"valid",0.063796766102314,0.0,0.0,0.0,0.09262396395206451,0.0,0.0,0.0,0.8099921941757202
"DM-2910",False,"valid",0.3695904016494751,0.0,0.044823430478572845,0.0,0.0,0.5537230968475342,0.0,0.0,0.0
"DM-17227",True,"valid",0.40950027108192444,0.0,0.0,0.0,0.0,0.0,0.39326417446136475,0.0,0.18255960941314697
"DM-12360",False,"valid",0.0,0.0,0.0,0.0,0.0,0.2458425611257553,0.7132407426834106,0.0,0.0
"DM-3971",False,"valid",0.02229214645922184,0.022298481315374374,0.022287379950284958,0.02228747308254242,0.02228604629635811,0.022300254553556442,0.022296922281384468,0.8216602206230164,0.022291120141744614
"DM-16305",False,"valid",0.0,0.0,0.0,0.0,0.0,0.0,0.0,0.8301313519477844,0.15037941932678223
"DM-15210",False,"valid",0.0,0.2557227313518524,0.0,0.1257340908050537,0.0,0.0,0.35697197914123535,0.24026794731616974,0.0
"DM-505",False,"valid",0.0,0.0,0.11152976006269455,0.8241800665855408,0.0,0.0,0.0,0.0,0.0
"DM-1701",False,"valid",0.3243410289287567,0.0,0.0,0.0,0.0,0.6065754890441895,0.0,0.0,0.0
"DM-16546",False,"valid",0.016944121569395065,0.016943497583270073,0.016948062926530838,0.1729680895805359,0.016943898051977158,0.01694677770137787,0.01694502681493759,0.016947060823440552,0.7084134817123413
"DM-6945",False,"valid",0.0,0.0,0.0,0.0,0.032338935881853104,0.07118356227874756,0.6540855765342712,0.0,0.23269733786582947
"DM-655",False,"valid",0.0,0.12200194597244263,0.014944224618375301,0.0,0.0,0.0,0.6505409479141235,0.21036067605018616,0.0
"DM-10397",False,"valid",0.0,0.0,0.0,0.37180671095848083,0.0,0.5189477801322937,0.08959644287824631,0.0,0.0
"DM-4756",True,"valid",0.5791268944740295,0.0,0.0,0.0,0.0,0.37747621536254883,0.0,0.0,0.0
"DM-12524",True,"valid",0.0,0.0,0.0,0.0,0.0,0.9810724258422852,0.0,0.0,0.0
"DM-224",False,"valid",0.01569865271449089,0.01569502055644989,0.015696842223405838,0.015697121620178223,0.01569727249443531,0.5881099104881287,0.3020058274269104,0.015701213851571083,0.015698129311203957
"DM-10842",False,"valid",0.0,0.0,0.20551201701164246,0.0,0.0,0.0,0.0,0.0,0.7512504458427429
"DM-9305",False,"valid",0.0,0.0,0.0,0.0,0.0,0.0,0.0,0.6439758539199829,0.31932562589645386
"DM-4227",False,"valid",0.0,0.0,0.0,0.0,0.7635398507118225,0.15040312707424164,0.0,0.0,0.07144075632095337
"DM-5869",False,"valid",0.0,0.0,0.0,0.0,0.0,0.2664005160331726,0.7110829949378967,0.0,0.0
"DM-4866",True,"valid",0.0,0.0,0.0,0.9643852710723877,0.0,0.0,0.0,0.0,0.0
"DM-16734",False,"valid",0.10201376676559448,0.0,0.0,0.8376769423484802,0.0,0.0,0.0,0.0,0.0
"DM-8758",False,"valid",0.0,0.0,0.0,0.9613276124000549,0.0,0.0,0.0,0.0,0.0
"DM-841",False,"valid",0.0,0.0,0.0,0.0,0.24259229004383087,0.0,0.0,0.13712114095687866,0.5912175178527832
"DM-13397",True,"valid",0.0,0.0,0.0,0.11813487857580185,0.0,0.0,0.7414101362228394,0.0,0.11856459081172943
"DM-9645",False,"valid",0.0,0.0,0.0,0.09316709637641907,0.0,0.0,0.0,0.1004704162478447,0.7711888551712036
"DM-12940",False,"valid",0.0,0.46191370487213135,0.0,0.3173604905605316,0.1984834372997284,0.0,0.0,0.0,0.0
"DM-16383",True,"valid",0.09995890408754349,0.0,0.0,0.0,0.0,0.0,0.8758097290992737,0.0,0.0
"DM-15225",True,"valid",0.0,0.0,0.0,0.0,0.0,0.7642790079116821,0.0,0.20885804295539856,0.0
"DM-7460",False,"valid",0.0,0.0,0.0,0.0,0.9738332033157349,0.0,0.0,0.0,0.0
"DM-13911",True,"valid",0.2914566695690155,0.0,0.0,0.28175151348114014,0.0,0.12319096177816391,0.0,0.2872576415538788,0.0
"DM-3480",False,"valid",0.0,0.0,0.0,0.0,0.20943939685821533,0.0,0.6962124705314636,0.0,0.07412980496883392
"DM-9882",False,"valid",0.0,0.0,0.0,0.0,0.981839656829834,0.0,0.0,0.0,0.0
"DM-17277",False,"valid",0.7087723612785339,0.0,0.0,0.0,0.23540878295898438,0.0,0.0,0.0,0.0
"DM-8005",False,"valid",0.0,0.0,0.0,0.0,0.0,0.0,0.985419750213623,0.0,0.0
"DM-1309",False,"valid",0.0,0.0,0.5881330966949463,0.0,0.0,0.0999530479311943,0.2941196858882904,0.0,0.0
"DM-1188",False,"valid",0.0,0.09783505648374557,0.0,0.0,0.0,0.0,0.4296288788318634,0.0,0.4544140100479126
"DM-13791",False,"valid",0.795868456363678,0.0,0.0,0.0,0.0,0.0,0.0,0.0,0.17021459341049194
"DM-1309",False,"valid",0.0,0.0,0.5881330966949463,0.0,0.0,0.0999530479311943,0.2941196858882904,0.0,0.0
"DM-5202",False,"valid",0.0,0.0,0.0,0.0,0.0,0.0,0.9510312080383301,0.0,0.0
"DM-1068",False,"valid",0.0,0.0,0.0,0.0,0.0,0.0,0.0,0.6893445253372192,0.27950966358184814
"DM-5435",False,"valid",0.0,0.0,0.0,0.0,0.0,0.0,0.0,0.9657785296440125,0.0
"DM-8755",False,"valid",0.013896362856030464,0.013895097188651562,0.013900249265134335,0.013896601274609566,0.013896273449063301,0.01389706414192915,0.8888227343559265,0.013895289972424507,0.013900332152843475
"DM-10980",False,"valid",0.011190718971192837,0.011223243549466133,0.01119049172848463,0.011189770884811878,0.011188775300979614,0.011191170662641525,0.30294886231422424,0.011193204671144485,0.6186837553977966
"DM-8652",False,"valid",0.0,0.0,0.9441515803337097,0.0,0.0,0.0,0.0,0.0,0.0
"DM-9784",True,"valid",0.0,0.0,0.0,0.0,0.0,0.03332743048667908,0.8786338567733765,0.0,0.0709633156657219
"DM-7378",False,"valid",0.0,0.0,0.20467519760131836,0.0,0.20587337017059326,0.0,0.5418058633804321,0.0,0.0
"DM-9201",False,"valid",0.01803908869624138,0.8557541966438293,0.01803164929151535,0.01802825555205345,0.01802835240960121,0.01803027093410492,0.018027935177087784,0.018032360821962357,0.018027929589152336
"DM-17999",False,"valid",0.0,0.0,0.0,0.0,0.0,0.9593402147293091,0.0,0.0,0.0
"DM-9970",False,"valid",0.35756224393844604,0.1837940216064453,0.0,0.4478358030319214,0.0,0.0,0.0,0.0,0.0
"DM-13562",False,"valid",0.1295747011899948,0.0,0.0,0.0,0.1330462098121643,0.7148647904396057,0.0,0.0,0.0
"DM-4138",False,"valid",0.0,0.0,0.0,0.0,0.7790180444717407,0.0,0.19682148098945618,0.0,0.0
"DM-12457",False,"valid",0.0,0.0,0.8545835614204407,0.0,0.0,0.0,0.0,0.0,0.11760785430669785
"DM-1068",False,"valid",0.0,0.0,0.0,0.0,0.0,0.0,0.0,0.6893445253372192,0.27950966358184814
"DM-313",True,"valid",0.0,0.0,0.7015872597694397,0.0,0.0,0.0,0.0,0.25946107506752014,0.0
"DM-4383",False,"valid",0.0,0.0,0.0,0.0,0.18607066571712494,0.11261812597513199,0.611416220664978,0.0,0.08239992707967758
"DM-1279",True,"valid",0.0,0.12012563645839691,0.0,0.0,0.18508701026439667,0.11501370370388031,0.5522558689117432,0.0,0.0
"DM-16441",False,"valid",0.0,0.13381808996200562,0.0,0.12521307170391083,0.40612611174583435,0.0,0.0,0.0,0.3186694085597992
"DM-611",False,"valid",0.0,0.0,0.0,0.0,0.0,0.9878093004226685,0.0,0.0,0.0
"DM-10281",False,"valid",0.08473387360572815,0.0,0.09160949289798737,0.07991712540388107,0.0,0.0,0.7176228761672974,0.020802397280931473,0.0
"DM-14827",False,"valid",0.0,0.0,0.0,0.0,0.8711310625076294,0.0,0.08609622716903687,0.0,0.0
"DM-6514",False,"valid",0.0,0.0,0.0,0.10715470463037491,0.16248151659965515,0.0,0.24387161433696747,0.0,0.4785952568054199
"DM-4993",False,"valid",0.0,0.40937668085098267,0.3856186866760254,0.0,0.0,0.05092630907893181,0.0,0.0,0.12627233564853668
"DM-554",False,"valid",0.0,0.0,0.0,0.038013607263565063,0.0,0.8711193203926086,0.07848242670297623,0.0,0.0
"DM-8225",False,"valid",0.22646623849868774,0.0,0.0,0.4087684452533722,0.0,0.0,0.3127221167087555,0.0,0.0
"DM-5002",False,"valid",0.0,0.0,0.0,0.0,0.35976049304008484,0.0,0.4683681130409241,0.15837356448173523,0.0
"DM-11311",True,"valid",0.0,0.2942000925540924,0.0,0.26401200890541077,0.0,0.0,0.41125303506851196,0.0,0.0
"DM-12432",False,"valid",0.0,0.0,0.0,0.0,0.0,0.0,0.9712976813316345,0.0,0.0
"DM-17914",False,"valid",0.0,0.0,0.0,0.0,0.0,0.0,0.0,0.0,0.9682155251502991
"DM-9165",False,"valid",0.0,0.0,0.0,0.0,0.0,0.9742116928100586,0.0,0.0,0.0
"DM-7311",False,"valid",0.027820372954010963,0.02780257724225521,0.027801932767033577,0.027799665927886963,0.027802200987935066,0.027799338102340698,0.26965469121932983,0.5357199907302856,0.027799207717180252
"DM-13269",False,"valid",0.0,0.0,0.0,0.5446521043777466,0.0,0.0,0.0,0.0,0.4221828877925873
"DM-7518",False,"valid",0.0,0.9554873108863831,0.0,0.0,0.0,0.0,0.0,0.0,0.0
"DM-8648",False,"valid",0.0,0.0,0.0,0.9902071356773376,0.0,0.0,0.0,0.0,0.0
"DM-12658",False,"valid",0.4061136245727539,0.0,0.0,0.5779260993003845,0.0,0.0,0.0,0.0,0.0
"DM-6996",False,"valid",0.0,0.0,0.0,0.0,0.0,0.0,0.9642627835273743,0.0,0.0
"DM-16869",False,"valid",0.7186198830604553,0.0,0.01134755089879036,0.0,0.06277535110712051,0.0,0.0,0.20176224410533905,0.0
"DM-10948",False,"valid",0.0,0.0,0.28079161047935486,0.2657877802848816,0.0,0.0,0.4371907413005829,0.0,0.0
"DM-17399",False,"valid",0.0,0.8431565165519714,0.0,0.1112649142742157,0.0,0.0,0.0,0.0,0.038236938416957855
"DM-4832",False,"valid",0.0,0.0,0.0,0.0,0.9438329935073853,0.0,0.0,0.0,0.0
"DM-7273",False,"valid",0.0,0.0,0.0,0.6389108896255493,0.0,0.0,0.0,0.0,0.34411752223968506
"DM-1885",False,"valid",0.010110616683959961,0.010108019225299358,0.010107816196978092,0.010111778974533081,0.010112831369042397,0.5488898158073425,0.010110415518283844,0.38033854961395264,0.010110113769769669
"DM-9358",True,"valid",0.16379566490650177,0.0,0.0,0.0,0.0,0.0,0.5275617241859436,0.0,0.2965603768825531
"DM-11678",False,"valid",0.722274899482727,0.0,0.0,0.25029119849205017,0.013212187215685844,0.0,0.0,0.0,0.0
"DM-509",False,"valid",0.0,0.0,0.0,0.4165290594100952,0.0,0.0,0.0,0.11787039041519165,0.43380481004714966
"DM-11404",False,"valid",0.0,0.7048109173774719,0.0,0.0,0.0,0.0,0.0,0.0,0.2640519142150879
"DM-7889",True,"valid",0.0,0.0,0.0,0.0,0.9555210471153259,0.0,0.0,0.0,0.0
"DM-5188",True,"valid",0.017538774758577347,0.01754908263683319,0.017540188506245613,0.01755528151988983,0.017539260908961296,0.017547596246004105,0.8596542477607727,0.01753663457930088,0.017538970336318016
"DM-4162",False,"valid",0.0,0.0,0.0,0.0,0.0,0.9810672998428345,0.0,0.0,0.0
"DM-13460",False,"valid",0.018534930422902107,0.01854212023317814,0.01853824034333229,0.018548792228102684,0.01854378543794155,0.01853647455573082,0.01854614168405533,0.018535207957029343,0.8516743183135986
"DM-12517",False,"valid",0.0,0.0,0.0,0.0,0.0,0.07488590478897095,0.0,0.0,0.9065468311309814
"DM-604",False,"valid",0.0,0.0,0.0,0.6151548624038696,0.14560623466968536,0.0,0.0,0.0,0.22792589664459229
"DM-4185",False,"valid",0.02120492234826088,0.02120288647711277,0.021204134449362755,0.02120218612253666,0.021204039454460144,0.021202903240919113,0.02120313234627247,0.02120264433324337,0.8303731083869934
"DM-2675",False,"valid",0.013930292800068855,0.013930652290582657,0.013930228538811207,0.8885510563850403,0.013931525871157646,0.013934660702943802,0.013930592685937881,0.01393076591193676,0.013930210843682289
"DM-12957",False,"valid",0.020731009542942047,0.020733725279569626,0.8341339230537415,0.020736809819936752,0.02073204703629017,0.02072642184793949,0.020740726962685585,0.020727554336190224,0.02073773182928562
"DM-6562",False,"valid",0.0,0.0,0.0,0.09531459212303162,0.0,0.0,0.3125225305557251,0.0,0.5820847153663635
"DM-18591",True,"valid",0.06547839194536209,0.0,0.0,0.40698379278182983,0.37342679500579834,0.05266880244016647,0.04771282896399498,0.046623457223176956,0.0
"DM-9447",False,"valid",0.0,0.2767603397369385,0.0694136694073677,0.0,0.19383840262889862,0.0,0.0,0.4351022243499756,0.0
"DM-13670",False,"valid",0.0,0.0,0.0,0.10467824339866638,0.09174992144107819,0.0,0.0,0.0,0.7880334258079529
"DM-5525",False,"valid",0.5782931447029114,0.0,0.0,0.0,0.0,0.1526191532611847,0.2489432394504547,0.0,0.0
"DM-5659",True,"valid",0.0,0.0,0.0,0.38404566049575806,0.0,0.0,0.5835589170455933,0.0,0.0
"DM-5507",True,"valid",0.022242631763219833,0.3897431790828705,0.02224140055477619,0.022233638912439346,0.022245153784751892,0.022237105295062065,0.02224666252732277,0.4545705020427704,0.022239727899432182
"DM-15734",False,"valid",0.010969816707074642,0.01096957828849554,0.010972278192639351,0.010971693322062492,0.010971469804644585,0.5292185544967651,0.39398622512817383,0.01097026001662016,0.010970142669975758
"DM-8224",False,"valid",0.0,0.0,0.0,0.0,0.0,0.0,0.9866855144500732,0.0,0.0
"DM-8094",False,"valid",0.0,0.0,0.0,0.0,0.0,0.719192624092102,0.26145827770233154,0.0,0.0
"DM-6631",False,"valid",0.33551061153411865,0.0,0.0,0.0,0.32246649265289307,0.2904461920261383,0.0,0.04331894963979721,0.0
"DM-1147",False,"valid",0.011150961741805077,0.011150910519063473,0.011150123551487923,0.011149810627102852,0.011152064427733421,0.011155560612678528,0.9107866883277893,0.011153663508594036,0.01115015521645546
"DM-13967",False,"valid",0.0,0.36071300506591797,0.2328484207391739,0.33410173654556274,0.0,0.0,0.061806146055459976,0.0,0.0
"DM-3483",False,"valid",0.0,0.0,0.18741588294506073,0.0,0.7889708280563354,0.0,0.0,0.0,0.0
"DM-6302",True,"valid",0.0,0.5812156200408936,0.14386984705924988,0.0,0.0,0.23598520457744598,0.0,0.0,0.0
"DM-18401",True,"valid",0.0,0.0,0.49163079261779785,0.0,0.0,0.3589009642601013,0.0,0.11445852369070053,0.0
"DM-16160",False,"valid",0.0,0.0,0.0,0.4423229694366455,0.11654698848724365,0.0,0.0,0.38020002841949463,0.0508107990026474
"DM-13633",False,"valid",0.0,0.0,0.0,0.0,0.0,0.41715240478515625,0.0,0.5224697589874268,0.0
"DM-17506",False,"valid",0.0,0.0,0.0,0.32747554779052734,0.0,0.055022306740283966,0.15499645471572876,0.24898096919059753,0.20498716831207275
"DM-9416",False,"valid",0.0,0.0,0.11513751745223999,0.0,0.3204193413257599,0.0,0.13836108148097992,0.41282597184181213,0.0
"DM-16041",False,"valid",0.0,0.21315956115722656,0.0,0.22027017176151276,0.0,0.0,0.19520080089569092,0.0,0.35889020562171936
"DM-6294",False,"valid",0.0,0.62070631980896,0.34814760088920593,0.0,0.0,0.0,0.0,0.0,0.0
"DM-16415",False,"valid",0.08715391159057617,0.14334368705749512,0.0,0.0,0.08910796046257019,0.5514645576477051,0.0,0.0,0.1152481809258461
"DM-14289",True,"valid",0.0,0.0,0.0,0.0,0.15668804943561554,0.0,0.827366292476654,0.0,0.0
"DM-18577",False,"valid",0.19268564879894257,0.0,0.0,0.0,0.5633384585380554,0.0,0.0,0.0,0.23820970952510834
"DM-6538",False,"valid",0.0,0.0,0.0,0.0,0.0,0.0,0.9576320648193359,0.0,0.0
"DM-3800",True,"valid",0.0,0.0,0.0,0.0,0.42712026834487915,0.2069145143032074,0.0,0.06307949870824814,0.2941173315048218
"DM-1794",True,"valid",0.0,0.16598162055015564,0.0,0.151483952999115,0.21008417010307312,0.4549902379512787,0.0,0.0,0.0
"DM-2139",False,"valid",0.0,0.0,0.0,0.0,0.0,0.0,0.0,0.9693149924278259,0.0
"DM-3688",False,"valid",0.23488010466098785,0.06684059649705887,0.0,0.0,0.0,0.0,0.0,0.0,0.6819102764129639
"DM-7455",False,"valid",0.20635922253131866,0.0,0.0,0.5251107215881348,0.0,0.0,0.22970794141292572,0.0,0.0
"DM-4862",False,"valid",0.0,0.0,0.0,0.9001827836036682,0.0,0.0,0.0,0.05429818481206894,0.0
"DM-4887",False,"valid",0.0,0.0,0.0,0.0,0.0,0.4195978343486786,0.3939775228500366,0.18133984506130219,0.0
"DM-12052",False,"valid",0.0,0.0,0.0,0.0,0.0,0.9752277135848999,0.0,0.0,0.0
"DM-13313",False,"valid",0.7895668148994446,0.012382758781313896,0.12372657656669617,0.012385896407067776,0.012387720867991447,0.01239310298115015,0.012387643568217754,0.01238376833498478,0.012385773472487926
"DM-15770",False,"valid",0.0,0.0,0.0,0.0,0.0,0.0,0.0,0.9644007682800293,0.0
"DM-14393",False,"valid",0.0,0.0,0.0,0.0,0.0,0.0,0.0,0.9952176213264465,0.0
"DM-3792",False,"valid",0.0,0.7962012887001038,0.0,0.1512089967727661,0.0,0.0,0.0,0.0,0.0
"DM-335",True,"valid",0.0,0.0,0.4003199338912964,0.0,0.0,0.0,0.0,0.58379065990448,0.0
"DM-18172",False,"valid",0.9576268196105957,0.0,0.0,0.0,0.0,0.0,0.0,0.0,0.0
"DM-9108",False,"valid",0.270735502243042,0.0,0.0,0.6993227601051331,0.0,0.0,0.0,0.0,0.0
"DM-6905",False,"valid",0.19852767884731293,0.0,0.0,0.0,0.0,0.7492775917053223,0.0,0.0,0.0
"DM-14065",False,"valid",0.017368081957101822,0.01737329550087452,0.017367683351039886,0.01737266592681408,0.017367400228977203,0.8610438108444214,0.017368515953421593,0.017370210960507393,0.017368368804454803
"DM-11313",False,"valid",0.8729408383369446,0.01589195802807808,0.01587662659585476,0.015880441293120384,0.015882285311818123,0.01588098518550396,0.015878694131970406,0.01588662713766098,0.01588159054517746
"DM-1954",True,"valid",0.0,0.0,0.0,0.0,0.0,0.0,0.08658021688461304,0.6830750107765198,0.21133185923099518
"DM-6118",True,"valid",0.5623546242713928,0.0,0.0,0.0,0.40115630626678467,0.0,0.0,0.0,0.0
"DM-10411",False,"valid",0.0,0.0,0.16251887381076813,0.0,0.0,0.0,0.815216064453125,0.0,0.0
"DM-6162",False,"valid",0.0,0.7564480900764465,0.0,0.0,0.0,0.0,0.2303554266691208,0.0,0.0
"DM-11902",False,"valid",0.435141384601593,0.0,0.0,0.0,0.0,0.41011327505111694,0.0,0.13615591824054718,0.0
"DM-12031",False,"valid",0.0,0.0,0.0,0.0,0.0,0.0,0.0,0.0,0.9613115191459656
"DM-10877",False,"valid",0.6305360198020935,0.018533986061811447,0.01853569597005844,0.01853877864778042,0.018532274290919304,0.01853364147245884,0.018537120893597603,0.018532609567046165,0.2397199124097824
"DM-1249",True,"valid",0.0,0.0,0.0,0.0,0.6246306896209717,0.3206367492675781,0.0,0.0,0.0
"DM-6580",False,"valid",0.0,0.22696208953857422,0.7272151708602905,0.0,0.0,0.0,0.0,0.0,0.0
"DM-14135",True,"valid",0.7719479203224182,0.15211445093154907,0.010845979675650597,0.01084418036043644,0.010845746845006943,0.01084524393081665,0.01084949728101492,0.010849672369658947,0.0108572943136096
"DM-7946",False,"valid",0.0,0.0,0.0,0.0,0.0,0.0,0.7616315484046936,0.0,0.18594884872436523
"DM-1979",True,"valid",0.0,0.0,0.0,0.5892072319984436,0.0,0.0,0.0,0.34592461585998535,0.0
"DM-14658",False,"valid",0.0,0.0,0.0,0.0,0.4320560693740845,0.11987899243831635,0.038854390382766724,0.3908424377441406,0.0
"DM-9542",True,"valid",0.0,0.0,0.0,0.0,0.0,0.9657836556434631,0.0,0.0,0.0
"DM-14828",False,"valid",0.0,0.6850199103355408,0.0,0.0,0.0,0.19060316681861877,0.08875957876443863,0.0,0.0
"DM-14733",False,"valid",0.42991968989372253,0.0,0.0,0.0,0.05900121480226517,0.0,0.0,0.0,0.49624884128570557
"DM-2754",True,"valid",0.0,0.0,0.0,0.0,0.0,0.46666932106018066,0.49605682492256165,0.0,0.0
"DM-17375",True,"valid",0.07932554930448532,0.0,0.0,0.0,0.0,0.09888086467981339,0.0,0.1776634007692337,0.6106550097465515
"DM-9143",True,"valid",0.0,0.0,0.0,0.0,0.0,0.0,0.0,0.0,0.9821950197219849
"DM-17553",False,"valid",0.0,0.0,0.0,0.0,0.0,0.0,0.8588148951530457,0.12494289129972458,0.0
"DM-14016",False,"valid",0.0,0.0,0.0,0.44183650612831116,0.07641569525003433,0.12146752327680588,0.237848699092865,0.08145751804113388,0.037157583981752396
"DM-16185",True,"valid",0.03620515763759613,0.036210060119628906,0.03620508313179016,0.03620850294828415,0.03620990365743637,0.036205094307661057,0.03620491176843643,0.03621063753962517,0.7103406190872192
"DM-11038",False,"valid",0.9363699555397034,0.0,0.0,0.0,0.0,0.0,0.0,0.0,0.0
"DM-6610",False,"valid",0.11914950609207153,0.0,0.0,0.0,0.0,0.0,0.8409700393676758,0.0,0.0
"DM-13222",True,"valid",0.0,0.0,0.0,0.0,0.0,0.0,0.0,0.9629308581352234,0.0
"DM-5431",False,"valid",0.0,0.037620749324560165,0.0,0.7472026944160461,0.0,0.0,0.2037602812051773,0.0,0.0
"DM-14218",False,"valid",0.018022924661636353,0.018023602664470673,0.018022535368800163,0.01803169772028923,0.018041422590613365,0.85578453540802,0.018027424812316895,0.018023304641246796,0.01802251860499382
"DM-6250",False,"valid",0.017741916701197624,0.017735060304403305,0.21125806868076324,0.017741121351718903,0.017729677259922028,0.017731646075844765,0.6645963191986084,0.017732789739966393,0.017733391374349594
"DM-3472",True,"valid",0.0,0.339832067489624,0.0,0.6022084951400757,0.0,0.0,0.0,0.0,0.0
"DM-3779",False,"valid",0.0,0.0,0.5951988697052002,0.0,0.0,0.0,0.3779403865337372,0.0,0.0
"DM-7946",False,"valid",0.0,0.0,0.0,0.0,0.0,0.0,0.7616315484046936,0.0,0.18594884872436523
"DM-12466",False,"valid",0.05399113893508911,0.0,0.0832751914858818,0.0,0.0,0.0,0.714444100856781,0.0,0.11788374930620193
"DM-1028",False,"valid",0.0,0.0,0.0,0.0,0.0,0.0,0.7758709192276001,0.20893976092338562,0.0
"DM-7562",False,"valid",0.0,0.0,0.0,0.0,0.0,0.0,0.2977776527404785,0.0,0.6833705306053162
"DM-5932",True,"valid",0.0,0.0,0.0,0.0,0.0,0.0,0.7867904901504517,0.1723577082157135,0.0
"DM-17965",False,"valid",0.0,0.0,0.0,0.13674993813037872,0.0,0.0,0.0,0.0,0.8322140574455261
"DM-15139",True,"valid",0.0,0.0,0.0,0.0,0.6354600787162781,0.0,0.3366796374320984,0.0,0.0
"DM-441",False,"valid",0.0,0.0,0.0,0.0,0.0,0.0,0.0,0.0,0.990424633026123
"DM-6902",False,"valid",0.0,0.4795438349246979,0.0,0.0,0.0,0.0,0.5093086361885071,0.0,0.0
"DM-13400",False,"valid",0.0,0.0,0.19748593866825104,0.4259493052959442,0.0,0.0,0.34326738119125366,0.0,0.0
"DM-369",False,"valid",0.0,0.0,0.787126898765564,0.0,0.0830075815320015,0.0,0.0,0.0,0.11315549165010452
"DM-4692",False,"valid",0.3972998261451721,0.0,0.0,0.0,0.0990462526679039,0.0,0.0,0.26350435614585876,0.21884369850158691
"DM-272",False,"valid",0.0,0.3941848874092102,0.0,0.0,0.0,0.0,0.5425993800163269,0.0,0.0
"DM-7119",False,"valid",0.0,0.0,0.0,0.06181217357516289,0.0,0.0,0.9187134504318237,0.0,0.0
"DM-11981",True,"valid",0.0,0.0,0.0,0.9863112568855286,0.0,0.0,0.0,0.0,0.0
"DM-5763",False,"valid",0.011027134954929352,0.011027021333575249,0.011026786640286446,0.011027570813894272,0.6690295338630676,0.011025669984519482,0.011027088388800621,0.2537822723388672,0.011026962660253048
"DM-9789",True,"valid",0.08310600370168686,0.0,0.10815335065126419,0.0,0.0,0.05940578132867813,0.5790113210678101,0.0,0.16308988630771637
"DM-8458",True,"valid",0.022224361076951027,0.8221865296363831,0.022231467068195343,0.022224117070436478,0.02222568914294243,0.022227967157959938,0.022227521985769272,0.022224467247724533,0.022227870300412178
"DM-2955",False,"valid",0.0,0.5193092226982117,0.0,0.0,0.0,0.4632588028907776,0.0,0.0,0.0
"DM-6376",False,"valid",0.015986764803528786,0.015988945960998535,0.015987111255526543,0.01598789356648922,0.01599646545946598,0.015996860340237617,0.8720742464065552,0.015992112457752228,0.015989625826478004
"DM-9316",True,"valid",0.37439393997192383,0.0,0.14969870448112488,0.4520168900489807,0.0,0.0,0.0,0.0,0.0
"DM-10976",False,"valid",0.0,0.0,0.41742581129074097,0.5547209978103638,0.0,0.0,0.0,0.0,0.0
"DM-15252",True,"valid",0.0,0.26377224922180176,0.12077904492616653,0.0,0.6038756370544434,0.0,0.0,0.0,0.0
"DM-10881",False,"valid",0.013953662477433681,0.01393998321145773,0.8884448409080505,0.013940510340034962,0.013942880555987358,0.01393973920494318,0.01394347008317709,0.013942710123956203,0.013952214270830154
"DM-8888",False,"valid",0.0,0.0,0.058194611221551895,0.0,0.0,0.8569090366363525,0.0750793069601059,0.0,0.0
"DM-13963",False,"valid",0.0,0.0,0.0,0.0,0.5454400777816772,0.0,0.0,0.39035722613334656,0.0
"DM-10619",False,"valid",0.0,0.0,0.0,0.6606894135475159,0.31980571150779724,0.0,0.0,0.0,0.0
"DM-7123",False,"valid",0.0,0.0,0.0,0.40816643834114075,0.0,0.4145779311656952,0.1380062699317932,0.0,0.0
"DM-13222",True,"valid",0.0,0.0,0.0,0.0,0.0,0.0,0.0,0.9629308581352234,0.0
"DM-15910",False,"valid",0.0,0.0,0.0,0.0,0.0,0.0,0.4922390580177307,0.0,0.47127580642700195
"DM-4830",False,"valid",0.0,0.0,0.0,0.0,0.9759485125541687,0.0,0.0,0.0,0.0
"DM-14306",False,"valid",0.0,0.0,0.0,0.9612508416175842,0.0,0.0,0.0,0.0,0.0
"DM-17985",False,"valid",0.0,0.0,0.0,0.0,0.0,0.875891923904419,0.08048845082521439,0.0,0.0
"DM-927",False,"valid",0.24247510731220245,0.018537700176239014,0.018530461937189102,0.018531160429120064,0.01853024773299694,0.018535222858190536,0.6277850270271301,0.01853482611477375,0.018540292978286743
"DM-11743",False,"valid",0.011180257424712181,0.011180747300386429,0.011181102134287357,0.4860519468784332,0.011186468414962292,0.01119181327521801,0.4356663227081299,0.011181356385350227,0.011180008761584759
"DM-6294",False,"valid",0.0,0.62070631980896,0.34814760088920593,0.0,0.0,0.0,0.0,0.0,0.0
"DM-8528",False,"valid",0.0,0.0,0.0,0.0,0.0,0.0,0.0,0.2656937539577484,0.6785433292388916
"DM-13153",False,"valid",0.010110265575349331,0.010110346600413322,0.9191091060638428,0.01011140737682581,0.010111773386597633,0.010113924741744995,0.010112423449754715,0.010110516101121902,0.010110253468155861
"DM-6561",False,"valid",0.0,0.0,0.0,0.0,0.0,0.0,0.7730024456977844,0.0,0.1623733788728714
"DM-6904",False,"valid",0.0,0.0,0.0,0.26785677671432495,0.0,0.39527612924575806,0.32235437631607056,0.0,0.0
"DM-9109",False,"valid",0.0,0.0,0.0,0.9898586273193359,0.0,0.0,0.0,0.0,0.0
"DM-10569",False,"valid",0.013904057443141937,0.0139000928029418,0.013897968456149101,0.013896935619413853,0.013899303041398525,0.6444165110588074,0.013899472542107105,0.2582874596118927,0.013898196630179882
"DM-12157",False,"valid",0.0,0.0,0.0,0.0,0.0,0.9439735412597656,0.0,0.0,0.0
"DM-7976",True,"valid",0.18525055050849915,0.0,0.6954565048217773,0.0,0.11507141590118408,0.0,0.0,0.0,0.0
"DM-12008",True,"valid",0.0,0.0,0.0,0.0,0.0,0.2769479751586914,0.3646673858165741,0.0,0.3266221582889557
"DM-7799",False,"valid",0.0,0.0,0.42724207043647766,0.5572757720947266,0.0,0.0,0.0,0.0,0.0
"DM-9",False,"valid",0.0,0.0,0.11746567487716675,0.0,0.0,0.08561603724956512,0.13514594733715057,0.6532648801803589,0.0
"DM-13787",False,"valid",0.0,0.0,0.1917375773191452,0.29474717378616333,0.5065532326698303,0.0,0.0,0.0,0.0
"DM-17693",False,"valid",0.07927002012729645,0.0,0.0,0.0,0.0,0.28595468401908875,0.5157918334007263,0.0,0.0985909029841423
"DM-13411",False,"valid",0.0,0.0,0.7601149678230286,0.0,0.23161958158016205,0.0,0.0,0.0,0.0
"DM-7149",False,"valid",0.0,0.0,0.0,0.24691763520240784,0.7139401435852051,0.0,0.0,0.0,0.0
"DM-13399",False,"valid",0.5644226670265198,0.11074281483888626,0.0,0.0,0.0,0.2878687083721161,0.0,0.0,0.0
"DM-5274",False,"valid",0.0,0.0,0.0,0.09278245270252228,0.0,0.4088575839996338,0.4425944685935974,0.0,0.0
"DM-12761",False,"valid",0.0,0.0,0.0,0.0,0.0,0.0,0.0,0.9730251431465149,0.0
"DM-5806",False,"valid",0.0,0.0,0.0,0.0,0.9405405521392822,0.0,0.0,0.0,0.0
"DM-3474",False,"valid",0.06522474437952042,0.0,0.0,0.0,0.0,0.0,0.9159544706344604,0.0,0.0
"DM-4373",False,"valid",0.0,0.0,0.0,0.0,0.09747760742902756,0.0,0.0,0.8954254388809204,0.0
"DM-5869",False,"valid",0.0,0.0,0.0,0.0,0.0,0.2664005160331726,0.7110829949378967,0.0,0.0
"DM-7582",True,"valid",0.520677924156189,0.0,0.0,0.0,0.0,0.0,0.4511876702308655,0.0,0.0
"DM-17812",False,"valid",0.06066206097602844,0.0,0.08501964062452316,0.04352247342467308,0.09497243165969849,0.3056744337081909,0.40880051255226135,0.0,0.0
"DM-5427",False,"valid",0.8485454320907593,0.0,0.0,0.141461580991745,0.0,0.0,0.0,0.0,0.0
"DM-12618",False,"valid",0.06760379672050476,0.0,0.17967292666435242,0.0,0.4285775125026703,0.18185514211654663,0.0,0.0,0.13116300106048584
"DM-5298",False,"valid",0.0,0.0,0.0,0.47697293758392334,0.0,0.2841244637966156,0.19182538986206055,0.0,0.0
"DM-3253",False,"valid",0.6015786528587341,0.0,0.0,0.0,0.06799305230379105,0.28645971417427063,0.0,0.0127640999853611,0.0
"DM-13496",False,"valid",0.0,0.47617554664611816,0.0,0.0,0.33053791522979736,0.0,0.1642242819070816,0.0,0.0
"DM-3104",False,"valid",0.0,0.0,0.0,0.0,0.0,0.0,0.9765944480895996,0.0,0.0
"DM-6832",False,"valid",0.01904495619237423,0.84765625,0.019048888236284256,0.01904047653079033,0.019039174541831017,0.01904415711760521,0.01904236525297165,0.019040994346141815,0.0190427228808403
"DM-8684",False,"valid",0.0,0.0,0.0,0.5022473931312561,0.0,0.0,0.39244896173477173,0.09576760977506638,0.0
"DM-444",False,"valid",0.27061766386032104,0.01731041818857193,0.01730656996369362,0.017313890159130096,0.017308546230196953,0.608205258846283,0.01730986125767231,0.017309512943029404,0.01731831207871437
"DM-13325",True,"valid",0.0,0.0,0.15125682950019836,0.8148401975631714,0.0,0.0,0.0,0.0,0.0
"DM-11533",False,"valid",0.0,0.0,0.8269824385643005,0.0,0.0,0.0,0.1430554836988449,0.0,0.0
"DM-11784",False,"valid",0.0,0.0,0.0,0.5054415464401245,0.4654533863067627,0.0,0.0,0.0,0.0
"DM-9784",True,"valid",0.0,0.0,0.0,0.0,0.0,0.03332743048667908,0.8786338567733765,0.0,0.0709633156657219
"DM-2754",True,"valid",0.0,0.0,0.0,0.0,0.0,0.46666932106018066,0.49605682492256165,0.0,0.0
"DM-3957",True,"valid",0.0,0.0,0.0,0.0,0.7675870656967163,0.0,0.0,0.21249867975711823,0.0
"DM-9572",True,"valid",0.0,0.0,0.0,0.0,0.955398440361023,0.0,0.0,0.0,0.0
"DM-6491",False,"valid",0.20387229323387146,0.0,0.0,0.19337767362594604,0.38236284255981445,0.0,0.0,0.18184489011764526,0.03551601618528366
"DM-9316",True,"valid",0.37439393997192383,0.0,0.14969870448112488,0.4520168900489807,0.0,0.0,0.0,0.0,0.0
"DM-8386",False,"valid",0.5818859338760376,0.0,0.0,0.0,0.0,0.0,0.0,0.0,0.35812288522720337
"DM-7797",True,"valid",0.0,0.0,0.1643434464931488,0.82375568151474,0.0,0.0,0.0,0.0,0.0
"DM-18638",False,"valid",0.0,0.0,0.0,0.9870963096618652,0.0,0.0,0.0,0.0,0.0
"DM-1701",False,"valid",0.3243410289287567,0.0,0.0,0.0,0.0,0.6065754890441895,0.0,0.0,0.0
"DM-15742",False,"valid",0.9721890091896057,0.0,0.0,0.0,0.0,0.0,0.0,0.0,0.0
"DM-1473",False,"valid",0.0,0.44563028216362,0.028888897970318794,0.0,0.0,0.16511397063732147,0.18450623750686646,0.17139886319637299,0.0
"DM-2419",False,"valid",0.0,0.0,0.0,0.06590668112039566,0.6400930881500244,0.0,0.270110547542572,0.0,0.0
"DM-15225",True,"valid",0.0,0.0,0.0,0.0,0.0,0.7642790079116821,0.0,0.20885804295539856,0.0
"DM-12108",False,"valid",0.06853631883859634,0.0,0.0,0.0,0.0,0.0,0.0,0.0,0.9066194891929626
"DM-2280",False,"valid",0.14226144552230835,0.0,0.0,0.6931306719779968,0.0,0.0,0.0,0.0,0.1536533385515213
"DM-6327",False,"valid",0.0,0.0569748729467392,0.4096429646015167,0.0,0.0,0.5082049369812012,0.0,0.0,0.0
"DM-5816",False,"valid",0.19902914762496948,0.04318463057279587,0.5051761269569397,0.0,0.0,0.0,0.23997096717357635,0.0,0.0
"DM-18171",True,"valid",0.0,0.0,0.0,0.0,0.3182004392147064,0.0,0.6492635011672974,0.0,0.0
"DM-7456",False,"valid",0.3333461582660675,0.0,0.24666346609592438,0.3756988048553467,0.0,0.0,0.0,0.0,0.0
"DM-8754",True,"valid",0.013534544967114925,0.013527603819966316,0.24120138585567474,0.013531140051782131,0.013526909053325653,0.013527613133192062,0.6640737652778625,0.01354439277201891,0.013532638549804688
"DM-12819",False,"valid",0.0,0.0,0.0,0.33927083015441895,0.0,0.0628088042140007,0.0,0.426464706659317,0.1603838950395584
"DM-9420",False,"valid",0.0,0.0,0.0,0.0,0.0,0.0,0.970325767993927,0.0,0.0
"DM-18329",False,"valid",0.11735197901725769,0.0,0.0,0.0,0.7730785012245178,0.0,0.0,0.07242921739816666,0.0
"DM-5849",False,"valid",0.0,0.0,0.0,0.0,0.0,0.0,0.5606450438499451,0.4029772877693176,0.0
"DM-17204",False,"valid",0.0,0.0,0.0,0.0,0.5582030415534973,0.2027701735496521,0.0,0.0,0.21858859062194824
"DM-12514",False,"valid",0.0,0.07394883781671524,0.0,0.15409468114376068,0.2009112387895584,0.5485956072807312,0.0,0.0,0.0
"DM-5771",False,"valid",0.4118504822254181,0.0,0.0,0.1786094754934311,0.0,0.0,0.0,0.0,0.3907240629196167
"DM-1068",False,"valid",0.0,0.0,0.0,0.0,0.0,0.0,0.0,0.6893445253372192,0.27950966358184814
"DM-5940",False,"valid",0.2884672284126282,0.0,0.0,0.0,0.0,0.0,0.6830525994300842,0.0,0.0
"DM-19188",False,"test",0.1497827172279358,0.0,0.0,0.0,0.05439133942127228,0.515901505947113,0.22605445981025696,0.047062188386917114,0.0
"DM-19152",False,"test",0.0,0.0,0.0,0.5705443024635315,0.0,0.0,0.0,0.0,0.37777334451675415
"DM-19139",False,"test",0.0,0.0,0.0,0.6096170544624329,0.0,0.0,0.0,0.0,0.3495539128780365
"DM-19075",False,"test",0.1713000237941742,0.0,0.0,0.0,0.1326204091310501,0.0,0.0,0.0,0.6696140766143799
"DM-18863",False,"test",0.9576301574707031,0.0,0.0,0.0,0.0,0.0,0.0,0.0,0.0
"DM-18861",True,"test",0.0,0.0,0.0,0.0,0.0,0.5214599967002869,0.0,0.0,0.413678914308548
"DM-18838",False,"test",0.5970180630683899,0.01582914963364601,0.015825849026441574,0.29217636585235596,0.015831826254725456,0.015833327546715736,0.01582673378288746,0.015828169882297516,0.015830524265766144
"DM-18836",False,"test",0.10842907428741455,0.0,0.0,0.0,0.0,0.7167906761169434,0.0,0.1475377231836319,0.0
"DM-18779",True,"test",0.0,0.08021287620067596,0.0,0.6565541625022888,0.0,0.2441515475511551,0.0,0.0,0.0
"DM-18748",False,"test",0.6532105207443237,0.03756444901227951,0.026815010234713554,0.0,0.012139378115534782,0.030100153759121895,0.0,0.23919443786144257,0.0
"DM-18704",False,"test",0.027884280309081078,0.027896041050553322,0.027893152087926865,0.4728580117225647,0.027902716770768166,0.0278850756585598,0.02788419835269451,0.027881000190973282,0.3319155275821686
"DM-18678",True,"test",0.0,0.0,0.2733509838581085,0.0,0.042514584958553314,0.449786901473999,0.0,0.0,0.2169516682624817
"DM-18643",True,"test",0.21214427053928375,0.0,0.0,0.0,0.4171134829521179,0.0,0.0,0.0,0.3358558118343353
"DM-18596",False,"test",0.0,0.0,0.0,0.439696341753006,0.0,0.30005064606666565,0.2356405109167099,0.0,0.0
"DM-18573",True,"test",0.0,0.0,0.0,0.24098360538482666,0.0,0.0,0.0,0.21729494631290436,0.5050249099731445
"DM-18568",False,"test",0.0,0.0,0.0,0.0,0.4321072995662689,0.0,0.4863315224647522,0.0,0.06925158947706223
"DM-18548",False,"test",0.0,0.0,0.0,0.0,0.3733186721801758,0.26517441868782043,0.16849328577518463,0.15680266916751862,0.0
"DM-18520",False,"test",0.016761399805545807,0.016761362552642822,0.016763756051659584,0.01676260679960251,0.4084370732307434,0.01676628552377224,0.01676577888429165,0.016765154898166656,0.4742165505886078
"DM-18512",False,"test",0.0,0.0,0.0,0.0,0.4117860198020935,0.31649816036224365,0.24902620911598206,0.0,0.0
"DM-18509",False,"test",0.011118797585368156,0.011118254624307156,0.011128599755465984,0.011128117330372334,0.011118792928755283,0.011122877709567547,0.6186503171920776,0.3034927546977997,0.011121474206447601
"DM-18501",False,"test",0.0,0.0,0.0,0.0,0.3056105077266693,0.010613678954541683,0.0,0.2917790710926056,0.3667193055152893
"DM-18500",False,"test",0.08207184821367264,0.21260684728622437,0.050385650247335434,0.0,0.0,0.08141947537660599,0.5557143688201904,0.0,0.0
"DM-18484",False,"test",0.0,0.0,0.0,0.0,0.0,0.44278326630592346,0.4737120568752289,0.06447943300008774,0.0
"DM-18455",True,"test",0.07474224269390106,0.0,0.16246598958969116,0.0,0.0,0.0,0.0,0.0,0.7324444651603699
"DM-18454",False,"test",0.0,0.0,0.089905746281147,0.0,0.0,0.44011592864990234,0.0,0.0,0.4282664954662323
"DM-18452",False,"test",0.0,0.0,0.0,0.0,0.40336164832115173,0.0,0.34092119336128235,0.0,0.19944466650485992
"DM-18439",False,"test",0.01827380619943142,0.018273718655109406,0.018282882869243622,0.01827358640730381,0.018285444006323814,0.01827388070523739,0.24577409029006958,0.018273653462529182,0.6262889504432678
"DM-18430",False,"test",0.01579764485359192,0.015797404572367668,0.015812328085303307,0.01579727977514267,0.015797287225723267,0.015797730535268784,0.015804989263415337,0.01579754613339901,0.8735977411270142
"DM-18421",False,"test",0.0,0.0,0.0,0.34652262926101685,0.0,0.6236498355865479,0.0,0.0,0.0
"DM-18418",True,"test",0.011114194989204407,0.011121372692286968,0.5049548745155334,0.011117147281765938,0.41722533106803894,0.011115781962871552,0.011118799448013306,0.011115257628262043,0.011117227375507355
"DM-18403",False,"test",0.013896344229578972,0.3151310086250305,0.013895970769226551,0.013903050683438778,0.013897269032895565,0.013899420388042927,0.013897543773055077,0.01391889899969101,0.5875605344772339
"DM-18389",False,"test",0.015882965177297592,0.015889205038547516,0.015885410830378532,0.015883930027484894,0.19380435347557068,0.01588636264204979,0.694981038570404,0.015895318239927292,0.015891417860984802
"DM-18382",False,"test",0.0,0.0,0.0,0.0,0.2808111608028412,0.0,0.0,0.0,0.6670873165130615
"DM-18370",True,"test",0.0,0.0,0.0,0.0,0.0,0.4313277304172516,0.0,0.0,0.5086899995803833
"DM-18323",False,"test",0.2290993630886078,0.012356477789580822,0.012356828898191452,0.012362033128738403,0.012363522313535213,0.6843796372413635,0.012362104840576649,0.012355921790003777,0.01236411090940237
"DM-18283",True,"test",0.0,0.0,0.051005467772483826,0.23776425421237946,0.0,0.0,0.3655639588832855,0.0,0.33705028891563416
"DM-18282",False,"test",0.0,0.0,0.0,0.0,0.7951066493988037,0.0,0.1400187462568283,0.0,0.0
"DM-18196",False,"test",0.763602077960968,0.0,0.0933501347899437,0.0,0.0,0.0,0.114017054438591,0.0,0.0
"DM-18148",False,"test",0.0,0.06137328967452049,0.06257718056440353,0.0,0.0,0.0,0.5221187472343445,0.337035596370697,0.0
"DM-18128",False,"test",0.0,0.0,0.0,0.0,0.0,0.0,0.7594083547592163,0.21522004902362823,0.0
"DM-18117",False,"test",0.0,0.10235618054866791,0.05606517940759659,0.1441650688648224,0.0,0.0,0.28192758560180664,0.04428251460194588,0.36378931999206543
"DM-18067",False,"test",0.0,0.12905417382717133,0.0,0.164802685379982,0.185902938246727,0.0,0.0,0.5027437806129456,0.0
"DM-18063",False,"test",0.32047006487846375,0.010115253739058971,0.010116510093212128,0.010116443037986755,0.01011473499238491,0.37714698910713196,0.2416841834783554,0.010121195577085018,0.010114678181707859
"DM-18021",True,"test",0.0,0.0,0.0,0.0,0.0,0.10754740238189697,0.6277633905410767,0.0,0.24846476316452026
"DM-18001",False,"test",0.0,0.0,0.0,0.0,0.0,0.30344390869140625,0.16694815456867218,0.22057844698429108,0.29424065351486206
"DM-17986",False,"test",0.018584102392196655,0.018580015748739243,0.01859237626194954,0.018581300973892212,0.018579775467514992,0.509357213973999,0.018591854721307755,0.01858258619904518,0.36055076122283936
"DM-17984",False,"test",0.0,0.0,0.0,0.14823554456233978,0.0,0.16580995917320251,0.34752920269966125,0.3143010437488556,0.0
"DM-17969",False,"test",0.0,0.05839454382658005,0.0,0.0,0.0,0.3945307433605194,0.0,0.12483703345060349,0.40832704305648804
"DM-17967",False,"test",0.0,0.0,0.05272914469242096,0.0,0.0,0.13072291016578674,0.0,0.0,0.7935177087783813
"DM-17951",False,"test",0.0,0.0,0.0,0.3746120035648346,0.0,0.5748471617698669,0.0,0.0,0.0
"DM-17930",False,"test",0.09392795711755753,0.0,0.0,0.0,0.8529420495033264,0.0,0.0,0.0,0.0
"DM-17929",False,"test",0.0,0.0,0.0,0.8159520626068115,0.0,0.1525358110666275,0.0,0.0,0.0
"DM-17919",False,"test",0.0,0.611771821975708,0.0,0.0,0.0,0.36084240674972534,0.0,0.0,0.0
"DM-17903",False,"test",0.61674565076828,0.0,0.052869632840156555,0.0,0.0,0.0,0.0,0.3268131613731384,0.0
"DM-17874",False,"test",0.6045103669166565,0.01237700879573822,0.012378447689116001,0.012378007173538208,0.01237712986767292,0.012379529885947704,0.012375124730169773,0.012376849539577961,0.308847576379776
"DM-17871",False,"test",0.02227688394486904,0.022283444181084633,0.022279629483819008,0.8217753767967224,0.022276706993579865,0.022277189418673515,0.02227725274860859,0.02227669022977352,0.022276833653450012
"DM-17856",False,"test",0.09387101978063583,0.0,0.0,0.0,0.8529998064041138,0.0,0.0,0.0,0.0
"DM-17843",False,"test",0.2917565703392029,0.0,0.0,0.014674212783575058,0.018512558192014694,0.0,0.0,0.6684809327125549,0.0
"DM-17828",False,"test",0.0,0.0,0.0,0.32767146825790405,0.0,0.1272386610507965,0.0,0.09119513630867004,0.443402498960495
"DM-17811",False,"test",0.0,0.0,0.0,0.23062023520469666,0.0,0.46683889627456665,0.11403082311153412,0.1591934859752655,0.0
"DM-17810",False,"test",0.0,0.0,0.0,0.0,0.0,0.0,0.769432544708252,0.0,0.18885505199432373
"DM-17788",False,"test",0.11370119452476501,0.1800224334001541,0.0,0.0,0.34577643871307373,0.0,0.34477564692497253,0.0,0.0
"DM-17764",False,"test",0.0,0.0,0.0,0.0,0.07001857459545135,0.22751562297344208,0.6802557706832886,0.0,0.0
"DM-17757",False,"test",0.4896993637084961,0.06706949323415756,0.04969765618443489,0.0,0.0,0.14710991084575653,0.0,0.24434210360050201,0.0
"DM-17726",False,"test",0.0,0.0,0.0,0.0,0.0,0.457694947719574,0.0,0.4964791536331177,0.0
"DM-17722",False,"test",0.0,0.0,0.10676806420087814,0.0,0.48616212606430054,0.2352057248353958,0.0,0.0,0.13476677238941193
"DM-17688",False,"test",0.0,0.42245274782180786,0.0,0.0,0.0,0.5176188349723816,0.0,0.0,0.0
"DM-17678",False,"test",0.20838572084903717,0.023233750835061073,0.023258604109287262,0.02324073202908039,0.023236025124788284,0.02323307655751705,0.02323194406926632,0.023230385035276413,0.6289498209953308
"DM-17675",False,"test",0.0,0.0,0.0,0.0,0.0,0.0,0.0,0.6327757835388184,0.33187752962112427
"DM-17672",False,"test",0.0,0.0,0.0,0.0,0.0,0.0,0.0,0.2555530071258545,0.6857408881187439
"DM-17670",False,"test",0.0,0.0,0.0,0.0,0.0,0.43875250220298767,0.5301133394241333,0.0,0.0
"DM-17658",False,"test",0.0,0.0,0.0,0.0,0.48530682921409607,0.28340446949005127,0.0,0.18677128851413727,0.0
"DM-17652",False,"test",0.0,0.0,0.0,0.0,0.0,0.42858463525772095,0.5552125573158264,0.0,0.0
"DM-17640",False,"test",0.0,0.0,0.0,0.0,0.0,0.0,0.9695084095001221,0.0,0.0
"DM-17605",True,"test",0.0,0.0,0.034704580903053284,0.0,0.036820188164711,0.45919251441955566,0.08539809286594391,0.0,0.37532830238342285
"DM-17604",False,"test",0.0,0.0,0.0,0.0,0.0,0.14818483591079712,0.0,0.5837041735649109,0.2503741383552551
"DM-17601",True,"test",0.03715302422642708,0.14292612671852112,0.0,0.0,0.1412222981452942,0.24781186878681183,0.33725032210350037,0.0,0.08735359460115433
"DM-17561",True,"test",0.0,0.0,0.0,0.0,0.0,0.5994960069656372,0.3708110749721527,0.0,0.0
"DM-17545",False,"test",0.20046335458755493,0.011107627302408218,0.011103102006018162,0.011108670383691788,0.011105090379714966,0.011111791245639324,0.5568677186965942,0.011108887381851673,0.17602376639842987
"DM-17533",False,"test",0.0,0.0,0.3163719177246094,0.4142419099807739,0.0,0.0,0.0,0.23904919624328613,0.0
"DM-17529",False,"test",0.0,0.0,0.0,0.0,0.6612038016319275,0.0,0.20725397765636444,0.0,0.11200261861085892
"DM-17521",False,"test",0.4486828148365021,0.0,0.0,0.09009995311498642,0.0,0.0,0.3093988597393036,0.0,0.1341703236103058
"DM-17511",False,"test",0.1993696242570877,0.0,0.0929659754037857,0.0,0.011265316978096962,0.13179422914981842,0.14156407117843628,0.0,0.4176602363586426
"DM-17510",False,"test",0.027378901839256287,0.027390986680984497,0.7809027433395386,0.0273860152810812,0.027390269562602043,0.027379436418414116,0.02739839069545269,0.027384182438254356,0.027389083057641983
"DM-17492",False,"test",0.0,0.0,0.0,0.5309189558029175,0.2646520733833313,0.17662635445594788,0.0,0.0,0.0
"DM-17487",False,"test",0.013894190080463886,0.013894746080040932,0.013894101604819298,0.013894694857299328,0.013894925825297832,0.013894328847527504,0.013894542120397091,0.013894428499042988,0.8888440132141113
"DM-17485",False,"test",0.013894190080463886,0.013894745148718357,0.013894101604819298,0.013894695788621902,0.013894925825297832,0.013894328847527504,0.013894541189074516,0.013894428499042988,0.8888440132141113
"DM-17482",False,"test",0.013894190080463886,0.013894745148718357,0.013894101604819298,0.013894694857299328,0.013894926756620407,0.013894328847527504,0.013894541189074516,0.013894428499042988,0.8888440132141113
"DM-17481",False,"test",0.013894190080463886,0.013894744217395782,0.013894101604819298,0.013894693925976753,0.013894924893975258,0.013894328847527504,0.013894540257751942,0.013894427567720413,0.8888440132141113
"DM-17466",False,"test",0.0,0.0,0.0,0.4519837200641632,0.0,0.0,0.27332985401153564,0.24809250235557556,0.0
"DM-17465",False,"test",0.0,0.0,0.0,0.34979602694511414,0.10174588859081268,0.09122399985790253,0.1525791585445404,0.0,0.299333393573761
"DM-17455",False,"test",0.0,0.0,0.0,0.0,0.0,0.0,0.8441702723503113,0.0,0.10537424683570862
"DM-17437",False,"test",0.08959686756134033,0.15287083387374878,0.0,0.0,0.5207400321960449,0.0,0.0,0.1997096687555313,0.0
"DM-17393",True,"test",0.0,0.0,0.0,0.6345470547676086,0.0,0.0,0.0,0.0,0.3470209836959839
"DM-17374",False,"test",0.0,0.0,0.0,0.0,0.0,0.0,0.0,0.0,0.9406898021697998
"DM-17372",False,"test",0.0,0.17096322774887085,0.0,0.0,0.2309039831161499,0.17788472771644592,0.23525379598140717,0.0,0.16768428683280945
"DM-17349",False,"test",0.08689619600772858,0.0,0.0,0.0,0.0,0.33608075976371765,0.48541271686553955,0.0,0.06883444637060165
"DM-17348",False,"test",0.0,0.0,0.0,0.24468384683132172,0.0,0.0,0.3895505964756012,0.0,0.34821900725364685
"DM-17346",True,"test",0.41857653856277466,0.0,0.0,0.0,0.0,0.0,0.0,0.0,0.5400546789169312
"DM-17344",True,"test",0.44630923867225647,0.0,0.0,0.0,0.0,0.0,0.0,0.0,0.5076310038566589
"DM-17343",True,"test",0.4649120271205902,0.0,0.0,0.0,0.0,0.0,0.0,0.0,0.4751831591129303
"DM-17333",True,"test",0.0,0.0,0.0,0.2297181785106659,0.0,0.3498685657978058,0.39874181151390076,0.0,0.0
"DM-17327",False,"test",0.1973925679922104,0.0,0.19421710073947906,0.0,0.0,0.0,0.36248207092285156,0.0,0.2260122299194336
"DM-17324",False,"test",0.0,0.22656764090061188,0.0,0.0,0.7258884906768799,0.0,0.0,0.0,0.0
"DM-17322",False,"test",0.010189774446189404,0.010190451517701149,0.0101893600076437,0.01019429974257946,0.2973068654537201,0.6313462257385254,0.010191183537244797,0.010189657099545002,0.010202189907431602
"DM-17317",False,"test",0.0,0.0,0.0,0.0,0.14864255487918854,0.5135562419891357,0.044885095208883286,0.2742379605770111,0.0
"DM-17314",False,"test",0.012355461716651917,0.37120357155799866,0.5423085689544678,0.012358355335891247,0.012357164174318314,0.0123527767136693,0.012357646599411964,0.012354234233498573,0.012352249585092068
"DM-17310",True,"test",0.14768488705158234,0.2549402713775635,0.0,0.3935292363166809,0.0,0.0,0.1816476583480835,0.0,0.0
"DM-17307",False,"test",0.05454467236995697,0.05454591289162636,0.05465290695428848,0.0545472651720047,0.054554738104343414,0.5634675621986389,0.054544392973184586,0.05454722046852112,0.054595377296209335
"DM-17305",True,"test",0.0,0.23064154386520386,0.0,0.0,0.20526699721813202,0.0,0.0,0.0,0.5450215935707092
"DM-17296",False,"test",0.0,0.0,0.0,0.0,0.0,0.6033886671066284,0.3388618528842926,0.0,0.0
"DM-17289",False,"test",0.02760707214474678,0.02760166861116886,0.027610674500465393,0.02760382555425167,0.7791362404823303,0.027604233473539352,0.02760668657720089,0.027602314949035645,0.027627302333712578
"DM-17281",False,"test",0.11266154795885086,0.0,0.0,0.7908310294151306,0.07356488704681396,0.0,0.0,0.0,0.0
"DM-17269",False,"test",0.0,0.2056533843278885,0.16502463817596436,0.0,0.44341179728507996,0.0,0.0,0.0,0.156637042760849
"DM-17259",True,"test",0.175291046500206,0.0,0.0,0.6278808116912842,0.0,0.0,0.18075783550739288,0.0,0.0
"DM-17248",False,"test",0.67165207862854,0.0,0.0,0.0,0.03310065716505051,0.12330500781536102,0.16268791258335114,0.0,0.0
"DM-17246",False,"test",0.0,0.0,0.0,0.0,0.0,0.34995296597480774,0.0,0.0,0.5901718735694885
"DM-17228",True,"test",0.0,0.0,0.0,0.0,0.39885276556015015,0.29599788784980774,0.0,0.2855426073074341,0.0
"DM-17217",True,"test",0.012349448166787624,0.01235184445977211,0.012349367141723633,0.012351542711257935,0.012357751838862896,0.012359601445496082,0.9011693596839905,0.012350069358944893,0.012361029163002968
"DM-17213",False,"test",0.0,0.0,0.0,0.0,0.24913883209228516,0.0,0.7204437255859375,0.0,0.0
"DM-17212",False,"test",0.04275038465857506,0.0,0.0,0.17325155436992645,0.2756589353084564,0.0,0.4944036304950714,0.0,0.0
"DM-17211",False,"test",0.06811370700597763,0.0,0.0,0.06007236987352371,0.15471620857715607,0.7056230306625366,0.0,0.0,0.0
"DM-17207",False,"test",0.0,0.0,0.07840196788311005,0.3823745548725128,0.0,0.0,0.26942089200019836,0.24325960874557495,0.0
"DM-17197",False,"test",0.0,0.0,0.0,0.0,0.21113495528697968,0.22082756459712982,0.3606456220149994,0.19313329458236694,0.0
"DM-17195",False,"test",0.5593087673187256,0.0,0.04645901918411255,0.0,0.0,0.0,0.0,0.3921954333782196,0.0
"DM-17189",False,"test",0.2015736699104309,0.38664790987968445,0.0,0.0,0.08579491078853607,0.0,0.30508890748023987,0.0,0.0
"DM-17187",False,"test",0.0,0.0,0.0,0.0,0.03589121997356415,0.0,0.93525230884552,0.0,0.0
"DM-17173",False,"test",0.0,0.0,0.11799328029155731,0.3729800283908844,0.0,0.0,0.5039154291152954,0.0,0.0
"DM-17172",False,"test",0.07185185700654984,0.0,0.09535310417413712,0.0,0.7994250655174255,0.0,0.0,0.0,0.0
"DM-17171",False,"test",0.1279905140399933,0.0,0.0,0.0,0.0,0.0,0.6640509963035583,0.0,0.18319867551326752
"DM-17170",False,"test",0.0,0.0,0.0,0.0,0.0,0.0,0.5798242688179016,0.0,0.39719831943511963
"DM-17161",False,"test",0.013781972229480743,0.013777872547507286,0.013778447173535824,0.013787694275379181,0.01378064975142479,0.013782264664769173,0.181841641664505,0.013785343617200851,0.7216841578483582
"DM-17160",False,"test",0.0,0.0,0.0,0.0,0.3145561218261719,0.0,0.0,0.0,0.6205748319625854
"DM-17148",False,"test",0.415838360786438,0.0,0.0,0.16202563047409058,0.0,0.0,0.3998967409133911,0.0,0.0
"DM-17144",True,"test",0.022292494773864746,0.022294260561466217,0.022295275703072548,0.45603641867637634,0.022305412217974663,0.02229694090783596,0.022299809381365776,0.3878883123397827,0.022291066125035286
"DM-17113",True,"test",0.0,0.0,0.3266668915748596,0.0,0.0,0.3147912621498108,0.3060685992240906,0.0,0.04176931828260422
"DM-17110",False,"test",0.0,0.0,0.0,0.5578519105911255,0.0,0.0,0.40322861075401306,0.0,0.0
"DM-17095",False,"test",0.14473988115787506,0.24696087837219238,0.0,0.0,0.08539598435163498,0.1232343465089798,0.24867208302021027,0.0,0.1419752687215805
"DM-17093",False,"test",0.6548420786857605,0.0,0.0,0.0,0.16636747121810913,0.0,0.0,0.16678638756275177,0.0
"DM-17092",False,"test",0.011119126342236996,0.01113264262676239,0.011130591854453087,0.011121876537799835,0.01112183928489685,0.011121738702058792,0.011126664467155933,0.011119870468974113,0.9110056161880493
"DM-17088",False,"test",0.0,0.0,0.0,0.0,0.0,0.13762840628623962,0.0,0.8289228081703186,0.0
"DM-17067",False,"test",0.2415304332971573,0.0,0.0,0.0,0.3743285834789276,0.0,0.3489956259727478,0.0,0.0
"DM-17059",False,"test",0.0,0.10939441621303558,0.071007139980793,0.0,0.12886179983615875,0.2975896894931793,0.37655109167099,0.0,0.0
"DM-17041",False,"test",0.0,0.0,0.0,0.08726459741592407,0.1965455412864685,0.2741754651069641,0.0,0.2661396861076355,0.16830594837665558
"DM-17021",False,"test",0.0,0.0,0.0,0.0,0.24810826778411865,0.0,0.5722736716270447,0.0,0.16053850948810577
"DM-17004",True,"test",0.37932974100112915,0.0,0.0,0.0,0.0,0.0,0.18545936048030853,0.14267101883888245,0.275081992149353
"DM-16957",True,"test",0.561478316783905,0.055179182440042496,0.0,0.01445766445249319,0.0,0.0,0.0,0.3620055615901947,0.0
"DM-16925",False,"test",0.0,0.1454203873872757,0.16638725996017456,0.0,0.0,0.0,0.0,0.029570532962679863,0.6490390300750732
"DM-16872",True,"test",0.4406406879425049,0.0,0.09490858763456345,0.07267355173826218,0.0936962142586708,0.0,0.020574815571308136,0.04326619207859039,0.2315836250782013
"DM-16871",True,"test",0.0,0.34168657660484314,0.0,0.11950783431529999,0.0,0.0,0.0,0.0,0.5017179250717163
"DM-16864",False,"test",0.0,0.0,0.0,0.10833486914634705,0.0,0.1169743612408638,0.0,0.0,0.7614129781723022
"DM-16837",False,"test",0.3033011257648468,0.0,0.0,0.0,0.0,0.2176595777273178,0.0,0.0,0.4419688582420349
"DM-16835",False,"test",0.267986923456192,0.0,0.0,0.0,0.04299144819378853,0.28495585918426514,0.0,0.0,0.39386510848999023
"DM-16831",False,"test",0.30827322602272034,0.0,0.0,0.0,0.10524893552064896,0.0,0.0,0.5852047204971313,0.0
"DM-16822",False,"test",0.16264773905277252,0.0,0.07341600209474564,0.0,0.02838169038295746,0.4847131669521332,0.0,0.0,0.24382130801677704
"DM-16820",False,"test",0.0,0.0,0.07463806867599487,0.0,0.0,0.0,0.0,0.0,0.8815358877182007
"DM-16811",False,"test",0.2678367495536804,0.0,0.0,0.0,0.26339277625083923,0.29196804761886597,0.15620210766792297,0.0,0.0
"DM-16801",False,"test",0.0,0.289747416973114,0.0,0.0,0.0,0.46647176146507263,0.0,0.0,0.20453111827373505
"DM-16797",False,"test",0.0,0.0,0.0,0.6843626499176025,0.0,0.11450288444757462,0.17211997509002686,0.0,0.0
"DM-16781",True,"test",0.05410471186041832,0.647493302822113,0.11158326268196106,0.0,0.0,0.1724693775177002,0.0,0.0,0.0
"DM-16726",False,"test",0.15828096866607666,0.23119314014911652,0.0,0.0,0.08438970148563385,0.28014636039733887,0.2374538630247116,0.0,0.0
"DM-16700",False,"test",0.0,0.32858043909072876,0.0,0.0,0.3871610462665558,0.08268611878156662,0.18890126049518585,0.0,0.0
"DM-16655",False,"test",0.0,0.0,0.0,0.0,0.0,0.6934522986412048,0.13606879115104675,0.0,0.1371089071035385
"DM-16606",False,"test",0.4054272472858429,0.0,0.0,0.07050149142742157,0.0,0.2337673157453537,0.1170244887471199,0.0,0.16931414604187012
"DM-16589",False,"test",0.022268027067184448,0.598422646522522,0.02226492576301098,0.022266963496804237,0.02226421982049942,0.022264085710048676,0.022262349724769592,0.24572047591209412,0.0222663301974535
"DM-16558",False,"test",0.49496906995773315,0.0,0.376086950302124,0.0,0.0,0.047240301966667175,0.0,0.07444928586483002,0.0
"DM-16554",True,"test",0.0,0.08817693591117859,0.0,0.0,0.35809382796287537,0.0,0.17129920423030853,0.3625706136226654,0.0
"DM-16542",True,"test",0.05402262508869171,0.0586574524641037,0.0,0.15103495121002197,0.21870630979537964,0.0,0.5150166153907776,0.0,0.0
"DM-16535",False,"test",0.0,0.0,0.0,0.0,0.09912025183439255,0.4371080994606018,0.32560282945632935,0.0,0.12116255611181259
"DM-16534",False,"test",0.03704097494482994,0.0,0.0,0.17453858256340027,0.0,0.0,0.2899085283279419,0.35105812549591064,0.13848912715911865
"DM-16518",True,"test",0.0,0.0,0.0,0.0,0.0,0.39483922719955444,0.4532006084918976,0.0,0.13667915761470795
"DM-16510",False,"test",0.0,0.0,0.0,0.308371365070343,0.0,0.6628719568252563,0.0,0.0,0.0
"DM-16503",False,"test",0.11251969635486603,0.0,0.0,0.0,0.28181689977645874,0.1711765080690384,0.17628778517246246,0.08209139108657837,0.17355051636695862
"DM-16476",False,"test",0.08542675524950027,0.12641552090644836,0.0,0.0,0.24818868935108185,0.0,0.19146665930747986,0.3409577012062073,0.0
"DM-16432",False,"test",0.0,0.0,0.0,0.4223473072052002,0.0626167580485344,0.0,0.0,0.0,0.4948219954967499
"DM-16429",False,"test",0.0,0.0,0.0,0.12923425436019897,0.2079285979270935,0.127561554312706,0.08634157478809357,0.18202491104602814,0.26179906725883484
"DM-16416",False,"test",0.0,0.0,0.0,0.0,0.09836235642433167,0.325386643409729,0.0,0.3770633637905121,0.18301089107990265
"DM-16413",False,"test",0.0,0.21567612886428833,0.1363701969385147,0.0,0.0,0.2595616579055786,0.3419903516769409,0.0,0.0
"DM-16386",False,"test",0.08079210668802261,0.0,0.06947867572307587,0.7092679738998413,0.0,0.01087142899632454,0.0,0.06927666813135147,0.057242900133132935
"DM-16373",False,"test",0.09918785095214844,0.0,0.0,0.054951075464487076,0.030077997595071793,0.0,0.6489455103874207,0.09075652062892914,0.0715692937374115
"DM-16343",False,"test",0.0,0.0,0.0,0.18593303859233856,0.0,0.0,0.31572550535202026,0.4745097756385803,0.0
"DM-16341",False,"test",0.11110763251781464,0.1111253947019577,0.11110951751470566,0.11110814660787582,0.11110875755548477,0.11110939085483551,0.11111146211624146,0.11111096292734146,0.1111086905002594
"DM-16340",False,"test",0.05560119077563286,0.05560119450092316,0.5551904439926147,0.05560119077563286,0.05560119077563286,0.05560119450092316,0.05560119077563286,0.05560119077563286,0.05560119077563286
"DM-16320",False,"test",0.0,0.0,0.0,0.08300533145666122,0.0,0.0,0.2512238621711731,0.0,0.6390894651412964
"DM-16319",False,"test",0.0,0.0,0.0,0.0,0.0,0.37472912669181824,0.23881539702415466,0.0,0.35975947976112366
"DM-16304",False,"test",0.011115923523902893,0.011118879541754723,0.0111159672960639,0.011118023656308651,0.01111716590821743,0.011118661612272263,0.01111790630966425,0.3439761996269226,0.5782012343406677
"DM-16286",False,"test",0.14658473432064056,0.2708008587360382,0.0,0.0820450708270073,0.0,0.2955019474029541,0.051857348531484604,0.0,0.14595118165016174
"DM-16280",False,"test",0.0,0.23758786916732788,0.1490756720304489,0.22646428644657135,0.0,0.0,0.3591981530189514,0.0,0.0
"DM-16275",False,"test",0.0,0.0,0.0,0.0,0.6252119541168213,0.0,0.0,0.0,0.361032098531723
"DM-16274",False,"test",0.1993979960680008,0.0,0.0,0.0,0.0,0.12559747695922852,0.6352250576019287,0.0,0.0
"DM-16256",False,"test",0.012277028523385525,0.01227954588830471,0.01227806881070137,0.012275262735784054,0.012273866683244705,0.01227633748203516,0.012282533571124077,0.012290327809751034,0.9017669558525085
"DM-16218",False,"test",0.0,0.0,0.21838830411434174,0.14282724261283875,0.21097253262996674,0.0,0.0,0.0,0.41454070806503296
"DM-16206",False,"test",0.0,0.4766537547111511,0.0,0.0,0.0,0.49495330452919006,0.0,0.0,0.0
"DM-16186",True,"test",0.011131206527352333,0.011131229810416698,0.011130029335618019,0.011133309453725815,0.011132566258311272,0.011131537146866322,0.01113141980022192,0.01113083865493536,0.9109479188919067
"DM-16183",False,"test",0.23559390008449554,0.0,0.0,0.019895222038030624,0.01219271495938301,0.03839053213596344,0.0,0.6903353333473206,0.0
"DM-16177",False,"test",0.0,0.0,0.0,0.0,0.0,0.0,0.0,0.9595626592636108,0.0
"DM-16176",False,"test",0.0,0.08589468151330948,0.0,0.0,0.1658780872821808,0.0,0.0,0.0,0.7048543095588684
"DM-16175",True,"test",0.07766935974359512,0.0,0.5862065553665161,0.299548864364624,0.029545582830905914,0.0,0.0,0.0,0.0
"DM-16172",False,"test",0.22876128554344177,0.0,0.0,0.023345543071627617,0.0,0.0,0.1412159949541092,0.5970454812049866,0.0
"DM-16166",False,"test",0.0,0.0,0.16018006205558777,0.10962428152561188,0.058959927409887314,0.0,0.5972297191619873,0.0,0.06730614602565765
"DM-16161",False,"test",0.0,0.0,0.0,0.0,0.0,0.1657337248325348,0.35319721698760986,0.0,0.42139527201652527
"DM-16135",False,"test",0.0,0.0,0.0,0.0,0.2459869682788849,0.0,0.0,0.0,0.705362856388092
"DM-16062",False,"test",0.027816668152809143,0.027809740975499153,0.027816621586680412,0.02783556468784809,0.027843356132507324,0.02782103233039379,0.02781900204718113,0.7774061560630798,0.02783185988664627
"DM-16051",False,"test",0.0,0.0,0.0,0.13814674317836761,0.0,0.14930091798305511,0.3497955799102783,0.0,0.34426286816596985
"DM-16050",False,"test",0.0,0.0,0.0,0.4846011996269226,0.0,0.3447759449481964,0.0,0.14676673710346222,0.0
"DM-16033",False,"test",0.0,0.0,0.0,0.0,0.0,0.0,0.6277924180030823,0.0,0.34548065066337585
"DM-16026",True,"test",0.0,0.07516562938690186,0.2504141330718994,0.0,0.0,0.4882475435733795,0.0,0.16647969186306,0.0
"DM-16025",False,"test",0.3289638161659241,0.10236042737960815,0.24884554743766785,0.0,0.0,0.10446208715438843,0.07093875110149384,0.14057070016860962,0.0
"DM-16023",False,"test",0.0,0.04230054095387459,0.06234440207481384,0.2085333913564682,0.01648540049791336,0.0,0.5262184143066406,0.0,0.13430829346179962
"DM-16018",False,"test",0.1568620502948761,0.0,0.23330315947532654,0.0,0.0,0.0,0.33390283584594727,0.0,0.2554500102996826
"DM-16015",False,"test",0.01351054385304451,0.013507216237485409,0.013505510985851288,0.013508614152669907,0.013514166697859764,0.013507205061614513,0.36372315883636475,0.013506251387298107,0.5417173504829407
"DM-16014",False,"test",0.33292055130004883,0.012325379066169262,0.012325946241617203,0.012327413074672222,0.20617832243442535,0.2605791389942169,0.012326672673225403,0.012337432242929935,0.13867910206317902
"DM-15974",False,"test",0.010073741897940636,0.19539190828800201,0.010069575160741806,0.010069306008517742,0.01007235236465931,0.010073217563331127,0.2830992341041565,0.46107926964759827,0.010071378201246262
"DM-15928",True,"test",0.010109019465744495,0.010103861801326275,0.010103886015713215,0.010108866728842258,0.010104420594871044,0.01010469626635313,0.9191516041755676,0.010106444358825684,0.01010716799646616
"DM-15920",False,"test",0.0,0.09773866087198257,0.0,0.0,0.0,0.22350798547267914,0.6394951343536377,0.0,0.0
"DM-15913",False,"test",0.0,0.0,0.0,0.27673718333244324,0.6434134840965271,0.0,0.0,0.0,0.05962729454040527
"DM-15911",False,"test",0.0,0.06738956272602081,0.0,0.0,0.0,0.0,0.0,0.05585208535194397,0.85335373878479
"DM-15901",False,"test",0.5205225944519043,0.0,0.0,0.0,0.0,0.14872679114341736,0.3116776943206787,0.0,0.0
"DM-15899",False,"test",0.012352109886705875,0.01235780119895935,0.012356646358966827,0.012359995394945145,0.012352980673313141,0.012356390245258808,0.012355230748653412,0.13619813323020935,0.7773107290267944
"DM-15895",False,"test",0.0,0.25728556513786316,0.0,0.0,0.0,0.0,0.09555354714393616,0.3739556670188904,0.25181350111961365
"DM-15889",False,"test",0.0,0.2716701328754425,0.0,0.0,0.0,0.0,0.0,0.6913281083106995,0.0
"DM-15868",False,"test",0.08777346462011337,0.0,0.0,0.0,0.0,0.0,0.8790239095687866,0.0,0.0
"DM-15855",False,"test",0.022246556356549263,0.02224622294306755,0.022239066660404205,0.022230736911296844,0.022233296185731888,0.02223225124180317,0.022238386794924736,0.02223360352218151,0.8220998644828796
"DM-15826",True,"test",0.0,0.0,0.0,0.0,0.0,0.1384771317243576,0.5800557136535645,0.0,0.25763028860092163
"DM-15823",False,"test",0.32706132531166077,0.0,0.02027985081076622,0.47535648941993713,0.10597790777683258,0.0,0.0,0.0,0.06770523637533188
"DM-15808",False,"test",0.018537024036049843,0.018535129725933075,0.018534036353230476,0.0185360349714756,0.8517104983329773,0.018535872921347618,0.018538890406489372,0.01853647455573082,0.018535997718572617
"DM-15806",False,"test",0.6659337878227234,0.0,0.0,0.0,0.30801984667778015,0.0,0.0,0.0,0.0
"DM-15800",False,"test",0.0,0.0,0.0,0.0,0.3943857252597809,0.0,0.0,0.2529009282588959,0.32483962178230286
"DM-15794",False,"test",0.0,0.18176430463790894,0.0,0.0,0.0,0.0,0.0,0.16533711552619934,0.6111876964569092
"DM-15791",True,"test",0.0,0.0857209712266922,0.0,0.0,0.2438923418521881,0.0,0.6487991809844971,0.0,0.0
"DM-15790",False,"test",0.0,0.25953689217567444,0.0,0.061664726585149765,0.0,0.510418713092804,0.0,0.14702439308166504,0.0
"DM-15785",False,"test",0.0,0.0,0.0,0.0,0.3090916574001312,0.0,0.14605353772640228,0.30822306871414185,0.2039220929145813
"DM-15776",False,"test",0.0,0.08491071313619614,0.0,0.0,0.0,0.0,0.30905455350875854,0.14074639976024628,0.44679105281829834
"DM-15775",False,"test",0.0,0.0,0.14978866279125214,0.0,0.22337445616722107,0.0,0.6107717752456665,0.0,0.0
"DM-15772",False,"test",0.012385932728648186,0.012382794171571732,0.012379859574139118,0.012379512190818787,0.01238394994288683,0.01238088309764862,0.4511125683784485,0.012384534813463688,0.4622099995613098
"DM-15757",False,"test",0.2619860768318176,0.0,0.0,0.0,0.0,0.0,0.0,0.1316726952791214,0.5973258018493652
"DM-15751",False,"test",0.08899185806512833,0.0,0.0,0.18730241060256958,0.15196757018566132,0.03490999713540077,0.06635786592960358,0.04874730110168457,0.4164309501647949
"DM-15743",False,"test",0.012414506636559963,0.012411853298544884,0.012417319230735302,0.012414345517754555,0.01241271011531353,0.012410693801939487,0.012411992065608501,0.30679574608802795,0.6063108444213867
"DM-15721",False,"test",0.16330459713935852,0.0,0.0,0.0,0.07992202043533325,0.0,0.5372596979141235,0.0,0.2078588455915451
"DM-15705",False,"test",0.0,0.0,0.0,0.0,0.0,0.0,0.0,0.9365628361701965,0.0
"DM-15693",False,"test",0.0,0.0,0.0,0.9731501340866089,0.0,0.0,0.0,0.0,0.0
"DM-15663",True,"test",0.0456351600587368,0.0,0.0,0.0,0.0,0.0977783128619194,0.16933856904506683,0.11701986938714981,0.5571808218955994
"DM-15636",True,"test",0.0,0.3369583785533905,0.0,0.2893936038017273,0.0,0.0,0.17915858328342438,0.17473287880420685,0.0
"DM-15635",True,"test",0.0,0.0,0.0,0.408369243144989,0.2594955563545227,0.0,0.10461992025375366,0.2155604213476181,0.0
"DM-15634",True,"test",0.0,0.44775664806365967,0.0,0.3324510157108307,0.0,0.1959591954946518,0.0,0.0,0.0
"DM-15616",False,"test",0.0,0.053638581186532974,0.0,0.0,0.26041850447654724,0.0,0.6755717992782593,0.0,0.0
"DM-15611",False,"test",0.014053055085241795,0.014054411090910435,0.014053821563720703,0.014055307023227215,0.014054336585104465,0.8875628113746643,0.01405392400920391,0.014056342653930187,0.014055969193577766
"DM-15590",False,"test",0.0,0.0,0.0,0.0,0.0,0.24912050366401672,0.6142001152038574,0.0,0.11991424858570099
"DM-15585",False,"test",0.0,0.11303795874118805,0.0,0.0,0.0,0.0,0.4524528682231903,0.0,0.39733266830444336
"DM-15571",False,"test",0.0,0.0,0.0,0.0,0.0,0.47514715790748596,0.5043181777000427,0.0,0.0
"DM-15563",False,"test",0.0,0.0,0.050141166895627975,0.1724255084991455,0.0,0.0,0.4217143952846527,0.055891867727041245,0.2918033301830292
"DM-15534",True,"test",0.0,0.0,0.0,0.0,0.0,0.0,0.2522534430027008,0.4281708598136902,0.28617778420448303
"DM-15527",False,"test",0.0835515707731247,0.0,0.0,0.0,0.01040161494165659,0.11825906485319138,0.6910367608070374,0.08592476695775986,0.0
"DM-15507",False,"test",0.3055356442928314,0.0,0.0,0.2809702157974243,0.0,0.0,0.0,0.36986398696899414,0.0
"DM-15504",False,"test",0.0,0.0,0.0,0.23265428841114044,0.0,0.461471825838089,0.0,0.0,0.2913215458393097
"DM-15491",False,"test",0.0,0.0,0.0,0.04627048596739769,0.0,0.0,0.9452136754989624,0.0,0.0
"DM-15486",False,"test",0.4645459055900574,0.0,0.0,0.0,0.0,0.13135378062725067,0.16502702236175537,0.22134017944335938,0.0
"DM-15458",True,"test",0.0,0.0,0.8906434178352356,0.08130742609500885,0.01902822218835354,0.0,0.0,0.0,0.0
"DM-15452",False,"test",0.0,0.0,0.0,0.0,0.0,0.7470787763595581,0.0,0.0,0.2119418829679489
"DM-15450",False,"test",0.6800240278244019,0.1051458790898323,0.0998743399977684,0.0,0.0,0.0,0.10279112309217453,0.0,0.0
"DM-15447",False,"test",0.0,0.0,0.09505079686641693,0.0,0.5190656185150146,0.35262659192085266,0.0,0.0,0.0
"DM-15421",False,"test",0.09375609457492828,0.0,0.0,0.0,0.2406393438577652,0.0,0.0,0.0,0.6490084528923035
"DM-15417",False,"test",0.0,0.0,0.0,0.0,0.0,0.0,0.691976010799408,0.2850937843322754,0.0
"DM-15399",False,"test",0.0,0.0,0.0,0.9406113624572754,0.0,0.0,0.0,0.0,0.0
"DM-15392",False,"test",0.0,0.0,0.048738811165094376,0.0,0.10449245572090149,0.5274726152420044,0.13094089925289154,0.1303011029958725,0.04949384182691574
"DM-15390",False,"test",0.4865034520626068,0.0,0.0,0.0,0.0,0.0,0.0,0.48202770948410034,0.0
"DM-15371",True,"test",0.0,0.0,0.0,0.5724459886550903,0.0,0.36810389161109924,0.0,0.0,0.0
"DM-15369",False,"test",0.0,0.0,0.0,0.14329689741134644,0.12877598404884338,0.04628371074795723,0.5352904200553894,0.0,0.13867972791194916
"DM-15368",False,"test",0.06569454073905945,0.0,0.0,0.09922854602336884,0.1291082203388214,0.0,0.4319235384464264,0.0,0.2613293528556824
"DM-15365",False,"test",0.0,0.0,0.0,0.5328888893127441,0.0,0.0,0.0,0.0,0.4029974639415741
"DM-15358",True,"test",0.0,0.0,0.0,0.0,0.6001888513565063,0.0,0.0,0.0,0.3399234712123871
"DM-15350",False,"test",0.0,0.24706147611141205,0.3758070170879364,0.0,0.09223826974630356,0.08969922363758087,0.18462073802947998,0.0,0.0
"DM-15349",False,"test",0.0,0.0,0.0,0.0,0.0,0.0,0.0,0.0,0.93731689453125
"DM-15336",False,"test",0.2816222608089447,0.0,0.0,0.054576627910137177,0.2227533608675003,0.0,0.43617135286331177,0.0,0.0
"DM-15333",False,"test",0.0,0.0,0.0,0.5830193758010864,0.0,0.3802681863307953,0.0,0.0,0.0
"DM-15322",False,"test",0.0,0.0,0.0,0.0,0.0,0.0,0.4234970808029175,0.0,0.5463211536407471
"DM-15310",True,"test",0.4984324276447296,0.0,0.0,0.0,0.0,0.0,0.0,0.472072571516037,0.0
"DM-15276",False,"test",0.0,0.0,0.0,0.0,0.0,0.0,0.39074328541755676,0.5628306269645691,0.0
"DM-15246",True,"test",0.0,0.6847110986709595,0.0,0.0,0.0,0.0,0.2520635426044464,0.0,0.0
"DM-15245",False,"test",0.16068695485591888,0.0,0.0,0.1912016123533249,0.174215629696846,0.4584398865699768,0.0,0.0,0.0
"DM-15222",False,"test",0.3278611898422241,0.10334297269582748,0.0,0.23442374169826508,0.0,0.318498432636261,0.0,0.0,0.0
"DM-15220",False,"test",0.0,0.0,0.0,0.0,0.26916083693504333,0.15511034429073334,0.0,0.3275609314441681,0.22283968329429626
"DM-15213",False,"test",0.48337340354919434,0.0,0.10040219873189926,0.16462384164333344,0.0,0.0,0.11881576478481293,0.0,0.11649204790592194
"DM-15212",False,"test",0.0,0.0,0.0,0.33539676666259766,0.08568169921636581,0.3297252953052521,0.0,0.0,0.21521610021591187
"DM-15190",False,"test",0.48962458968162537,0.0,0.028670040890574455,0.0,0.0,0.03562808409333229,0.2403002679347992,0.0,0.19681750237941742
"DM-15183",False,"test",0.0,0.926163375377655,0.0,0.0,0.0,0.0,0.0,0.0,0.0
"DM-15179",False,"test",0.0,0.0,0.23952819406986237,0.0,0.4214586019515991,0.0,0.2997678816318512,0.0,0.0
"DM-15178",True,"test",0.0,0.13730157911777496,0.0,0.18973354995250702,0.0,0.0,0.2981467545032501,0.05273648351430893,0.31553852558135986
"DM-15177",True,"test",0.0,0.0,0.0,0.328072726726532,0.12311870604753494,0.056828439235687256,0.4849238097667694,0.0,0.0
"DM-15172",False,"test",0.17240603268146515,0.0,0.44284531474113464,0.0,0.0,0.3454713821411133,0.0,0.0,0.0
"DM-15157",False,"test",0.0,0.0,0.0,0.26471418142318726,0.0,0.39784932136535645,0.32227203249931335,0.0,0.0
"DM-15152",False,"test",0.08250071853399277,0.315593957901001,0.0,0.16932176053524017,0.22115588188171387,0.09755043685436249,0.0,0.0,0.10988815128803253
"DM-15142",False,"test",0.571866512298584,0.0,0.0,0.19724823534488678,0.0,0.21726667881011963,0.0,0.0,0.0
"DM-15138",False,"test",0.6774939298629761,0.0,0.0,0.0,0.0,0.0,0.2982480227947235,0.0,0.0
"DM-15106",False,"test",0.0,0.0,0.0,0.0,0.0,0.0,0.3659650981426239,0.0,0.5930620431900024
"DM-15104",True,"test",0.0,0.0,0.0,0.0,0.0,0.0,0.0,0.0,0.9505735635757446
"DM-15098",True,"test",0.01011488027870655,0.01011381484568119,0.010108647868037224,0.010112958960235119,0.4242713451385498,0.10802097618579865,0.010108630172908306,0.4070395529270172,0.0101091880351305
"DM-15096",False,"test",0.5036364197731018,0.0,0.0,0.0,0.013325419276952744,0.049220677465200424,0.17343367636203766,0.0,0.2569085657596588
"DM-15091",False,"test",0.0,0.0,0.06560831516981125,0.5590193867683411,0.0,0.13780228793621063,0.22169147431850433,0.0,0.0
"DM-15082",False,"test",0.01853218860924244,0.018534354865550995,0.018530579283833504,0.01852790080010891,0.018536025658249855,0.8517394065856934,0.018533309921622276,0.01852993480861187,0.01853630132973194
"DM-15080",False,"test",0.0,0.0,0.0,0.5148801803588867,0.0,0.17684239149093628,0.0,0.0,0.27801480889320374
"DM-15071",False,"test",0.06364892423152924,0.1864771693944931,0.0,0.07439253479242325,0.0,0.0,0.0,0.5073874592781067,0.14342878758907318
"DM-15050",True,"test",0.018629249185323715,0.018624719232320786,0.018629344180226326,0.018628954887390137,0.018643440678715706,0.01862427592277527,0.018628256395459175,0.018625518307089806,0.8509662747383118
"DM-15049",False,"test",0.028349464759230614,0.02835175208747387,0.02834909036755562,0.028350258246064186,0.38868337869644165,0.4128395617008209,0.02835320308804512,0.02835020422935486,0.028373103588819504
"DM-15027",False,"test",0.053197842091321945,0.0,0.0,0.0,0.0,0.17195262014865875,0.6642524003982544,0.09201560914516449,0.0
"DM-15023",False,"test",0.2154616117477417,0.0,0.3436054587364197,0.1425786316394806,0.0,0.06831007450819016,0.0,0.0,0.22360451519489288
"DM-15008",True,"test",0.0,0.0,0.0,0.13101640343666077,0.0,0.0,0.41192179918289185,0.43989309668540955,0.0
"DM-14932",True,"test",0.2004844844341278,0.0,0.23815639317035675,0.06638438999652863,0.20771552622318268,0.0,0.1170814260840416,0.0,0.16624386608600616
"DM-14913",False,"test",0.40085625648498535,0.0,0.0,0.0,0.0,0.17050829529762268,0.0,0.3841519057750702,0.0
"DM-14910",False,"test",0.1004096195101738,0.0,0.34435394406318665,0.3612673282623291,0.0,0.0,0.0,0.18053819239139557,0.0
"DM-14893",False,"test",0.0,0.2947101593017578,0.07425297051668167,0.0680171400308609,0.0,0.26921436190605164,0.27989640831947327,0.0,0.0
"DM-14892",False,"test",0.0,0.0,0.0,0.0,0.6806202530860901,0.0,0.267488956451416,0.0,0.0
"DM-14891",False,"test",0.0,0.0,0.0,0.15781272947788239,0.0,0.0,0.7161232829093933,0.10525339096784592,0.0
"DM-14890",False,"test",0.0,0.05925478786230087,0.0,0.0,0.5073173642158508,0.11065375804901123,0.0,0.0,0.31093108654022217
"DM-14886",False,"test",0.1154116615653038,0.0,0.0,0.20668566226959229,0.4754345715045929,0.0,0.1874842345714569,0.0,0.0
"DM-14874",True,"test",0.0,0.0,0.0,0.34733086824417114,0.0,0.14333809912204742,0.11127714067697525,0.08374520391225815,0.3008928894996643
"DM-14862",False,"test",0.0,0.0,0.0,0.0,0.07869713008403778,0.0,0.565638542175293,0.31856968998908997,0.0
"DM-14857",False,"test",0.010997760109603405,0.011124957352876663,0.010996120981872082,0.011000112630426884,0.01100313663482666,0.011003104969859123,0.010999105870723724,0.9118729829788208,0.011002782732248306
"DM-14847",False,"test",0.3846171796321869,0.0,0.0,0.0,0.582946240901947,0.0,0.0,0.0,0.0
"DM-14836",False,"test",0.0,0.0,0.0,0.0,0.503484308719635,0.0,0.12858867645263672,0.3560594320297241,0.0
"DM-14810",False,"test",0.0,0.06178780645132065,0.0,0.0,0.14416861534118652,0.0,0.09812316298484802,0.040907397866249084,0.6464770436286926
"DM-14780",False,"test",0.14225541055202484,0.0,0.0,0.0,0.1797744631767273,0.0,0.1969335824251175,0.3786071538925171,0.08016370236873627
"DM-14779",False,"test",0.15439540147781372,0.0,0.0,0.281404972076416,0.0,0.19978977739810944,0.0,0.26543092727661133,0.092128224670887
"DM-14770",False,"test",0.0,0.0,0.0,0.0,0.0,0.0,0.0,0.9473865032196045,0.0
"DM-14763",False,"test",0.0,0.0,0.0,0.44217661023139954,0.0,0.2900140881538391,0.0,0.25205904245376587,0.0
"DM-14758",False,"test",0.0,0.0,0.0,0.15662826597690582,0.0,0.7877364158630371,0.0,0.0,0.0
"DM-14741",False,"test",0.0,0.0,0.0,0.1859896183013916,0.0,0.5220403075218201,0.26296237111091614,0.0,0.0
"DM-14725",False,"test",0.0489659383893013,0.0,0.508388102054596,0.0,0.0,0.12808996438980103,0.3031923770904541,0.0,0.0
"DM-14722",False,"test",0.027608655393123627,0.027604784816503525,0.027606146410107613,0.027623135596513748,0.027608688920736313,0.027614599093794823,0.027597973123192787,0.027618112042546272,0.7791178822517395
"DM-14721",False,"test",0.3136991262435913,0.011658336967229843,0.011659056879580021,0.01165880635380745,0.011661839671432972,0.011660411022603512,0.49239200353622437,0.12394611537456512,0.011664340272545815
"DM-14718",False,"test",0.0,0.0,0.0,0.0,0.0,0.0,0.0,0.24966855347156525,0.7203915119171143
"DM-14709",True,"test",0.027811521664261818,0.02779918722808361,0.027804546058177948,0.027804361656308174,0.02782994695007801,0.02781357243657112,0.7775437831878662,0.027799515053629875,0.027793562039732933
"DM-14704",False,"test",0.4524580240249634,0.0,0.0,0.0,0.0,0.5104968547821045,0.0,0.0,0.0
"DM-14681",True,"test",0.0,0.0,0.0,0.2141001969575882,0.10401447117328644,0.0,0.0,0.34628480672836304,0.3261817991733551
"DM-14677",True,"test",0.0,0.0,0.0,0.0,0.0,0.4783245921134949,0.4938564896583557,0.0,0.0
"DM-14673",False,"test",0.0,0.0,0.0,0.5931547284126282,0.3825032711029053,0.0,0.0,0.0,0.0
"DM-14647",False,"test",0.0599670372903347,0.0,0.0,0.2955677807331085,0.0,0.0,0.5198224782943726,0.0,0.10856501758098602
"DM-14645",False,"test",0.037062834948301315,0.037062834948301315,0.037095095962285995,0.03706376627087593,0.037062834948301315,0.03706338629126549,0.27579593658447266,0.037062834948301315,0.464730441570282
"DM-14643",False,"test",0.02779584378004074,0.027792276814579964,0.7776556611061096,0.02778937853872776,0.02778906375169754,0.027789132669568062,0.02780359610915184,0.02779431641101837,0.02779070846736431
"DM-14640",False,"test",0.02798646315932274,0.2726406455039978,0.027997778728604317,0.027986500412225723,0.02798186056315899,0.027990324422717094,0.5314132571220398,0.027990100905299187,0.028013071045279503
"DM-14636",True,"test",0.020768538117408752,0.03488897159695625,0.056646671146154404,0.0,0.022708795964717865,0.0,0.1354145109653473,0.28479301929473877,0.4420224130153656
"DM-14625",False,"test",0.3754977881908417,0.09974034875631332,0.0,0.0,0.0,0.0,0.4976462721824646,0.0,0.0
"DM-14599",False,"test",0.12884418666362762,0.0,0.0,0.12953954935073853,0.0,0.0,0.6902844905853271,0.0,0.0
"DM-14597",False,"test",0.0,0.0,0.0,0.1171846017241478,0.3006815016269684,0.0,0.0,0.5575456619262695,0.0
"DM-14554",True,"test",0.1364523023366928,0.0,0.0,0.27251115441322327,0.03995578736066818,0.4529608488082886,0.0,0.08465622365474701,0.0
"DM-14553",False,"test",0.0,0.0,0.0,0.0,0.0,0.3713453710079193,0.5965360403060913,0.0,0.0
"DM-14527",False,"test",0.14239314198493958,0.2269471287727356,0.20332391560077667,0.0,0.04487304762005806,0.3742257356643677,0.0,0.0,0.0
"DM-14515",False,"test",0.0,0.30765801668167114,0.0,0.16817396879196167,0.11344098299741745,0.2030857652425766,0.022504806518554688,0.0,0.17876821756362915
"DM-14508",False,"test",0.01590583100914955,0.5333016514778137,0.015901969745755196,0.015906693413853645,0.015916988253593445,0.35534125566482544,0.015906689688563347,0.01590685546398163,0.0159120075404644
"DM-14497",False,"test",0.4288966655731201,0.0,0.0,0.0,0.0,0.16583408415317535,0.3007267117500305,0.0859854519367218,0.0
"DM-14496",False,"test",0.0,0.0,0.0,0.0,0.0,0.17636483907699585,0.0,0.0,0.7936870455741882
"DM-14491",False,"test",0.0,0.0,0.0,0.64521723985672,0.0,0.2887208163738251,0.028659291565418243,0.0,0.0
"DM-14472",False,"test",0.0,0.0,0.0,0.3612252175807953,0.3970693051815033,0.0,0.0,0.19737808406352997,0.0
"DM-14471",False,"test",0.0,0.0,0.0,0.7939342260360718,0.0,0.0,0.17722269892692566,0.0,0.0
"DM-14440",False,"test",0.0,0.0443275161087513,0.06949909776449203,0.0,0.12094604223966599,0.0,0.3513568639755249,0.24338564276695251,0.16541321575641632
"DM-14435",True,"test",0.0,0.0,0.13827385008335114,0.33658650517463684,0.19720149040222168,0.1779758334159851,0.0,0.0,0.14623430371284485
"DM-14428",False,"test",0.0,0.0,0.0,0.056929558515548706,0.2352052479982376,0.0,0.4702548682689667,0.2207338958978653,0.0
"DM-14397",False,"test",0.010045286267995834,0.0100501524284482,0.01004704274237156,0.01004728302359581,0.29128754138946533,0.010046220384538174,0.6383822560310364,0.010045118629932404,0.010049114935100079
"DM-14365",False,"test",0.0,0.20952610671520233,0.07955664396286011,0.0,0.49905985593795776,0.0,0.13443928956985474,0.06340409070253372,0.0
"DM-14347",False,"test",0.018505198881030083,0.01851155236363411,0.018511950969696045,0.018512537702918053,0.649581253528595,0.018508022651076317,0.01852038875222206,0.22082966566085815,0.018519438803195953
"DM-14336",False,"test",0.0,0.0,0.0,0.0,0.13119976222515106,0.2202870398759842,0.17279386520385742,0.1388637125492096,0.2994902729988098
"DM-14333",True,"test",0.018529323861002922,0.01853078417479992,0.018538523465394974,0.018531067296862602,0.018529096618294716,0.19718199968338013,0.018534092232584953,0.018530290573835373,0.6730948090553284
"DM-14319",False,"test",0.013892690651118755,0.01389418262988329,0.01389387808740139,0.0138949453830719,0.013894363306462765,0.88885098695755,0.013894676230847836,0.013892924413084984,0.013891332782804966
"DM-14305",True,"test",0.0,0.0,0.2638935446739197,0.3019854724407196,0.0,0.0,0.37846440076828003,0.0,0.0
"DM-14291",False,"test",0.06309139728546143,0.0,0.0,0.0,0.11012952774763107,0.1269851177930832,0.4199141263961792,0.0,0.27642738819122314
"DM-14287",False,"test",0.0,0.19551879167556763,0.0,0.0,0.15115715563297272,0.0,0.0,0.35092225670814514,0.2867740988731384
"DM-14260",False,"test",0.0,0.0,0.0,0.8095942139625549,0.0,0.0,0.0,0.0,0.15188221633434296
"DM-14238",True,"test",0.18726548552513123,0.0,0.0,0.46002423763275146,0.0,0.1384160965681076,0.1984081119298935,0.0,0.0
"DM-14233",False,"test",0.013828957453370094,0.013831972144544125,0.013826539739966393,0.013833994045853615,0.013826469890773296,0.01383190881460905,0.889358401298523,0.01383192464709282,0.013829806819558144
"DM-14229",False,"test",0.0,0.6879574656486511,0.0,0.07139456272125244,0.0,0.20728741586208344,0.0,0.0,0.0
"DM-14225",False,"test",0.03519488498568535,0.0,0.0,0.0,0.3193049728870392,0.0,0.25402340292930603,0.0,0.3828164339065552
"DM-14220",False,"test",0.022233352065086365,0.02225220389664173,0.022231295704841614,0.022231267765164375,0.022229580208659172,0.8221296072006226,0.02223404124379158,0.02223045937716961,0.022228175774216652
"DM-14214",False,"test",0.0,0.0,0.0,0.0,0.0,0.25541016459465027,0.26171866059303284,0.46056607365608215,0.0
"DM-14198",False,"test",0.0,0.0,0.6549986600875854,0.0,0.0,0.0,0.1990348845720291,0.10145699977874756,0.0
"DM-14152",False,"test",0.0,0.1393962800502777,0.1687105894088745,0.0,0.4381316006183624,0.09666582942008972,0.0,0.0,0.1486431360244751
"DM-14149",False,"test",0.0,0.0,0.08049393445253372,0.18742507696151733,0.12031487375497818,0.037035372108221054,0.23115628957748413,0.0,0.33751019835472107
"DM-14146",False,"test",0.33319908380508423,0.0173855759203434,0.017383841797709465,0.017377443611621857,0.017374474555253983,0.5451298952102661,0.017395276576280594,0.017375504598021507,0.017378924414515495
"DM-14139",False,"test",0.0,0.0,0.0,0.0,0.38558337092399597,0.0,0.0,0.0,0.573562502861023
"DM-14134",False,"test",0.011501526460051537,0.011482845060527325,0.011479965411126614,0.011480383574962616,0.01148346159607172,0.011483538895845413,0.9081097841262817,0.011493103578686714,0.011485408060252666
"DM-14128",False,"test",0.0,0.0,0.0,0.0,0.0,0.7727262377738953,0.1716770976781845,0.0,0.0
"DM-14127",False,"test",0.01003224402666092,0.010037695989012718,0.010033712722361088,0.010035252198576927,0.29667508602142334,0.010035279206931591,0.4713682532310486,0.17174522578716278,0.010037307627499104
"DM-14125",False,"test",0.30837520956993103,0.0,0.0,0.0,0.19238081574440002,0.0,0.45482975244522095,0.0,0.0
"DM-14118",False,"test",0.0,0.0,0.0,0.21121737360954285,0.38778406381607056,0.0,0.1947515457868576,0.0,0.18830104172229767
"DM-14116",False,"test",0.0,0.0,0.0,0.0,0.0,0.3517052233219147,0.0,0.5996448993682861,0.0
"DM-14115",False,"test",0.45268628001213074,0.0,0.0,0.0,0.0,0.0,0.0,0.0,0.5204696655273438
"DM-14110",False,"test",0.013955166563391685,0.013967706821858883,0.013954510912299156,0.395794540643692,0.013956229202449322,0.5064989924430847,0.013959581963717937,0.013955488801002502,0.013957788236439228
"DM-14103",False,"test",0.04214014485478401,0.0,0.0,0.2938498258590698,0.0,0.5351511240005493,0.11382674425840378,0.0,0.0
"DM-14077",False,"test",0.0,0.0,0.11104118078947067,0.0,0.0,0.532047688961029,0.3124230206012726,0.0,0.0
"DM-14075",False,"test",0.0,0.0,0.0,0.6839373111724854,0.0,0.11329792439937592,0.0,0.0,0.18559019267559052
"DM-14074",False,"test",0.0,0.0,0.0,0.2944363057613373,0.0,0.0,0.340798556804657,0.0,0.33233946561813354
"DM-14063",True,"test",0.0,0.0,0.0,0.0,0.2830383777618408,0.0,0.0,0.3394492566585541,0.3518475294113159
"DM-14058",False,"test",0.0,0.0,0.0,0.27470943331718445,0.0,0.34194502234458923,0.37324023246765137,0.0,0.0
"DM-14049",False,"test",0.0,0.5103400945663452,0.0,0.0,0.34532180428504944,0.0,0.10016639530658722,0.0,0.0
"DM-14045",True,"test",0.09769067913293839,0.0,0.0,0.0,0.7341505885124207,0.0,0.13635589182376862,0.0,0.0
"DM-14029",True,"test",0.0,0.1843375265598297,0.0,0.0,0.44248202443122864,0.0,0.2688872814178467,0.0,0.08790013939142227
"DM-14019",False,"test",0.5760482549667358,0.292795330286026,0.0,0.0,0.0,0.0,0.09779281169176102,0.0,0.0
"DM-14009",False,"test",0.0,0.0,0.0,0.40075764060020447,0.0,0.0,0.44493940472602844,0.0,0.12047643214464188
"DM-14002",False,"test",0.0,0.0,0.0,0.6603556275367737,0.0,0.0,0.32345160841941833,0.0,0.0
"DM-13996",False,"test",0.022232893854379654,0.022234806790947914,0.02223256416618824,0.022230487316846848,0.022235507145524025,0.022232571616768837,0.8221277594566345,0.02223285287618637,0.02224058099091053
"DM-13980",False,"test",0.01853339932858944,0.018534142524003983,0.018543412908911705,0.6451882123947144,0.018541162833571434,0.22502848505973816,0.018545443192124367,0.01854383759200573,0.018541866913437843
"DM-13979",False,"test",0.027603646740317345,0.027603672817349434,0.02758127450942993,0.027589429169893265,0.027590643614530563,0.7792418599128723,0.02759910561144352,0.02758459560573101,0.027605831623077393
"DM-13973",False,"test",0.09694653749465942,0.0,0.0,0.5799899101257324,0.0,0.0,0.0,0.0,0.27526915073394775
"DM-13971",False,"test",0.018077334389090538,0.018079396337270737,0.018074363470077515,0.01807704195380211,0.01807565428316593,0.018084006384015083,0.01808006688952446,0.2709367871284485,0.6025153398513794
"DM-13955",False,"test",0.03704316169023514,0.03704192489385605,0.7035463452339172,0.03705090656876564,0.03704278543591499,0.03705822303891182,0.0370732806622982,0.03704872354865074,0.0370946042239666
"DM-13952",False,"test",0.08687461167573929,0.0,0.0,0.660836935043335,0.0,0.1383187174797058,0.10215339064598083,0.0,0.0
"DM-13913",False,"test",0.09624192118644714,0.0,0.0,0.15506581962108612,0.0,0.0,0.29180771112442017,0.22235631942749023,0.2111044079065323
"DM-13912",True,"test",0.0,0.12649516761302948,0.0,0.14435073733329773,0.0,0.1491306722164154,0.20964913070201874,0.11410745978355408,0.252076655626297
"DM-13905",False,"test",0.0,0.0,0.2637919783592224,0.36616286635398865,0.0,0.0,0.33997291326522827,0.0,0.0
"DM-13896",False,"test",0.0,0.0,0.0,0.0,0.6001797914505005,0.0,0.0,0.0,0.3571189045906067
"DM-13889",False,"test",0.6638650894165039,0.0,0.0,0.0,0.0,0.12038462609052658,0.0,0.0,0.18541646003723145
"DM-13870",False,"test",0.1351989507675171,0.0,0.0,0.06896279752254486,0.0,0.4680269956588745,0.0,0.0,0.3055588901042938
"DM-13865",False,"test",0.0,0.0,0.0,0.0,0.6055625081062317,0.0,0.0,0.0,0.33883893489837646
"DM-13852",False,"test",0.010110263712704182,0.010110344737768173,0.9191096425056458,0.010111411102116108,0.010111851617693901,0.010113521479070187,0.010112196207046509,0.010110514238476753,0.010110250674188137
"DM-13843",False,"test",0.010879344306886196,0.01088618766516447,0.010878688655793667,0.010883627459406853,0.01087861880660057,0.01088025514036417,0.010885566473007202,0.010881923139095306,0.9129457473754883
"DM-13840",False,"test",0.0,0.0839342549443245,0.029387440532445908,0.09673463553190231,0.4906735420227051,0.14992927014827728,0.0,0.0,0.1388712376356125
"DM-13836",True,"test",0.0,0.0,0.0,0.23857808113098145,0.0,0.0,0.0,0.0,0.7397893667221069
"DM-13835",False,"test",0.3574996590614319,0.0,0.06747715920209885,0.1451551914215088,0.0,0.0,0.0,0.11151747405529022,0.30421751737594604
"DM-13834",False,"test",0.0,0.0,0.0,0.27189087867736816,0.0,0.2556142508983612,0.23126687109470367,0.0,0.22364693880081177
"DM-13833",False,"test",0.0,0.0,0.0,0.0,0.34686776995658875,0.0,0.6102471947669983,0.0,0.0
"DM-13827",False,"test",0.010067214258015156,0.010064036585390568,0.010065100155770779,0.010063854046165943,0.010068075731396675,0.010065034963190556,0.4603714346885681,0.010064633563160896,0.46917062997817993
"DM-13814",True,"test",0.0,0.0,0.0,0.4488711655139923,0.36040788888931274,0.0,0.16984394192695618,0.0,0.0
"DM-13809",False,"test",0.12747351825237274,0.0,0.0,0.11625397205352783,0.0,0.0,0.0,0.0,0.7229086756706238
"DM-13807",False,"test",0.0,0.0,0.0,0.0,0.930984616279602,0.0,0.0,0.0,0.0
"DM-13799",False,"test",0.6079052686691284,0.0,0.0,0.0,0.08487020432949066,0.0,0.0,0.2721031606197357,0.0
"DM-13796",False,"test",0.18934373557567596,0.0,0.0,0.10448873043060303,0.0,0.0,0.4121420383453369,0.0,0.2800440192222595
"DM-13793",False,"test",0.027791226282715797,0.027790119871497154,0.027793066576123238,0.02779613807797432,0.027794858440756798,0.027796251699328423,0.7776387333869934,0.027792245149612427,0.02780737727880478
"DM-13790",True,"test",0.25163260102272034,0.0949963852763176,0.27118441462516785,0.0,0.0,0.249518483877182,0.12084607779979706,0.0,0.0
"DM-13782",False,"test",0.4426218569278717,0.0,0.048288844525814056,0.012871145270764828,0.025329669937491417,0.0,0.1325305998325348,0.3330976963043213,0.0
"DM-13781",True,"test",0.0,0.0,0.0,0.0,0.17553813755512238,0.0,0.23639798164367676,0.0,0.5738888382911682
"DM-13779",True,"test",0.025979576632380486,0.0,0.0,0.5084746479988098,0.4076288938522339,0.0,0.04870262369513512,0.0,0.0
"DM-13769",False,"test",0.03475968539714813,0.0,0.0,0.0,0.0,0.0,0.6303602457046509,0.09626658260822296,0.22466228902339935
"DM-13766",False,"test",0.07086633890867233,0.0,0.0,0.0,0.0,0.0,0.22385354340076447,0.0,0.6718333959579468
"DM-13757",False,"test",0.5828779935836792,0.0,0.0,0.0,0.0,0.0,0.19914349913597107,0.0,0.20407992601394653
"DM-13756",False,"test",0.7447539567947388,0.010158221237361431,0.010156291536986828,0.01015622541308403,0.010158171877264977,0.010158493183553219,0.010161707177758217,0.01015683077275753,0.18414008617401123
"DM-13753",True,"test",0.27943798899650574,0.38233107328414917,0.0,0.0,0.0,0.0,0.0,0.0,0.3011523485183716
"DM-13749",False,"test",0.01111704669892788,0.011116874404251575,0.011117098852992058,0.011119705624878407,0.01112525537610054,0.011116123758256435,0.5282225608825684,0.011116079986095428,0.3939492106437683
"DM-13746",False,"test",0.0,0.3896852135658264,0.0,0.0,0.0,0.0,0.4627666175365448,0.0,0.10828876495361328
"DM-13719",False,"test",0.013902317732572556,0.18093380331993103,0.013903536833822727,0.49706196784973145,0.013926547951996326,0.2385576069355011,0.01390507910400629,0.013904587365686893,0.013904559426009655
"DM-13713",False,"test",0.09427343308925629,0.0,0.0,0.357948362827301,0.0,0.0,0.33224743604660034,0.19558395445346832,0.0
"DM-13712",False,"test",0.07595667988061905,0.0,0.0,0.0,0.0,0.0,0.1921861320734024,0.21433791518211365,0.4939226806163788
"DM-13710",False,"test",0.010145347565412521,0.010142630897462368,0.23051774501800537,0.010151414200663567,0.010153144598007202,0.010147986933588982,0.010152566246688366,0.6984427571296692,0.010146353393793106
"DM-13698",False,"test",0.0,0.0,0.5399030447006226,0.0,0.42058292031288147,0.0,0.0,0.0,0.0
"DM-13693",False,"test",0.20896050333976746,0.3931068181991577,0.0,0.36759743094444275,0.0,0.0,0.0,0.0,0.0
"DM-13654",False,"test",0.0,0.36103615164756775,0.0,0.6059746146202087,0.0,0.0,0.0,0.0,0.0
"DM-13653",False,"test",0.0,0.0,0.0,0.0,0.15694546699523926,0.0,0.7229426503181458,0.0,0.1088406965136528
"DM-13650",False,"test",0.0,0.04610511660575867,0.0,0.5557076334953308,0.15545275807380676,0.0,0.23196294903755188,0.0,0.0
"DM-13643",False,"test",0.022229380905628204,0.022234411910176277,0.022235214710235596,0.022236397489905357,0.02223099023103714,0.022255871444940567,0.822111964225769,0.022234560921788216,0.02223118394613266
"DM-13631",False,"test",0.0,0.10427233576774597,0.0,0.0,0.6445203423500061,0.0,0.20354080200195312,0.0,0.0
"DM-13629",False,"test",0.0,0.0,0.0,0.0,0.0,0.0,0.18148784339427948,0.76289963722229,0.0
"DM-13627",False,"test",0.0,0.28742262721061707,0.0,0.0,0.6527038812637329,0.0,0.0,0.0,0.0
"DM-13624",False,"test",0.07393277436494827,0.0,0.0,0.35381317138671875,0.0,0.11426050961017609,0.45084816217422485,0.0,0.0
"DM-13601",False,"test",0.4524710178375244,0.0,0.0,0.01932027004659176,0.0,0.0,0.15673862397670746,0.3649083375930786,0.0
"DM-13575",False,"test",0.0,0.0,0.0,0.7641323804855347,0.0,0.0,0.0,0.0,0.19488580524921417
"DM-13574",False,"test",0.0,0.32746079564094543,0.0,0.0,0.0,0.0,0.44580352306365967,0.0,0.19160905480384827
"DM-13573",False,"test",0.6734347343444824,0.0,0.0,0.0,0.0,0.27213162183761597,0.0,0.0,0.0433545745909214
"DM-13566",False,"test",0.018535466864705086,0.018539536744356155,0.01853470504283905,0.8517232537269592,0.01853424683213234,0.018536657094955444,0.01853427104651928,0.018529126420617104,0.018532687798142433
"DM-13557",False,"test",0.06681216508150101,0.0,0.0,0.0,0.0,0.0,0.2394781857728958,0.0,0.6668274402618408
"DM-13554",False,"test",0.09516086429357529,0.0,0.0,0.0,0.0,0.0,0.0,0.0,0.8590499758720398
"DM-13549",False,"test",0.2493586540222168,0.0,0.0,0.0,0.0,0.0,0.0,0.7117184996604919,0.0
"DM-13538",False,"test",0.0,0.0,0.0,0.14979688823223114,0.0,0.6715648174285889,0.0,0.16231046617031097,0.0
"DM-13524",False,"test",0.14950348436832428,0.0,0.0,0.507563591003418,0.3097265362739563,0.0,0.0,0.0,0.0
"DM-13518",False,"test",0.0,0.0,0.0,0.28481408953666687,0.279689222574234,0.0,0.3909648358821869,0.0,0.0
"DM-13507",False,"test",0.4199811518192291,0.05772295221686363,0.0,0.0,0.16825391352176666,0.14007031917572021,0.2029190957546234,0.0,0.0
"DM-13498",True,"test",0.0,0.27554911375045776,0.0,0.29739323258399963,0.0,0.11166461557149887,0.0,0.0,0.3054007589817047
"DM-13488",True,"test",0.0,0.0,0.0,0.2055191993713379,0.06503605842590332,0.17659111320972443,0.17805343866348267,0.35455426573753357,0.0
"DM-13478",False,"test",0.0,0.0,0.32353606820106506,0.42050284147262573,0.0,0.0,0.2417643517255783,0.0,0.0
"DM-13477",False,"test",0.3871428072452545,0.0,0.5609554648399353,0.0,0.0,0.0,0.0,0.0,0.0
"DM-13472",False,"test",0.0,0.0,0.3515562415122986,0.23476853966712952,0.05043473467230797,0.0,0.10103283077478409,0.0,0.23176395893096924
"DM-13470",True,"test",0.0895380973815918,0.0,0.1330641806125641,0.22563275694847107,0.3349645733833313,0.0,0.0,0.0,0.20889095962047577
"DM-13458",True,"test",0.01854444481432438,0.018545027822256088,0.01854747347533703,0.36414870619773865,0.01856084354221821,0.01854993775486946,0.018549814820289612,0.5060000419616699,0.018553750589489937
"DM-13452",True,"test",0.0,0.0,0.0,0.22172746062278748,0.0,0.5313042998313904,0.0,0.0,0.2136000692844391
"DM-13451",False,"test",0.43664246797561646,0.0,0.0,0.0,0.0,0.12674987316131592,0.0,0.11280214041471481,0.3065342605113983
"DM-13450",False,"test",0.0,0.0,0.0,0.0,0.5887647271156311,0.19210314750671387,0.0,0.0,0.18852131068706512
"DM-13449",True,"test",0.0,0.0,0.0,0.04131679981946945,0.3596229553222656,0.0,0.2866825461387634,0.06278443336486816,0.24070686101913452
"DM-13438",True,"test",0.0,0.29320237040519714,0.0,0.0,0.0,0.49580252170562744,0.0,0.0,0.19133360683918
"DM-13420",False,"test",0.0547313466668129,0.0,0.0,0.13394935429096222,0.303849995136261,0.10422216355800629,0.3663249611854553,0.033980850130319595,0.0
"DM-13419",False,"test",0.010110259987413883,0.01011034194380045,0.9191104173660278,0.010111400857567787,0.010111754760146141,0.010112822987139225,0.010112187825143337,0.01011051144450903,0.010110247880220413
"DM-13416",False,"test",0.0,0.0,0.044723086059093475,0.2839213013648987,0.0,0.21986913681030273,0.436051607131958,0.0,0.0
"DM-13409",True,"test",0.0,0.0,0.0,0.25891804695129395,0.0,0.21996763348579407,0.48184552788734436,0.0,0.0
"DM-13405",False,"test",0.12230605632066727,0.0,0.0,0.15974263846874237,0.0,0.0,0.14413107931613922,0.0,0.5445496439933777
"DM-13404",False,"test",0.0,0.01805201917886734,0.0,0.0,0.5731130838394165,0.20498822629451752,0.0,0.0,0.18597395718097687
"DM-13381",False,"test",0.0,0.15078119933605194,0.04158417880535126,0.0,0.0,0.3018359839916229,0.09561508148908615,0.1720968782901764,0.22975416481494904
"DM-13374",False,"test",0.850882351398468,0.0,0.10585451871156693,0.0,0.0,0.0,0.0,0.0,0.0
"DM-13372",False,"test",0.018545305356383324,0.19365818798542023,0.01853983849287033,0.018533730879426003,0.1414429396390915,0.018533306196331978,0.3436102867126465,0.22858977317810059,0.01854662224650383
"DM-13370",False,"test",0.0,0.0,0.0,0.4372982978820801,0.5108176469802856,0.0,0.0,0.0,0.0
"DM-13366",False,"test",0.0,0.07977203279733658,0.0,0.0,0.0,0.0,0.0,0.39991554617881775,0.48853617906570435
"DM-13364",False,"test",0.010112283751368523,0.22467923164367676,0.010115417651832104,0.010107659734785557,0.23696431517601013,0.010109045542776585,0.010113131254911423,0.11959453672170639,0.36820438504219055
"DM-13358",False,"test",0.01852833479642868,0.01852422021329403,0.01852794736623764,0.264024943113327,0.36123478412628174,0.018527712672948837,0.2635820209980011,0.018523596227169037,0.018526459112763405
"DM-13349",False,"test",0.0,0.0,0.0,0.0,0.7574676275253296,0.0,0.19673097133636475,0.0,0.0
"DM-13342",False,"test",0.0,0.0,0.0,0.0,0.5117658972740173,0.42336204648017883,0.0,0.0,0.0
"DM-13341",False,"test",0.026920968666672707,0.02692149020731449,0.026926590129733086,0.514539361000061,0.02692374214529991,0.2970021367073059,0.026921579614281654,0.026922184973955154,0.026921963319182396
"DM-13337",False,"test",0.07283618301153183,0.0,0.0,0.10951749980449677,0.0,0.45197078585624695,0.349820077419281,0.0,0.0
"DM-13333",False,"test",0.04554298147559166,0.19641758501529694,0.0,0.29166874289512634,0.1691102534532547,0.18472613394260406,0.10671791434288025,0.0,0.0
"DM-13322",False,"test",0.17206498980522156,0.202015683054924,0.29040974378585815,0.0,0.0,0.14654399454593658,0.0,0.16419735550880432,0.0
"DM-13309",False,"test",0.1575196534395218,0.09051491320133209,0.0,0.0,0.15184685587882996,0.15305882692337036,0.3104506731033325,0.13459768891334534,0.0
"DM-13307",False,"test",0.10752039402723312,0.0,0.2297690510749817,0.0,0.6150007843971252,0.0,0.0,0.0,0.0
"DM-13306",False,"test",0.17772208154201508,0.07710489630699158,0.0,0.0,0.0,0.08875086903572083,0.6271522045135498,0.0,0.0
"DM-13302",False,"test",0.0,0.0,0.04650510475039482,0.0,0.06868203729391098,0.26949572563171387,0.6039722561836243,0.0,0.0
"DM-13297",True,"test",0.5003425478935242,0.0,0.0,0.44575175642967224,0.0,0.0,0.0,0.0,0.0
"DM-13276",True,"test",0.0,0.0,0.3624974489212036,0.0,0.13181307911872864,0.46263185143470764,0.0,0.0,0.0
"DM-13274",False,"test",0.610660195350647,0.07794131338596344,0.029534224420785904,0.0,0.0,0.0,0.09658084064722061,0.1499464213848114,0.02696281298995018
"DM-13273",True,"test",0.0,0.0,0.08126755803823471,0.09480855613946915,0.0,0.33297619223594666,0.4814138114452362,0.0,0.0
"DM-13268",False,"test",0.0,0.09861749410629272,0.0,0.0,0.05692163482308388,0.29426315426826477,0.1169656440615654,0.04236641898751259,0.37944886088371277
"DM-13253",False,"test",0.0,0.0,0.0,0.0,0.0,0.0,0.9593692421913147,0.0,0.0
"DM-13246",False,"test",0.0,0.0,0.0,0.0,0.46048006415367126,0.0,0.0,0.26065149903297424,0.25216707587242126
"DM-13242",False,"test",0.07171203196048737,0.0,0.0,0.0,0.60614413022995,0.0,0.31772103905677795,0.0,0.0
"DM-13234",False,"test",0.0,0.0,0.0,0.0,0.0,0.4336024224758148,0.4996257722377777,0.0,0.0
"DM-13219",False,"test",0.5144975781440735,0.44843584299087524,0.0,0.0,0.0,0.0,0.0,0.0,0.0
"DM-13214",True,"test",0.0760779082775116,0.0,0.0,0.0,0.13487298786640167,0.0,0.0,0.0,0.7706798315048218
"DM-13197",False,"test",0.0,0.0,0.0,0.0,0.05812164768576622,0.0,0.0,0.18127723038196564,0.7412748336791992
"DM-13162",False,"test",0.2766495943069458,0.0,0.0,0.0,0.0,0.0,0.40039584040641785,0.29914039373397827,0.0
"DM-13144",False,"test",0.011139784939587116,0.011148672550916672,0.011142158880829811,0.3527551591396332,0.011148672550916672,0.011142651550471783,0.5692457556724548,0.011138038709759712,0.011139096692204475
"DM-13095",False,"test",0.022229457274079323,0.022230008617043495,0.022232647985219955,0.02223202772438526,0.02223902940750122,0.022250862792134285,0.8221269249916077,0.02222994528710842,0.02222909964621067
"DM-13084",False,"test",0.0,0.013989833183586597,0.07221568375825882,0.11838635802268982,0.0,0.10744347423315048,0.08753205090761185,0.24977092444896698,0.3485747277736664
"DM-13083",False,"test",0.18233178555965424,0.0,0.23431797325611115,0.5440763235092163,0.0,0.0,0.0,0.0,0.0
"DM-13081",False,"test",0.0,0.0,0.0,0.9517262578010559,0.0,0.0,0.0,0.0,0.0
"DM-13059",False,"test",0.027816738933324814,0.027851980179548264,0.027807122096419334,0.02780422568321228,0.027803847566246986,0.5208761692047119,0.027807822450995445,0.28442853689193726,0.02780355140566826
"DM-13055",False,"test",0.0,0.31729158759117126,0.04049387946724892,0.0,0.0,0.0,0.0,0.20042382180690765,0.4226434528827667
"DM-13054",True,"test",0.0,0.0,0.0,0.3189377784729004,0.21564246714115143,0.0,0.0,0.0,0.4457145929336548
"DM-13053",False,"test",0.0,0.0,0.0,0.28611162304878235,0.34146225452423096,0.0,0.0,0.0,0.35685616731643677
"DM-13045",True,"test",0.0,0.0,0.0,0.45692378282546997,0.0,0.12685665488243103,0.0,0.0,0.3884890377521515
"DM-12994",True,"test",0.17035816609859467,0.0,0.0,0.0,0.5375417470932007,0.0,0.26736682653427124,0.0,0.0
"DM-12992",False,"test",0.0,0.0,0.0,0.0,0.5830053687095642,0.36200061440467834,0.0,0.0,0.0
"DM-12971",True,"test",0.03245808556675911,0.0,0.0,0.42422086000442505,0.11250679939985275,0.23698122799396515,0.18455468118190765,0.0,0.0
"DM-12950",True,"test",0.0,0.0,0.0,0.0,0.0,0.9505939483642578,0.0,0.0,0.0
"DM-12937",False,"test",0.11904129385948181,0.0,0.04154046252369881,0.14716465771198273,0.0,0.0,0.3929855227470398,0.17098134756088257,0.11591760069131851
"DM-12921",True,"test",0.10028408467769623,0.0,0.0,0.0,0.49555644392967224,0.190910205245018,0.17348450422286987,0.0,0.0
"DM-12920",True,"test",0.3050413429737091,0.0,0.0,0.0,0.5091819763183594,0.0,0.0,0.0,0.15400330722332
"DM-12918",True,"test",0.0,0.0,0.0,0.0,0.20745259523391724,0.0,0.5232316851615906,0.1226998046040535,0.11880943179130554
"DM-12881",False,"test",0.022166123613715172,0.022171970456838608,0.022162193432450294,0.02216481603682041,0.022171340882778168,0.022172708064317703,0.4959641695022583,0.34885334968566895,0.02217334508895874
"DM-12876",False,"test",0.0,0.0,0.0,0.0,0.0,0.0,0.6354868412017822,0.3236827254295349,0.0
"DM-12875",False,"test",0.0,0.0,0.23874035477638245,0.433441698551178,0.09372590482234955,0.20621943473815918,0.0,0.0,0.0
"DM-12873",False,"test",0.0,0.0,0.0,0.21481454372406006,0.07634581625461578,0.0,0.07916053384542465,0.6098780035972595,0.0
"DM-12867",False,"test",0.3736211061477661,0.0,0.0,0.0,0.13543272018432617,0.19351962208747864,0.2773991525173187,0.0,0.0
"DM-12853",False,"test",0.34473735094070435,0.0,0.0,0.06584282219409943,0.09963683038949966,0.07629773765802383,0.18921026587486267,0.05958769470453262,0.1633404940366745
"DM-12797",False,"test",0.0,0.0,0.0,0.3420249819755554,0.0,0.0,0.35608580708503723,0.13491572439670563,0.147114098072052
"DM-12764",False,"test",0.0,0.0,0.08888103067874908,0.3530677855014801,0.29004865884780884,0.08556824922561646,0.16446101665496826,0.011236891150474548,0.0
"DM-12760",False,"test",0.0,0.20297059416770935,0.0,0.0,0.0,0.0,0.6822709441184998,0.09115491807460785,0.0
"DM-12730",False,"test",0.0,0.0,0.0,0.18088200688362122,0.0,0.0,0.19579702615737915,0.0,0.5794072151184082
"DM-12705",False,"test",0.0,0.04650363698601723,0.0,0.0,0.08177401125431061,0.8521550297737122,0.0,0.0,0.0
"DM-12700",False,"test",0.01000277791172266,0.01000547967851162,0.01000119373202324,0.010005995631217957,0.7017251253128052,0.010002263821661472,0.01000210177153349,0.2282515913248062,0.010003512725234032
"DM-12689",False,"test",0.027970438823103905,0.027966869994997978,0.3097882866859436,0.027974296361207962,0.027974015101790428,0.027969906106591225,0.02797187864780426,0.027991406619548798,0.49439293146133423
"DM-12675",False,"test",0.0,0.42631790041923523,0.0,0.0,0.0,0.0,0.2808665931224823,0.0,0.2777074873447418
"DM-12667",False,"test",0.0,0.0,0.0,0.06600141525268555,0.4736819565296173,0.21280749142169952,0.0,0.0,0.23284055292606354
"DM-12664",False,"test",0.0,0.17949971556663513,0.0,0.22810925543308258,0.0,0.49879080057144165,0.0,0.0,0.0786474272608757
"DM-12660",False,"test",0.011148191057145596,0.011147486977279186,0.011146653443574905,0.011148380115628242,0.3919749855995178,0.011149385012686253,0.01115014310926199,0.011149232275784016,0.5299855470657349
"DM-12652",True,"test",0.0,0.0,0.2309628576040268,0.7263871431350708,0.0,0.0,0.0,0.0,0.0
"DM-12640",True,"test",0.0,0.0,0.1370963752269745,0.0,0.39139315485954285,0.0,0.2055690884590149,0.0,0.2585097551345825
"DM-12620",True,"test",0.0,0.0,0.0,0.0,0.20142774283885956,0.18832086026668549,0.10548345744609833,0.48844048380851746,0.0
"DM-12616",False,"test",0.14011718332767487,0.0,0.0,0.0,0.17901043593883514,0.09269679337739944,0.4925999939441681,0.08365264534950256,0.0
"DM-12602",False,"test",0.0,0.0,0.0,0.24267081916332245,0.5227440595626831,0.0,0.0,0.05565373972058296,0.15561479330062866
"DM-12596",False,"test",0.01111888512969017,0.011118937283754349,0.01111926231533289,0.43172258138656616,0.011120287701487541,0.49044060707092285,0.011118412017822266,0.011119481176137924,0.011121540330350399
"DM-12555",False,"test",0.0,0.0,0.0,0.3152160346508026,0.0,0.22306858003139496,0.43605470657348633,0.0,0.0
"DM-12544",False,"test",0.5526960492134094,0.0,0.0,0.0,0.0,0.0,0.0,0.0,0.4184744358062744
"DM-12534",False,"test",0.012359363958239555,0.012360899709165096,0.012362112291157246,0.24754273891448975,0.012360841035842896,0.012357603758573532,0.6659356355667114,0.012356806546449661,0.012364020571112633
"DM-12531",False,"test",0.0,0.1856391876935959,0.0,0.0,0.0,0.22720010578632355,0.40055587887763977,0.1634330451488495,0.0
"DM-12529",False,"test",0.0,0.20344598591327667,0.0,0.2792341411113739,0.05846456065773964,0.0,0.14615832269191742,0.11674539744853973,0.18443410098552704
"DM-12523",False,"test",0.11554625630378723,0.0,0.0,0.0,0.10643291473388672,0.11161158233880997,0.649550199508667,0.0,0.0
"DM-12513",False,"test",0.07764778286218643,0.0,0.0,0.4761536717414856,0.0,0.0,0.0,0.12255899608135223,0.303876131772995
"DM-12476",True,"test",0.0,0.0,0.0,0.5192751884460449,0.0,0.20527565479278564,0.24419240653514862,0.0,0.0
"DM-12465",False,"test",0.0,0.0,0.0,0.0,0.0,0.0,0.9315633773803711,0.0,0.0
"DM-12463",False,"test",0.0,0.0,0.0777604877948761,0.21681316196918488,0.10379477590322495,0.1366550624370575,0.38825079798698425,0.06660546362400055,0.0
"DM-12462",False,"test",0.0,0.3792136013507843,0.0,0.0,0.127023383975029,0.3602695167064667,0.0,0.0,0.11006124317646027
"DM-12452",True,"test",0.0,0.0,0.0,0.250873327255249,0.0,0.0,0.4350889027118683,0.0,0.27929213643074036
"DM-12447",False,"test",0.23626480996608734,0.0,0.19036196172237396,0.0,0.0,0.0,0.5192297101020813,0.0,0.0
"DM-12440",False,"test",0.0,0.0,0.0,0.9444096088409424,0.0,0.0,0.0,0.0,0.0
"DM-12431",False,"test",0.12375458329916,0.0,0.0,0.696488082408905,0.0,0.0,0.0,0.0,0.1509619951248169
"DM-12429",True,"test",0.43106624484062195,0.0,0.0,0.0,0.0,0.0,0.27979418635368347,0.08194082975387573,0.19268527626991272
"DM-12420",True,"test",0.0,0.0,0.08020400255918503,0.0,0.0,0.0,0.0,0.0,0.8769251108169556
"DM-12417",False,"test",0.6847429871559143,0.2710372507572174,0.0,0.0,0.0,0.0,0.0,0.0,0.0
"DM-12415",False,"test",0.4681922495365143,0.0,0.4716227948665619,0.0,0.0,0.0,0.0,0.0,0.0
"DM-12409",False,"test",0.021361827850341797,0.021362150087952614,0.02136283740401268,0.021358834579586983,0.021371275186538696,0.43968430161476135,0.4107597768306732,0.021363772451877594,0.02137523889541626
"DM-12408",False,"test",0.017775170505046844,0.017775587737560272,0.017779912799596786,0.017773430794477463,0.017780404537916183,0.5813882946968079,0.29415684938430786,0.01777837797999382,0.017791960388422012
"DM-12403",False,"test",0.4197051227092743,0.0,0.5231217741966248,0.0,0.0,0.0,0.0,0.0,0.0
"DM-12371",True,"test",0.0,0.0,0.0,0.0,0.4896033704280853,0.0,0.46715283393859863,0.0,0.0
"DM-12364",False,"test",0.0,0.0,0.0,0.0,0.0,0.7970134615898132,0.1486639678478241,0.0,0.0
"DM-12362",False,"test",0.0,0.0,0.0,0.0,0.0,0.0,0.5440036058425903,0.4102119505405426,0.0
"DM-12355",False,"test",0.08497874438762665,0.06327670812606812,0.22616571187973022,0.07391572743654251,0.07602858543395996,0.0,0.1478363424539566,0.1847318708896637,0.1416958123445511
"DM-12315",False,"test",0.5733208656311035,0.0,0.0,0.0,0.0,0.0,0.3978325128555298,0.0,0.0
"DM-12308",False,"test",0.015954192727804184,0.015931177884340286,0.015927191823720932,0.0159308984875679,0.01593502052128315,0.1866755336523056,0.01593145728111267,0.7017821073532104,0.015932399779558182
"DM-12306",False,"test",0.7549803256988525,0.13007985055446625,0.0,0.09689513593912125,0.0,0.0,0.0,0.0,0.0
"DM-12305",False,"test",0.0,0.0,0.0,0.3651565909385681,0.0,0.3728199899196625,0.23908104002475739,0.0,0.0
"DM-12304",False,"test",0.18258389830589294,0.0,0.03582043573260307,0.09978621453046799,0.17505642771720886,0.0,0.3914760649204254,0.0,0.11104590445756912
"DM-12270",False,"test",0.1485709846019745,0.05466673523187637,0.0,0.1138889268040657,0.0,0.21058189868927002,0.2988494634628296,0.0,0.16332343220710754
"DM-12264",False,"test",0.013908619061112404,0.013907704502344131,0.013897436670958996,0.01389938872307539,0.01390482485294342,0.013905580155551434,0.6890749931335449,0.013901514001190662,0.21359996497631073
"DM-12254",False,"test",0.0,0.09001312404870987,0.0,0.0,0.0,0.0,0.38825902342796326,0.0,0.5027143359184265
"DM-12248",False,"test",0.0365440659224987,0.0,0.0,0.4270921051502228,0.0,0.0,0.5294957756996155,0.0,0.0
"DM-12204",False,"test",0.0,0.05859223008155823,0.0,0.0,0.0,0.0,0.8430076241493225,0.07746376097202301,0.0
"DM-12173",False,"test",0.0631374940276146,0.0,0.0,0.9132652878761292,0.0,0.0,0.0,0.0,0.0
"DM-12127",False,"test",0.27036190032958984,0.022258007898926735,0.02226385660469532,0.022251475602388382,0.022257475182414055,0.5738176703453064,0.022263791412115097,0.022254081442952156,0.022271709516644478
"DM-12125",False,"test",0.022297561168670654,0.022302253171801567,0.022315340116620064,0.24897359311580658,0.022301597520709038,0.594882071018219,0.02231004275381565,0.022300733253359795,0.022316845133900642
"DM-12112",False,"test",0.0,0.09053875505924225,0.0,0.18521805107593536,0.0,0.3584260046482086,0.34780704975128174,0.0,0.0
"DM-12103",False,"test",0.30298176407814026,0.09885837882757187,0.0,0.11246275901794434,0.14789342880249023,0.0,0.023531559854745865,0.14671096205711365,0.1642913520336151
"DM-12101",False,"test",0.011131834238767624,0.011132732033729553,0.011135372333228588,0.4830179214477539,0.17400455474853516,0.0111332256346941,0.011134671978652477,0.27617305517196655,0.011136621236801147
"DM-12085",False,"test",0.18611876666545868,0.0,0.0,0.0,0.0,0.0,0.20905263721942902,0.0,0.5602399110794067
"DM-12053",True,"test",0.0,0.0,0.0,0.0,0.0,0.6297783851623535,0.03850094974040985,0.20507434010505676,0.10867477208375931
"DM-12019",True,"test",0.0,0.1867232769727707,0.0,0.0,0.4868166446685791,0.2751188278198242,0.0,0.0,0.0
"DM-12011",False,"test",0.0,0.0,0.0,0.20205757021903992,0.05167203024029732,0.4276966452598572,0.24495430290699005,0.06249399483203888,0.0
"DM-11974",False,"test",0.0,0.0,0.0,0.9546107649803162,0.0,0.0,0.0,0.0,0.0
"DM-11969",False,"test",0.27027004957199097,0.0,0.0,0.0,0.22585846483707428,0.0,0.0,0.0,0.462126225233078
"DM-11968",False,"test",0.6007733345031738,0.01855533942580223,0.018559707328677177,0.018553975969552994,0.01857686974108219,0.01855875924229622,0.018560830503702164,0.01857343688607216,0.26928770542144775
"DM-11951",True,"test",0.0,0.2087274044752121,0.0,0.0,0.0,0.32262122631073,0.4209333658218384,0.0,0.0
"DM-11921",False,"test",0.0,0.0,0.0,0.583942711353302,0.24283012747764587,0.0,0.0,0.14421789348125458,0.0
"DM-11905",False,"test",0.0,0.0,0.0,0.0,0.4524991512298584,0.17464838922023773,0.06970897316932678,0.0,0.2925955653190613
"DM-11898",False,"test",0.0,0.0,0.0,0.0,0.0,0.0,0.0,0.2117244005203247,0.7234033346176147
"DM-11894",False,"test",0.0,0.46269863843917847,0.0,0.0,0.0,0.0,0.0,0.0,0.4828605353832245
"DM-11893",False,"test",0.016002103686332703,0.01600375771522522,0.01600661687552929,0.30586501955986023,0.01599891670048237,0.2143707424402237,0.015999391674995422,0.17383983731269836,0.2259136140346527
"DM-11892",False,"test",0.8221003413200378,0.022234570235013962,0.022239863872528076,0.022233618423342705,0.022249536588788033,0.022237218916416168,0.022234637290239334,0.02223457768559456,0.022235633805394173
"DM-11886",False,"test",0.0,0.2798444926738739,0.0,0.6507985591888428,0.0,0.0,0.0,0.0,0.0
"DM-11883",True,"test",0.0,0.0,0.14732618629932404,0.0,0.0,0.7970523238182068,0.0,0.0,0.0
"DM-11873",True,"test",0.0,0.06011855974793434,0.0,0.0,0.31080305576324463,0.0,0.3617229163646698,0.0,0.2541104257106781
"DM-11862",False,"test",0.4216451644897461,0.0,0.0,0.0,0.0,0.0,0.0,0.39633193612098694,0.1781148612499237
"DM-11817",False,"test",0.018525000661611557,0.018530244007706642,0.018524475395679474,0.018532879650592804,0.018540170043706894,0.8517616987228394,0.01852911338210106,0.01852770894765854,0.018528738990426064
"DM-11814",False,"test",0.0,0.0,0.0,0.0,0.5685793161392212,0.1354147344827652,0.2809937000274658,0.0,0.0
"DM-11804",False,"test",0.013796956278383732,0.013793742284178734,0.13092802464962006,0.772503674030304,0.0137952184304595,0.013797045685350895,0.01379794254899025,0.013791504316031933,0.01379590667784214
"DM-11800",False,"test",0.0,0.0,0.665397047996521,0.05915967375040054,0.25864073634147644,0.0,0.0,0.0,0.0
"DM-11795",False,"test",0.2583805322647095,0.011119604110717773,0.011122284457087517,0.01112321112304926,0.011122389696538448,0.31706827878952026,0.357820063829422,0.011122032068669796,0.011121622286736965
"DM-11787",False,"test",0.0,0.0,0.0,0.3475193679332733,0.3436368703842163,0.0,0.0,0.0,0.28660088777542114
"DM-11785",True,"test",0.0,0.0,0.0,0.0,0.6538306474685669,0.0,0.29427140951156616,0.0,0.0
"DM-11772",False,"test",0.1488301008939743,0.0,0.0,0.0,0.0,0.375883013010025,0.14411185681819916,0.0,0.32263824343681335
"DM-11766",False,"test",0.2315971404314041,0.011177166365087032,0.011169299483299255,0.011170335114002228,0.011178611777722836,0.01117814239114523,0.6901841759681702,0.011174395680427551,0.011170731857419014
"DM-11752",False,"test",0.0,0.0,0.0,0.0,0.0,0.0,0.6565061807632446,0.32251793146133423,0.0
"DM-11750",False,"test",0.0,0.0,0.0,0.0,0.33860155940055847,0.19384878873825073,0.0,0.42938128113746643,0.0
"DM-11741",False,"test",0.25389567017555237,0.0,0.0,0.0,0.2110159993171692,0.1154787614941597,0.0,0.15841931104660034,0.24088113009929657
"DM-11740",False,"test",0.03663983941078186,0.03663206472992897,0.03662958741188049,0.0366583876311779,0.03664426878094673,0.03663463518023491,0.03663353621959686,0.7068732380867004,0.03665444627404213
"DM-11729",False,"test",0.0,0.0,0.0,0.0,0.24972519278526306,0.0,0.2189105749130249,0.5090150237083435,0.0
"DM-11723",False,"test",0.4029078483581543,0.012360661290585995,0.01237082201987505,0.012362680397927761,0.012368026189506054,0.012359419837594032,0.012373100034892559,0.012360095046460629,0.510537326335907
"DM-11691",False,"test",0.8296663761138916,0.0,0.05702923983335495,0.09181754291057587,0.0,0.0,0.01971268653869629,0.0,0.0
"DM-11682",False,"test",0.0,0.10143162310123444,0.051194485276937485,0.6324453949928284,0.12100435048341751,0.0,0.0,0.0,0.08641012012958527
"DM-11677",False,"test",0.0,0.1872548609972,0.14884072542190552,0.0,0.0,0.43992868065834045,0.0,0.0,0.19872772693634033
"DM-11655",False,"test",0.0,0.0,0.0,0.0,0.0,0.0,0.7969782948493958,0.0,0.1813972145318985
"DM-11642",True,"test",0.2673519253730774,0.034312378615140915,0.0,0.3572098910808563,0.0,0.0,0.0,0.0,0.3231831192970276
"DM-11628",False,"test",0.20476646721363068,0.0,0.0,0.28234419226646423,0.18788884580135345,0.0,0.0,0.0,0.31262892484664917
"DM-11603",False,"test",0.010110880248248577,0.010108978487551212,0.01011207140982151,0.010116520337760448,0.9190993905067444,0.01011705957353115,0.010115441866219044,0.010109311901032925,0.010110343806445599
"DM-11595",False,"test",0.37676802277565,0.0,0.0,0.23684129118919373,0.0,0.0,0.0,0.0,0.3688575029373169
"DM-11592",False,"test",0.24410830438137054,0.0,0.0,0.0,0.06291143596172333,0.06403718888759613,0.613512396812439,0.0,0.0
"DM-11569",False,"test",0.14338839054107666,0.0,0.0,0.6558314561843872,0.14557848870754242,0.0,0.0,0.03673872351646423,0.0
"DM-11563",False,"test",0.0,0.0844428539276123,0.0,0.4152795672416687,0.0,0.0,0.47648146748542786,0.0,0.0
"DM-11556",False,"test",0.04337291046977043,0.0,0.0,0.6358488202095032,0.3014352023601532,0.0,0.0,0.0,0.0
"DM-11555",False,"test",0.27076297998428345,0.0,0.0,0.23480315506458282,0.0,0.0,0.0,0.0,0.44676142930984497
"DM-11550",True,"test",0.41661056876182556,0.0,0.13178406655788422,0.0,0.0,0.0,0.41452690958976746,0.0,0.0
"DM-11547",False,"test",0.0,0.0,0.0,0.08447171747684479,0.0,0.8608149290084839,0.0,0.0,0.0
"DM-11546",False,"test",0.0,0.0,0.0,0.06729584187269211,0.0,0.8738860487937927,0.0,0.0,0.0
"DM-11542",False,"test",0.05220836028456688,0.08797003328800201,0.0,0.0,0.0,0.173577681183815,0.0495181567966938,0.5669193863868713,0.06424086540937424
"DM-11536",False,"test",0.011121440678834915,0.011121056042611599,0.4452725946903229,0.011126020923256874,0.011120258830487728,0.011120034381747246,0.011128474026918411,0.011122537776827812,0.47686752676963806
"DM-11535",False,"test",0.0,0.0,0.6141284704208374,0.0,0.0,0.0,0.34304720163345337,0.0,0.0
"DM-11523",True,"test",0.0,0.0,0.0,0.0,0.0,0.0,0.1316986382007599,0.3536057472229004,0.482913613319397
"DM-11521",False,"test",0.0,0.044720157980918884,0.0,0.0,0.0,0.0,0.5131059288978577,0.0,0.4325171411037445
"DM-11479",True,"test",0.0,0.0,0.0,0.5585660338401794,0.22571976482868195,0.1891706883907318,0.0,0.0,0.0
"DM-11476",False,"test",0.0,0.0,0.0,0.0,0.0,0.0,0.14775484800338745,0.0,0.8200483918190002
"DM-11473",True,"test",0.0,0.0,0.43029144406318665,0.0,0.35654544830322266,0.0,0.0,0.18411785364151,0.0
"DM-11467",False,"test",0.01596722938120365,0.01596393622457981,0.01596246100962162,0.6414934396743774,0.015967607498168945,0.015972236171364784,0.015971552580595016,0.015965843573212624,0.24673573672771454
"DM-11457",True,"test",0.0,0.0,0.0,0.0,0.0,0.0,0.9476667642593384,0.0,0.0
"DM-11456",False,"test",0.0,0.0,0.0,0.0,0.0,0.0,0.47656282782554626,0.0,0.4896330237388611
"DM-11452",False,"test",0.0,0.0,0.0,0.3770744204521179,0.13786953687667847,0.0,0.0,0.36687877774238586,0.1060987189412117
"DM-11449",False,"test",0.3396083116531372,0.0,0.11090804636478424,0.0,0.07779932767152786,0.0,0.4562418460845947,0.0,0.0
"DM-11444",False,"test",0.6869239211082458,0.0,0.0,0.0,0.0,0.115913525223732,0.0,0.1882387399673462,0.0
"DM-11422",False,"test",0.20436152815818787,0.0,0.0,0.7722443342208862,0.0,0.0,0.0,0.0,0.0
"DM-11395",False,"test",0.0,0.0,0.0,0.0,0.3879912197589874,0.0,0.39767828583717346,0.18652378022670746,0.0
"DM-11370",False,"test",0.4097461402416229,0.0,0.09882747381925583,0.0,0.06906048208475113,0.1293431669473648,0.0,0.2796199917793274,0.0
"DM-11368",False,"test",0.1187703013420105,0.088882215321064,0.0,0.0,0.0,0.0,0.0,0.7589293122291565,0.0
"DM-11349",True,"test",0.017782945185899734,0.0,0.0,0.38550251722335815,0.0,0.3277783691883087,0.23610396683216095,0.028130514547228813,0.0
"DM-11346",False,"test",0.01682853326201439,0.016836650669574738,0.865333616733551,0.016837524250149727,0.016830231994390488,0.016835609450936317,0.016830263659358025,0.016832608729600906,0.01683497428894043
"DM-11343",False,"test",0.21022263169288635,0.0,0.0,0.0,0.15535473823547363,0.0,0.592667818069458,0.0,0.0
"DM-11329",True,"test",0.17861990630626678,0.015890881419181824,0.01588866487145424,0.01589268073439598,0.01588931679725647,0.015890955924987793,0.17433491349220276,0.015899376943707466,0.551693320274353
"DM-11320",False,"test",0.0,0.0,0.0,0.6320050358772278,0.0,0.0,0.0,0.0,0.31610944867134094
"DM-11319",False,"test",0.14162704348564148,0.28003185987472534,0.0,0.34599190950393677,0.0,0.0,0.0,0.21130824089050293,0.0
"DM-11318",False,"test",0.0,0.4341138005256653,0.0,0.3778907060623169,0.0,0.0,0.0,0.0,0.14005093276500702
"DM-11316",False,"test",0.022245747968554497,0.5758756995201111,0.26840484142303467,0.022246835753321648,0.022246163338422775,0.02224268764257431,0.022242628037929535,0.0222493726760149,0.022245975211262703
"DM-11297",False,"test",0.0,0.0,0.921159029006958,0.0,0.0,0.0,0.0,0.0,0.0
"DM-11284",False,"test",0.0,0.0,0.0,0.0,0.0,0.0,0.0,0.9979487061500549,0.0
"DM-11283",False,"test",0.0,0.2975791096687317,0.09957817196846008,0.5710553526878357,0.0,0.0,0.0,0.0,0.0
"DM-11279",False,"test",0.0,0.0,0.3260999023914337,0.2399921864271164,0.0,0.0,0.0,0.0,0.38677865266799927
"DM-11278",False,"test",0.28446921706199646,0.02002662979066372,0.37591737508773804,0.020031264051795006,0.0200206208974123,0.020021595060825348,0.02002248913049698,0.02002984844148159,0.21946091949939728
"DM-11237",False,"test",0.07028075307607651,0.0,0.1742740124464035,0.08531536161899567,0.09208700805902481,0.0,0.255892813205719,0.31605198979377747,0.0
"DM-11229",True,"test",0.0,0.0,0.0,0.0,0.17419856786727905,0.0,0.25402379035949707,0.0,0.5479171276092529
"DM-11196",True,"test",0.0,0.0,0.0,0.0,0.0,0.1505129486322403,0.707144021987915,0.12148962914943695,0.0
"DM-11190",True,"test",0.022240864112973213,0.022238226607441902,0.022240960970520973,0.02223864756524563,0.022242585197091103,0.02223745547235012,0.822077214717865,0.02224486693739891,0.02223917469382286
"DM-11169",True,"test",0.12592105567455292,0.0,0.0,0.04791351035237312,0.0,0.0,0.23101909458637238,0.0,0.5759274959564209
"DM-11160",False,"test",0.011126775294542313,0.011128026992082596,0.011126800440251827,0.011131192557513714,0.2257031798362732,0.011129477992653847,0.6963894963264465,0.01112776156514883,0.01113729178905487
"DM-11158",False,"test",0.6919211745262146,0.0,0.0,0.0,0.0,0.0,0.30075809359550476,0.0,0.0
"DM-11139",True,"test",0.0,0.0,0.0,0.0,0.0,0.23758907616138458,0.0,0.0,0.7285354137420654
"DM-11117",False,"test",0.0,0.0,0.0,0.5133432745933533,0.13233359158039093,0.0,0.3126186728477478,0.0,0.0
"DM-11116",False,"test",0.5265178084373474,0.37269824743270874,0.0,0.04660262167453766,0.0,0.0,0.0,0.04148856922984123,0.0
"DM-11090",False,"test",0.07848796993494034,0.23554669320583344,0.0,0.30101537704467773,0.0,0.0,0.09462837129831314,0.2855534553527832,0.0
"DM-11050",False,"test",0.10178841650485992,0.14749087393283844,0.41310834884643555,0.0,0.0,0.0,0.20577500760555267,0.0,0.11593721061944962
"DM-11049",False,"test",0.0,0.5609071254730225,0.09864786267280579,0.0,0.0,0.17833656072616577,0.12939468026161194,0.0,0.0
"DM-11045",False,"test",0.018538424745202065,0.018543291836977005,0.018530605360865593,0.018535619601607323,0.018529975786805153,0.018534868955612183,0.3621194362640381,0.5081311464309692,0.01853657327592373
"DM-11041",False,"test",0.2600834369659424,0.0,0.0,0.3945901393890381,0.09260379523038864,0.0,0.22736364603042603,0.0,0.0
"DM-11040",False,"test",0.0,0.0,0.0,0.4981737434864044,0.0,0.0,0.0,0.0,0.46289563179016113
"DM-11036",False,"test",0.0,0.3281555473804474,0.0,0.1167747974395752,0.0,0.0,0.38150396943092346,0.1568257212638855,0.0
"DM-11027",False,"test",0.0,0.0,0.0,0.0,0.4975462257862091,0.0,0.29147738218307495,0.0,0.20235911011695862
"DM-11025",False,"test",0.0,0.0,0.0,0.0,0.10471103340387344,0.576648473739624,0.0,0.2815704047679901,0.0
"DM-11021",False,"test",0.4338136315345764,0.0,0.028053712099790573,0.19459345936775208,0.0,0.0,0.22128784656524658,0.0,0.11615311354398727
"DM-11013",False,"test",0.0,0.0,0.015195440500974655,0.0,0.21709735691547394,0.12048523128032684,0.5737730860710144,0.0,0.06400734931230545
"DM-11012",True,"test",0.013899157755076885,0.013904733583331108,0.013904113322496414,0.013896727934479713,0.01390081737190485,0.013907202519476414,0.013899157755076885,0.01390488725155592,0.8887832164764404
"DM-11001",False,"test",0.0,0.22582082450389862,0.0,0.0,0.0,0.0,0.0,0.09342696517705917,0.6517534852027893
"DM-11000",False,"test",0.10333601385354996,0.07151755690574646,0.0,0.037305429577827454,0.0,0.2663186490535736,0.3174270987510681,0.1955179125070572,0.0
"DM-10988",False,"test",0.2209780514240265,0.0,0.0,0.0,0.1879785656929016,0.06979282945394516,0.23857834935188293,0.02919459156692028,0.24921071529388428
"DM-10977",False,"test",0.0,0.0,0.16176728904247284,0.0,0.0,0.41047540307044983,0.0,0.0,0.3768215775489807
"DM-10974",False,"test",0.0,0.0,0.0,0.0,0.0,0.0,0.0,0.0,0.9499754905700684
"DM-10973",False,"test",0.0,0.0,0.2671273946762085,0.0,0.2166314721107483,0.0,0.0,0.18169242143630981,0.32370179891586304
"DM-10968",False,"test",0.0,0.5210422873497009,0.0,0.0,0.0,0.4141201376914978,0.0,0.0,0.0
"DM-10963",False,"test",0.0,0.0,0.0,0.19803181290626526,0.16991032660007477,0.0,0.0,0.0,0.5986754894256592
"DM-10953",False,"test",0.5946242213249207,0.04274829849600792,0.2020140439271927,0.0,0.0,0.0,0.0,0.15721261501312256,0.0
"DM-10952",True,"test",0.0,0.0,0.0,0.7777064442634583,0.0,0.1675199717283249,0.0,0.0,0.0
"DM-10947",False,"test",0.0,0.0,0.1471782624721527,0.0,0.18327945470809937,0.0,0.38087522983551025,0.0,0.27174118161201477
"DM-10942",False,"test",0.16558480262756348,0.0,0.0,0.23864951729774475,0.0,0.5212591290473938,0.0,0.0,0.06125694140791893
"DM-10926",False,"test",0.7485597729682922,0.049925148487091064,0.0,0.0,0.0,0.04438960552215576,0.0,0.14942540228366852,0.0
"DM-10922",False,"test",0.27597469091415405,0.01112225279211998,0.011121723800897598,0.01112543884664774,0.011122520081698895,0.3610304892063141,0.011123296804726124,0.011137397028505802,0.29624223709106445
"DM-10902",False,"test",0.0982370525598526,0.2217109501361847,0.06629425287246704,0.0,0.0,0.0,0.23128746449947357,0.19758246839046478,0.17158859968185425
"DM-10895",False,"test",0.0,0.0,0.0,0.0,0.20758914947509766,0.0919596329331398,0.6799729466438293,0.0,0.0
"DM-10889",False,"test",0.018540844321250916,0.8517712950706482,0.018529076129198074,0.01852547563612461,0.01852557249367237,0.018527604639530182,0.01852515898644924,0.0185298640280962,0.018525121733546257
"DM-10885",False,"test",0.0185371246188879,0.851775050163269,0.018529068678617477,0.018525471910834312,0.018525566905736923,0.018527599051594734,0.018525153398513794,0.01852985844016075,0.01852511614561081
"DM-10884",False,"test",0.01853937655687332,0.8517727255821228,0.018529070541262627,0.01852547377347946,0.018525568768382072,0.018527600914239883,0.018525153398513794,0.0185298603028059,0.01852511800825596
"DM-10880",False,"test",0.013895116746425629,0.013894764706492424,0.4183921813964844,0.013894784264266491,0.013895642012357712,0.013894353993237019,0.013896399177610874,0.013896562159061432,0.48434019088745117
"DM-10874",False,"test",0.6124163269996643,0.018533969298005104,0.01853516511619091,0.018538450822234154,0.018531842157244682,0.018533147871494293,0.018536515533924103,0.01853223517537117,0.25784236192703247
"DM-10872",False,"test",0.8517472743988037,0.01853225566446781,0.0185299851000309,0.01853315904736519,0.01853007823228836,0.018528446555137634,0.01853315159678459,0.018527014181017876,0.01853868179023266
"DM-10863",False,"test",0.010033407248556614,0.010034316219389439,0.010034104809165001,0.010033383034169674,0.9197255373001099,0.0100342882797122,0.010037061758339405,0.010033777914941311,0.010034150443971157
"DM-10861",False,"test",0.010106336325407028,0.010107392445206642,0.010107796639204025,0.010107504203915596,0.14403429627418518,0.010108022950589657,0.43049129843711853,0.010106289759278297,0.36483103036880493
"DM-10860",False,"test",0.0,0.18876805901527405,0.0,0.23186908662319183,0.0,0.0,0.0,0.2867012321949005,0.2725974917411804
"DM-10855",True,"test",0.0,0.0,0.0,0.33399075269699097,0.4568312466144562,0.0,0.18137933313846588,0.0,0.0
"DM-10849",False,"test",0.0,0.3116064667701721,0.16152575612068176,0.15029503405094147,0.0,0.05904224142432213,0.0,0.15557007491588593,0.1526864916086197
"DM-10848",False,"test",0.01847509667277336,0.018472300842404366,0.01847185753285885,0.01846875436604023,0.018469978123903275,0.01848629303276539,0.018470602110028267,0.5927469730377197,0.27793818712234497
"DM-10837",False,"test",0.7283933162689209,0.0,0.0,0.0,0.0,0.23420466482639313,0.0,0.0,0.0
"DM-10823",False,"test",0.0,0.0,0.2604372203350067,0.14808841049671173,0.0,0.37722381949424744,0.19201749563217163,0.0,0.0
"DM-10821",False,"test",0.018662473186850548,0.01865791343152523,0.01865963079035282,0.16811148822307587,0.4422222673892975,0.018675649538636208,0.27767214179039,0.018670763820409775,0.018667690455913544
"DM-10819",False,"test",0.05314940586686134,0.3090260624885559,0.0,0.0,0.23109310865402222,0.0,0.0,0.0,0.3915559649467468
"DM-10818",False,"test",0.0,0.0,0.8311111330986023,0.0,0.0,0.10782202333211899,0.0,0.0,0.0
"DM-10813",False,"test",0.0,0.1268579363822937,0.33904537558555603,0.0568152479827404,0.0,0.2365880161523819,0.0,0.0,0.22356988489627838
"DM-10804",False,"test",0.0,0.0,0.0,0.0,0.0,0.0,0.627405047416687,0.312153160572052,0.0
"DM-10799",False,"test",0.010130477137863636,0.12777218222618103,0.5767058730125427,0.01013022381812334,0.01012919656932354,0.010129962116479874,0.23473936319351196,0.010130641050636768,0.01013208832591772
"DM-10785",True,"test",0.37537577748298645,0.1354510486125946,0.0,0.0,0.0,0.029458675533533096,0.0,0.4565385580062866,0.0
"DM-10754",False,"test",0.0,0.0,0.0,0.0,0.0,0.5335150361061096,0.09134708344936371,0.0,0.35431501269340515
"DM-10740",False,"test",0.027783654630184174,0.027782903984189034,0.02778293937444687,0.027787361294031143,0.027797548100352287,0.027833275496959686,0.7776651382446289,0.02778398059308529,0.02778320387005806
"DM-10737",False,"test",0.0,0.0,0.0,0.0,0.6500861644744873,0.06656576693058014,0.26531073451042175,0.0,0.0
"DM-10615",True,"test",0.0,0.26755017042160034,0.0,0.0,0.0,0.0,0.0,0.0,0.7155312299728394
"DM-10612",False,"test",0.0,0.0,0.030312422662973404,0.0,0.0,0.17242352664470673,0.0,0.0,0.7809799313545227
"DM-10610",False,"test",0.0,0.36549440026283264,0.24178121984004974,0.19627954065799713,0.0,0.08875523507595062,0.09950672090053558,0.0,0.0
"DM-10601",True,"test",0.0,0.13391605019569397,0.0,0.1879279613494873,0.0,0.09478600323200226,0.4286251664161682,0.0,0.1456800401210785
"DM-10600",False,"test",0.02223856747150421,0.022228151559829712,0.02222900465130806,0.022238632664084435,0.0222310833632946,0.02223016880452633,0.022228945046663284,0.24900445342063904,0.5953710079193115
"DM-10592",False,"test",0.012365349568426609,0.012359469197690487,0.012357537634670734,0.012357975356280804,0.012368973344564438,0.012355350889265537,0.012365124188363552,0.2888958752155304,0.6245743632316589
"DM-10576",False,"test",0.2659311294555664,0.2189704030752182,0.2877254784107208,0.0,0.0,0.0,0.0,0.13695493340492249,0.07332972437143326
"DM-10567",False,"test",0.022247951477766037,0.4870558977127075,0.022232213988900185,0.022237125784158707,0.02223350666463375,0.02223166637122631,0.35725095868110657,0.022238804027438164,0.02227187715470791
"DM-10558",False,"test",0.0,0.0,0.0,0.0,0.0,0.3484032154083252,0.6274402737617493,0.0,0.0
"DM-10541",False,"test",0.0,0.25308555364608765,0.0,0.22116293013095856,0.0,0.37002867460250854,0.0,0.0,0.1414606124162674
"DM-10537",False,"test",0.2696181535720825,0.022250931710004807,0.022251630201935768,0.02223902754485607,0.022235702723264694,0.022235186770558357,0.5746890306472778,0.02223847433924675,0.0222418662160635
"DM-10530",False,"test",0.5790793299674988,0.14082454144954681,0.06384094059467316,0.0,0.0,0.0,0.0,0.1835475116968155,0.0
"DM-10528",False,"test",0.012430730275809765,0.012436309829354286,0.012425127439200878,0.012426948174834251,0.45026013255119324,0.012434802949428558,0.012430831789970398,0.4627267122268677,0.012428469024598598
"DM-10525",False,"test",0.016810115426778793,0.01693151518702507,0.22089223563671112,0.4457361698150635,0.0,0.0,0.12728653848171234,0.17136535048484802,0.0
"DM-10524",True,"test",0.05235036090016365,0.0,0.0,0.10427051037549973,0.3093183636665344,0.0,0.16731734573841095,0.0,0.3593776822090149
"DM-10517",False,"test",0.185523122549057,0.0,0.0,0.25305500626564026,0.0,0.0,0.0,0.0,0.5405685901641846
"DM-10510",False,"test",0.3802706003189087,0.0,0.23328140377998352,0.0,0.0,0.0,0.0,0.0,0.35132864117622375
"DM-10500",False,"test",0.0,0.0,0.0,0.0,0.6759630441665649,0.0,0.28512170910835266,0.0,0.0
"DM-10495",False,"test",0.27204251289367676,0.0,0.046945132315158844,0.0,0.0,0.0,0.16446711122989655,0.14431656897068024,0.3601985573768616
"DM-10488",False,"test",0.0,0.0,0.0,0.0,0.2958966791629791,0.6554505228996277,0.0,0.0,0.0
"DM-10465",False,"test",0.33660322427749634,0.0,0.0,0.46309390664100647,0.18688906729221344,0.0,0.0,0.0,0.0
"DM-10463",False,"test",0.12298421561717987,0.0,0.0,0.18735988438129425,0.0,0.0635085180401802,0.45926594734191895,0.06819619983434677,0.0921478271484375
"DM-10461",False,"test",0.010114505887031555,0.13821713626384735,0.01011624000966549,0.35895979404449463,0.01011644396930933,0.010114534758031368,0.1446034461259842,0.010115556418895721,0.3076423704624176
"DM-10453",False,"test",0.0,0.0,0.0,0.39577314257621765,0.0,0.0,0.0,0.22910040616989136,0.35128527879714966
"DM-10452",False,"test",0.2021068036556244,0.3035297393798828,0.0,0.0,0.0,0.0,0.0,0.4526571035385132,0.0
"DM-10441",False,"test",0.0,0.0,0.0,0.8688849806785583,0.0,0.10004936158657074,0.0,0.0,0.0
"DM-10426",True,"test",0.0,0.0,0.0,0.13799700140953064,0.0,0.8210481405258179,0.0,0.0,0.0
"DM-10425",True,"test",0.02494741789996624,0.30081719160079956,0.024947993457317352,0.02494633011519909,0.024948807433247566,0.02495100535452366,0.524542510509491,0.024950038641691208,0.02494865469634533
"DM-10407",False,"test",0.0,0.2316386103630066,0.0,0.6366439461708069,0.0,0.0,0.0,0.09247460961341858,0.0
"DM-10403",False,"test",0.03674023598432541,0.03673989698290825,0.7060158252716064,0.03673996031284332,0.03674100711941719,0.036739531904459,0.03674210235476494,0.03675510361790657,0.03678630292415619
"DM-10401",False,"test",0.40639838576316833,0.27711379528045654,0.3053925931453705,0.0,0.0,0.0,0.0,0.0,0.0
"DM-10394",False,"test",0.28649601340293884,0.2101147174835205,0.0,0.0,0.4701312184333801,0.0,0.0,0.0,0.0
"DM-10392",False,"test",0.0,0.0998074859380722,0.0,0.4654720723628998,0.21834109723567963,0.1263103187084198,0.0,0.0653509721159935,0.0
"DM-10376",False,"test",0.0,0.0,0.0,0.09762116521596909,0.21481233835220337,0.3171873390674591,0.0,0.0,0.3343749940395355
"DM-10374",False,"test",0.0,0.0,0.0,0.0,0.1820235401391983,0.0,0.7790458798408508,0.0,0.0
"DM-10372",False,"test",0.0,0.0,0.0,0.0,0.0,0.2031453549861908,0.33666154742240906,0.0,0.4231163561344147
"DM-10366",False,"test",0.10501299798488617,0.0,0.11574870347976685,0.0,0.6206007599830627,0.020600855350494385,0.0,0.0,0.12158600986003876
"DM-10364",False,"test",0.015885978937149048,0.015882957726716995,0.015889469534158707,0.8729096055030823,0.015885960310697556,0.015885600820183754,0.015881070867180824,0.015887551009655,0.01589178666472435
"DM-10362",True,"test",0.35859575867652893,0.0,0.19914819300174713,0.0,0.0,0.0,0.39091071486473083,0.0,0.0
"DM-10360",False,"test",0.0,0.0,0.0,0.06074569374322891,0.0,0.0,0.6047050356864929,0.0,0.30422207713127136
"DM-10342",False,"test",0.010106467641890049,0.3441413342952728,0.010104430839419365,0.010106856934726238,0.010107500478625298,0.010108685120940208,0.010106449015438557,0.5851121544837952,0.010106098838150501
"DM-10338",False,"test",0.08680213242769241,0.0,0.0,0.0,0.2420967072248459,0.20052112638950348,0.4384678304195404,0.0,0.0
"DM-10310",True,"test",0.01389225386083126,0.013893251307308674,0.013891994021832943,0.013892646878957748,0.013893671333789825,0.01389726810157299,0.01389501802623272,0.01389455795288086,0.8888493180274963
"DM-10305",False,"test",0.0,0.0,0.0,0.2690892517566681,0.0,0.5262601971626282,0.18278153240680695,0.0,0.0
"DM-10304",True,"test",0.25440743565559387,0.12854065001010895,0.0,0.0,0.0,0.0,0.2867172956466675,0.0,0.30657288432121277
"DM-10302",False,"test",0.0,0.0,0.0,0.0,0.2432100623846054,0.09538467228412628,0.29308998584747314,0.35739898681640625,0.0
"DM-10299",False,"test",0.44989436864852905,0.0,0.0,0.0,0.34398001432418823,0.17578022181987762,0.0,0.0,0.0
"DM-10298",False,"test",0.1799951046705246,0.0,0.0,0.5781129002571106,0.0,0.22121469676494598,0.0,0.0,0.0
"DM-10297",False,"test",0.06691192090511322,0.13697992265224457,0.04187406599521637,0.5629637241363525,0.0,0.0,0.0,0.0,0.1781543493270874
"DM-10289",False,"test",0.2510080337524414,0.0,0.0,0.31797078251838684,0.0,0.0,0.40198925137519836,0.0,0.0
"DM-10287",False,"test",0.0,0.0,0.0,0.0,0.0,0.0,0.6346759796142578,0.0,0.3329067826271057
"DM-10268",False,"test",0.3121952414512634,0.029885483905673027,0.029399368911981583,0.12601493299007416,0.0,0.0,0.0,0.49962568283081055,0.0
"DM-10266",False,"test",0.0,0.0,0.022603118792176247,0.0,0.26486098766326904,0.2473532259464264,0.14732876420021057,0.12476827949285507,0.18752460181713104
"DM-10253",True,"test",0.0,0.5205808281898499,0.0,0.0,0.0,0.0,0.0,0.45058324933052063,0.0
"DM-10252",False,"test",0.12090747803449631,0.0,0.0,0.0,0.541481077671051,0.19587677717208862,0.0,0.0,0.12041543424129486
"DM-10242",True,"test",0.0,0.0,0.0,0.0,0.0,0.053666047751903534,0.6415389776229858,0.0,0.2825455963611603
"DM-10236",False,"test",0.44999241828918457,0.0,0.0,0.24444589018821716,0.0,0.0,0.0,0.07720833271741867,0.21786083281040192
"DM-10235",False,"test",0.0,0.0,0.0,0.22795595228672028,0.0,0.0,0.5548866391181946,0.20368246734142303,0.0
"DM-10229",False,"test",0.8741737604141235,0.0,0.0,0.0,0.0,0.0,0.0,0.12111381441354752,0.0
"DM-10226",True,"test",0.0,0.03801390528678894,0.27289557456970215,0.19851034879684448,0.10799621790647507,0.19065403938293457,0.0,0.0,0.17603568732738495
"DM-10212",False,"test",0.01389357540756464,0.013896568678319454,0.013895412907004356,0.013893438503146172,0.013896416872739792,0.24006415903568268,0.013896566815674305,0.6626678109169006,0.013896053656935692
"DM-10188",False,"test",0.0,0.0,0.0,0.4982248842716217,0.28954800963401794,0.1970527321100235,0.0,0.0,0.0
"DM-10161",True,"test",0.0,0.10559828579425812,0.0,0.1401674896478653,0.0,0.0,0.0,0.7347033023834229,0.0
"DM-10156",False,"test",0.0,0.0,0.0,0.14012086391448975,0.0,0.08680767565965652,0.0,0.4279158413410187,0.3297039270401001
"DM-10143",True,"test",0.697867751121521,0.0,0.0,0.22342482209205627,0.0,0.0,0.0,0.053990814834833145,0.0
"DM-10138",True,"test",0.0,0.0,0.0,0.0,0.0,0.22779209911823273,0.0,0.0,0.7236226797103882
"DM-10109",False,"test",0.0,0.15676169097423553,0.0,0.0,0.0,0.0,0.44336429238319397,0.09154493361711502,0.2735006511211395
"DM-10108",False,"test",0.4985625147819519,0.23108716309070587,0.0,0.0,0.14230433106422424,0.0,0.0,0.0,0.10662239789962769
"DM-10104",False,"test",0.0,0.0,0.1325870305299759,0.0,0.0,0.0,0.1283382922410965,0.0,0.7135840058326721
"DM-10102",False,"test",0.17146068811416626,0.0,0.0,0.0,0.0,0.0,0.0659169852733612,0.5796319246292114,0.171407088637352
"DM-10098",False,"test",0.5440177321434021,0.0,0.0,0.32443153858184814,0.09625344723463058,0.0,0.0,0.0,0.0
"DM-10096",True,"test",0.0,0.0,0.3026188313961029,0.0,0.0,0.0,0.6563071608543396,0.0,0.0
"DM-10090",False,"test",0.0,0.0,0.011015547439455986,0.02502879500389099,0.0,0.05965754762291908,0.0,0.09824805706739426,0.8019189834594727
"DM-10046",False,"test",0.0,0.0,0.0,0.0,0.0,0.4523751139640808,0.3589591979980469,0.16795283555984497,0.0
"DM-10032",True,"test",0.0,0.21908168494701385,0.0,0.0,0.0,0.27760544419288635,0.25648126006126404,0.235491544008255,0.0
"DM-10009",False,"test",0.0,0.0,0.0,0.9264676570892334,0.0,0.0,0.0,0.0,0.0
"DM-10008",False,"test",0.0,0.11014284938573837,0.18222948908805847,0.0,0.0,0.0,0.32353290915489197,0.0,0.3635092079639435
"DM-10005",True,"test",0.0,0.0,0.0,0.28150391578674316,0.0,0.6846456527709961,0.0,0.0,0.0
"DM-10000",True,"test",0.0,0.0,0.0,0.6664918065071106,0.30245906114578247,0.0,0.0,0.0,0.0
"DM-9999",True,"test",0.0,0.0,0.0,0.2765156030654907,0.0,0.0,0.0,0.44358891248703003,0.2321861833333969
"DM-9997",False,"test",0.036878082901239395,0.0,0.0,0.0,0.0,0.0,0.1224876120686531,0.0,0.8291197419166565
"DM-9993",False,"test",0.10586913675069809,0.0,0.0,0.0,0.0,0.0,0.22684498131275177,0.0,0.6259163618087769
"DM-9991",False,"test",0.0,0.9366470575332642,0.0,0.0,0.0,0.0,0.0,0.0,0.0
"DM-9979",True,"test",0.08684051781892776,0.01136938575655222,0.07915162295103073,0.06797188520431519,0.12824106216430664,0.11089535057544708,0.18671230971813202,0.0,0.3283413350582123
"DM-9966",False,"test",0.0,0.0,0.09746240079402924,0.0,0.0,0.2354220449924469,0.5587165355682373,0.10323542356491089,0.0
"DM-9965",False,"test",0.1998668611049652,0.0,0.0,0.23952825367450714,0.0,0.0,0.0,0.0,0.5302607417106628
"DM-9964",False,"test",0.0,0.0,0.0,0.0,0.0,0.013280685991048813,0.8234584331512451,0.14169920980930328,0.0
"DM-9962",False,"test",0.0,0.09292381256818771,0.0,0.0,0.23701365292072296,0.3407857120037079,0.0391131155192852,0.0,0.2820439636707306
"DM-9947",True,"test",0.0,0.047839682549238205,0.0,0.1423850804567337,0.5147989988327026,0.15728126466274261,0.1271050125360489,0.0,0.0
"DM-9945",False,"test",0.0,0.0,0.0,0.6143719553947449,0.20003540813922882,0.0,0.16987785696983337,0.0,0.0
"DM-9938",False,"test",0.01801839843392372,0.0,0.8286207914352417,0.0,0.04754060134291649,0.06598623842000961,0.038081370294094086,0.0,0.0
"DM-9933",True,"test",0.0,0.0,0.8561177849769592,0.0,0.06324861198663712,0.03578641265630722,0.0,0.0,0.033038534224033356
"DM-9925",False,"test",0.10945013165473938,0.0,0.3285227417945862,0.0,0.21281009912490845,0.0,0.33891311287879944,0.0,0.0
"DM-9920",False,"test",0.0,0.0,0.0,0.0,0.0,0.0,0.978300929069519,0.0,0.0
"DM-9895",True,"test",0.11682340502738953,0.0,0.15228934586048126,0.0,0.06470198184251785,0.0,0.5862987637519836,0.0,0.06596867740154266
"DM-9887",False,"test",0.010981656610965729,0.6604281663894653,0.010988209396600723,0.010985632427036762,0.2626901865005493,0.010981673374772072,0.010982802137732506,0.010981015861034393,0.01098062377423048
"DM-9871",False,"test",0.31828823685646057,0.0,0.0,0.23642848432064056,0.0,0.0,0.0,0.422114759683609,0.0
"DM-9867",False,"test",0.0,0.0,0.0,0.0,0.2593620717525482,0.4999888837337494,0.2149735540151596,0.0,0.0
"DM-9862",False,"test",0.4483393132686615,0.0,0.0,0.12288133054971695,0.03873567283153534,0.2560100555419922,0.0,0.0,0.12915290892124176
"DM-9857",False,"test",0.0,0.0,0.0,0.31143125891685486,0.0,0.15201665461063385,0.47081905603408813,0.05613593012094498,0.0
"DM-9846",False,"test",0.0,0.0,0.0,0.0,0.0,0.0722220167517662,0.8939526677131653,0.0,0.0
"DM-9843",False,"test",0.0646301731467247,0.0,0.0,0.13213469088077545,0.21196037530899048,0.265469491481781,0.3130958080291748,0.0,0.0
"DM-9829",False,"test",0.8498780131340027,0.0,0.0,0.029452752321958542,0.0,0.0,0.0,0.11779971420764923,0.0
"DM-9826",False,"test",0.0,0.0,0.0,0.0,0.0,0.0,0.3791728913784027,0.0,0.5854458212852478
"DM-9817",False,"test",0.5624380111694336,0.3015834391117096,0.0,0.0,0.11329702287912369,0.0,0.0,0.0,0.0
"DM-9816",False,"test",0.0,0.0,0.0,0.35714733600616455,0.0,0.16295486688613892,0.3949359953403473,0.0739598274230957,0.0
"DM-9808",False,"test",0.0,0.3005771338939667,0.0,0.0,0.0,0.0,0.25803878903388977,0.4080851376056671,0.0
"DM-9803",False,"test",0.0,0.0,0.0,0.0,0.0,0.5167164206504822,0.45084941387176514,0.0,0.0
"DM-9802",False,"test",0.21057544648647308,0.0,0.16124004125595093,0.0,0.03696369007229805,0.5814695358276367,0.0,0.0,0.0
"DM-9801",False,"test",0.11609174311161041,0.0,0.2022070288658142,0.21585515141487122,0.0,0.0,0.266448974609375,0.19582952558994293,0.0
"DM-9765",False,"test",0.0,0.1350165456533432,0.053185347467660904,0.0,0.0,0.0,0.7782421708106995,0.0,0.02322719618678093
"DM-9761",False,"test",0.0,0.0,0.0,0.0,0.5753152370452881,0.0,0.0,0.0,0.3647613227367401
"DM-9758",False,"test",0.0,0.1879640817642212,0.0,0.0,0.0,0.3853510320186615,0.0,0.38220536708831787,0.0
"DM-9754",False,"test",0.7261566519737244,0.0,0.23153607547283173,0.0,0.0,0.0,0.0,0.0,0.0
"DM-9752",False,"test",0.0,0.328276664018631,0.0,0.2534133195877075,0.15029458701610565,0.0,0.0,0.25298210978507996,0.0
"DM-9751",True,"test",0.0,0.0,0.0,0.0,0.19184313714504242,0.0,0.2125190794467926,0.22905319929122925,0.3563042879104614
"DM-9747",False,"test",0.8783780336380005,0.0,0.0,0.0,0.0,0.0,0.033750373870134354,0.07776651531457901,0.0
"DM-9743",False,"test",0.0,0.0,0.0,0.19288434088230133,0.16967780888080597,0.0,0.5702496767044067,0.05512411519885063,0.0
"DM-9721",False,"test",0.016422728076577187,0.01642468571662903,0.8685672283172607,0.016427267342805862,0.01643621362745762,0.016422808170318604,0.016437314450740814,0.01642679236829281,0.016435017809271812
"DM-9711",False,"test",0.0,0.16113778948783875,0.5132114887237549,0.0,0.0,0.2885797619819641,0.0,0.0,0.0
"DM-9701",False,"test",0.0,0.4508936405181885,0.2222607284784317,0.0,0.0,0.0,0.2791649401187897,0.0,0.0
"DM-9682",False,"test",0.2020229548215866,0.0,0.0,0.0,0.0,0.0,0.11032503098249435,0.6401041150093079,0.0
"DM-9671",False,"test",0.22778236865997314,0.2655770480632782,0.33192184567451477,0.0,0.0,0.15333783626556396,0.0,0.0,0.0
"DM-9654",False,"test",0.5872786641120911,0.0,0.20845159888267517,0.0,0.0,0.0,0.17866432666778564,0.0,0.0
"DM-9646",False,"test",0.0,0.20054012537002563,0.0,0.0,0.0,0.3426338732242584,0.4148706793785095,0.0,0.0
"DM-9643",False,"test",0.026170235127210617,0.026179563254117966,0.3234826922416687,0.02617001347243786,0.026175551116466522,0.026169775053858757,0.026175005361437798,0.02617614157497883,0.49330106377601624
"DM-9642",False,"test",0.02546723559498787,0.025472963228821754,0.025470614433288574,0.025466887280344963,0.025470012798905373,0.025466935709118843,0.02547045610845089,0.025471361353993416,0.7962435483932495
"DM-9636",False,"test",0.6473108530044556,0.18922798335552216,0.0,0.0,0.0,0.0,0.0,0.0,0.13431410491466522
"DM-9629",False,"test",0.0,0.24587392807006836,0.0,0.0,0.0,0.16389094293117523,0.3230610489845276,0.0,0.2522259056568146
"DM-9623",False,"test",0.0,0.0,0.0,0.47049659490585327,0.0,0.0,0.0,0.3363981246948242,0.1812085062265396
"DM-9617",False,"test",0.0,0.0,0.0,0.0,0.0,0.0,0.9531803131103516,0.0,0.0
"DM-9616",False,"test",0.0,0.0,0.0,0.5411666035652161,0.0,0.0,0.0,0.3990985155105591,0.0
"DM-9615",True,"test",0.0,0.0,0.18310105800628662,0.0,0.0,0.0,0.4756181836128235,0.0,0.28996336460113525
"DM-9603",False,"test",0.04480435326695442,0.08237921446561813,0.0,0.06357399374246597,0.0,0.0,0.11162366718053818,0.17788824439048767,0.5151541829109192
"DM-9599",False,"test",0.09825040400028229,0.0,0.0,0.0,0.061324045062065125,0.14565804600715637,0.34738171100616455,0.0,0.3385041654109955
"DM-9594",False,"test",0.40122729539871216,0.0,0.0,0.31121665239334106,0.0,0.0,0.269072562456131,0.0,0.0
"DM-9585",False,"test",0.01113003771752119,0.011129084043204784,0.6330692768096924,0.011144842952489853,0.011133509688079357,0.011135692708194256,0.011132298037409782,0.011134326457977295,0.28899094462394714
"DM-9584",True,"test",0.01011691801249981,0.010110761038959026,0.16010934114456177,0.010110880248248577,0.010109168477356434,0.010109003633260727,0.010112523101270199,0.010111477226018906,0.7691099643707275
"DM-9583",False,"test",0.21388740837574005,0.0,0.5914888381958008,0.0,0.0,0.0,0.0,0.08131299912929535,0.09244392812252045
"DM-9574",False,"test",0.21445812284946442,0.0,0.10559644550085068,0.0,0.0,0.0,0.5415841341018677,0.0,0.12535133957862854
"DM-9565",False,"test",0.0,0.0,0.0,0.21844220161437988,0.0,0.0,0.7605172395706177,0.0,0.0
"DM-9528",False,"test",0.24357695877552032,0.0,0.23929435014724731,0.0,0.0,0.0,0.4657544493675232,0.0,0.0
"DM-9520",False,"test",0.0,0.0,0.18437828123569489,0.0,0.0,0.11208878457546234,0.2123449444770813,0.21974335610866547,0.24924130737781525
"DM-9519",False,"test",0.8233922123908997,0.12285634875297546,0.0,0.0467250794172287,0.0,0.0,0.0,0.0,0.0
"DM-9511",False,"test",0.018537867814302444,0.8517743349075317,0.018529068678617477,0.018525471910834312,0.018525568768382072,0.018527599051594734,0.018525153398513794,0.01852985844016075,0.01852511614561081
"DM-9502",False,"test",0.1767623871564865,0.0,0.5862337350845337,0.0,0.0,0.0,0.15583260357379913,0.0,0.07013066112995148
"DM-9500",True,"test",0.0681086853146553,0.0,0.2881931960582733,0.2908952236175537,0.0,0.1649581342935562,0.17961949110031128,0.0,0.0
"DM-9498",False,"test",0.037265270948410034,0.0,0.0,0.0,0.1624194234609604,0.38549143075942993,0.09655678272247314,0.0,0.30684664845466614
"DM-9490",False,"test",0.0,0.0,0.0,0.5452018976211548,0.0,0.0,0.42969244718551636,0.0,0.0
"DM-9465",False,"test",0.09582528471946716,0.0,0.0,0.23711171746253967,0.0,0.0,0.3238305449485779,0.0,0.33293676376342773
"DM-9462",False,"test",0.13928139209747314,0.3963489830493927,0.1586538702249527,0.22485701739788055,0.0,0.07229886204004288,0.0,0.0,0.0
"DM-9455",False,"test",0.014544056728482246,0.2740321755409241,0.014548921957612038,0.01454499177634716,0.014545834623277187,0.01454459223896265,0.6241468191146851,0.0145479841157794,0.014544584788382053
"DM-9440",False,"test",0.2680523693561554,0.011143410578370094,0.011135696433484554,0.011140041053295135,0.011138984002172947,0.011138596571981907,0.6539746522903442,0.01113954558968544,0.011136663146317005
"DM-9435",False,"test",0.09500148147344589,0.0,0.35964611172676086,0.073044553399086,0.013312984257936478,0.09353620558977127,0.2745574116706848,0.08775898814201355,0.0
"DM-9433",False,"test",0.7556010484695435,0.0,0.11887432634830475,0.09526342898607254,0.0,0.0,0.025442160665988922,0.0,0.0
"DM-9425",False,"test",0.0,0.3001081049442291,0.0,0.26424241065979004,0.4134100377559662,0.0,0.0,0.0,0.0
"DM-9423",False,"test",0.525063693523407,0.0,0.0,0.0,0.0,0.43397000432014465,0.0,0.0,0.0
"DM-9411",False,"test",0.0,0.15670599043369293,0.14883507788181305,0.4727909564971924,0.08995268493890762,0.12643928825855255,0.0,0.0,0.0
"DM-9384",False,"test",0.37402838468551636,0.11097480356693268,0.4494307041168213,0.0516623929142952,0.0,0.0,0.0,0.0,0.0
"DM-9383",False,"test",0.0,0.052815355360507965,0.0,0.4831979274749756,0.0,0.0,0.1548304557800293,0.30338552594184875,0.0
"DM-9382",False,"test",0.0,0.0,0.0,0.0,0.0,0.0,0.8921077847480774,0.0,0.08893954753875732
"DM-9381",False,"test",0.12896810472011566,0.0,0.03270360827445984,0.7701552510261536,0.0,0.0,0.0,0.049578890204429626,0.0
"DM-9363",False,"test",0.6503114104270935,0.23843030631542206,0.0,0.0,0.0,0.0,0.0,0.0852125957608223,0.0
"DM-9361",False,"test",0.19080546498298645,0.7738924026489258,0.0,0.0,0.0,0.0,0.0,0.0,0.0
"DM-9348",True,"test",0.0,0.0,0.0,0.0,0.3230542242527008,0.0,0.6544153690338135,0.0,0.0
"DM-9323",True,"test",0.0,0.07651400566101074,0.0,0.0,0.04510640352964401,0.0,0.0,0.6637088060379028,0.20234882831573486
"DM-9317",False,"test",0.15832892060279846,0.0,0.0,0.0,0.03561485558748245,0.41009196639060974,0.3832174241542816,0.0,0.0
"DM-9301",False,"test",0.0,0.0,0.0,0.4259447753429413,0.0,0.0,0.3961973190307617,0.0,0.13860340416431427
"DM-9282",True,"test",0.21813854575157166,0.0,0.0,0.0,0.03962845355272293,0.1813036948442459,0.1732800453901291,0.0,0.3774581551551819
"DM-9281",False,"test",0.015879949554800987,0.6500266790390015,0.015894515439867973,0.015881286934018135,0.015883438289165497,0.01588253304362297,0.23879089951515198,0.01587950438261032,0.015881245955824852
"DM-9278",False,"test",0.01852256990969181,0.8517875075340271,0.018540987744927406,0.01852388121187687,0.01852661371231079,0.018525317311286926,0.01852787844836712,0.018521573394536972,0.018523680046200752
"DM-9277",False,"test",0.015878764912486076,0.702379047870636,0.015894807875156403,0.01587883196771145,0.015880916267633438,0.015879981219768524,0.015882620587944984,0.015879731625318527,0.18644535541534424
"DM-9253",False,"test",0.0,0.0,0.06097002327442169,0.0,0.0,0.0,0.9112310409545898,0.0,0.0
"DM-9252",False,"test",0.0,0.11273885518312454,0.0635630413889885,0.7040996551513672,0.0,0.0,0.0,0.09986133873462677,0.0
"DM-9239",False,"test",0.055161017924547195,0.05516127124428749,0.055187903344631195,0.558592677116394,0.05516327545046806,0.055194683372974396,0.0551648885011673,0.05517003685235977,0.05520421639084816
"DM-9208",False,"test",0.0,0.0,0.2461796998977661,0.0,0.0,0.08868025988340378,0.0,0.0,0.629764974117279
"DM-9206",False,"test",0.03061680682003498,0.0,0.0,0.2536099851131439,0.2528078854084015,0.0,0.3655206859111786,0.08963927626609802,0.0
"DM-9203",False,"test",0.3530442714691162,0.027807295322418213,0.45231157541275024,0.02780299447476864,0.027798162773251534,0.0278026070445776,0.02781275473535061,0.027799788862466812,0.02782054990530014
"DM-9199",False,"test",0.033293217420578,0.03330008313059807,0.03329341858625412,0.03329320251941681,0.03329938277602196,0.03329325094819069,0.03329405561089516,0.03329341858625412,0.7336399555206299
"DM-9195",True,"test",0.0,0.07628346234560013,0.0,0.0,0.16547751426696777,0.0,0.0,0.0,0.7411890625953674
"DM-9187",False,"test",0.0,0.20351046323776245,0.0,0.0,0.4714134633541107,0.0,0.0,0.0,0.2737540900707245
"DM-9173",False,"test",0.013903343118727207,0.013903802260756493,0.013904556632041931,0.1436205953359604,0.013903426006436348,0.013903994113206863,0.013903813436627388,0.013903596438467503,0.7590528726577759
"DM-9171",False,"test",0.0,0.0,0.0,0.034454409033060074,0.0,0.18479473888874054,0.0,0.1468106061220169,0.6201863288879395
"DM-9169",False,"test",0.011135285720229149,0.01114003174006939,0.011134251952171326,0.3597126007080078,0.011134783737361431,0.011141837574541569,0.011139859445393085,0.011137550696730614,0.562323808670044
"DM-9131",True,"test",0.0,0.28972193598747253,0.36483797430992126,0.0,0.0,0.0,0.30619195103645325,0.0,0.0
"DM-9112",True,"test",0.1344444751739502,0.15964795649051666,0.1476777195930481,0.0,0.2062324583530426,0.1017310842871666,0.22099289298057556,0.0,0.028052637353539467
"DM-9111",True,"test",0.0,0.0,0.0,0.48145508766174316,0.10839591175317764,0.0,0.2627420127391815,0.13478204607963562,0.0
"DM-9098",False,"test",0.0,0.0,0.0,0.0,0.17344193160533905,0.5354084968566895,0.172566220164299,0.0,0.09541554003953934
"DM-9076",False,"test",0.14561784267425537,0.0,0.0,0.0,0.0,0.0,0.4509959816932678,0.0,0.37557265162467957
"DM-9057",False,"test",0.0,0.23966316878795624,0.12007440626621246,0.0,0.0,0.0,0.11796415597200394,0.0,0.5113524794578552
"DM-9019",False,"test",0.0,0.0,0.0,0.0,0.0,0.3663088381290436,0.0,0.0,0.5687344074249268
"DM-9012",False,"test",0.010114236734807491,0.010105458088219166,0.9191274046897888,0.010109536349773407,0.01010763831436634,0.010110793635249138,0.010107200592756271,0.010109536349773407,0.010108193382620811
"DM-9002",False,"test",0.0,0.0,0.3933165967464447,0.05480052903294563,0.0,0.0,0.5399821400642395,0.0,0.0
"DM-8999",False,"test",0.2203674465417862,0.014201454818248749,0.5334551334381104,0.16098333895206451,0.01419669296592474,0.01420044805854559,0.014203636907041073,0.014195365831255913,0.014196474105119705
"DM-8990",False,"test",0.279537558555603,0.0,0.0,0.03863652050495148,0.29826027154922485,0.0,0.23517265915870667,0.1437007486820221,0.0
"DM-8980",False,"test",0.0,0.13484232127666473,0.36985233426094055,0.0,0.0,0.0,0.23579682409763336,0.24028444290161133,0.0
"DM-8978",False,"test",0.4928629994392395,0.0,0.0,0.17622074484825134,0.0,0.0,0.0,0.24000070989131927,0.08348559588193893
"DM-8957",True,"test",0.0,0.0,0.08226191252470016,0.3736046552658081,0.05391812324523926,0.0,0.4358217418193817,0.04905359074473381,0.0
"DM-8871",False,"test",0.0,0.8533814549446106,0.0,0.0,0.0,0.0,0.0,0.0,0.07980018109083176
"DM-8866",False,"test",0.010061249136924744,0.9195084571838379,0.010061460547149181,0.010061654262244701,0.010062137618660927,0.010061569511890411,0.010061513632535934,0.010060172528028488,0.010061766020953655
"DM-8827",False,"test",0.2758021950721741,0.0,0.0,0.24292828142642975,0.11089400947093964,0.0,0.35601088404655457,0.0,0.0
"DM-8825",False,"test",0.4474447965621948,0.0,0.0,0.40580007433891296,0.13091452419757843,0.0,0.0,0.0,0.0
"DM-8821",False,"test",0.0,0.0,0.0,0.736796498298645,0.0,0.0,0.2033097892999649,0.0,0.0
"DM-8820",False,"test",0.0,0.0,0.12376194447278976,0.0,0.0,0.8113880753517151,0.0,0.0,0.0
"DM-8818",False,"test",0.22192604839801788,0.0,0.5258117318153381,0.0,0.22112558782100677,0.0,0.0,0.0,0.0
"DM-8796",False,"test",0.0,0.0,0.0,0.0,0.0,0.3293679654598236,0.47452718019485474,0.0,0.1704735904932022
"DM-8760",False,"test",0.0,0.0,0.0,0.9613112211227417,0.0,0.0,0.0,0.0,0.0
"DM-8715",False,"test",0.0720350444316864,0.0,0.17451250553131104,0.0,0.4154456555843353,0.0,0.32690322399139404,0.0,0.0
"DM-8714",False,"test",0.2637830972671509,0.0,0.0,0.07412919402122498,0.0,0.0,0.0,0.0,0.6319756507873535
"DM-8707",False,"test",0.2945381700992584,0.0,0.0,0.6406083703041077,0.0,0.0,0.0,0.0,0.0
"DM-8695",False,"test",0.0,0.0,0.0,0.2182353287935257,0.0,0.0,0.4503593146800995,0.2943240702152252,0.0
"DM-8694",False,"test",0.0,0.0,0.0,0.23920513689517975,0.0,0.12121094018220901,0.2636454999446869,0.0,0.36504870653152466
"DM-8693",True,"test",0.011117418296635151,0.9110652804374695,0.01112296711653471,0.011114741675555706,0.011116152629256248,0.01111766416579485,0.011116028763353825,0.011114584282040596,0.011115172877907753
"DM-8688",False,"test",0.27417248487472534,0.08874578028917313,0.09233556687831879,0.06848572939634323,0.0,0.0,0.12487155199050903,0.27967941761016846,0.07093311101198196
"DM-8686",False,"test",0.0,0.0,0.0,0.0,0.6429578065872192,0.0,0.0,0.24274559319019318,0.10809944570064545
"DM-8680",False,"test",0.018533481284976006,0.018532928079366684,0.01852935366332531,0.018542427569627762,0.85173499584198,0.018537648022174835,0.018527764827013016,0.01852809637784958,0.01853330060839653
"DM-8668",False,"test",0.0,0.22038911283016205,0.0,0.29444149136543274,0.0,0.0,0.3943299353122711,0.07034586369991302,0.0
"DM-8665",False,"test",0.0,0.0,0.0,0.0,0.0,0.0,0.8522050380706787,0.0,0.09911630302667618
"DM-8661",False,"test",0.011115441098809242,0.01111784391105175,0.3713461458683014,0.5508273839950562,0.011118490248918533,0.011116823181509972,0.011122125200927258,0.011114775203168392,0.011120977811515331
"DM-8660",True,"test",0.0,0.0,0.5728293657302856,0.3862076997756958,0.0,0.0,0.0,0.0,0.0
"DM-8656",False,"test",0.6108020544052124,0.165448859333992,0.18106521666049957,0.0,0.0,0.0,0.0,0.03689531236886978,0.0
"DM-8650",False,"test",0.2466253638267517,0.018527623265981674,0.018529118970036507,0.01854061149060726,0.01853363588452339,0.01852753944694996,0.6236537098884583,0.018538255244493484,0.018524184823036194
"DM-8636",True,"test",0.0,0.0,0.0,0.2700560986995697,0.07267127186059952,0.0,0.0,0.0,0.6222043633460999
"DM-8630",False,"test",0.4089488983154297,0.28420290350914,0.017366547137498856,0.0,0.0,0.0,0.0,0.28772830963134766,0.0
"DM-8608",False,"test",0.027835356071591377,0.38233011960983276,0.027847716584801674,0.027846017852425575,0.02784835360944271,0.02782527543604374,0.4227546751499176,0.02783828228712082,0.027874190360307693
"DM-8606",False,"test",0.14156146347522736,0.0,0.6503388285636902,0.0,0.10865548253059387,0.08895355463027954,0.0,0.0,0.0
"DM-8604",False,"test",0.0,0.0,0.13771793246269226,0.0,0.0,0.0,0.8371438384056091,0.0,0.0
"DM-8598",True,"test",0.0,0.040973249822854996,0.0,0.44217732548713684,0.25138479471206665,0.0,0.25474655628204346,0.0,0.0
"DM-8551",False,"test",0.0,0.0,0.0,0.5104084610939026,0.0,0.0,0.0,0.0,0.4696950316429138
"DM-8548",False,"test",0.0,0.22010503709316254,0.0,0.36977794766426086,0.2039554864168167,0.0,0.18100868165493011,0.0,0.0
"DM-8547",False,"test",0.0,0.1650109887123108,0.4124792516231537,0.39475369453430176,0.0,0.0,0.0,0.0,0.0
"DM-8537",False,"test",0.05385972559452057,0.0,0.33421844244003296,0.0,0.0,0.1787482053041458,0.36637717485427856,0.05331665650010109,0.0
"DM-8521",False,"test",0.28104567527770996,0.0,0.0,0.0,0.0,0.3433259427547455,0.0,0.0,0.3438606858253479
"DM-8520",False,"test",0.0,0.05096041411161423,0.0,0.0,0.0,0.47568657994270325,0.34092187881469727,0.0,0.1228489950299263
"DM-8466",True,"test",0.022232670336961746,0.8221301436424255,0.022232983261346817,0.022227324545383453,0.02226100116968155,0.022228065878152847,0.022229241207242012,0.0222272127866745,0.02223135717213154
"DM-8463",False,"test",0.022289348766207695,0.4333808124065399,0.4105885326862335,0.022289060056209564,0.022290552034974098,0.0222923681139946,0.022290371358394623,0.022289203479886055,0.022289754822850227
"DM-8456",False,"test",0.022224532440304756,0.8221918344497681,0.02223183400928974,0.022224297747015953,0.022225400432944298,0.02222646214067936,0.022225292399525642,0.022225582972168922,0.022224802523851395
"DM-8453",False,"test",0.022225257009267807,0.8221837282180786,0.022232498973608017,0.02222544699907303,0.02222570590674877,0.022226180881261826,0.022225262597203255,0.02222587913274765,0.022230003029108047
"DM-8439",False,"test",0.0,0.0,0.0,0.0,0.0,0.0,0.9531764388084412,0.0,0.0
"DM-8434",True,"test",0.0,0.38901984691619873,0.3346932530403137,0.22056356072425842,0.0,0.0,0.0,0.0,0.0
"DM-8428",False,"test",0.0,0.0,0.0,0.0,0.0,0.507510781288147,0.42746952176094055,0.0,0.0
"DM-8415",False,"test",0.0,0.4226199686527252,0.1921887844800949,0.0,0.3605472445487976,0.0,0.0,0.0,0.0
"DM-8406",False,"test",0.09451959282159805,0.0,0.0,0.0,0.0,0.4687711000442505,0.39222031831741333,0.0,0.0
"DM-8405",False,"test",0.0,0.0,0.6130045056343079,0.0,0.0,0.0,0.0,0.0,0.335082083940506
"DM-8394",False,"test",0.010080800391733646,0.010080504231154919,0.1792794167995453,0.010087288916110992,0.01008988544344902,0.010084099136292934,0.010086365044116974,0.5729519128799438,0.18725968897342682
"DM-8389",False,"test",0.14006519317626953,0.04924469441175461,0.0,0.0,0.0,0.0,0.29233863949775696,0.4941696226596832,0.0
"DM-8387",False,"test",0.0,0.0,0.0,0.0,0.1571863293647766,0.0,0.0,0.39445626735687256,0.400680810213089
"DM-8377",True,"test",0.0,0.0,0.0,0.09909391403198242,0.0,0.0,0.3446086645126343,0.49402886629104614,0.05171041563153267
"DM-8367",False,"test",0.4609381854534149,0.012352428399026394,0.012350690551102161,0.4525999426841736,0.012352950870990753,0.012349381111562252,0.012354508973658085,0.012352805584669113,0.012349116615951061
"DM-8359",False,"test",0.9011591076850891,0.01235893927514553,0.012352068908512592,0.012354603037238121,0.012356196530163288,0.012355017475783825,0.012356653809547424,0.012354180216789246,0.012353193014860153
"DM-8355",False,"test",0.5908358097076416,0.02059074304997921,0.0,0.14476464688777924,0.0,0.0,0.0,0.08024176210165024,0.15992982685565948
"DM-8352",False,"test",0.0,0.0,0.5678410530090332,0.0,0.0,0.0,0.3910904824733734,0.0,0.0
"DM-8334",False,"test",0.0,0.0,0.0,0.0,0.3131442666053772,0.6678728461265564,0.0,0.0,0.0
"DM-8297",False,"test",0.0,0.11210677772760391,0.0,0.0,0.1313834935426712,0.5150341391563416,0.0,0.0,0.21822790801525116
"DM-8295",False,"test",0.0,0.4452354311943054,0.0,0.0,0.0,0.508918046951294,0.0,0.0,0.0
"DM-8294",False,"test",0.01111933309584856,0.011120432987809181,0.300923228263855,0.011122388765215874,0.011122815310955048,0.4745638370513916,0.011123951524496078,0.011123767122626305,0.1577802449464798
"DM-8293",True,"test",0.0,0.0,0.0,0.0,0.0,0.5697502493858337,0.0,0.3653623163700104,0.0
"DM-8288",False,"test",0.01854167878627777,0.018539169803261757,0.01854196935892105,0.018542828038334846,0.018532870337367058,0.018536299467086792,0.8517014980316162,0.018536554649472237,0.018527140840888023
"DM-8287",False,"test",0.18350419402122498,0.0936642736196518,0.0,0.3171166777610779,0.09911278635263443,0.0,0.0,0.17501601576805115,0.12406149506568909
"DM-8286",False,"test",0.0,0.0,0.0,0.0,0.5972942113876343,0.373972088098526,0.0,0.0,0.0
"DM-8283",True,"test",0.0,0.1348506063222885,0.0,0.0,0.0,0.0,0.5628334879875183,0.2837785482406616,0.0
"DM-8277",False,"test",0.012354272417724133,0.012356235645711422,0.012350722216069698,0.01235201209783554,0.9011639356613159,0.01235645916312933,0.01235724426805973,0.012354658916592598,0.01235453225672245
"DM-8254",False,"test",0.14637023210525513,0.0,0.30440470576286316,0.0,0.0,0.0,0.0,0.0,0.5225307941436768
"DM-8235",False,"test",0.3181067705154419,0.013911593705415726,0.013901856727898121,0.5845229029655457,0.013903019018471241,0.013909594155848026,0.013924159109592438,0.013901769183576107,0.013918301090598106
"DM-8230",False,"test",0.2273741215467453,0.0,0.05394386500120163,0.05805530399084091,0.1757294088602066,0.0,0.09508447349071503,0.2543317675590515,0.13434800505638123
"DM-8222",True,"test",0.018526257947087288,0.018525339663028717,0.01852850802242756,0.018528565764427185,0.018527714535593987,0.8517677783966064,0.01854068972170353,0.018532048910856247,0.01852310821413994
"DM-8199",True,"test",0.24998490512371063,0.0,0.0,0.0,0.0,0.0,0.1460554450750351,0.08969499915838242,0.49002790451049805
"DM-8196",False,"test",0.0,0.20433072745800018,0.0,0.0,0.18326108157634735,0.0,0.41080448031425476,0.16891144216060638,0.0
"DM-8180",False,"test",0.0,0.0,0.0,0.14893320202827454,0.0,0.0,0.8387088179588318,0.0,0.0
"DM-8179",False,"test",0.0,0.0,0.0,0.07722033560276031,0.22674010694026947,0.22162745893001556,0.45954546332359314,0.0,0.0
"DM-8176",False,"test",0.013987021520733833,0.013994620181620121,0.013986661098897457,0.4921424984931946,0.013989395461976528,0.013992228545248508,0.4099174439907074,0.013989261351525784,0.01400088146328926
"DM-8169",False,"test",0.6560187339782715,0.010272225365042686,0.010270455852150917,0.01027347706258297,0.010268179699778557,0.010271161794662476,0.010273278690874577,0.010271192528307438,0.27208128571510315
"DM-8168",False,"test",0.21396586298942566,0.015739133581519127,0.14444386959075928,0.015730293467640877,0.015734916552901268,0.015733441337943077,0.01573440246284008,0.01573244296014309,0.5471856594085693
"DM-8155",False,"test",0.0,0.0,0.22135183215141296,0.13677828013896942,0.0,0.4599306881427765,0.15967880189418793,0.0,0.0
"DM-8149",False,"test",0.020216794684529305,0.020216291770339012,0.020217327401041985,0.020218664780259132,0.02022281102836132,0.4715452492237091,0.38691896200180054,0.020220642909407616,0.02022326923906803
"DM-8145",True,"test",0.0,0.0,0.0,0.0,0.09116633236408234,0.0,0.5031277537345886,0.0,0.3773222267627716
"DM-8143",False,"test",0.0,0.0,0.13775809109210968,0.32826051115989685,0.5208936929702759,0.0,0.0,0.0,0.0
"DM-8114",False,"test",0.05935375392436981,0.0,0.0,0.10505141317844391,0.0,0.12532728910446167,0.0,0.0,0.6938363909721375
"DM-8108",False,"test",0.0,0.8281799554824829,0.13289958238601685,0.0,0.0,0.0,0.0,0.0,0.0
"DM-8107",True,"test",0.0,0.9364551901817322,0.0,0.0,0.0,0.0,0.0,0.0,0.0
"DM-8105",False,"test",0.0,0.0,0.1309615820646286,0.0,0.0,0.0,0.0,0.2771214544773102,0.5738786458969116
"DM-8102",False,"test",0.0,0.5764998197555542,0.0,0.385174423456192,0.0,0.0,0.0,0.0,0.0
"DM-8084",False,"test",0.17359858751296997,0.0,0.1102646216750145,0.0,0.03147050365805626,0.0,0.0,0.682556688785553,0.0
"DM-8080",False,"test",0.0,0.0,0.0,0.0,0.2303006798028946,0.0,0.5101804137229919,0.0,0.22931446135044098
"DM-8059",False,"test",0.0,0.2787266671657562,0.024043243378400803,0.13868553936481476,0.3442727327346802,0.08427752554416656,0.0708690881729126,0.05693559721112251,0.0
"DM-8057",False,"test",0.0,0.3583722412586212,0.04554172232747078,0.0,0.0,0.31486886739730835,0.055432356894016266,0.0,0.2157217264175415
"DM-8047",False,"test",0.018883582204580307,0.018903855234384537,0.01888393983244896,0.018886176869273186,0.01888703554868698,0.018887946382164955,0.8488772511482239,0.018893079832196236,0.018897071480751038
"DM-8044",False,"test",0.0,0.20050717890262604,0.03976387530565262,0.2789568305015564,0.0,0.0,0.0,0.0,0.468831866979599
"DM-8043",False,"test",0.0,0.0,0.0,0.0,0.21771931648254395,0.44787508249282837,0.31313425302505493,0.0,0.0
"DM-8040",False,"test",0.0,0.0,0.0,0.0,0.0,0.0,0.2464885413646698,0.28142523765563965,0.44983842968940735
"DM-8020",False,"test",0.05633756145834923,0.06140444055199623,0.0,0.18084286153316498,0.0,0.12449736148118973,0.0,0.0,0.5652668476104736
"DM-8015",False,"test",0.0,0.0,0.0,0.506149172782898,0.0,0.0,0.473684698343277,0.0,0.0
"DM-8011",False,"test",0.0,0.0,0.10997354239225388,0.32338792085647583,0.0,0.5152918100357056,0.0,0.0,0.0
"DM-7987",False,"test",0.0,0.0,0.41990694403648376,0.11912859231233597,0.0,0.0,0.44731801748275757,0.0,0.0
"DM-7986",False,"test",0.022238008677959442,0.02224358730018139,0.022233057767152786,0.8220605850219727,0.02223428525030613,0.02224820666015148,0.022236492484807968,0.022258350625634193,0.022247448563575745
"DM-7974",False,"test",0.0,0.0,0.234033465385437,0.030612898990511894,0.08618910610675812,0.237552210688591,0.40497350692749023,0.0,0.0
"DM-7959",False,"test",0.0,0.0,0.0,0.0,0.12256595492362976,0.0815303772687912,0.15814615786075592,0.3152206838130951,0.30031272768974304
"DM-7957",False,"test",0.13989147543907166,0.0,0.0,0.0,0.0,0.0,0.4776087999343872,0.3407903015613556,0.0
"DM-7955",False,"test",0.36430346965789795,0.0,0.0,0.29269665479660034,0.0,0.20903512835502625,0.0,0.0,0.11934313178062439
"DM-7950",True,"test",0.025789940729737282,0.014014887623488903,0.0,0.23164066672325134,0.3657258152961731,0.0,0.2893882691860199,0.07189397513866425,0.0
"DM-7948",False,"test",0.0,0.0,0.0,0.0,0.0,0.0,0.9359940886497498,0.0,0.0
"DM-7945",False,"test",0.0,0.0,0.0,0.07103067636489868,0.0,0.2988189458847046,0.5053234100341797,0.1180468201637268,0.0
"DM-7942",False,"test",0.0,0.0,0.0,0.18047577142715454,0.0,0.4463583528995514,0.3560985028743744,0.0,0.0
"DM-7941",False,"test",0.05960424616932869,0.2062380462884903,0.0,0.0,0.1632576733827591,0.0,0.0,0.5587649941444397,0.0
"DM-7937",False,"test",0.0,0.0,0.25432324409484863,0.0,0.0,0.0,0.0,0.685747504234314,0.0
"DM-7928",False,"test",0.38986289501190186,0.0,0.0,0.21973462402820587,0.0,0.0,0.3586249053478241,0.0,0.0
"DM-7902",False,"test",0.0,0.0,0.0,0.9613155722618103,0.0,0.0,0.0,0.0,0.0
"DM-7894",False,"test",0.518432080745697,0.1216905415058136,0.0,0.0,0.1566578596830368,0.0,0.1852845847606659,0.0,0.0
"DM-7892",False,"test",0.0,0.4810362756252289,0.237474724650383,0.04206297919154167,0.10478981584310532,0.0,0.0,0.12292569875717163,0.0
"DM-7891",False,"test",0.0,0.5413510799407959,0.43871426582336426,0.0,0.0,0.0,0.0,0.0,0.0
"DM-7866",False,"test",0.0,0.0,0.5022656917572021,0.0,0.0,0.0,0.0,0.0,0.47188910841941833
"DM-7862",False,"test",0.17184270918369293,0.0,0.0,0.0,0.0,0.7324699759483337,0.07017819583415985,0.0,0.0
"DM-7855",False,"test",0.15890957415103912,0.3050256073474884,0.46844378113746643,0.011267959140241146,0.01126925926655531,0.011269702576100826,0.011273953132331371,0.011270296759903431,0.011269809678196907
"DM-7846",True,"test",0.0,0.20160241425037384,0.0,0.48244941234588623,0.0,0.0,0.0,0.27423420548439026,0.0
"DM-7840",False,"test",0.0,0.03497269004583359,0.0,0.15490016341209412,0.3821794390678406,0.03910744562745094,0.38510486483573914,0.0,0.0
"DM-7830",False,"test",0.0,0.0,0.0,0.3597770035266876,0.23259949684143066,0.0,0.2652590572834015,0.12016868591308594,0.0
"DM-7829",False,"test",0.0,0.07678519189357758,0.0,0.0,0.6656374931335449,0.0,0.22855634987354279,0.0,0.0
"DM-7828",True,"test",0.1546158790588379,0.0,0.0,0.0,0.3968806564807892,0.0,0.42183905839920044,0.0,0.0
"DM-7827",False,"test",0.0,0.0,0.0,0.0,0.0,0.5401327013969421,0.0,0.427421897649765,0.0
"DM-7824",False,"test",0.0,0.46570152044296265,0.0,0.1905248612165451,0.0,0.0,0.18825802206993103,0.13326029479503632,0.0
"DM-7810",False,"test",0.01588868722319603,0.015890492126345634,0.8728580474853516,0.015895405784249306,0.015881624072790146,0.01589254103600979,0.01590927317738533,0.01589316502213478,0.015890784561634064
"DM-7802",True,"test",0.010107054375112057,0.010106068104505539,0.010107501409947872,0.9191409349441528,0.010108469054102898,0.01010868325829506,0.01011000294238329,0.010106060653924942,0.01010521873831749
"DM-7800",False,"test",0.0,0.0,0.0,0.0,0.35955810546875,0.37825310230255127,0.24462856352329254,0.0,0.0
"DM-7791",False,"test",0.12439890950918198,0.0,0.0,0.3577256202697754,0.23672503232955933,0.21837767958641052,0.056118547916412354,0.0,0.0
"DM-7785",False,"test",0.0,0.0,0.0,0.0,0.0,0.0,0.0,0.7434288263320923,0.22272618114948273
"DM-7782",False,"test",0.0,0.0,0.24278154969215393,0.5474036335945129,0.1746954470872879,0.0,0.0,0.0,0.0
"DM-7781",False,"test",0.0,0.0,0.0,0.0,0.0,0.0,0.95525062084198,0.0,0.0
"DM-7777",False,"test",0.0,0.0,0.0,0.0,0.33811134099960327,0.266893208026886,0.0,0.0,0.36719855666160583
"DM-7765",False,"test",0.0,0.0,0.0,0.34966838359832764,0.0,0.5947403311729431,0.0,0.0,0.0
"DM-7762",True,"test",0.0,0.0,0.0,0.0,0.0,0.18906879425048828,0.7562698125839233,0.04354102537035942,0.0
"DM-7761",False,"test",0.0,0.0,0.0,0.0,0.1765337884426117,0.5533923506736755,0.25101184844970703,0.0,0.0
"DM-7760",False,"test",0.0,0.0,0.0,0.6486537456512451,0.022547833621501923,0.0,0.15324799716472626,0.040113143622875214,0.1319170594215393
"DM-7744",False,"test",0.0,0.3035995364189148,0.0,0.0,0.0,0.417938768863678,0.0,0.0,0.2593924105167389
"DM-7722",False,"test",0.18450789153575897,0.0,0.0,0.06513407081365585,0.2083907127380371,0.0,0.20126235485076904,0.0,0.3271408975124359
"DM-7720",True,"test",0.06598787009716034,0.5006052255630493,0.33437594771385193,0.0,0.0,0.0,0.0,0.0,0.0849393755197525
"DM-7690",False,"test",0.0,0.21990437805652618,0.29700520634651184,0.0,0.0,0.22083382308483124,0.24988757073879242,0.0,0.0
"DM-7687",False,"test",0.0,0.16118279099464417,0.0,0.2941308617591858,0.12668803334236145,0.0,0.0,0.39150142669677734,0.0
"DM-7668",False,"test",0.02224329672753811,0.022248009219765663,0.022243885323405266,0.022236313670873642,0.02223435416817665,0.022232919931411743,0.022250963374972343,0.022237379103899002,0.8220729231834412
"DM-7665",False,"test",0.0,0.2052576094865799,0.0,0.3074081838130951,0.0,0.3065686523914337,0.0,0.0,0.16992305219173431
"DM-7610",False,"test",0.07579731941223145,0.0,0.0,0.0,0.5700154900550842,0.0,0.0,0.0,0.3124392032623291
"DM-7596",False,"test",0.022959722205996513,0.022965306416153908,0.02296074479818344,0.022960452362895012,0.022966451942920685,0.022966019809246063,0.8162923455238342,0.02296094223856926,0.022968003526329994
"DM-7594",True,"test",0.0522485189139843,0.0,0.0,0.10973480343818665,0.07820083200931549,0.0,0.7449924945831299,0.0,0.0
"DM-7587",True,"test",0.0,0.0,0.0,0.0,0.3202921748161316,0.0,0.5007651448249817,0.0,0.16305041313171387
"DM-7578",False,"test",0.0,0.0,0.0,0.0,0.0,0.1537238508462906,0.5087407827377319,0.0,0.3178642988204956
"DM-7567",False,"test",0.762765645980835,0.0,0.040388088673353195,0.049661654978990555,0.0,0.0,0.0,0.14232377707958221,0.0
"DM-7563",False,"test",0.0,0.0,0.0,0.0,0.0,0.0,0.13689641654491425,0.8413740396499634,0.0
"DM-7560",True,"test",0.08943883329629898,0.2774295508861542,0.0,0.0,0.07836731523275375,0.0,0.40748631954193115,0.12705720961093903,0.0
"DM-7559",False,"test",0.0,0.0,0.0,0.0,0.9317245483398438,0.0,0.0,0.0,0.0
"DM-7553",False,"test",0.0,0.0,0.0,0.07858464866876602,0.0,0.5985031127929688,0.0,0.30067723989486694,0.0
"DM-7551",False,"test",0.01112771313637495,0.011127782985568047,0.011126928962767124,0.011123851872980595,0.011127104051411152,0.31395211815834045,0.011128781363368034,0.6081594824790955,0.011126224882900715
"DM-7538",False,"test",0.0,0.08051101863384247,0.21630458533763885,0.04014386236667633,0.0890282616019249,0.0,0.0,0.5109212398529053,0.06237387657165527
"DM-7536",False,"test",0.7043681740760803,0.0,0.01959262415766716,0.0,0.0,0.0,0.0,0.2617059648036957,0.0
"DM-7535",False,"test",0.1637553572654724,0.0,0.0,0.0,0.0,0.0,0.8111331462860107,0.0,0.0
"DM-7529",False,"test",0.4647478759288788,0.010082048363983631,0.01007964089512825,0.4646938741207123,0.01007922738790512,0.010078039020299911,0.010083230212330818,0.010076260194182396,0.010079778730869293
"DM-7510",False,"test",0.015882402658462524,0.01588006690144539,0.015878653153777122,0.015882112085819244,0.8729497790336609,0.015879813581705093,0.015882225707173347,0.01588459499180317,0.015880340710282326
"DM-7498",True,"test",0.0,0.0,0.0,0.0,0.421077162027359,0.08621939271688461,0.43727466464042664,0.0,0.0
"DM-7492",False,"test",0.0,0.0,0.0,0.0,0.0,0.6544596552848816,0.302784264087677,0.0,0.0
"DM-7477",True,"test",0.0,0.17532585561275482,0.0,0.7857457399368286,0.0,0.0,0.0,0.0,0.0
"DM-7468",True,"test",0.21573659777641296,0.0,0.0,0.0,0.48490670323371887,0.0,0.0,0.2547779083251953,0.0
"DM-7466",True,"test",0.016344260424375534,0.01635001413524151,0.016348207369446754,0.016351226717233658,0.25316134095191956,0.016351619735360146,0.6323971152305603,0.016345350071787834,0.01635088212788105
"DM-7457",False,"test",0.6707383394241333,0.0,0.0,0.0,0.0,0.0,0.2563967704772949,0.06862924247980118,0.0
"DM-7454",False,"test",0.19254055619239807,0.0,0.4842548072338104,0.0,0.07974717020988464,0.0,0.0,0.0,0.22031192481517792
"DM-7452",False,"test",0.0,0.0,0.0,0.6978182196617126,0.26985085010528564,0.0,0.0,0.0,0.0
"DM-7451",False,"test",0.0,0.0,0.07473114132881165,0.6079223155975342,0.28953373432159424,0.0,0.0,0.0,0.0
"DM-7447",False,"test",0.0,0.2002767026424408,0.0,0.5458937287330627,0.019264519214630127,0.0,0.21232745051383972,0.0,0.0
"DM-7446",False,"test",0.0,0.0,0.0,0.3672526478767395,0.19193552434444427,0.0,0.18683278560638428,0.0,0.2455957978963852
"DM-7445",False,"test",0.0,0.0,0.0,0.2625325322151184,0.0,0.0,0.10068470239639282,0.0,0.6077775955200195
"DM-7436",False,"test",0.2633303999900818,0.0,0.20297200977802277,0.0,0.0,0.4920029640197754,0.0,0.0,0.0
"DM-7431",False,"test",0.011114683002233505,0.011116205714643002,0.01111997663974762,0.011117557063698769,0.01111537404358387,0.9110620021820068,0.011121747083961964,0.011115429922938347,0.011116998270154
"DM-7423",False,"test",0.010109527967870235,0.20632369816303253,0.010110809467732906,0.01011152658611536,0.0101103400811553,0.22980119287967682,0.01011443417519331,0.010108305141329765,0.503210186958313
"DM-7422",False,"test",0.0,0.0,0.0,0.0,0.15899883210659027,0.8039303421974182,0.0,0.0,0.0
"DM-7410",False,"test",0.013892562128603458,0.01390015333890915,0.013896249234676361,0.013895409181714058,0.013892344199120998,0.013894290663301945,0.8888354897499084,0.013893350027501583,0.01390010304749012
"DM-7385",False,"test",0.21077704429626465,0.0,0.0,0.0,0.0,0.0,0.4291766285896301,0.0,0.3310840129852295
"DM-7372",False,"test",0.0,0.0,0.3478316068649292,0.0,0.0,0.0,0.0,0.2717157304286957,0.3359578251838684
"DM-7363",False,"test",0.6228665113449097,0.0,0.0,0.0,0.0,0.0,0.3446958065032959,0.0,0.0
"DM-7347",False,"test",0.19452419877052307,0.0,0.2594546675682068,0.0,0.0,0.0,0.4983232617378235,0.0,0.0
"DM-7344",False,"test",0.0,0.2410430759191513,0.2003021538257599,0.0,0.0,0.0,0.5110070705413818,0.0,0.0
"DM-7332",False,"test",0.0,0.0,0.0,0.0,0.0,0.0,0.7620093822479248,0.1860756278038025,0.0
"DM-7326",False,"test",0.5044180154800415,0.14538617432117462,0.0,0.32239237427711487,0.0,0.0,0.0,0.0,0.0
"DM-7321",True,"test",0.0,0.0,0.0,0.0,0.0,0.5212957859039307,0.0,0.2561527490615845,0.19783909618854523
"DM-7306",False,"test",0.02781536802649498,0.027796396985650063,0.027792958542704582,0.02779109962284565,0.28294771909713745,0.027790507301688194,0.027791641652584076,0.5224805474281311,0.02779373899102211
"DM-7275",False,"test",0.0,0.0,0.0,0.3953983187675476,0.0,0.08282821625471115,0.5032329559326172,0.0,0.0
"DM-7271",False,"test",0.0,0.0,0.3971576690673828,0.0,0.0,0.0,0.39396876096725464,0.0,0.1858639270067215
"DM-7268",False,"test",0.0,0.45690226554870605,0.0,0.0,0.0,0.265949010848999,0.24818243086338043,0.0,0.0
"DM-7260",False,"test",0.6982956528663635,0.0,0.0,0.0,0.0,0.0,0.0,0.2560262680053711,0.0
"DM-7253",False,"test",0.6815566420555115,0.0,0.0,0.0,0.0,0.26979172229766846,0.0,0.0,0.0
"DM-7237",False,"test",0.207977756857872,0.0,0.0,0.0,0.0,0.0,0.7549566626548767,0.0,0.0
"DM-7225",False,"test",0.0,0.0,0.07394696772098541,0.7019397616386414,0.0,0.0,0.2031206339597702,0.0,0.0
"DM-7224",False,"test",0.0,0.20074942708015442,0.0,0.0,0.0,0.093982994556427,0.5513172745704651,0.0,0.13058295845985413
"DM-7221",False,"test",0.0,0.0,0.14383704960346222,0.2028556913137436,0.08521069586277008,0.0,0.3913145959377289,0.0,0.17381072044372559
"DM-7202",False,"test",0.0,0.32700350880622864,0.0,0.0,0.0,0.0,0.1968255639076233,0.19420427083969116,0.26793622970581055
"DM-7182",True,"test",0.0,0.0,0.0,0.0,0.20301982760429382,0.0,0.47780710458755493,0.0,0.2934975028038025
"DM-7179",False,"test",0.36168521642684937,0.19330774247646332,0.0,0.0,0.0,0.0,0.0,0.4194432199001312,0.0
"DM-7178",False,"test",0.18551135063171387,0.0,0.0,0.43821635842323303,0.0,0.0,0.34726399183273315,0.0,0.0
"DM-7174",False,"test",0.013918316923081875,0.4288950562477112,0.013916789554059505,0.013919620774686337,0.013925972394645214,0.4736590087413788,0.01392183918505907,0.013917737640440464,0.013925674371421337
"DM-7167",True,"test",0.0,0.0,0.0,0.2925819754600525,0.0,0.0,0.6409763693809509,0.023872897028923035,0.03452849015593529
"DM-7164",False,"test",0.0,0.0,0.0,0.5776165723800659,0.06764217466115952,0.0,0.34664785861968994,0.0,0.0
"DM-7161",False,"test",0.030763082206249237,0.0,0.0,0.0,0.0,0.15695378184318542,0.6939775943756104,0.11326010525226593,0.0
"DM-7156",False,"test",0.6288724541664124,0.0,0.0,0.0,0.0,0.0,0.3434196710586548,0.0,0.0
"DM-7155",False,"test",0.0,0.14424020051956177,0.0,0.0,0.0,0.0,0.8306524157524109,0.0,0.0
"DM-7129",False,"test",0.10568760335445404,0.0,0.0,0.30595093965530396,0.07124011218547821,0.0,0.0,0.0,0.4950951039791107
"DM-7126",False,"test",0.027099773287773132,0.34913042187690735,0.027102157473564148,0.027099676430225372,0.28964462876319885,0.027121229097247124,0.19858688116073608,0.02712368033826351,0.027091536670923233
"DM-7115",False,"test",0.0,0.0,0.5015636682510376,0.10417018830776215,0.0,0.17378145456314087,0.0,0.21105283498764038,0.0
"DM-7108",False,"test",0.0,0.0,0.0,0.0,0.0,0.0,0.2867143154144287,0.0,0.6798672676086426
"DM-7107",False,"test",0.0,0.0,0.27918729186058044,0.0,0.0,0.0,0.49279892444610596,0.0,0.1918117105960846
"DM-7105",False,"test",0.03716341033577919,0.037188973277807236,0.0371614545583725,0.037165362387895584,0.037169672548770905,0.7026503086090088,0.03717169165611267,0.03716439753770828,0.03716477006673813
"DM-7103",False,"test",0.0,0.0,0.0,0.17734549939632416,0.0,0.45381802320480347,0.34088730812072754,0.0,0.0
"DM-7090",True,"test",0.0,0.0,0.0,0.24547822773456573,0.08186645805835724,0.3195939362049103,0.3319559395313263,0.0,0.0
"DM-7088",False,"test",0.0,0.0,0.0,0.0,0.17738273739814758,0.0,0.7670295238494873,0.0,0.0
"DM-7068",False,"test",0.025501077994704247,0.056769099086523056,0.01733333431184292,0.5771123170852661,0.0,0.08979593962430954,0.23030786216259003,0.0,0.0
"DM-7048",False,"test",0.0,0.0,0.0,0.0,0.3090859651565552,0.0,0.0749468058347702,0.0,0.5929509997367859
"DM-7045",False,"test",0.0,0.0,0.0,0.0,0.6442705392837524,0.0,0.0,0.0,0.31700557470321655
"DM-7030",True,"test",0.02780313231050968,0.027793319895863533,0.027797967195510864,0.027813976630568504,0.027821127325296402,0.18200311064720154,0.02779431641101837,0.6233723759651184,0.027800647541880608
"DM-7029",False,"test",0.049446962773799896,0.0,0.0,0.4579724669456482,0.24156153202056885,0.0,0.24454215168952942,0.0,0.0
"DM-7010",False,"test",0.35364049673080444,0.0,0.03442656993865967,0.24939343333244324,0.0,0.0,0.0,0.0,0.34822413325309753
"DM-7007",False,"test",0.0,0.0,0.0,0.31201133131980896,0.0,0.0,0.6233210563659668,0.0,0.0
"DM-6988",False,"test",0.0,0.0,0.24415774643421173,0.21817046403884888,0.0,0.0,0.2277873307466507,0.0,0.28079932928085327
"DM-6982",True,"test",0.0,0.0,0.0,0.0,0.13551872968673706,0.6805192232131958,0.16324642300605774,0.0,0.0
"DM-6973",False,"test",0.010751468129456043,0.9139910340309143,0.010746539570391178,0.010748590342700481,0.010754098184406757,0.010748774744570255,0.0107567785307765,0.010754674673080444,0.010748048312962055
"DM-6972",False,"test",0.0,0.0,0.0,0.0,0.0,0.9315567016601562,0.0,0.0,0.0
"DM-6969",False,"test",0.018533242866396904,0.8517366647720337,0.01852797344326973,0.01854228600859642,0.01853032410144806,0.018537327647209167,0.01853412576019764,0.018529793247580528,0.018528269603848457
"DM-6966",False,"test",0.0,0.3536967933177948,0.0,0.0,0.0,0.0,0.33014780282974243,0.2790239751338959,0.0
"DM-6929",False,"test",0.21010111272335052,0.06404685229063034,0.0,0.0,0.31726667284965515,0.09930283576250076,0.2961934506893158,0.0,0.0
"DM-6928",False,"test",0.0,0.11521565169095993,0.0,0.0,0.30400022864341736,0.0,0.18162217736244202,0.3683924376964569,0.0
"DM-6925",True,"test",0.0,0.17914415895938873,0.0,0.4781578481197357,0.0,0.0,0.2527727782726288,0.03524278849363327,0.04592889919877052
"DM-6923",False,"test",0.0,0.2950255572795868,0.0,0.5442382097244263,0.0,0.0,0.0,0.14554986357688904,0.0
"DM-6922",False,"test",0.4065353572368622,0.0,0.0,0.0,0.0,0.561081051826477,0.0,0.0,0.0
"DM-6919",False,"test",0.0,0.0,0.0,0.15703070163726807,0.45067155361175537,0.0,0.3675772249698639,0.0,0.0
"DM-6908",False,"test",0.0,0.0,0.0,0.04528910294175148,0.0,0.0,0.8921248316764832,0.0,0.0
"DM-6900",False,"test",0.7918999791145325,0.10390576720237732,0.0,0.01759183779358864,0.0,0.08352702856063843,0.0,0.0,0.0
"DM-6893",False,"test",0.0,0.14468863606452942,0.0,0.15474770963191986,0.06751041859388351,0.0,0.5047475099563599,0.11986370384693146,0.0
"DM-6860",False,"test",0.0,0.25710299611091614,0.0,0.47976750135421753,0.0,0.07823509722948074,0.17442259192466736,0.0,0.0
"DM-6831",False,"test",0.01904732547700405,0.8476399183273315,0.019049400463700294,0.019041011109948158,0.019042260944843292,0.019050197675824165,0.01904275454580784,0.019041700288653374,0.019045419991016388
"DM-6830",False,"test",0.0,0.0,0.0,0.3006637692451477,0.1657574623823166,0.048600487411022186,0.08770518004894257,0.3039923310279846,0.09003610163927078
"DM-6824",False,"test",0.0,0.26872193813323975,0.0,0.0,0.32588860392570496,0.0,0.3699672818183899,0.0,0.0
"DM-6819",True,"test",0.0,0.12473122030496597,0.0,0.12902788817882538,0.0,0.10093945264816284,0.3244458734989166,0.30651891231536865,0.0
"DM-6788",False,"test",0.0,0.0,0.0,0.0,0.0,0.45794785022735596,0.3102928400039673,0.19864985346794128,0.0
"DM-6784",False,"test",0.0,0.10561303794384003,0.10356882214546204,0.39941179752349854,0.0,0.0,0.0,0.17008206248283386,0.20417751371860504
"DM-6783",True,"test",0.16384610533714294,0.15971030294895172,0.4465847909450531,0.0,0.06326141208410263,0.1431795209646225,0.0,0.0,0.016743257641792297
"DM-6726",False,"test",0.0,0.0,0.0,0.5405306220054626,0.29962894320487976,0.0,0.1498781144618988,0.0,0.0
"DM-6724",False,"test",0.0,0.25503066182136536,0.0,0.0,0.116334468126297,0.0,0.07363010197877884,0.0,0.5240923762321472
"DM-6719",False,"test",0.4287916421890259,0.32328715920448303,0.0,0.0,0.0,0.22008290886878967,0.0,0.0,0.0
"DM-6653",True,"test",0.0,0.07493940740823746,0.0,0.0,0.2920451760292053,0.4931126832962036,0.11572304368019104,0.0,0.0
"DM-6652",False,"test",0.40678274631500244,0.0,0.0,0.0,0.0,0.06770309060811996,0.10495804995298386,0.2999819219112396,0.11511967331171036
"DM-6647",False,"test",0.0,0.0,0.0,0.0,0.2300570011138916,0.0,0.0,0.7530161142349243,0.0
"DM-6641",False,"test",0.1120828241109848,0.07739386707544327,0.0,0.41368481516838074,0.0,0.0,0.17113113403320312,0.0,0.21364104747772217
"DM-6635",False,"test",0.01854175701737404,0.01854369230568409,0.018537893891334534,0.01853764057159424,0.21427451074123383,0.018537918105721474,0.01853674277663231,0.655952513217926,0.01853734813630581
"DM-6626",False,"test",0.2536134421825409,0.0,0.7056418061256409,0.0,0.016268718987703323,0.0,0.0,0.022393297404050827,0.0
"DM-6593",False,"test",0.0,0.0,0.0,0.33223506808280945,0.0,0.0,0.47979167103767395,0.0,0.16012132167816162
"DM-6591",False,"test",0.0,0.1689869463443756,0.24953560531139374,0.0,0.0,0.5613400936126709,0.0,0.0,0.0
"DM-6569",False,"test",0.3749020993709564,0.0,0.0,0.0,0.0,0.0,0.4893825948238373,0.0,0.11670824140310287
"DM-6548",True,"test",0.0,0.30794236063957214,0.10337314754724503,0.0,0.0,0.0,0.0,0.0,0.5442054867744446
"DM-6519",False,"test",0.011131775565445423,0.0111344363540411,0.011126966215670109,0.011128809303045273,0.011134959757328033,0.506287693977356,0.011129074729979038,0.30100417137145996,0.1259220391511917
"DM-6494",False,"test",0.8445119261741638,0.0,0.09297047555446625,0.02369709126651287,0.0,0.0,0.0,0.0,0.026767801493406296
"DM-6459",False,"test",0.010679997503757477,0.010680456645786762,0.20453743636608124,0.010678164660930634,0.010676644742488861,0.010680841282010078,0.010678215883672237,0.010683340020477772,0.7207049131393433
"DM-6447",False,"test",0.0,0.0,0.0,0.0,0.33544424176216125,0.0,0.0,0.0,0.6357120871543884
"DM-6437",False,"test",0.4272829294204712,0.0,0.0,0.0,0.0,0.0,0.5207905173301697,0.0,0.0
"DM-6383",False,"test",0.10462472587823868,0.0,0.0,0.3656277060508728,0.0,0.4083263576030731,0.0,0.10879643261432648,0.0
"DM-6378",False,"test",0.03353606536984444,0.0,0.0,0.5964607000350952,0.0,0.0,0.0,0.0,0.3396488428115845
"DM-6373",False,"test",0.05094502121210098,0.12132744491100311,0.0,0.0,0.14267024397850037,0.0,0.08612263202667236,0.0,0.5861956477165222
"DM-6365",False,"test",0.0,0.08815139532089233,0.0,0.0,0.49819403886795044,0.0,0.0,0.0,0.36916086077690125
"DM-6364",True,"test",0.02778446674346924,0.02779197506606579,0.02778671495616436,0.02779223956167698,0.027790775522589684,0.027810027822852135,0.7776677012443542,0.02778904139995575,0.027787093073129654
"DM-6359",False,"test",0.012370890937745571,0.012379821389913559,0.012374826706945896,0.6339151859283447,0.012370836921036243,0.012372584082186222,0.27946335077285767,0.012371947057545185,0.012380506843328476
"DM-6331",False,"test",0.01237677875906229,0.012380778789520264,0.012385942973196507,0.012381493113934994,0.012378654442727566,0.012381467036902905,0.7197840809822083,0.012379663065075874,0.19355109333992004
"DM-6304",False,"test",0.0,0.7169428467750549,0.0,0.0,0.0,0.0,0.2231656163930893,0.0,0.0
"DM-6301",False,"test",0.4630272388458252,0.0,0.13829383254051208,0.0,0.0,0.3706327974796295,0.0,0.0,0.0
"DM-6300",False,"test",0.015259875915944576,0.1951630711555481,0.015261986292898655,0.015263810753822327,0.015264668501913548,0.015260380692780018,0.6980045437812805,0.015260579064488411,0.015261097811162472
"DM-6298",True,"test",0.0,0.0,0.970496416091919,0.0,0.0,0.0,0.0,0.0,0.0
"DM-6297",False,"test",0.0,0.0,0.9704954624176025,0.0,0.0,0.0,0.0,0.0,0.0
"DM-6288",False,"test",0.0,0.0,0.0,0.9555495381355286,0.0,0.0,0.0,0.0,0.0
"DM-6285",False,"test",0.0,0.0,0.0,0.9308227896690369,0.0,0.0,0.0,0.0,0.0
"DM-6261",True,"test",0.0,0.0,0.0,0.0,0.0,0.5160442590713501,0.42833295464515686,0.0,0.0
"DM-6259",False,"test",0.01236213743686676,0.012370050884783268,0.012367213144898415,0.012364724650979042,0.01237746886909008,0.012369221076369286,0.012368720024824142,0.2421237677335739,0.6712967157363892
"DM-6256",False,"test",0.011120625771582127,0.512968897819519,0.011124134995043278,0.1491745263338089,0.01111882459372282,0.011123583652079105,0.01112454291433096,0.01112026534974575,0.27112460136413574
"DM-6255",True,"test",0.0,0.0,0.0,0.0,0.0,0.09712843596935272,0.283239483833313,0.1929333657026291,0.3974723219871521
"DM-6254",False,"test",0.0,0.0,0.0,0.0,0.0,0.295420378446579,0.6810068488121033,0.0,0.0
"DM-6253",False,"test",0.012306950986385345,0.01230317447334528,0.012301859445869923,0.01231019850820303,0.01230099517852068,0.012302812188863754,0.9015701413154602,0.012302106246352196,0.012301808223128319
"DM-6248",False,"test",0.0,0.22130414843559265,0.0,0.0,0.0,0.2100626677274704,0.4341232478618622,0.0,0.1018013283610344
"DM-6247",False,"test",0.0,0.4868246912956238,0.0,0.0,0.0,0.14993816614151,0.0,0.0,0.32616832852363586
"DM-6244",False,"test",0.0,0.0,0.06296320259571075,0.0,0.0,0.34253284335136414,0.1600692719221115,0.0,0.41523757576942444
"DM-6243",False,"test",0.0,0.14799264073371887,0.0,0.1356801688671112,0.0,0.3193497657775879,0.0,0.0,0.381963849067688
"DM-6178",False,"test",0.0,0.0,0.0,0.0,0.0,0.27255114912986755,0.0,0.7045838236808777,0.0
"DM-6166",False,"test",0.19728945195674896,0.0,0.0,0.0,0.0,0.0,0.28374940156936646,0.0,0.4797123670578003
"DM-6149",False,"test",0.0,0.0,0.0,0.0,0.45261451601982117,0.0,0.3593047261238098,0.16239343583583832,0.0
"DM-6147",False,"test",0.3420492708683014,0.0,0.20925278961658478,0.2669096887111664,0.0,0.1658475250005722,0.0,0.0,0.0
"DM-6134",False,"test",0.011083525605499744,0.011086685582995415,0.34651079773902893,0.5758737921714783,0.011094114743173122,0.011091352440416813,0.011091739870607853,0.01108488254249096,0.01108312327414751
"DM-6133",True,"test",0.33552610874176025,0.09973027557134628,0.0,0.07069332152605057,0.0,0.16533449292182922,0.1818634420633316,0.14228810369968414,0.0
"DM-6125",False,"test",0.0,0.037640709429979324,0.0,0.0,0.11528775095939636,0.0,0.0,0.6721367835998535,0.15502995252609253
"DM-6108",False,"test",0.0,0.07051568478345871,0.0,0.31136444211006165,0.28498154878616333,0.0,0.3252080976963043,0.0,0.0
"DM-6083",False,"test",0.0,0.5365937352180481,0.0,0.0,0.0,0.0,0.4080820083618164,0.0,0.0
"DM-6050",True,"test",0.09524404257535934,0.0,0.0,0.0,0.28832101821899414,0.024588262662291527,0.566839873790741,0.0,0.020333008840680122
"DM-6048",True,"test",0.0,0.11101730912923813,0.0,0.0,0.46470409631729126,0.0,0.0,0.3925466537475586,0.0
"DM-6022",False,"test",0.08376441150903702,0.0,0.0,0.28625422716140747,0.6021758913993835,0.0,0.0,0.0,0.0
"DM-5989",True,"test",0.0,0.0,0.0,0.0,0.0,0.0,0.7497103214263916,0.0,0.21981191635131836
"DM-5967",False,"test",0.016536323353648186,0.016538063064217567,0.01653699204325676,0.016542240977287292,0.016556836664676666,0.4281023144721985,0.31410685181617737,0.15854378044605255,0.01653657667338848
"DM-5966",False,"test",0.0,0.38916826248168945,0.0,0.0,0.0,0.0,0.0,0.576972246170044,0.0
"DM-5923",False,"test",0.0,0.0,0.0,0.2995758652687073,0.0,0.4230175316333771,0.25269246101379395,0.0,0.0
"DM-5920",False,"test",0.0,0.0,0.0,0.0,0.14339062571525574,0.6144739389419556,0.22544465959072113,0.0,0.0
"DM-5913",True,"test",0.0,0.0,0.0,0.0,0.15349870920181274,0.0,0.40874412655830383,0.4059829115867615,0.0
"DM-5910",False,"test",0.0,0.0,0.0,0.0,0.4026414155960083,0.0,0.5515612363815308,0.0,0.0
"DM-5907",False,"test",0.0,0.1263364553451538,0.0,0.0,0.2237737476825714,0.0,0.3302931487560272,0.30515602231025696,0.0
"DM-5885",False,"test",0.016355762258172035,0.0,0.0,0.0,0.0,0.40517979860305786,0.3700079321861267,0.18558436632156372,0.0
"DM-5884",False,"test",0.0,0.0,0.0,0.0,0.4371627867221832,0.5251672863960266,0.0,0.0,0.0
"DM-5879",False,"test",0.0,0.0,0.0,0.0,0.0,0.0,0.0,0.9505568742752075,0.0
"DM-5875",False,"test",0.0,0.077835813164711,0.0,0.11337181180715561,0.3051301836967468,0.0,0.0,0.0,0.46645286679267883
"DM-5863",False,"test",0.0,0.3153259754180908,0.0,0.0,0.0849202498793602,0.0,0.0,0.15027476847171783,0.42520228028297424
"DM-5854",False,"test",0.35960209369659424,0.08365608751773834,0.0,0.0,0.0,0.0,0.4217679500579834,0.0,0.1257338970899582
"DM-5837",False,"test",0.18314088881015778,0.3438829779624939,0.0,0.0,0.0,0.0,0.2182878702878952,0.23404696583747864,0.0
"DM-5833",False,"test",0.011125299148261547,0.011128564365208149,0.1478520780801773,0.011130941100418568,0.011127302423119545,0.5299802422523499,0.011130079627037048,0.25539547204971313,0.011130020953714848
"DM-5829",False,"test",0.29006797075271606,0.012387102469801903,0.012386568821966648,0.012386799789965153,0.012385706417262554,0.012385332025587559,0.012393933720886707,0.01238563284277916,0.6232209801673889
"DM-5820",False,"test",0.22166042029857635,0.0,0.0,0.41572630405426025,0.0,0.16358892619609833,0.18310174345970154,0.0,0.0
"DM-5810",False,"test",0.28336551785469055,0.24527834355831146,0.0,0.146393820643425,0.0,0.112248994410038,0.0,0.0,0.1999748945236206
"DM-5800",False,"test",0.0,0.0,0.0,0.0,0.6667938828468323,0.15551988780498505,0.0,0.1425303965806961,0.0
"DM-5799",False,"test",0.21948842704296112,0.0,0.18250946700572968,0.0,0.0,0.0,0.0,0.5749527812004089,0.0
"DM-5793",True,"test",0.02779770828783512,0.027790628373622894,0.027790380641818047,0.18542976677417755,0.02781560830771923,0.027791891247034073,0.027797982096672058,0.02778562717139721,0.620000422000885
"DM-5773",False,"test",0.0,0.0,0.0,0.1079033687710762,0.0,0.0,0.7871659994125366,0.0,0.08781792968511581
"DM-5767",False,"test",0.0,0.0,0.0,0.43660974502563477,0.10742633044719696,0.16479112207889557,0.06881673634052277,0.08165635913610458,0.13311003148555756
"DM-5761",True,"test",0.0,0.0,0.0,0.0,0.832436740398407,0.11892620474100113,0.0,0.0,0.0
"DM-5757",False,"test",0.0,0.0,0.18688711524009705,0.07506746053695679,0.0,0.0,0.6981873512268066,0.0,0.0
"DM-5722",False,"test",0.022072216495871544,0.022063126787543297,0.022066783159971237,0.02206837572157383,0.022072065621614456,0.022061927244067192,0.8234663009643555,0.022063784301280975,0.02206541784107685
"DM-5717",False,"test",0.0,0.0,0.11673805862665176,0.0,0.0,0.07777635753154755,0.7940590977668762,0.0,0.0
"DM-5716",True,"test",0.011136610992252827,0.011138534173369408,0.01114039495587349,0.0111326789483428,0.011130415834486485,0.011132397688925266,0.9109227061271667,0.011133338324725628,0.011132901534438133
"DM-5702",False,"test",0.0,0.0,0.0,0.17024414241313934,0.06651274859905243,0.08829706907272339,0.3655604124069214,0.037127647548913956,0.26506713032722473
"DM-5699",False,"test",0.0,0.0,0.0,0.4163070321083069,0.2680824100971222,0.3017154335975647,0.0,0.0,0.0
"DM-5697",False,"test",0.037482667714357376,0.0,0.0,0.13289521634578705,0.0,0.6271952390670776,0.0,0.0,0.18587912619113922
"DM-5689",False,"test",0.0,0.1763172149658203,0.0,0.0,0.36290574073791504,0.4265599250793457,0.0,0.0,0.0
"DM-5686",False,"test",0.07457336783409119,0.5286599397659302,0.0,0.0,0.0,0.0,0.13117747008800507,0.0915134847164154,0.1642586588859558
"DM-5676",False,"test",0.013823190703988075,0.8894267082214355,0.013823440298438072,0.013822460547089577,0.01381822768598795,0.013819252140820026,0.013825011439621449,0.013821463100612164,0.013820290565490723
"DM-5675",False,"test",0.6263526082038879,0.10684527456760406,0.03721776604652405,0.0,0.038725387305021286,0.0,0.0,0.18552939593791962,0.0
"DM-5643",False,"test",0.5178148150444031,0.0,0.0,0.0,0.0,0.2180192917585373,0.0,0.2362441122531891,0.0
"DM-5642",False,"test",0.0,0.0,0.0,0.0,0.0,0.0,0.5082299709320068,0.0,0.46591275930404663
"DM-5641",False,"test",0.08873746544122696,0.0,0.1468881219625473,0.13950824737548828,0.19430941343307495,0.24516670405864716,0.16834010183811188,0.0,0.011139396578073502
"DM-5634",False,"test",0.011120247654616833,0.5438350439071655,0.011117316782474518,0.011121509596705437,0.011125864461064339,0.37831562757492065,0.011120239272713661,0.011122891679406166,0.011121196672320366
"DM-5607",False,"test",0.0,0.0,0.0,0.23208703100681305,0.0,0.0,0.16239416599273682,0.0,0.5869836211204529
"DM-5593",False,"test",0.0,0.0,0.0,0.0,0.140639066696167,0.3826676905155182,0.13306798040866852,0.0,0.3281807005405426
"DM-5590",False,"test",0.04101109504699707,0.03251508250832558,0.758316695690155,0.0,0.0,0.03534816950559616,0.0,0.021931398659944534,0.10878734290599823
"DM-5588",False,"test",0.0,0.45912230014801025,0.0,0.0,0.0,0.1969982385635376,0.0,0.08625591546297073,0.24529212713241577
"DM-5584",False,"test",0.20565766096115112,0.0,0.0,0.5949141979217529,0.0,0.0,0.1690777987241745,0.0,0.0
"DM-5551",False,"test",0.022247184067964554,0.822043776512146,0.02224007621407509,0.022251101210713387,0.022241096943616867,0.02224438078701496,0.02224278263747692,0.022244801744818687,0.022244824096560478
"DM-5548",False,"test",0.0,0.0,0.0,0.0,0.2533721327781677,0.2505073845386505,0.0,0.0,0.47605133056640625
"DM-5543",False,"test",0.41072237491607666,0.02224913239479065,0.02223420888185501,0.022236447781324387,0.02223294787108898,0.022237971425056458,0.022242438048124313,0.4336060881614685,0.022238457575440407
"DM-5533",False,"test",0.14232000708580017,0.012357396073639393,0.012360584922134876,0.012359954416751862,0.012358879670500755,0.01235545426607132,0.6644826531410217,0.012360503897070885,0.11904451251029968
"DM-5521",False,"test",0.022236056625843048,0.022238848730921745,0.022247087210416794,0.02224608138203621,0.022235266864299774,0.022238416597247124,0.8220884799957275,0.022237293422222137,0.022232532501220703
"DM-5517",True,"test",0.027816984802484512,0.7775083184242249,0.02780573070049286,0.027823079377412796,0.027802366763353348,0.02781173214316368,0.027809128165245056,0.027812344953417778,0.027810264378786087
"DM-5509",True,"test",0.0,0.247212216258049,0.35023561120033264,0.0,0.0,0.0,0.369182288646698,0.0,0.0
"DM-5488",True,"test",0.0,0.0,0.12383036315441132,0.0,0.19981780648231506,0.0,0.39271095395088196,0.0,0.2727353572845459
"DM-5470",False,"test",0.16966795921325684,0.0,0.0,0.0,0.0,0.2503931522369385,0.42974957823753357,0.1260061264038086,0.0
"DM-5466",False,"test",0.465946763753891,0.0,0.0,0.0,0.0,0.0,0.0,0.10460103303194046,0.4163195490837097
"DM-5463",False,"test",0.0,0.0,0.0,0.26262176036834717,0.0,0.1833774298429489,0.0,0.11295801401138306,0.41332435607910156
"DM-5453",False,"test",0.64495849609375,0.0,0.0,0.0,0.03671669587492943,0.0,0.0,0.3057902157306671,0.0
"DM-5448",False,"test",0.0,0.17660365998744965,0.0,0.0,0.0,0.29493430256843567,0.0,0.4808006286621094,0.0
"DM-5446",False,"test",0.0,0.5216578245162964,0.0,0.0,0.0,0.0,0.0,0.43243420124053955,0.0
"DM-5428",False,"test",0.4287443161010742,0.03277554735541344,0.044158656150102615,0.1004740297794342,0.0,0.0,0.18327927589416504,0.13214947283267975,0.07559915632009506
"DM-5424",False,"test",0.0,0.04733513295650482,0.0,0.0,0.3680848777294159,0.0,0.0,0.5610367655754089,0.0
"DM-5414",False,"test",0.5474163293838501,0.0,0.0,0.0,0.23589695990085602,0.0,0.0,0.06194797530770302,0.13398921489715576
"DM-5402",False,"test",0.0,0.0,0.0,0.0,0.24955928325653076,0.3441641330718994,0.3670237064361572,0.0,0.0
"DM-5390",False,"test",0.03704245388507843,0.037045013159513474,0.03704617917537689,0.03704679757356644,0.03704293444752693,0.703632652759552,0.03704897686839104,0.03704981505870819,0.037045180797576904
"DM-5389",False,"test",0.0,0.0,0.0,0.0,0.0,0.5643091201782227,0.3924444317817688,0.0,0.0
"DM-5364",False,"test",0.08199900388717651,0.0,0.0,0.20863912999629974,0.6701222658157349,0.0,0.0,0.0,0.0
"DM-5363",True,"test",0.0,0.0,0.0,0.09249206632375717,0.35875779390335083,0.5126607418060303,0.0,0.0,0.0
"DM-5356",False,"test",0.09473218768835068,0.16607435047626495,0.0,0.0,0.0,0.0,0.7057713270187378,0.0,0.0
"DM-5336",False,"test",0.18365217745304108,0.0,0.0,0.0,0.0,0.5343223214149475,0.0,0.0,0.23434534668922424
"DM-5334",False,"test",0.10444515198469162,0.0,0.0,0.0,0.446785032749176,0.22357626259326935,0.20599296689033508,0.0,0.0
"DM-5321",True,"test",0.0,0.0,0.14489123225212097,0.0,0.0,0.0,0.06531926989555359,0.26408740878105164,0.501438558101654
"DM-5319",False,"test",0.01235361211001873,0.012353681027889252,0.012349171563982964,0.012354381382465363,0.012355831451714039,0.9011749029159546,0.012352501973509789,0.012353998608887196,0.012351945042610168
"DM-5318",False,"test",0.0,0.0,0.0,0.11419574916362762,0.17478466033935547,0.0,0.5464946031570435,0.0,0.1403409242630005
"DM-5314",False,"test",0.027792755514383316,0.027787508442997932,0.027791058644652367,0.027811463922262192,0.2682834267616272,0.027794022113084793,0.027802925556898117,0.537135124206543,0.027801670134067535
"DM-5310",True,"test",0.0,0.0,0.0,0.0,0.16279393434524536,0.26106640696525574,0.0,0.0,0.5338837504386902
"DM-5290",False,"test",0.0,0.0,0.0,0.3063623309135437,0.0,0.0,0.6337274312973022,0.0,0.0
"DM-5289",False,"test",0.0,0.1953408569097519,0.0,0.2577754259109497,0.20712310075759888,0.05553589388728142,0.05896202474832535,0.13220062851905823,0.09091251343488693
"DM-5288",False,"test",0.0,0.0,0.0,0.16814009845256805,0.4497624337673187,0.0,0.0,0.36501985788345337,0.0
"DM-5287",False,"test",0.17331941425800323,0.0,0.0,0.3334214985370636,0.4675907790660858,0.0,0.0,0.0,0.0
"DM-5283",False,"test",0.14079231023788452,0.0,0.0,0.0,0.3427858352661133,0.1688862442970276,0.0,0.3359491527080536,0.0
"DM-5275",False,"test",0.0,0.20586666464805603,0.14344464242458344,0.0,0.24353355169296265,0.0,0.37886956334114075,0.0,0.0
"DM-5273",False,"test",0.15461662411689758,0.0,0.2568817436695099,0.0,0.0,0.2974121570587158,0.2657754421234131,0.0,0.0
"DM-5250",False,"test",0.012357005849480629,0.012363479472696781,0.012351958081126213,0.01235388033092022,0.012354730628430843,0.01235960889607668,0.5419796705245972,0.012355956248939037,0.3715236485004425
"DM-5248",False,"test",0.0,0.0,0.0,0.0,0.0,0.0,0.3935341536998749,0.0,0.5654940605163574
"DM-5218",False,"test",0.0,0.0,0.0,0.0,0.15287858247756958,0.37222418189048767,0.27944377064704895,0.0,0.15267036855220795
"DM-5209",False,"test",0.0,0.0,0.0,0.0,0.0,0.6279026865959167,0.3421565890312195,0.0,0.0
"DM-5205",True,"test",0.0,0.17520079016685486,0.0,0.0,0.41850414872169495,0.0,0.21024057269096375,0.0,0.16874776780605316
"DM-5204",False,"test",0.011172306723892689,0.011171902529895306,0.01117146760225296,0.011171591468155384,0.011172875761985779,0.011170601472258568,0.9106246829032898,0.011172600090503693,0.011171956546604633
"DM-5203",False,"test",0.012351766228675842,0.012352201156318188,0.012351060286164284,0.012365994974970818,0.012357042171061039,0.9011656641960144,0.012354321777820587,0.012349283322691917,0.012352618388831615
"DM-5198",True,"test",0.013893973082304,0.013895733281970024,0.013897900469601154,0.013898852281272411,0.8888150453567505,0.013897210359573364,0.013904266059398651,0.013894936069846153,0.01390207838267088
"DM-5187",False,"test",0.0,0.10333124548196793,0.0,0.0,0.0,0.48072245717048645,0.25045257806777954,0.14628523588180542,0.0
"DM-5185",True,"test",0.19522139430046082,0.01852509379386902,0.01852811686694622,0.4515828490257263,0.018528766930103302,0.01852620393037796,0.018526822328567505,0.24203398823738098,0.01852678507566452
"DM-5182",True,"test",0.01588025502860546,0.01588129810988903,0.015878910198807716,0.015880340710282326,0.015882831066846848,0.015879832208156586,0.8729578256607056,0.01587902568280697,0.015879694372415543
"DM-5165",True,"test",0.011128410696983337,0.011122740805149078,0.01112325955182314,0.6452983617782593,0.011133480817079544,0.011126124300062656,0.2768114507198334,0.011125828139483929,0.011130323633551598
"DM-5163",False,"test",0.0,0.0,0.0,0.3745497167110443,0.0,0.0,0.5976343750953674,0.0,0.0
"DM-5131",False,"test",0.015894094482064247,0.0158859733492136,0.01589183323085308,0.01588812842965126,0.015894167125225067,0.015885090455412865,0.5922307372093201,0.015887178480625153,0.296542763710022
"DM-5130",False,"test",0.6121084094047546,0.0,0.0,0.3643226623535156,0.0,0.0,0.0,0.0,0.0
"DM-5129",False,"test",0.011133207939565182,0.3715192377567291,0.011124944314360619,0.5505860447883606,0.011127651669085026,0.011128097772598267,0.011126087978482246,0.011126105673611164,0.011128591373562813
"DM-5109",True,"test",0.1572784185409546,0.0,0.0,0.0,0.0,0.3701912462711334,0.4435127079486847,0.0,0.0
"DM-5088",False,"test",0.2918481230735779,0.0,0.0,0.11179353296756744,0.0,0.3165755271911621,0.2658901512622833,0.0,0.0
"DM-5084",False,"test",0.0,0.17754791676998138,0.0,0.052376821637153625,0.1691235452890396,0.0,0.08927315473556519,0.5034730434417725,0.0
"DM-5040",False,"test",0.022242838516831398,0.5428343415260315,0.022244011983275414,0.022232433781027794,0.02224140800535679,0.022230874747037888,0.022239742800593376,0.02223403938114643,0.3015002906322479
"DM-5039",False,"test",0.013906292617321014,0.013912626542150974,0.013909630477428436,0.013899934478104115,0.01390477828681469,0.19291415810585022,0.013904832303524017,0.7097440958023071,0.013903595507144928
"DM-5038",True,"test",0.018547112122178078,0.018550202250480652,0.01854412816464901,0.43332117795944214,0.4368690550327301,0.018543154001235962,0.01854463294148445,0.018538404256105423,0.018542151898145676
"DM-5019",False,"test",0.0,0.0,0.0,0.0,0.0,0.42333146929740906,0.5167949795722961,0.0,0.0
"DM-5006",False,"test",0.2808576822280884,0.020154036581516266,0.0,0.0,0.2382415235042572,0.0,0.2535828649997711,0.0,0.19868016242980957
"DM-4998",False,"test",0.559672474861145,0.047632135450839996,0.03837848827242851,0.31644880771636963,0.0,0.0330214649438858,0.0,0.0,0.0
"DM-4995",False,"test",0.7073608636856079,0.011127338744699955,0.01112045906484127,0.011123208329081535,0.011122772470116615,0.011123711243271828,0.011123690754175186,0.21477873623371124,0.011119254864752293
"DM-4991",False,"test",0.0,0.0,0.0,0.43289270997047424,0.0,0.0,0.0,0.5372101068496704,0.0
"DM-4960",False,"test",0.06254199147224426,0.2505459189414978,0.0,0.3107261657714844,0.1473751813173294,0.0,0.0,0.22279834747314453,0.0
"DM-4958",True,"test",0.0,0.0,0.0,0.34788885712623596,0.3430687487125397,0.264562726020813,0.0,0.0,0.0
"DM-4940",False,"test",0.010121108964085579,0.0101295355707407,0.010120873339474201,0.010129504837095737,0.010121839120984077,0.010125108994543552,0.5100579857826233,0.01012362353503704,0.41907042264938354
"DM-4939",False,"test",0.0,0.0,0.0,0.0,0.0,0.0,0.6622013449668884,0.0,0.2858189642429352
"DM-4938",False,"test",0.24267086386680603,0.0,0.25617846846580505,0.0,0.08308679610490799,0.17492644488811493,0.030666446313261986,0.20817311108112335,0.0
"DM-4936",False,"test",0.5509588122367859,0.0,0.0,0.11122369766235352,0.0,0.0,0.0,0.25180962681770325,0.06606060266494751
"DM-4934",True,"test",0.12308644503355026,0.010105875320732594,0.371743768453598,0.01010599173605442,0.010109098628163338,0.01010738592594862,0.44452643394470215,0.010105782188475132,0.010109210386872292
"DM-4926",False,"test",0.3141734004020691,0.5969070792198181,0.0,0.06506668776273727,0.0,0.0,0.0,0.0,0.0
"DM-4920",False,"test",0.09659019112586975,0.0,0.0,0.37552282214164734,0.5069391131401062,0.0,0.0,0.0,0.0
"DM-4899",False,"test",0.0,0.0,0.0,0.1480119824409485,0.10328724980354309,0.5540837049484253,0.15979206562042236,0.0,0.0
"DM-4895",False,"test",0.0,0.0,0.0,0.8043857216835022,0.0,0.14981679618358612,0.0,0.0,0.0
"DM-4894",False,"test",0.4251476526260376,0.0,0.0,0.465738981962204,0.08838366717100143,0.0,0.0,0.0,0.0
"DM-4885",True,"test",0.022237367928028107,0.022233564406633377,0.02223237417638302,0.022241763770580292,0.4062207341194153,0.022260447964072227,0.02224111743271351,0.022231731563806534,0.4381009042263031
"DM-4849",False,"test",0.08396643400192261,0.0,0.5165952444076538,0.0,0.0,0.12882675230503082,0.0,0.0,0.23976847529411316
"DM-4843",False,"test",0.0,0.0,0.0,0.6384116411209106,0.3228248059749603,0.0,0.0,0.0,0.0
"DM-4842",False,"test",0.0,0.0,0.0,0.0,0.37418079376220703,0.0,0.0,0.0,0.5816738605499268
"DM-4840",False,"test",0.0,0.0,0.0,0.6960493922233582,0.18402379751205444,0.0,0.0,0.08812547475099564,0.0
"DM-4839",False,"test",0.0,0.0,0.0,0.1706826388835907,0.0,0.0,0.5096030235290527,0.2866956889629364,0.0
"DM-4838",False,"test",0.0,0.0,0.0,0.3270787000656128,0.14642812311649323,0.0,0.0,0.3419785797595978,0.16595801711082458
"DM-4836",True,"test",0.0,0.0,0.0,0.04440466687083244,0.0,0.571880578994751,0.2136203646659851,0.0,0.16082638502120972
"DM-4835",True,"test",0.0,0.160691499710083,0.0,0.0,0.2966756522655487,0.2719787359237671,0.0,0.0,0.25215741991996765
"DM-4824",False,"test",0.0,0.0,0.38846248388290405,0.3293814957141876,0.0,0.0,0.2266172170639038,0.0,0.0
"DM-4816",False,"test",0.0,0.23157913982868195,0.0,0.0,0.4373030960559845,0.0,0.0,0.0,0.30490708351135254
"DM-4807",False,"test",0.0,0.0,0.0,0.0,0.4700486958026886,0.0,0.0,0.37755876779556274,0.12066604942083359
"DM-4800",False,"test",0.0,0.0,0.0,0.0,0.8261270523071289,0.0,0.0,0.0,0.13043850660324097
"DM-4799",False,"test",0.056828517466783524,0.05682853236794472,0.056828517466783524,0.5453701615333557,0.05682871490716934,0.05682859569787979,0.05682894214987755,0.05682854354381561,0.05682947859168053
"DM-4797",False,"test",0.30606019496917725,0.0,0.0,0.05439272150397301,0.0,0.0,0.15970507264137268,0.46303749084472656,0.0
"DM-4789",False,"test",0.19776417315006256,0.0,0.0,0.633870542049408,0.0,0.0,0.0,0.1350020170211792,0.0
"DM-4788",False,"test",0.0,0.0,0.0,0.5984392166137695,0.2991693317890167,0.06681696325540543,0.0,0.0,0.0
"DM-4785",True,"test",0.0,0.0,0.1287192404270172,0.1932496428489685,0.0,0.0,0.3004899322986603,0.35613784193992615,0.0
"DM-4780",False,"test",0.8558643460273743,0.03989618644118309,0.0,0.0,0.0,0.0,0.0,0.10198019444942474,0.0
"DM-4768",False,"test",0.0,0.0,0.0,0.2234586775302887,0.40085795521736145,0.20294751226902008,0.1594865918159485,0.0,0.0
"DM-4758",True,"test",0.0,0.0,0.0,0.25893086194992065,0.2805905342102051,0.10907258093357086,0.32910382747650146,0.0,0.0
"DM-4705",False,"test",0.0,0.1455395668745041,0.25842130184173584,0.11261589825153351,0.10946055501699448,0.14039097726345062,0.16186760365962982,0.0,0.06789223849773407
"DM-4704",False,"test",0.5205270648002625,0.0,0.0,0.0,0.0,0.07123946398496628,0.38679593801498413,0.0,0.0
"DM-4691",False,"test",0.027424078434705734,0.027424965053796768,0.02742682583630085,0.2512259781360626,0.29405486583709717,0.02742602676153183,0.2901623547077179,0.027431005612015724,0.02742394059896469
"DM-4690",False,"test",0.01853383332490921,0.29872432351112366,0.018529916182160378,0.018527192994952202,0.01852939836680889,0.018534598872065544,0.018534990027546883,0.5715494155883789,0.018536362797021866
"DM-4677",False,"test",0.05471530184149742,0.0,0.0,0.0,0.0,0.0,0.0,0.9185323119163513,0.0
"DM-4667",False,"test",0.100035659968853,0.0,0.0,0.0,0.0,0.0,0.7441573739051819,0.11414539068937302,0.0
"DM-4648",False,"test",0.12104436010122299,0.0,0.0,0.0,0.18663029372692108,0.0,0.0,0.6618735790252686,0.02951163239777088
"DM-4639",False,"test",0.15914729237556458,0.0,0.5123128294944763,0.0,0.0,0.09899020195007324,0.06318630278110504,0.16125448048114777,0.0
"DM-4630",False,"test",0.0,0.0,0.0,0.0,0.0,0.0,0.309203177690506,0.6352981925010681,0.0
"DM-4616",False,"test",0.1727771908044815,0.0,0.26519158482551575,0.05233738198876381,0.0,0.0,0.25923827290534973,0.20404011011123657,0.039898525923490524
"DM-4591",False,"test",0.5442325472831726,0.0,0.0,0.0,0.21490879356861115,0.14643791317939758,0.0776229277253151,0.0,0.0
"DM-4581",False,"test",0.0,0.0,0.0,0.6702128648757935,0.10178016871213913,0.18245793879032135,0.0,0.0,0.0
"DM-4580",True,"test",0.010107627138495445,0.010104374028742313,0.010104186832904816,0.9191445708274841,0.01011259201914072,0.010105106048285961,0.010112011805176735,0.01010418776422739,0.010105357505381107
"DM-4579",False,"test",0.0,0.0,0.0,0.6194107532501221,0.3207017481327057,0.0,0.0,0.0,0.0
"DM-4578",False,"test",0.12094873189926147,0.0,0.13307102024555206,0.0,0.3443332612514496,0.34214550256729126,0.0,0.04697740077972412,0.0
"DM-4577",False,"test",0.022237714380025864,0.022225214168429375,0.022226599976420403,0.8221592903137207,0.022231247276067734,0.022233176976442337,0.022228840738534927,0.02222764864563942,0.022230254486203194
"DM-4576",False,"test",0.010115273296833038,0.010114999487996101,0.010114545933902264,0.5609247088432312,0.3682722747325897,0.010115878656506538,0.01011479552835226,0.010113634169101715,0.010113878175616264
"DM-4574",False,"test",0.010119279846549034,0.010107076726853848,0.010106629692018032,0.010111515410244465,0.010109035298228264,0.010114045813679695,0.9191116690635681,0.010109840892255306,0.010110887698829174
"DM-4572",True,"test",0.2556380033493042,0.0,0.0,0.0,0.45252010226249695,0.0,0.2651539146900177,0.0,0.0
"DM-4570",False,"test",0.48316678404808044,0.0,0.0,0.35303160548210144,0.0,0.13476145267486572,0.0,0.0,0.0
"DM-4569",False,"test",0.0,0.0,0.0,0.43746712803840637,0.45495009422302246,0.08456401526927948,0.0,0.0,0.0
"DM-4565",False,"test",0.34263601899147034,0.0,0.0,0.0,0.0,0.2496081292629242,0.37597644329071045,0.0,0.0
"DM-4550",False,"test",0.3958849310874939,0.0,0.0,0.0,0.15946036577224731,0.0,0.0,0.0,0.3965691030025482
"DM-4504",True,"test",0.013894421048462391,0.013895864598453045,0.013893820345401764,0.013900467194616795,0.013912783935666084,0.013901611790060997,0.888814389705658,0.01389221753925085,0.013894434086978436
"DM-4501",False,"test",0.018524160608649254,0.01852235198020935,0.018521804362535477,0.018529599532485008,0.01853680983185768,0.018527088686823845,0.8517929911613464,0.01852279156446457,0.01852242834866047
"DM-4489",True,"test",0.0158843956887722,0.38318678736686707,0.015883661806583405,0.01588555797934532,0.5056105256080627,0.015883034095168114,0.01590045541524887,0.015882855281233788,0.015882741659879684
"DM-4488",True,"test",0.022244669497013092,0.022228259593248367,0.02223067730665207,0.022248487919569016,0.022244105115532875,0.022229794412851334,0.8221152424812317,0.022230515256524086,0.022228285670280457
"DM-4486",True,"test",0.018548615276813507,0.01853729598224163,0.01853783428668976,0.26468801498413086,0.6055070757865906,0.018537133932113647,0.01855582371354103,0.018542952835559845,0.01854529045522213
"DM-4484",True,"test",0.018523894250392914,0.01852334663271904,0.018522515892982483,0.018524833023548126,0.6717915534973145,0.018522541970014572,0.19854463636875153,0.0185236856341362,0.01852298527956009
"DM-4482",True,"test",0.018523387610912323,0.01852218061685562,0.018522487953305244,0.01852475292980671,0.8517974615097046,0.018527338281273842,0.01853853277862072,0.018522674217820168,0.01852119155228138
"DM-4480",False,"test",0.018535878509283066,0.018533725291490555,0.018533170223236084,0.2535640597343445,0.018549587577581406,0.01854068599641323,0.6166749596595764,0.018535196781158447,0.018532700836658478
"DM-4473",False,"test",0.01235829759389162,0.012361684814095497,0.012352369725704193,0.6853798031806946,0.01235225796699524,0.22812190651893616,0.012359004467725754,0.012358157895505428,0.012356560677289963
"DM-4457",False,"test",0.027800919488072395,0.027795910835266113,0.0277949720621109,0.027810145169496536,0.0278080515563488,0.02778996154665947,0.7776094079017639,0.027796687558293343,0.027793945744633675
"DM-4450",False,"test",0.02704213187098503,0.02705918811261654,0.02704295888543129,0.3064640760421753,0.5042278170585632,0.027040205895900726,0.02704720012843609,0.02703791670501232,0.027038447558879852
"DM-4438",False,"test",0.13848255574703217,0.0,0.0,0.0,0.0,0.7927446961402893,0.0,0.0,0.0
"DM-4410",True,"test",0.0,0.3357795476913452,0.0,0.27690279483795166,0.19548319280147552,0.0,0.0,0.0,0.1764386147260666
"DM-4398",False,"test",0.3531173765659332,0.0,0.3204699158668518,0.0,0.0,0.0,0.0,0.29410332441329956,0.0
"DM-4368",False,"test",0.0,0.0,0.0,0.0,0.7413622140884399,0.0,0.0,0.0,0.19514505565166473
"DM-4259",False,"test",0.0,0.0,0.0,0.0,0.0,0.1076008528470993,0.46180230379104614,0.4135890007019043,0.0
"DM-4253",False,"test",0.0,0.0,0.0,0.2079206258058548,0.0,0.0,0.6411943435668945,0.0,0.09950722008943558
"DM-4239",False,"test",0.0,0.0,0.0,0.0,0.33048540353775024,0.0,0.26075276732444763,0.0459197498857975,0.3301355838775635
"DM-4238",False,"test",0.23305051028728485,0.0,0.22570763528347015,0.19885794818401337,0.30530187487602234,0.0,0.0,0.0,0.0
"DM-4235",False,"test",0.17522604763507843,0.34856918454170227,0.0,0.3265165090560913,0.13832978904247284,0.0,0.0,0.0,0.0
"DM-4234",True,"test",0.0,0.0,0.05125429853796959,0.2197163701057434,0.13344714045524597,0.31418097019195557,0.0,0.0,0.2766862213611603
"DM-4231",False,"test",0.03585664927959442,0.03585854917764664,0.035870637744665146,0.3422333598136902,0.4067409038543701,0.035863086581230164,0.0358588807284832,0.035856373608112335,0.03586157411336899
"DM-4208",False,"test",0.0,0.0,0.0,0.0,0.2919653058052063,0.0,0.0,0.5936536192893982,0.07923538982868195
"DM-4206",False,"test",0.0,0.0,0.0,0.0,0.0,0.0,0.9258854985237122,0.0,0.0
"DM-4171",True,"test",0.0,0.040290962904691696,0.0,0.0,0.29141488671302795,0.1523054987192154,0.3654957413673401,0.14082060754299164,0.0
"DM-4165",False,"test",0.3052148222923279,0.10942336171865463,0.21943020820617676,0.0,0.0,0.059537481516599655,0.13483163714408875,0.16251257061958313,0.0
"DM-4157",True,"test",0.17099140584468842,0.2026616334915161,0.0,0.0,0.46330973505973816,0.0,0.15071558952331543,0.0,0.0
"DM-4156",False,"test",0.029625264927744865,0.0,0.0,0.24527642130851746,0.0,0.16959406435489655,0.22717419266700745,0.03781898692250252,0.28600960969924927
"DM-4155",True,"test",0.0,0.24216297268867493,0.0,0.0,0.0,0.0,0.2915704548358917,0.0,0.4466305375099182
"DM-4151",False,"test",0.0,0.0,0.0,0.0,0.0,0.1642950028181076,0.0,0.10874005407094955,0.6979532241821289
"DM-4136",False,"test",0.0,0.3070244789123535,0.0,0.3948383331298828,0.08629857003688812,0.18765245378017426,0.0,0.0,0.0
"DM-4127",True,"test",0.019371431320905685,0.019381921738386154,0.01937650889158249,0.019382840022444725,0.8449735641479492,0.019385863095521927,0.01938343234360218,0.019369646906852722,0.01937481202185154
"DM-4125",False,"test",0.7115850448608398,0.0,0.06505812704563141,0.0,0.0,0.0,0.0,0.21910922229290009,0.0
"DM-4105",False,"test",0.1411014348268509,0.010108058340847492,0.010107601061463356,0.01010563038289547,0.010107876732945442,0.01010815054178238,0.7881467938423157,0.010105623863637447,0.010108771733939648
"DM-4092",False,"test",0.0,0.0,0.0,0.9364542365074158,0.0,0.0,0.0,0.0,0.0
"DM-4036",False,"test",0.0,0.0,0.5694432854652405,0.0,0.0,0.0,0.3319874405860901,0.0,0.07385880500078201
"DM-4035",False,"test",0.14190088212490082,0.19262747466564178,0.4655314087867737,0.0,0.0,0.0,0.18308492004871368,0.0,0.0
"DM-4022",False,"test",0.5629767775535583,0.11812999099493027,0.0,0.0,0.0,0.0,0.03028721921145916,0.2781507670879364,0.0
"DM-3980",False,"test",0.0,0.0,0.30014872550964355,0.2495468556880951,0.2995840609073639,0.0,0.0,0.1109791249036789,0.0
"DM-3962",True,"test",0.1111111119389534,0.1111111119389534,0.1111111119389534,0.1111111119389534,0.1111111119389534,0.1111111119389534,0.1111111119389534,0.1111111119389534,0.1111111119389534
"DM-3961",True,"test",0.03684260696172714,0.036841459572315216,0.03683913126587868,0.03686586394906044,0.03685711696743965,0.03684471920132637,0.03684582561254501,0.7051998972892761,0.036863382905721664
"DM-3958",False,"test",0.0,0.0,0.13368438184261322,0.0,0.0,0.0,0.0,0.5551900267601013,0.27413031458854675
"DM-3952",False,"test",0.0,0.0,0.2628731429576874,0.0,0.0,0.258648544549942,0.44668373465538025,0.0,0.0
"DM-3947",False,"test",0.5027530193328857,0.011120838113129139,0.01111981738358736,0.011120710521936417,0.011118809692561626,0.011116995476186275,0.41940805315971375,0.011121578514575958,0.01112018059939146
"DM-3945",False,"test",0.02267230860888958,0.02266816608607769,0.02266794815659523,0.0226693507283926,0.02266702800989151,0.02267073281109333,0.42025911808013916,0.4210558533668518,0.02266952209174633
"DM-3942",False,"test",0.0,0.0,0.0,0.21360068023204803,0.0,0.0,0.0,0.7704529166221619,0.0
"DM-3940",False,"test",0.27057579159736633,0.0,0.05087064951658249,0.0,0.0,0.37585583329200745,0.29299476742744446,0.0,0.0
"DM-3938",True,"test",0.05561388283967972,0.05556201562285423,0.05561964586377144,0.055632464587688446,0.555229663848877,0.05559484288096428,0.055592991411685944,0.05557447299361229,0.055579982697963715
"DM-3936",False,"test",0.015880577266216278,0.015881869941949844,0.015879934653639793,0.01588996686041355,0.01589229330420494,0.3834344446659088,0.5053803324699402,0.015883149579167366,0.015877414494752884
"DM-3926",False,"test",0.0,0.0,0.0,0.0,0.0,0.0,0.9679633975028992,0.0,0.0
"DM-3896",True,"test",0.0,0.0,0.0,0.35430318117141724,0.0,0.0,0.0,0.0,0.6132622361183167
"DM-3894",False,"test",0.0,0.0,0.0,0.2562492787837982,0.0,0.0,0.0,0.0,0.7113165259361267
"DM-3888",False,"test",0.15241549909114838,0.0,0.0,0.4871881306171417,0.12948063015937805,0.0,0.20120783150196075,0.0,0.0
"DM-3821",False,"test",0.09028437733650208,0.1156630739569664,0.0,0.2571609318256378,0.0,0.0,0.412691593170166,0.11784595996141434,0.0
"DM-3804",False,"test",0.4393360912799835,0.21349932253360748,0.0,0.0,0.0,0.0,0.32163870334625244,0.0,0.0
"DM-3798",True,"test",0.0,0.0,0.0,0.964737057685852,0.0,0.0,0.0,0.0,0.0
"DM-3791",False,"test",0.0,0.177870512008667,0.0,0.0,0.36177241802215576,0.4269393980503082,0.0,0.0,0.0
"DM-3772",False,"test",0.11996528506278992,0.0,0.0,0.3574497103691101,0.0,0.490658164024353,0.0,0.0,0.0
"DM-3702",False,"test",0.0,0.0,0.0,0.5482865571975708,0.0,0.0,0.05611395835876465,0.17336948215961456,0.21016065776348114
"DM-3701",False,"test",0.0,0.0,0.0,0.11686445027589798,0.2577356994152069,0.0,0.5034410953521729,0.0,0.09559866786003113
"DM-3700",True,"test",0.0,0.0,0.0,0.20792576670646667,0.0,0.0,0.6411892175674438,0.0,0.09950722008943558
"DM-3698",False,"test",0.10481926798820496,0.0,0.0,0.6380105018615723,0.08231344074010849,0.0,0.0,0.0,0.16436295211315155
"DM-3691",False,"test",0.0,0.0,0.0,0.0,0.2414150834083557,0.23909741640090942,0.0814635381102562,0.18721769750118256,0.2375948578119278
"DM-3686",False,"test",0.0,0.0,0.0,0.1839907467365265,0.0,0.3989070653915405,0.0,0.2536844313144684,0.1504853367805481
"DM-3678",True,"test",0.1417725682258606,0.06432109326124191,0.0,0.3499436378479004,0.0,0.1971784383058548,0.23966747522354126,0.0,0.0
"DM-3677",True,"test",0.011119269765913486,0.011118193157017231,0.011128291487693787,0.01111831795424223,0.4030517041683197,0.011119195260107517,0.011119423434138298,0.5191054940223694,0.011120137758553028
"DM-3666",False,"test",0.028011877089738846,0.028056295588612556,0.028001900762319565,0.028038138523697853,0.028027011081576347,0.7758069038391113,0.028006460517644882,0.028020581230521202,0.028030801564455032
"DM-3653",False,"test",0.29050537943840027,0.01236850954592228,0.012363595888018608,0.012363729998469353,0.012361307628452778,0.012359360232949257,0.01236646343022585,0.012364805676043034,0.6229468584060669
"DM-3652",False,"test",0.29049059748649597,0.012371046468615532,0.012363603338599205,0.012363738380372524,0.0123613141477108,0.012359367683529854,0.01236647181212902,0.01236481498926878,0.6229590177536011
"DM-3648",True,"test",0.012366557493805885,0.012366489507257938,0.012364686466753483,0.012367092072963715,0.012361827306449413,0.012360678985714912,0.012368116527795792,0.3903707265853882,0.5230738520622253
"DM-3643",False,"test",0.0,0.0,0.0,0.0,0.0,0.4533805847167969,0.09312323480844498,0.4304865896701813,0.0
"DM-3632",True,"test",0.0,0.0,0.0,0.0,0.0,0.08874539285898209,0.8679989576339722,0.0,0.0
"DM-3612",True,"test",0.0,0.11027321219444275,0.0,0.7975496649742126,0.05287015810608864,0.0,0.0,0.0,0.0
"DM-3591",False,"test",0.02779080532491207,0.027787799015641212,0.02778601087629795,0.027790110558271408,0.027801964432001114,0.02778606116771698,0.5012890696525574,0.027784191071987152,0.3041840195655823
"DM-3540",False,"test",0.0,0.0,0.1082773357629776,0.3250834345817566,0.1770317256450653,0.0,0.15092197060585022,0.0,0.232841357588768
"DM-3518",False,"test",0.09005598723888397,0.2152334749698639,0.0,0.16627569496631622,0.1004948616027832,0.0,0.2446092665195465,0.1745011806488037,0.0
"DM-3512",True,"test",0.0,0.17755067348480225,0.0,0.0,0.2994028627872467,0.0,0.48985084891319275,0.0,0.0
"DM-3511",True,"test",0.1111111119389534,0.1111111119389534,0.1111111119389534,0.1111111119389534,0.1111111119389534,0.1111111119389534,0.1111111119389534,0.1111111119389534,0.1111111119389534
"DM-3502",False,"test",0.010104884393513203,0.010103587992489338,0.010105812922120094,0.010108472779393196,0.9191486239433289,0.010107113979756832,0.010109066031873226,0.010107481852173805,0.010104933753609657
"DM-3496",False,"test",0.0,0.0,0.0,0.4338449537754059,0.3957163989543915,0.14010794460773468,0.0,0.0,0.0
"DM-3492",False,"test",0.0,0.0,0.0,0.634158194065094,0.32659441232681274,0.0,0.0,0.0,0.0
"DM-3491",False,"test",0.0,0.38579466938972473,0.0,0.5655459761619568,0.0,0.0,0.0,0.0,0.0
"DM-3488",False,"test",0.06785573065280914,0.0,0.0693940818309784,0.0,0.0,0.0,0.7372238039970398,0.10207320004701614,0.0
"DM-3456",False,"test",0.0,0.0,0.0,0.0,0.12514106929302216,0.0,0.5256258845329285,0.32143229246139526,0.0
"DM-3452",True,"test",0.01587972790002823,0.01587757095694542,0.01587912067770958,0.015881968662142754,0.015886610373854637,0.015878358855843544,0.01588442362844944,0.8729533553123474,0.015878841280937195
"DM-3447",False,"test",0.0,0.0,0.0,0.0,0.27349618077278137,0.41800808906555176,0.1589295119047165,0.13648036122322083,0.0
"DM-3442",False,"test",0.532524824142456,0.0,0.0,0.0,0.0,0.0,0.0,0.4656689167022705,0.0
"DM-3438",False,"test",0.0,0.0,0.0,0.08035557717084885,0.41788798570632935,0.03418887034058571,0.0,0.3226805627346039,0.13682952523231506
"DM-3437",False,"test",0.0,0.0,0.0,0.0,0.0,0.0,0.9555038213729858,0.0,0.0
"DM-3433",False,"test",0.0,0.0,0.0,0.13752435147762299,0.0,0.24095788598060608,0.4290216863155365,0.0,0.16280962526798248
"DM-3398",False,"test",0.2163732498884201,0.02361897937953472,0.011051843874156475,0.0,0.018138645216822624,0.0,0.0,0.7281062006950378,0.0
"DM-3380",True,"test",0.05708920583128929,0.10534586012363434,0.0,0.39479929208755493,0.0,0.0,0.0,0.0,0.4257182776927948
"DM-3368",True,"test",0.0,0.0,0.044108156114816666,0.13659988343715668,0.0,0.2124675214290619,0.1651190221309662,0.42966315150260925,0.0
"DM-3365",False,"test",0.03705308958888054,0.03704642876982689,0.037052758038043976,0.03704841807484627,0.037048209458589554,0.037049997597932816,0.03706411272287369,0.7035910487174988,0.03704594448208809
"DM-3364",False,"test",0.03705266863107681,0.037069935351610184,0.0370509997010231,0.03706696629524231,0.03706736117601395,0.03705119714140892,0.03707296773791313,0.7034867405891418,0.03708112984895706
"DM-3264",False,"test",0.0,0.0,0.0,0.7588931322097778,0.11092112958431244,0.0,0.0,0.0,0.1109437346458435
"DM-3259",False,"test",0.5699483752250671,0.0,0.0,0.0,0.0,0.4092384874820709,0.0,0.0,0.0
"DM-3238",False,"test",0.5008321404457092,0.0,0.0,0.0,0.0,0.0,0.13004657626152039,0.327435702085495,0.0
"DM-3223",False,"test",0.10646035522222519,0.0,0.0,0.0,0.0,0.0,0.0,0.0,0.8448604941368103
"DM-3213",True,"test",0.0,0.47837433218955994,0.14946915209293365,0.0,0.0,0.0,0.3418598175048828,0.0,0.0
"DM-3209",False,"test",0.0,0.0,0.0,0.0,0.0,0.0,0.0,0.23463524878025055,0.7277228832244873
"DM-3204",False,"test",0.022231455892324448,0.022252820432186127,0.022238532081246376,0.25801408290863037,0.02223360165953636,0.022239599376916885,0.5863097906112671,0.02223988063633442,0.02224026992917061
"DM-3194",False,"test",0.010105486027896404,0.01011169794946909,0.01010593306273222,0.01010666973888874,0.010111966170370579,0.38890329003334045,0.5403358340263367,0.010107828304171562,0.010111280716955662
"DM-3192",False,"test",0.0,0.0,0.0,0.0,0.4020090103149414,0.26007094979286194,0.11714446544647217,0.2049853652715683,0.0
"DM-3161",False,"test",0.0,0.2354089915752411,0.0,0.0,0.6948335766792297,0.0,0.0,0.0,0.0
"DM-3160",False,"test",0.0,0.08860756456851959,0.12682998180389404,0.0,0.3968232274055481,0.0,0.0,0.199000284075737,0.1716938614845276
"DM-3159",False,"test",0.018418719992041588,0.01841479167342186,0.018416838720440865,0.01841314509510994,0.49217987060546875,0.3788894712924957,0.01842077076435089,0.018428683280944824,0.01841767504811287
"DM-3143",False,"test",0.0,0.266024112701416,0.0,0.5678737759590149,0.0,0.0,0.0,0.14807027578353882,0.0
"DM-3140",False,"test",0.3782801032066345,0.010110420174896717,0.01010708324611187,0.010108118876814842,0.010109716095030308,0.010110385715961456,0.010111684910953045,0.5509508848190308,0.010111566632986069
"DM-3137",False,"test",0.06432191282510757,0.0,0.0,0.8938205242156982,0.0,0.0,0.0,0.0,0.0
"DM-3126",False,"test",0.30347397923469543,0.4365867078304291,0.0,0.04235261678695679,0.0,0.0,0.0,0.20622976124286652,0.0
"DM-3110",False,"test",0.0,0.0,0.3344248831272125,0.15524370968341827,0.0,0.0,0.0,0.18581779301166534,0.3038243055343628
"DM-3106",False,"test",0.015888091176748276,0.01587754115462303,0.015877461060881615,0.015882767736911774,0.87291419506073,0.015908051282167435,0.015879200771450996,0.015887143090367317,0.015885522589087486
"DM-3102",False,"test",0.06660857796669006,0.0,0.45550331473350525,0.0,0.0,0.0,0.0,0.32658150792121887,0.133344367146492
"DM-3091",False,"test",0.11232713609933853,0.0,0.5178880095481873,0.0,0.056862883269786835,0.0,0.29659056663513184,0.0,0.0
"DM-3038",False,"test",0.027813933789730072,0.027803070843219757,0.02782421186566353,0.027792153880000114,0.027800168842077255,0.02781200036406517,0.7775563597679138,0.02779768966138363,0.02780040353536606
"DM-2976",False,"test",0.02224382758140564,0.022241415455937386,0.022234996780753136,0.022240562364459038,0.022237051278352737,0.022237276658415794,0.022246815264225006,0.8220757246017456,0.022242290899157524
"DM-2949",False,"test",0.0,0.0,0.0,0.0,0.11017300933599472,0.0,0.5307206511497498,0.16645701229572296,0.17680105566978455
"DM-2945",False,"test",0.0,0.0,0.0,0.0,0.0,0.0,0.6495137214660645,0.1891220659017563,0.12962141633033752
"DM-2938",False,"test",0.25123026967048645,0.0,0.0,0.0,0.0,0.0,0.2511391043663025,0.47243377566337585,0.0
"DM-2935",False,"test",0.47593954205513,0.0,0.0,0.0,0.0,0.0,0.4916000962257385,0.0,0.0
"DM-2929",False,"test",0.12099342048168182,0.0,0.0,0.06872282922267914,0.0,0.0,0.47247007489204407,0.0,0.3287586569786072
"DM-2924",False,"test",0.24186822772026062,0.040234919637441635,0.1101851612329483,0.0,0.1432608813047409,0.0,0.23798009753227234,0.0,0.21788835525512695
"DM-2923",True,"test",0.0,0.3712756931781769,0.0,0.5726415514945984,0.0,0.0,0.0,0.0,0.0
"DM-2919",False,"test",0.14782190322875977,0.0,0.0,0.0,0.5120419263839722,0.0929875373840332,0.0,0.0,0.23523566126823425
"DM-2915",True,"test",0.0,0.05399521440267563,0.0,0.26268470287323,0.0,0.14994502067565918,0.1876528412103653,0.20123645663261414,0.13888444006443024
"DM-2892",False,"test",0.0,0.15425007045269012,0.0,0.36225369572639465,0.24494095146656036,0.0,0.22505968809127808,0.0,0.0
"DM-2887",True,"test",0.0,0.0,0.0,0.0,0.0,0.025821303948760033,0.962148904800415,0.0,0.0
"DM-2873",False,"test",0.0,0.0,0.0,0.022895868867635727,0.0,0.0,0.9642112851142883,0.0,0.0
"DM-2871",False,"test",0.012356933206319809,0.012357165105640888,0.01235234085470438,0.01235506497323513,0.9011480212211609,0.012359275482594967,0.012361389584839344,0.012352032586932182,0.012357832863926888
"DM-2856",False,"test",0.0,0.21669067442417145,0.0,0.17460766434669495,0.0,0.0,0.2437382936477661,0.22216221690177917,0.13109153509140015
"DM-2843",True,"test",0.7783775329589844,0.027690451592206955,0.027701938524842262,0.027703022584319115,0.027731239795684814,0.027691008523106575,0.02771294116973877,0.027693143114447594,0.027698758989572525
"DM-2840",True,"test",0.0,0.0,0.0,0.0,0.0,0.0,0.6600414514541626,0.29406797885894775,0.0
"DM-2837",False,"test",0.14774161577224731,0.0,0.0,0.05865418165922165,0.374495267868042,0.0,0.40701043605804443,0.0,0.0
"DM-2806",False,"test",0.025364862754940987,0.025363337248563766,0.025371894240379333,0.025364069268107414,0.79707932472229,0.0253660399466753,0.025367675349116325,0.025354910641908646,0.02536790631711483
"DM-2805",False,"test",0.018522512167692184,0.01852267049252987,0.018524345010519028,0.018527433276176453,0.01852782443165779,0.018527083098888397,0.8517928719520569,0.018530039116740227,0.018525255843997
"DM-2804",False,"test",0.0,0.21305224299430847,0.0,0.16099746525287628,0.0,0.0,0.590835452079773,0.0,0.0
"DM-2795",False,"test",0.0,0.0,0.0,0.6000003218650818,0.0,0.0,0.2458985149860382,0.13555893301963806,0.0
"DM-2748",False,"test",0.0,0.0,0.0,0.3420551121234894,0.6169627904891968,0.0,0.0,0.0,0.0
"DM-2740",False,"test",0.15924063324928284,0.08940907567739487,0.0,0.0,0.0,0.0,0.0,0.23044002056121826,0.5012717843055725
"DM-2734",False,"test",0.6142616271972656,0.0,0.0,0.0,0.3518892824649811,0.0,0.0,0.0,0.0
"DM-2729",False,"test",0.05246439203619957,0.13674192130565643,0.35277947783470154,0.0,0.0,0.3519352674484253,0.09026812016963959,0.0,0.0
"DM-2715",False,"test",0.022176159545779228,0.02215748280286789,0.022153198719024658,0.022167351096868515,0.0221590306609869,0.02218041382730007,0.8226943612098694,0.022159649059176445,0.02215234749019146
"DM-2712",False,"test",0.0,0.0,0.9576755166053772,0.0,0.0,0.0,0.0,0.0,0.0
"DM-2699",True,"test",0.0,0.0,0.0,0.07782506197690964,0.10369829088449478,0.0,0.6182266473770142,0.07633563876152039,0.11812743544578552
"DM-2679",False,"test",0.0,0.0,0.0,0.0,0.7578281164169312,0.0,0.22363148629665375,0.0,0.0
"DM-2674",True,"test",0.2359386533498764,0.0,0.0,0.061910174787044525,0.0,0.06376320868730545,0.17234179377555847,0.4601501226425171,0.0
"DM-2658",False,"test",0.0,0.24836301803588867,0.0,0.2314237803220749,0.0,0.49727264046669006,0.0,0.0,0.0
"DM-2638",False,"test",0.013903319835662842,0.013899864628911018,0.013903203420341015,0.013899390585720539,0.6020172834396362,0.3006819188594818,0.013900252059102058,0.013896205462515354,0.013898590579628944
"DM-2635",True,"test",0.4469711184501648,0.0,0.0,0.0,0.0,0.0,0.5206343531608582,0.0,0.0
"DM-2622",True,"test",0.0,0.0,0.0,0.0,0.7076488733291626,0.0,0.2663416266441345,0.0,0.0
"DM-2606",False,"test",0.0,0.0,0.0,0.1309235394001007,0.45966872572898865,0.0,0.0,0.3307112157344818,0.05456658825278282
"DM-2558",True,"test",0.0,0.0,0.43508923053741455,0.0,0.0,0.0,0.5050451159477234,0.0,0.0
"DM-2556",False,"test",0.02780967205762863,0.02780967950820923,0.027809804305434227,0.027813386172056198,0.027809984982013702,0.02780967205762863,0.4696257412433624,0.3357005715370178,0.027811484411358833
"DM-2552",False,"test",0.0,0.021298952400684357,0.0,0.0,0.06267466396093369,0.024874679744243622,0.20628423988819122,0.6813431978225708,0.0
"DM-2551",False,"test",0.46093323826789856,0.0,0.3690573275089264,0.0,0.0,0.0,0.0,0.0,0.14434626698493958
"DM-2545",False,"test",0.1414659023284912,0.0,0.0,0.0,0.12343242764472961,0.0,0.5161386728286743,0.0,0.19229964911937714
"DM-2537",False,"test",0.0,0.0,0.0,0.2578335404396057,0.5384290218353271,0.0,0.035502783954143524,0.0,0.15085206925868988
"DM-2522",False,"test",0.0,0.0,0.0,0.0,0.5505460500717163,0.18345102667808533,0.2106984406709671,0.0,0.04369323328137398
"DM-2514",False,"test",0.0,0.2948237359523773,0.6163046956062317,0.0,0.0,0.0,0.0,0.06554996222257614,0.0
"DM-2511",False,"test",0.13224518299102783,0.0,0.0,0.4039715528488159,0.0,0.0,0.0,0.0,0.4286494255065918
"DM-2508",False,"test",0.0,0.0,0.0,0.12812916934490204,0.4392053186893463,0.37929612398147583,0.0,0.0,0.0
"DM-2506",False,"test",0.0,0.0,0.0,0.0,0.5200679898262024,0.0,0.08983071148395538,0.3424210846424103,0.0
"DM-2497",False,"test",0.41501209139823914,0.0,0.13513903319835663,0.1475284993648529,0.0,0.14249949157238007,0.14530755579471588,0.0,0.0
"DM-2477",False,"test",0.0,0.0,0.09467986226081848,0.0,0.35088056325912476,0.0,0.0,0.537745475769043,0.0
"DM-2469",False,"test",0.027787484228610992,0.027867000550031662,0.027823474258184433,0.02779572643339634,0.02778959646821022,0.02779458276927471,0.7775596976280212,0.027793873101472855,0.027788547798991203
"DM-2468",False,"test",0.05556393787264824,0.5553737878799438,0.05560905113816261,0.055559128522872925,0.0555659681558609,0.05556812137365341,0.05560314282774925,0.05557289347052574,0.05558399483561516
"DM-2459",False,"test",0.01575157605111599,0.015756789594888687,0.015753891319036484,0.01575526036322117,0.015756037086248398,0.24335801601409912,0.3421235978603363,0.015753936022520065,0.3199909031391144
"DM-2455",False,"test",0.0,0.4031524360179901,0.2463642954826355,0.0,0.3354564905166626,0.0,0.0,0.0,0.0
"DM-2437",False,"test",0.09375911951065063,0.0,0.0,0.0,0.5761301517486572,0.0,0.3115832507610321,0.0,0.0
"DM-2434",False,"test",0.0,0.0,0.0,0.0,0.0,0.13912098109722137,0.3309776484966278,0.1588190793991089,0.3561217188835144
"DM-2433",False,"test",0.0,0.0,0.0,0.0,0.0,0.1621221899986267,0.2725372910499573,0.0,0.5562371611595154
"DM-2431",False,"test",0.0,0.2097560614347458,0.0,0.0,0.0,0.0,0.30915001034736633,0.4697971045970917,0.0
"DM-2421",False,"test",0.0,0.0,0.0,0.0,0.18212240934371948,0.0,0.0,0.7768976092338562,0.0
"DM-2411",False,"test",0.0,0.0,0.0,0.0,0.21937455236911774,0.13920339941978455,0.0,0.2537311613559723,0.3624036908149719
"DM-2390",False,"test",0.0,0.0,0.0,0.0,0.0,0.0,0.7285065650939941,0.0,0.2275761216878891
"DM-2387",False,"test",0.015968667343258858,0.7448741793632507,0.01596730947494507,0.14333157241344452,0.01596866175532341,0.015967480838298798,0.01597588323056698,0.015974802896380424,0.015971388667821884
"DM-2363",False,"test",0.2319728285074234,0.0,0.03926936537027359,0.0,0.0,0.11941655725240707,0.21719485521316528,0.0,0.3850969672203064
"DM-2334",False,"test",0.0,0.0,0.0,0.11982191354036331,0.0,0.0,0.7320688962936401,0.0,0.10359833389520645
"DM-2322",True,"test",0.7035619616508484,0.0,0.0,0.0,0.0,0.0,0.0,0.23155856132507324,0.0
"DM-2312",False,"test",0.0,0.24044878780841827,0.0,0.0,0.0,0.0,0.0,0.37608763575553894,0.3632833957672119
"DM-2299",True,"test",0.0,0.0,0.0,0.0,0.6220146417617798,0.0,0.1147293969988823,0.0900982916355133,0.1532978117465973
"DM-2282",False,"test",0.0,0.0,0.0,0.0,0.9555233716964722,0.0,0.0,0.0,0.0
"DM-2279",False,"test",0.022244689986109734,0.02223927527666092,0.022235479205846786,0.35245826840400696,0.2365429401397705,0.02224409021437168,0.022255437448620796,0.022250697016716003,0.2775290906429291
"DM-2257",False,"test",0.0,0.0,0.0,0.0,0.0,0.0,0.0,0.8323769569396973,0.11154734343290329
"DM-2243",False,"test",0.0,0.2467634230852127,0.0,0.17093074321746826,0.0,0.3899972438812256,0.0,0.14478082954883575,0.0
"DM-2190",False,"test",0.0,0.0,0.0,0.06775606423616409,0.40256157517433167,0.0,0.37085989117622375,0.14335496723651886,0.0
"DM-2186",True,"test",0.0,0.0,0.0,0.0,0.0,0.0,0.9645034074783325,0.0,0.0
"DM-2177",False,"test",0.0,0.07172495871782303,0.0,0.0,0.0,0.0,0.9075877070426941,0.0,0.0
"DM-2176",False,"test",0.0,0.0,0.051618024706840515,0.0,0.0,0.0,0.0,0.9223983883857727,0.0
"DM-2173",False,"test",0.5732981562614441,0.0,0.0,0.0,0.19505836069583893,0.0,0.0,0.0,0.19651681184768677
"DM-2171",False,"test",0.0,0.0,0.0,0.0,0.1067216768860817,0.0,0.7492926120758057,0.10253708809614182,0.0
"DM-2159",True,"test",0.0,0.0,0.0,0.0,0.0,0.305065780878067,0.6300718784332275,0.0,0.0
"DM-2153",True,"test",0.03675482049584389,0.37216976284980774,0.036758147180080414,0.036754805594682693,0.37050360441207886,0.03678044304251671,0.0367623046040535,0.03676506504416466,0.03675105795264244
"DM-2137",False,"test",0.5573602914810181,0.01853194087743759,0.018527165055274963,0.018526781350374222,0.018541110679507256,0.018535664305090904,0.31292182207107544,0.01852712407708168,0.018528109416365623
"DM-2096",False,"test",0.0,0.0,0.0,0.0,0.0,0.0,0.2268541306257248,0.0,0.7074776291847229
"DM-2027",True,"test",0.015777723863720894,0.3621024489402771,0.01577311009168625,0.01578225940465927,0.015775274485349655,0.2814600169658661,0.0157754085958004,0.2617734968662262,0.015780221670866013
"DM-2021",True,"test",0.0,0.0,0.0,0.0,0.0,0.0,0.5515486001968384,0.2596239745616913,0.15844285488128662
"DM-2013",False,"test",0.0,0.1757972687482834,0.0,0.0,0.170304536819458,0.43926090002059937,0.0,0.18948593735694885,0.0
"DM-2009",False,"test",0.0,0.0,0.5323358774185181,0.0,0.4028094410896301,0.0,0.0,0.0,0.0
"DM-2005",False,"test",0.4898631274700165,0.0,0.0,0.0,0.0,0.46916377544403076,0.0,0.0,0.0
"DM-2002",True,"test",0.0,0.0,0.0,0.7276840806007385,0.0,0.21244241297245026,0.0,0.0,0.0
"DM-2000",True,"test",0.0,0.0,0.0,0.0,0.47585996985435486,0.13221736252307892,0.2249872237443924,0.13421538472175598,0.0
"DM-1999",True,"test",0.0,0.0,0.0,0.1971733421087265,0.0,0.19035249948501587,0.32612305879592896,0.0,0.2565687596797943
"DM-1997",False,"test",0.0,0.239264577627182,0.11721286922693253,0.32835689187049866,0.17141419649124146,0.0,0.0,0.1298460215330124,0.0
"DM-1980",False,"test",0.012256640009582043,0.012266149744391441,0.01225808635354042,0.012257750146090984,0.6448426246643066,0.01225914154201746,0.012258103117346764,0.2693383991718292,0.012263058684766293
"DM-1962",True,"test",0.013903320766985416,0.013899865560233593,0.01390320435166359,0.013899392448365688,0.6019803285598755,0.30071884393692017,0.013900252990424633,0.013896206393837929,0.013898591510951519
"DM-1961",False,"test",0.0,0.0,0.0,0.0,0.6790313124656677,0.0,0.2723137140274048,0.0,0.0
"DM-1953",False,"test",0.13084803521633148,0.0,0.0,0.07053424417972565,0.0,0.18234507739543915,0.2508026957511902,0.0,0.3563653528690338
"DM-1946",False,"test",0.0,0.11217459291219711,0.0,0.0,0.39062780141830444,0.0,0.0,0.4715278148651123,0.0
"DM-1943",False,"test",0.0,0.0,0.0,0.0,0.0,0.37493523955345154,0.1559010148048401,0.44830209016799927,0.0
"DM-1924",True,"test",0.0372609943151474,0.03726451098918915,0.03726104274392128,0.03726097568869591,0.03726096451282501,0.03726131096482277,0.7019060254096985,0.0372612401843071,0.037262916564941406
"DM-1918",False,"test",0.249162495136261,0.012352733872830868,0.012358969077467918,0.4849867820739746,0.012354902923107147,0.01235804334282875,0.19171521067619324,0.012356015853583813,0.012354862876236439
"DM-1916",True,"test",0.0,0.164214089512825,0.04247944429516792,0.22919219732284546,0.14989960193634033,0.03199359402060509,0.2752861976623535,0.03539673611521721,0.07085703313350677
"DM-1906",False,"test",0.22895902395248413,0.017786793410778046,0.09380445629358292,0.0,0.15482327342033386,0.12182433158159256,0.2108919471502304,0.1695706993341446,0.0
"DM-1903",False,"test",0.0,0.0,0.0,0.0,0.0,0.0,0.959624707698822,0.0,0.0
"DM-1901",False,"test",0.0,0.22869661450386047,0.0,0.0,0.0,0.0,0.7255160808563232,0.0,0.0
"DM-1880",False,"test",0.0,0.2267112135887146,0.0,0.0,0.0,0.0,0.7435813546180725,0.0,0.0
"DM-1844",False,"test",0.015880689024925232,0.01588054932653904,0.0158805251121521,0.48212409019470215,0.01588340289890766,0.015881376340985298,0.40670403838157654,0.015887422487139702,0.015877943485975266
"DM-1816",True,"test",0.0,0.0,0.779853343963623,0.0,0.0,0.0,0.0,0.0,0.18177545070648193
"DM-1815",False,"test",0.0,0.0,0.7612236738204956,0.19551369547843933,0.0,0.0,0.0,0.0,0.0
"DM-1812",False,"test",0.3697620928287506,0.0,0.22544272243976593,0.140940323472023,0.0,0.0,0.11585739254951477,0.0,0.12349709123373032
"DM-1809",False,"test",0.018543804064393044,0.018536172807216644,0.018535682931542397,0.018537001684308052,0.018539711833000183,0.018536914139986038,0.8516901731491089,0.01854170672595501,0.018538834527134895
"DM-1792",False,"test",0.0,0.0,0.0,0.0,0.0,0.9317730665206909,0.0,0.0,0.0
"DM-1785",False,"test",0.010108125396072865,0.010107913054525852,0.010111128911376,0.2188333123922348,0.7103952169418335,0.010106867179274559,0.01011062040925026,0.010117042809724808,0.010109787806868553
"DM-1771",False,"test",0.0,0.0,0.0,0.0,0.0,0.0,0.8136265873908997,0.0,0.15754415094852448
"DM-1766",True,"test",0.0,0.14610563218593597,0.22307069599628448,0.0,0.0,0.0,0.603771984577179,0.0,0.0
"DM-1744",False,"test",0.1733567863702774,0.010478406213223934,0.03115811012685299,0.0,0.0,0.0,0.0,0.7741924524307251,0.0
"DM-1700",False,"test",0.388603150844574,0.2635672688484192,0.0,0.0,0.0,0.0,0.0,0.29649603366851807,0.0
"DM-1698",True,"test",0.02225600555539131,0.022244861349463463,0.022251877933740616,0.4336983859539032,0.022257031872868538,0.022249244153499603,0.022260697558522224,0.41052672266960144,0.022255152463912964
"DM-1695",True,"test",0.03707694634795189,0.03707282245159149,0.03705738112330437,0.03706296160817146,0.03712792694568634,0.03710674121975899,0.037075262516736984,0.7033402919769287,0.03707965835928917
"DM-1694",True,"test",0.02211027592420578,0.02212645672261715,0.022111110389232635,0.3658429980278015,0.022126074880361557,0.47932296991348267,0.022133713588118553,0.022115269675850868,0.022111140191555023
"DM-1676",False,"test",0.37749335169792175,0.022246532142162323,0.46680915355682373,0.022232018411159515,0.02224789187312126,0.022246943786740303,0.022246047854423523,0.022236719727516174,0.022241324186325073
"DM-1675",False,"test",0.028250806033611298,0.028244582936167717,0.45041176676750183,0.35183435678482056,0.028256401419639587,0.0282420814037323,0.028254728764295578,0.02826252393424511,0.028242748230695724
"DM-1674",False,"test",0.44723138213157654,0.027633443474769592,0.35923606157302856,0.02764875628054142,0.027651386335492134,0.027650507166981697,0.027645926922559738,0.02765585295855999,0.027646716684103012
"DM-1661",False,"test",0.3434946537017822,0.1870279610157013,0.13644051551818848,0.0,0.30976030230522156,0.0,0.0,0.0,0.0
"DM-1659",False,"test",0.0,0.0,0.16069084405899048,0.0,0.0,0.0,0.2904132008552551,0.0,0.5266531109809875
"DM-1653",False,"test",0.0,0.02917310781776905,0.0,0.0,0.4321025609970093,0.0,0.4462983310222626,0.04626113921403885,0.03940204903483391
"DM-1647",False,"test",0.0,0.46574899554252625,0.19716235995292664,0.0,0.0,0.28575676679611206,0.0,0.0,0.0
"DM-1632",False,"test",0.0,0.2556728720664978,0.0,0.0,0.0,0.23239301145076752,0.3508177101612091,0.1527872532606125,0.0
"DM-1614",False,"test",0.0,0.22225147485733032,0.0,0.0,0.2307073473930359,0.0,0.2898598313331604,0.0,0.2238226681947708
"DM-1611",True,"test",0.01090824045240879,0.0109070660546422,0.01091383770108223,0.010906805284321308,0.44430744647979736,0.01090801227837801,0.010908775962889194,0.4793314039707184,0.01090839970856905
"DM-1608",False,"test",0.0,0.0,0.0,0.0,0.0,0.0,0.41505083441734314,0.26602479815483093,0.2838078737258911
"DM-1598",False,"test",0.2981703281402588,0.0,0.22466973960399628,0.0,0.4469020962715149,0.0,0.0,0.0,0.0
"DM-1596",False,"test",0.11103564500808716,0.38017234206199646,0.0,0.0,0.0,0.4324764907360077,0.0,0.0,0.05678335949778557
"DM-1590",False,"test",0.2972445487976074,0.0,0.0,0.0,0.20718160271644592,0.0,0.0,0.0,0.454252153635025
"DM-1585",False,"test",0.10958077758550644,0.0,0.0,0.2304796576499939,0.20200592279434204,0.24950316548347473,0.1949077546596527,0.0,0.0
"DM-1576",False,"test",0.0,0.0,0.0,0.4150097370147705,0.08439318090677261,0.0,0.0,0.19970615208148956,0.28686219453811646
"DM-1573",False,"test",0.0,0.0,0.0,0.5048786401748657,0.0,0.0,0.0,0.4395296275615692,0.0
"DM-1570",False,"test",0.0,0.0,0.0,0.0,0.8678098917007446,0.0,0.08028969168663025,0.0,0.0
"DM-1545",True,"test",0.010886728763580322,0.39152711629867554,0.010885600931942463,0.01088699046522379,0.010884898714721203,0.010892612859606743,0.010886140167713165,0.5322498679161072,0.010900016874074936
"DM-1538",False,"test",0.0,0.39065834879875183,0.0,0.0,0.0,0.0,0.5494462251663208,0.0,0.0
"DM-1526",False,"test",0.0,0.0,0.0,0.0,0.0,0.0,0.5306702852249146,0.42622068524360657,0.0
"DM-1515",False,"test",0.1948471963405609,0.3124072253704071,0.0,0.0,0.0,0.06727498769760132,0.3311857283115387,0.086916983127594,0.0
"DM-1514",False,"test",0.4660494327545166,0.0,0.0,0.0,0.2136976569890976,0.0,0.2868335247039795,0.0,0.0
"DM-1505",False,"test",0.6822542548179626,0.0,0.0,0.0,0.0,0.032332565635442734,0.0,0.2755986154079437,0.0
"DM-1498",False,"test",0.0,0.0,0.0,0.0,0.0,0.0,0.9312493205070496,0.0,0.0
"DM-1471",False,"test",0.0,0.13908345997333527,0.0,0.0,0.2363412231206894,0.1927994191646576,0.12330187112092972,0.0,0.29644688963890076
"DM-1453",False,"test",0.0,0.0,0.0,0.0,0.3019525110721588,0.37622153759002686,0.28258267045021057,0.0,0.0
"DM-1446",True,"test",0.014691414311528206,0.4275386333465576,0.014685573987662792,0.014690505340695381,0.46963685750961304,0.014691495336592197,0.014689916744828224,0.014688125811517239,0.014687519520521164
"DM-1434",True,"test",0.010104777291417122,0.01010484341531992,0.010104530490934849,0.30183812975883484,0.010105911642313004,0.6274194717407227,0.010106069035828114,0.01010812446475029,0.01010814681649208
"DM-1428",False,"test",0.02227744273841381,0.022273944690823555,0.02227691560983658,0.022273804992437363,0.022278280928730965,0.022271227091550827,0.8217979073524475,0.022276442497968674,0.022274021059274673
"DM-1404",False,"test",0.0,0.11890196055173874,0.0,0.0,0.0,0.8087369203567505,0.05567934736609459,0.0,0.0
"DM-1396",False,"test",0.0,0.0,0.0,0.0,0.40396732091903687,0.1069171205163002,0.34306204319000244,0.0,0.1261819303035736
"DM-1388",False,"test",0.01353651937097311,0.01353930588811636,0.3573403060436249,0.5479000806808472,0.013536396436393261,0.013538488186895847,0.013535833917558193,0.013535617850720882,0.013537478633224964
"DM-1355",False,"test",0.28589871525764465,0.0,0.0,0.09429210424423218,0.0,0.0,0.4171397089958191,0.19228872656822205,0.0
"DM-1354",False,"test",0.0,0.5646049976348877,0.0374847836792469,0.0,0.0,0.2996489107608795,0.08500143140554428,0.0,0.0
"DM-1352",True,"test",0.052233219146728516,0.05791506916284561,0.0,0.2555542290210724,0.0,0.08960047364234924,0.23741526901721954,0.30206719040870667,0.0
"DM-1347",True,"test",0.09527857601642609,0.0,0.0,0.0,0.1585763841867447,0.2813675105571747,0.3965604901313782,0.05471235513687134,0.0
"DM-1338",True,"test",0.0,0.03539733216166496,0.0,0.0,0.07811807096004486,0.2266169637441635,0.27806681394577026,0.33509090542793274,0.04459916800260544
"DM-1332",False,"test",0.0,0.0,0.0,0.0,0.2841978967189789,0.21887317299842834,0.4271048307418823,0.06200752407312393,0.0
"DM-1299",False,"test",0.0,0.0,0.0,0.0,0.0,0.4964618682861328,0.45775383710861206,0.0,0.0
"DM-1298",False,"test",0.11758824437856674,0.0,0.08432616293430328,0.0,0.5437864661216736,0.22627265751361847,0.0,0.0,0.0
"DM-1297",False,"test",0.0,0.0,0.0,0.0,0.0,0.0,0.9555296301841736,0.0,0.0
"DM-1296",False,"test",0.0,0.0,0.0,0.4658750891685486,0.0,0.0,0.5016912221908569,0.0,0.0
"DM-1286",False,"test",0.0,0.17960119247436523,0.0,0.0,0.0,0.38611242175102234,0.3569221496582031,0.03671885281801224,0.030766986310482025
"DM-1258",True,"test",0.0,0.3313996493816376,0.0,0.0,0.0,0.18033693730831146,0.4566218852996826,0.0,0.0
"DM-1254",False,"test",0.022237708792090416,0.022237202152609825,0.022233666852116585,0.022242186591029167,0.45146194100379944,0.022236177697777748,0.02225087769329548,0.022241385653614998,0.3928588628768921
"DM-1252",False,"test",0.015882441774010658,0.015882590785622597,0.015886953100562096,0.01588074304163456,0.3373211920261383,0.015876170247793198,0.01588415913283825,0.5515031814575195,0.0158825870603323
"DM-1251",True,"test",0.021406402811408043,0.021405821666121483,0.02140694670379162,0.021413670852780342,0.40909984707832336,0.021404551342129707,0.4410286843776703,0.02141992188990116,0.02141418866813183
"DM-1195",False,"test",0.0,0.28435778617858887,0.0,0.0,0.36955726146698,0.30920714139938354,0.0,0.0,0.0
"DM-1152",False,"test",0.0,0.0,0.11235348880290985,0.0,0.2886257767677307,0.2126634120941162,0.3759043514728546,0.0,0.0
"DM-1135",False,"test",0.0,0.0,0.0,0.30542176961898804,0.0,0.28989747166633606,0.38263610005378723,0.0,0.0
"DM-1072",False,"test",0.21913814544677734,0.0,0.0,0.0,0.0,0.3806076943874359,0.0,0.0,0.3668937683105469
"DM-1070",False,"test",0.0,0.0,0.11803784221410751,0.0,0.46496281027793884,0.0,0.3913358747959137,0.0,0.0
"DM-1067",False,"test",0.25898706912994385,0.0,0.3202495872974396,0.0,0.0,0.15035170316696167,0.11673801392316818,0.0,0.13513033092021942
"DM-1059",False,"test",0.0,0.0,0.0,0.0,0.5964362025260925,0.0,0.0,0.0,0.3625909388065338
"DM-1029",False,"test",0.342547744512558,0.0,0.0,0.0,0.21515050530433655,0.0,0.0,0.43247461318969727,0.0
"DM-1022",True,"test",0.18853655457496643,0.14958858489990234,0.055075399577617645,0.0,0.0,0.0,0.0,0.6021401882171631,0.0
"DM-1013",False,"test",0.0,0.3978408873081207,0.0,0.0,0.0,0.32083114981651306,0.0,0.22569526731967926,0.0
"DM-1010",False,"test",0.0,0.0,0.0,0.0,0.0,0.0,0.0,0.9315604567527771,0.0
"DM-1004",False,"test",0.01229544822126627,0.9016445279121399,0.012291423976421356,0.012291542254388332,0.012293506413698196,0.012295684777200222,0.012293687090277672,0.012297873385250568,0.012296337634325027
"DM-1001",False,"test",0.0,0.0,0.0,0.41714802384376526,0.0,0.077174611389637,0.19446124136447906,0.1382351666688919,0.1540437787771225
"DM-991",False,"test",0.0,0.0,0.0,0.0,0.0,0.18546892702579498,0.7820902466773987,0.0,0.0
"DM-976",False,"test",0.0,0.3118119239807129,0.0,0.09822411090135574,0.0,0.0,0.0,0.5328444838523865,0.0
"DM-957",False,"test",0.0,0.0,0.0,0.0,0.0,0.0,0.6045998930931091,0.362721711397171,0.0
"DM-936",False,"test",0.16648519039154053,0.0,0.0,0.09610693901777267,0.0,0.385011225938797,0.2445196509361267,0.0,0.09706168621778488
"DM-916",False,"test",0.018548788502812386,0.018536299467086792,0.01852945238351822,0.018531566485762596,0.018532294780015945,0.01853574812412262,0.8517144918441772,0.018535342067480087,0.01853599026799202
"DM-915",False,"test",0.018566742539405823,0.01857277937233448,0.01856648549437523,0.018566498532891273,0.018565259873867035,0.018569082021713257,0.448936402797699,0.01856868900358677,0.4210880398750305
"DM-913",False,"test",0.018541133031249046,0.018547631800174713,0.01854078657925129,0.01854110322892666,0.01853947900235653,0.018543442711234093,0.5417880415916443,0.32841312885284424,0.018545199185609818
"DM-903",False,"test",0.0,0.0,0.0,0.0,0.0,0.0,0.6080470085144043,0.0,0.3659944236278534
"DM-882",False,"test",0.179380863904953,0.0,0.5171123743057251,0.0,0.0,0.03963078558444977,0.0,0.2171914130449295,0.03590664267539978
"DM-870",False,"test",0.03683709725737572,0.036757420748472214,0.036850761622190475,0.03680757060647011,0.03682272881269455,0.036783017218112946,0.0368029847741127,0.036776624619960785,0.7055618166923523
"DM-862",False,"test",0.0,0.17399294674396515,0.0,0.0,0.0,0.23393864929676056,0.08358518034219742,0.42929717898368835,0.06794644147157669
"DM-852",True,"test",0.0,0.0,0.0,0.08617857098579407,0.35021233558654785,0.0,0.5282521843910217,0.0,0.0
"DM-827",False,"test",0.1887214481830597,0.09440693259239197,0.2133207619190216,0.0,0.08854001015424728,0.15000377595424652,0.07621116191148758,0.03745744004845619,0.14938540756702423
"DM-791",False,"test",0.6757345795631409,0.018689081072807312,0.01869100145995617,0.01870197430253029,0.018694007769227028,0.018702106550335884,0.018701640889048576,0.018688805401325226,0.19339677691459656
"DM-783",False,"test",0.0,0.0,0.0,0.0,0.0,0.0,0.9406944513320923,0.0,0.0
"DM-781",False,"test",0.0,0.0,0.0,0.0,0.8338263630867004,0.12075512111186981,0.0,0.0,0.0
"DM-768",False,"test",0.0,0.0,0.22515763342380524,0.0,0.0,0.0,0.0,0.09939057379961014,0.6451252102851868
"DM-767",False,"test",0.26072657108306885,0.21927958726882935,0.0,0.0,0.11748778074979782,0.0,0.0,0.3783179223537445,0.0
"DM-766",False,"test",0.0,0.0,0.7478024363517761,0.0,0.0,0.0,0.1966095119714737,0.0,0.0
"DM-765",False,"test",0.0,0.9315690994262695,0.0,0.0,0.0,0.0,0.0,0.0,0.0
"DM-744",False,"test",0.01387569960206747,0.6409633159637451,0.013876697048544884,0.013877027668058872,0.013877330347895622,0.2618867754936218,0.013880986720323563,0.013877741061151028,0.01388440653681755
"DM-710",False,"test",0.2550620436668396,0.0,0.0,0.0,0.44417259097099304,0.0,0.27692705392837524,0.0,0.0
"DM-705",False,"test",0.0,0.0,0.2174404412508011,0.07460974156856537,0.34291574358940125,0.0,0.021815532818436623,0.3312186002731323,0.0
"DM-681",False,"test",0.0,0.0,0.044580984860658646,0.07855155318975449,0.20691365003585815,0.10278554260730743,0.34322038292884827,0.0,0.2163105607032776
"DM-648",False,"test",0.0,0.0,0.0,0.23781965672969818,0.0,0.0,0.45184892416000366,0.2548573613166809,0.0
"DM-625",True,"test",0.5243810415267944,0.02039497345685959,0.03332480043172836,0.0,0.11044874787330627,0.061522871255874634,0.2477993220090866,0.0,0.0
"DM-622",True,"test",0.0,0.0,0.0,0.06443493068218231,0.25665247440338135,0.11591502279043198,0.28060874342918396,0.27126574516296387,0.0
"DM-613",True,"test",0.0,0.0,0.0,0.0,0.10107681900262833,0.0,0.8664757013320923,0.0,0.0
"DM-612",False,"test",0.4757222831249237,0.0,0.3342636823654175,0.0,0.15646761655807495,0.0,0.0,0.0,0.0
"DM-608",True,"test",0.0,0.0,0.38352110981941223,0.0621052011847496,0.40642300248146057,0.0,0.13745300471782684,0.0,0.0
"DM-600",True,"test",0.015056740492582321,0.015056381933391094,0.015060137957334518,0.4541170001029968,0.2585649788379669,0.01506193820387125,0.015057857148349285,0.1969701498746872,0.01505483128130436
"DM-583",False,"test",0.0,0.0,0.0,0.0,0.34141266345977783,0.13387006521224976,0.1295439600944519,0.0,0.38221409916877747
"DM-560",False,"test",0.0,0.0,0.6329406499862671,0.0,0.0,0.0,0.3238198459148407,0.0,0.0
"DM-559",False,"test",0.0,0.0,0.769748866558075,0.0,0.193110391497612,0.0,0.0,0.0,0.0
"DM-527",False,"test",0.0,0.0,0.07239923626184464,0.566718339920044,0.33164554834365845,0.0,0.0,0.0,0.0
"DM-520",False,"test",0.0,0.0,0.1460406631231308,0.0,0.26510706543922424,0.30544400215148926,0.2555248439311981,0.0,0.0
"DM-510",True,"test",0.0,0.0,0.15685096383094788,0.0,0.05524953082203865,0.0,0.4348331391811371,0.0,0.347043514251709
"DM-508",False,"test",0.01588544435799122,0.015877937898039818,0.8729132413864136,0.015891186892986298,0.01589035615324974,0.015883028507232666,0.015883557498455048,0.01588766649365425,0.01588757522404194
"DM-468",False,"test",0.0,0.0,0.0,0.0,0.0,0.44266456365585327,0.1822352111339569,0.3461277484893799,0.0
"DM-460",False,"test",0.0,0.0,0.0,0.2104950100183487,0.22276443243026733,0.1342294067144394,0.28751909732818604,0.0,0.12477082014083862
"DM-447",False,"test",0.0,0.0,0.0,0.0,0.14254090189933777,0.0,0.09109330922365189,0.0,0.7396406531333923
"DM-446",True,"test",0.0,0.0,0.0,0.25961464643478394,0.0,0.29668480157852173,0.0,0.0,0.4119317829608917
"DM-445",False,"test",0.0,0.0,0.0,0.0,0.0,0.0,0.4160113036632538,0.0,0.5562387704849243
"DM-443",False,"test",0.059763967990875244,0.11625688523054123,0.13137207925319672,0.04814066365361214,0.0,0.0,0.18758612871170044,0.21284925937652588,0.24124379456043243
"DM-433",False,"test",0.012290959246456623,0.012291060760617256,0.01228533685207367,0.012291692197322845,0.4137795567512512,0.500184178352356,0.012294953688979149,0.012289458885788918,0.012292816303670406
"DM-420",False,"test",0.02753591351211071,0.7797035574913025,0.027559839189052582,0.02752767503261566,0.02752346731722355,0.027523282915353775,0.027544423937797546,0.02753490023314953,0.027546972036361694
"DM-384",False,"test",0.0,0.0,0.17850437760353088,0.21898427605628967,0.0,0.2597585916519165,0.33554524183273315,0.0,0.0
"DM-366",False,"test",0.010148478671908379,0.010155183263123035,0.010151796042919159,0.010150301270186901,0.010149453766644001,0.010151061229407787,0.6086640954017639,0.3202757239341736,0.010153894312679768
"DM-365",False,"test",0.0,0.0,0.0,0.0,0.0,0.23975342512130737,0.49745336174964905,0.0,0.2405567318201065
"DM-318",True,"test",0.0,0.0,0.0,0.12265613675117493,0.6084731817245483,0.0,0.23179544508457184,0.0,0.0
"DM-309",False,"test",0.0,0.0755811333656311,0.16171105206012726,0.0,0.0,0.0,0.34690412878990173,0.39520207047462463,0.0
"DM-304",False,"test",0.07794532179832458,0.0,0.37685921788215637,0.0,0.4734598994255066,0.0,0.0,0.0,0.049448028206825256
"DM-296",False,"test",0.0,0.114143505692482,0.36596038937568665,0.0,0.0,0.0,0.16398885846138,0.3459630012512207,0.0
"DM-273",False,"test",0.0,0.45662128925323486,0.0,0.0,0.49473458528518677,0.0,0.0,0.0,0.0
"DM-242",True,"test",0.0,0.0,0.2106393277645111,0.0,0.0,0.16156086325645447,0.3556744456291199,0.09803581982851028,0.1634773313999176
"DM-240",True,"test",0.0,0.17894156277179718,0.0,0.0,0.0,0.11648787558078766,0.0,0.5197217464447021,0.17541936039924622
"DM-222",False,"test",0.018528716638684273,0.018538881093263626,0.018527189269661903,0.8517289757728577,0.018529478460550308,0.01854134164750576,0.01853942684829235,0.018533071503043175,0.018532922491431236
"DM-221",False,"test",0.018526719883084297,0.018533455207943916,0.018526913598179817,0.018538828939199448,0.01852816715836525,0.01853225938975811,0.3009129762649536,0.5693730711936951,0.018527545034885406
"DM-216",False,"test",0.7787777781486511,0.027644969522953033,0.027647582814097404,0.02764274924993515,0.027642128989100456,0.02767370454967022,0.02767234295606613,0.02765967883169651,0.027639145031571388
"DM-213",True,"test",0.0,0.0,0.0,0.0,0.0,0.0,0.0,0.6757127642631531,0.2872166633605957
"DM-208",False,"test",0.0370447002351284,0.03704028204083443,0.7036524415016174,0.03703877329826355,0.0370565764605999,0.037040334194898605,0.03704241290688515,0.0370434932410717,0.03704103082418442
"DM-203",True,"test",0.0,0.0,0.0,0.0,0.3842221796512604,0.26999133825302124,0.31677505373954773,0.0,0.0
"DM-202",True,"test",0.0,0.0,0.06905120611190796,0.0,0.09684880077838898,0.0,0.8138519525527954,0.0,0.0
"DM-198",False,"test",0.0,0.0,0.0,0.0,0.2228303700685501,0.0,0.6456220149993896,0.10118868201971054,0.0
"DM-148",False,"test",0.26581892371177673,0.2466030865907669,0.0,0.0,0.0,0.0,0.45580658316612244,0.0,0.0
"DM-95",False,"test",0.0,0.0,0.0,0.0,0.0,0.5769572854042053,0.21753713488578796,0.1883302479982376,0.0
"DM-83",False,"test",0.2909325063228607,0.0,0.26114895939826965,0.0,0.0,0.07165324687957764,0.3609578311443329,0.0,0.0
"DM-71",False,"test",0.0,0.0,0.0,0.403380423784256,0.48540201783180237,0.0,0.0,0.0,0.08813304454088211
"DM-52",False,"test",0.0,0.0,0.0,0.0,0.0,0.0,0.9258692860603333,0.0,0.0
"DM-22",False,"test",0.01390432845801115,0.013909722678363323,0.013902508653700352,0.013905823230743408,0.013905465602874756,0.512401819229126,0.013904944993555546,0.39025330543518066,0.013912061229348183
