"issue_key","sp_change","type","t0","t1","t2","t3","t4","t5","t6","t7","t8"
"TISTUD-6871",False,"train",0.0,0.0,0.0,0.0,0.0,0.47072890400886536,0.08301176130771637,0.0,0.4338986277580261
"TISTUD-8919",False,"train",0.9879797697067261,0.0,0.0,0.0,0.0,0.0,0.0,0.0,0.0
"TISTUD-8536",False,"train",0.0,0.0,0.0,0.0,0.0,0.0,0.0,0.34091171622276306,0.6339702606201172
"TISTUD-4978",False,"train",0.0,0.0,0.0,0.9841201305389404,0.0,0.0,0.0,0.0,0.0
"TISTUD-4251",False,"train",0.0,0.0,0.0,0.0,0.0,0.0,0.0,0.0,0.9531987905502319
"TISTUD-5477",False,"train",0.0,0.0,0.0,0.0,0.0,0.0,0.0,0.9595728516578674,0.0
"TISTUD-7208",False,"train",0.0,0.0,0.0,0.0,0.0,0.0,0.0,0.30332621932029724,0.6410682797431946
"TISTUD-5539",False,"train",0.0,0.0,0.0,0.0,0.0,0.9476830959320068,0.0,0.0,0.0
"TISTUD-6407",False,"train",0.0,0.0,0.0,0.0,0.9825536608695984,0.0,0.0,0.0,0.0
"TISTUD-5754",False,"train",0.0,0.0,0.974589467048645,0.0,0.0,0.0,0.0,0.0,0.0
"TISTUD-7180",False,"train",0.0,0.0,0.0,0.0,0.0,0.0,0.09801378846168518,0.0,0.8923764824867249
"TISTUD-6582",False,"train",0.0,0.0,0.0,0.0,0.0,0.0,0.0,0.0,0.9759529829025269
"TISTUD-6199",False,"train",0.0,0.0,0.4729040563106537,0.0,0.0,0.0,0.5112095475196838,0.0,0.0
"TISTUD-5594",False,"train",0.0,0.0,0.0,0.0,0.0,0.0,0.9882956147193909,0.0,0.0
"TISTUD-7619",False,"train",0.0,0.0,0.0,0.0,0.0,0.11486350744962692,0.8600288033485413,0.0,0.0
"TISTUD-6455",False,"train",0.0,0.0,0.0,0.0,0.9721993207931519,0.0,0.0,0.0,0.0
"TISTUD-8777",True,"train",0.0,0.0,0.0,0.0,0.5483519434928894,0.0,0.3024832010269165,0.0,0.13526038825511932
"TISTUD-8878",False,"train",0.0,0.0,0.0,0.0,0.9672902226448059,0.0,0.0,0.0,0.0292933601886034
"TISTUD-8791",False,"train",0.0,0.0,0.0,0.0,0.0,0.9890168309211731,0.0,0.0,0.0
"TISTUD-5557",False,"train",0.9966817498207092,0.0,0.0,0.0,0.0,0.0,0.0,0.0,0.0
"TISTUD-7624",False,"train",0.0,0.0,0.0,0.9885969758033752,0.0,0.0,0.0,0.0,0.0
"TISTUD-3805",False,"train",0.0,0.0,0.0,0.0,0.0,0.9629367589950562,0.0,0.0,0.0
"TISTUD-7632",False,"train",0.0,0.0,0.0,0.0,0.0,0.9876447319984436,0.0,0.0,0.0
"TISTUD-8878",False,"train",0.0,0.0,0.0,0.0,0.9672902226448059,0.0,0.0,0.0,0.0292933601886034
"TISTUD-7530",False,"train",0.0,0.09033822268247604,0.0,0.0,0.0,0.0,0.11579808592796326,0.7634955644607544,0.0
"TISTUD-7899",False,"train",0.0,0.0,0.0,0.0,0.0,0.0,0.0,0.9505829811096191,0.0
"TISTUD-5913",False,"train",0.0,0.0,0.9856557250022888,0.0,0.0,0.0,0.0,0.0,0.0
"TISTUD-7475",False,"train",0.0,0.0,0.0,0.0,0.0,0.0,0.0,0.0,0.9871101975440979
"TISTUD-5545",False,"train",0.0,0.0,0.0,0.0,0.0,0.9713118672370911,0.0,0.0,0.0
"TISTUD-5325",False,"train",0.0,0.0,0.0,0.0,0.0,0.0,0.9818510413169861,0.0,0.0
"TISTUD-6236",False,"train",0.0,0.0,0.0,0.0,0.0,0.0,0.0,0.9874736070632935,0.0
"TISTUD-5052",False,"train",0.0,0.0,0.9745883941650391,0.0,0.0,0.0,0.0,0.0,0.0
"TISTUD-6909",False,"train",0.0,0.9998811483383179,0.0,0.0,0.0,0.0,0.0,0.0,0.0
"TISTUD-8526",False,"train",0.0,0.0,0.0,0.0,0.0,0.8240737915039062,0.0,0.16858112812042236,0.0
"TISTUD-6124",False,"train",0.0,0.0,0.0,0.0,0.0,0.0,0.9722042083740234,0.0,0.0
"TISTUD-9047",False,"train",0.0,0.9828912615776062,0.0,0.0,0.0,0.0,0.0,0.0,0.0
"TISTUD-5457",False,"train",0.0,0.20163437724113464,0.0,0.0,0.0,0.0,0.0,0.2575550377368927,0.5266119241714478
"TISTUD-8848",True,"train",0.0,0.0,0.0,0.0,0.0,0.0,0.0,0.0,0.9644168615341187
"TISTUD-4363",False,"train",0.0,0.0,0.0,0.0,0.912079930305481,0.0,0.0,0.0,0.04467002674937248
"TISTUD-6425",False,"train",0.0,0.0,0.0,0.9703500270843506,0.0,0.0,0.0,0.0,0.0
"TISTUD-7354",False,"train",0.0,0.0,0.0,0.9682295918464661,0.0,0.0,0.0,0.0,0.0
"TISTUD-8718",False,"train",0.0,0.0,0.0,0.0,0.0,0.990638256072998,0.0,0.0,0.0
"TISTUD-7725",False,"train",0.8728606104850769,0.0,0.0,0.0,0.0,0.0,0.0,0.11092136055231094,0.0
"TISTUD-5061",False,"train",0.0,0.0,0.0,0.0,0.0,0.0,0.0,0.0,0.9797880053520203
"TISTUD-5671",False,"train",0.0,0.0,0.0,0.9186131954193115,0.0,0.0,0.0,0.0,0.06482696533203125
"TISTUD-5960",False,"train",0.0,0.0,0.9818497896194458,0.0,0.0,0.0,0.0,0.0,0.0
"TISTUD-6299",False,"train",0.0,0.0,0.0,0.0,0.0,0.9738391637802124,0.0,0.0,0.0
"TISTUD-7473",False,"train",0.0,0.0,0.0,0.0,0.0,0.0,0.0,0.0,0.98844975233078
"TISTUD-6442",False,"train",0.0,0.0,0.0,0.0,0.967066764831543,0.0,0.0,0.0,0.0
"TISTUD-5339",False,"train",0.0,0.0,0.0,0.0,0.0,0.9429212212562561,0.0,0.0,0.04611184448003769
"TISTUD-8880",True,"train",0.0,0.0,0.0,0.0,0.9406824111938477,0.0,0.0,0.0,0.0
"TISTUD-8916",False,"train",0.0,0.0,0.5471174120903015,0.4299910366535187,0.0,0.0,0.0,0.0,0.0
"TISTUD-6407",False,"train",0.0,0.0,0.0,0.0,0.9825536608695984,0.0,0.0,0.0,0.0
"TISTUD-5614",False,"train",0.0,0.0,0.0,0.0,0.0,0.0,0.0,0.8137959837913513,0.17393608391284943
"TISTUD-5422",False,"train",0.0,0.0,0.0,0.0,0.0,0.0,0.0,0.0,0.980665385723114
"TISTUD-8864",False,"train",0.0,0.0,0.0,0.0,0.940645694732666,0.0,0.0,0.0,0.016122376546263695
"TISTUD-8997",False,"train",0.0,0.0,0.0,0.0,0.0,0.0,0.9364514350891113,0.0,0.0
"TISTUD-5557",False,"train",0.9966817498207092,0.0,0.0,0.0,0.0,0.0,0.0,0.0,0.0
"TISTUD-8919",False,"train",0.9879797697067261,0.0,0.0,0.0,0.0,0.0,0.0,0.0,0.0
"TISTUD-8729",False,"train",0.0,0.0,0.0,0.0,0.0,0.0,0.0,0.7180617451667786,0.27014434337615967
"TISTUD-8898",False,"train",0.0,0.0,0.0,0.0,0.97383713722229,0.0,0.0,0.0,0.0
"TISTUD-6978",False,"train",0.0,0.0,0.0,0.0,0.0,0.0,0.0,0.9555245637893677,0.0
"TISTUD-7867",False,"train",0.0,0.0,0.0,0.0,0.0,0.0,0.9835286736488342,0.0,0.0
"TISTUD-5045",False,"train",0.0,0.8656193017959595,0.0,0.0,0.0,0.0,0.0,0.0,0.12532979249954224
"TISTUD-5325",False,"train",0.0,0.0,0.0,0.0,0.0,0.0,0.9818510413169861,0.0,0.0
"TISTUD-7548",False,"train",0.0,0.0,0.0,0.0,0.9752916097640991,0.0,0.0,0.0,0.0
"TISTUD-5104",False,"train",0.0,0.0,0.6532731056213379,0.0,0.0,0.0,0.0,0.06963199377059937,0.2661377191543579
"TISTUD-8642",False,"train",0.0,0.0,0.0,0.0,0.0,0.14763222634792328,0.0,0.8387110233306885,0.0
"TISTUD-7108",False,"train",0.0,0.0,0.0,0.0,0.379941463470459,0.0,0.0,0.5978113412857056,0.0
"TISTUD-8971",False,"train",0.0,0.9670502543449402,0.0,0.0,0.0,0.0,0.0,0.0,0.0
"TISTUD-6237",False,"train",0.0,0.0,0.0,0.0,0.0,0.9914477467536926,0.0,0.0,0.0
"TISTUD-7805",False,"train",0.0,0.0,0.0,0.0,0.0,0.0,0.9555293917655945,0.0,0.0
"TISTUD-5459",False,"train",0.0,0.0,0.0,0.0,0.0,0.0,0.0,0.0,0.9914460778236389
"TISTUD-7852",False,"train",0.0,0.0,0.0,0.4991154968738556,0.0,0.0,0.0,0.0,0.4850063621997833
"TISTUD-8928",False,"train",0.0,0.0,0.0,0.0,0.0,0.0,0.0,0.9644299149513245,0.0
"TISTUD-6581",False,"train",0.0,0.0,0.0,0.0,0.0,0.0,0.0,0.9682361483573914,0.0
"TISTUD-7704",False,"train",0.6066197156906128,0.0,0.0,0.0,0.0,0.0,0.3579943776130676,0.0,0.0
"TISTUD-6009",False,"train",0.0,0.0,0.0,0.0,0.0,0.0,0.9869182705879211,0.0,0.0
"TISTUD-6778",False,"train",0.0,0.0,0.9838276505470276,0.0,0.0,0.0,0.0,0.0,0.0
"TISTUD-5169",False,"train",0.0,0.0,0.0,0.9759611487388611,0.0,0.0,0.0,0.0,0.0
"TISTUD-5067",False,"train",0.0,0.0,0.0,0.0,0.0,0.0,0.0,0.0,0.990738570690155
"TISTUD-7781",False,"train",0.0,0.0,0.0,0.0,0.9793136119842529,0.0,0.0,0.0,0.0
"TISTUD-8880",True,"train",0.0,0.0,0.0,0.0,0.9406824111938477,0.0,0.0,0.0,0.0
"TISTUD-8847",False,"train",0.0,0.0,0.9921956062316895,0.0,0.0,0.0,0.0,0.0,0.0
"TISTUD-6116",False,"train",0.0,0.0,0.7605407238006592,0.0,0.0,0.0,0.0,0.0,0.21514229476451874
"TISTUD-7965",False,"train",0.0,0.0,0.0,0.0,0.0,0.0,0.9730479121208191,0.0,0.0
"TISTUD-7971",False,"train",0.0,0.0,0.0,0.0,0.0,0.0,0.9280524849891663,0.0,0.058526474982500076
"TISTUD-6778",False,"train",0.0,0.0,0.9838276505470276,0.0,0.0,0.0,0.0,0.0,0.0
"TISTUD-5913",False,"train",0.0,0.0,0.9856557250022888,0.0,0.0,0.0,0.0,0.0,0.0
"TISTUD-8919",False,"train",0.9879797697067261,0.0,0.0,0.0,0.0,0.0,0.0,0.0,0.0
"TISTUD-9118",False,"train",0.0,0.0,0.0,0.06425711512565613,0.0,0.0,0.0,0.0,0.9317712187767029
"TISTUD-4365",False,"train",0.0,0.0,0.0,0.0,0.0,0.0,0.0,0.2329276204109192,0.7238250374794006
"TISTUD-5324",False,"train",0.0,0.0,0.0,0.0,0.0,0.0,0.9505739808082581,0.0,0.0
"TISTUD-4360",False,"train",0.0,0.0,0.0,0.0,0.0,0.0,0.0,0.0,0.940710723400116
"TISTUD-5545",False,"train",0.0,0.0,0.0,0.0,0.0,0.9713118672370911,0.0,0.0,0.0
"TISTUD-5393",False,"train",0.0,0.0,0.0,0.0,0.9783053994178772,0.0,0.0,0.0,0.0
"TISTUD-5761",False,"train",0.3906781077384949,0.0,0.0,0.0,0.6071344017982483,0.0,0.0,0.0,0.0
"TISTUD-5285",False,"train",0.0,0.0,0.0,0.0,0.38576263189315796,0.0,0.577159583568573,0.0,0.0
"TISTUD-9137",False,"train",0.0,0.0,0.0,0.0,0.0,0.0,0.0,0.0,0.9882957935333252
"TISTUD-9047",False,"train",0.0,0.9828912615776062,0.0,0.0,0.0,0.0,0.0,0.0,0.0
"TISTUD-582",False,"train",0.0,0.0,0.0,0.0,0.0,0.0,0.9838262796401978,0.0,0.0
"TISTUD-5686",False,"train",0.0,0.8859053254127502,0.0,0.0,0.0,0.10482970625162125,0.0,0.0,0.0
"TISTUD-7704",False,"train",0.6066197156906128,0.0,0.0,0.0,0.0,0.0,0.3579943776130676,0.0,0.0
"TISTUD-5422",False,"train",0.0,0.0,0.0,0.0,0.0,0.0,0.0,0.0,0.980665385723114
"TISTUD-8882",False,"train",0.0,0.0,0.9931052327156067,0.0,0.0,0.0,0.0,0.0,0.0
"TISTUD-5310",False,"train",0.0,0.0,0.0,0.0,0.9765950441360474,0.0,0.0,0.0,0.0
"TISTUD-9101",False,"train",0.0,0.0,0.0,0.0,0.0,0.0,0.9258662462234497,0.0,0.0
"TISTUD-6940",True,"train",0.0,0.0,0.6931248903274536,0.0,0.0,0.0,0.0,0.0,0.2936776280403137
"TISTUD-4191",False,"train",0.0,0.0,0.0,0.0,0.0,0.0,0.0,0.0,0.9722124934196472
"TISTUD-7880",False,"train",0.0,0.0,0.0,0.0,0.9907351732254028,0.0,0.0,0.0,0.0
"TISTUD-4191",False,"train",0.0,0.0,0.0,0.0,0.0,0.0,0.0,0.0,0.9722124934196472
"TISTUD-8010",False,"train",0.0,0.0,0.0,0.0,0.0,0.0,0.0,0.9810779094696045,0.0
"TISTUD-6108",False,"train",0.0,0.0,0.0,0.0,0.9783042669296265,0.0,0.0,0.0,0.0
"TISTUD-7982",False,"train",0.0,0.0,0.0,0.0,0.0,0.0,0.23658326268196106,0.34142887592315674,0.4147310256958008
"TISTUD-8859",False,"train",0.0,0.0,0.9917626976966858,0.0,0.0,0.0,0.0,0.0,0.0
"TISTUD-8967",False,"train",0.0,0.0,0.0,0.998099148273468,0.0,0.0,0.0,0.0,0.0
"TISTUD-7608",False,"train",0.0,0.0,0.0,0.9216369390487671,0.0,0.0,0.0,0.06339382380247116,0.0
"TISTUD-6890",False,"train",0.21913538873195648,0.04370103031396866,0.0,0.0,0.6932817697525024,0.04195989668369293,0.0,0.0,0.0
"TISTUD-8960",True,"train",0.0,0.0,0.0,0.0,0.9894056916236877,0.0,0.0,0.0,0.0
"TISTUD-5825",False,"train",0.0,0.9978146553039551,0.0,0.0,0.0,0.0,0.0,0.0,0.0
"TISTUD-5769",False,"train",0.0,0.0,0.0,0.0,0.0,0.0,0.0,0.9885969161987305,0.0
"TISTUD-5061",False,"train",0.0,0.0,0.0,0.0,0.0,0.0,0.0,0.0,0.9797880053520203
"TISTUD-8936",False,"train",0.0,0.0,0.0,0.0,0.0,0.984664261341095,0.0,0.0,0.0
"TISTUD-8010",False,"train",0.0,0.0,0.0,0.0,0.0,0.0,0.0,0.9810779094696045,0.0
"TISTUD-5169",False,"train",0.0,0.0,0.0,0.9759611487388611,0.0,0.0,0.0,0.0,0.0
"TISTUD-2346",False,"train",0.0,0.0,0.09633532911539078,0.0,0.0,0.06457221508026123,0.0,0.0,0.8267331123352051
"TISTUD-7852",False,"train",0.0,0.0,0.0,0.4991154968738556,0.0,0.0,0.0,0.0,0.4850063621997833
"TISTUD-5079",False,"train",0.0,0.0,0.0,0.0,0.0,0.7575381398200989,0.0,0.0,0.2268809974193573
"TISTUD-8454",False,"train",0.961318850517273,0.0,0.0,0.0,0.0,0.0,0.0,0.0,0.0
"TISTUD-6444",False,"train",0.0,0.0,0.0,0.0,0.9407267570495605,0.0,0.0,0.0,0.0
"TISTUD-8998",False,"train",0.0,0.0,0.0,0.0,0.0,0.0,0.9576402306556702,0.0,0.0
"TISTUD-5543",False,"train",0.0,0.0,0.6231126189231873,0.0,0.0,0.3212984800338745,0.0,0.0,0.0
"TISTUD-6310",False,"train",0.0,0.0,0.0,0.0,0.0,0.0,0.0,0.49406933784484863,0.4893616735935211
"TISTUD-8490",False,"train",0.0,0.9978480339050293,0.0,0.0,0.0,0.0,0.0,0.0,0.0
"TISTUD-5061",False,"train",0.0,0.0,0.0,0.0,0.0,0.0,0.0,0.0,0.9797880053520203
"TISTUD-7526",False,"train",0.0,0.0,0.0,0.9629303812980652,0.0,0.0,0.0,0.0,0.0
"TISTUD-6037",False,"train",0.934832751750946,0.0,0.0,0.0,0.0,0.0,0.0,0.061280056834220886,0.0
"TISTUD-5089",False,"train",0.0,0.0,0.0,0.0,0.0,0.0,0.0,0.0,0.9595791697502136
"TISTUD-8944",False,"train",0.0,0.0,0.0,0.0,0.0,0.0,0.0,0.9407057762145996,0.0
"TISTUD-7607",False,"train",0.0,0.0,0.0,0.0,0.0,0.0,0.0,0.0,0.9738429188728333
"TISTUD-8838",False,"train",0.0,0.0,0.0,0.0,0.9897761344909668,0.0,0.0,0.0,0.0
"TISTUD-8760",False,"train",0.0,0.0,0.0,0.0,0.0,0.889704167842865,0.10007983446121216,0.0,0.0
"TISTUD-8883",False,"train",0.8160712122917175,0.0,0.1815190315246582,0.0,0.0,0.0,0.0,0.0,0.0
"TISTUD-5767",False,"train",0.0,0.0,0.742691695690155,0.24433381855487823,0.0,0.0,0.0,0.0,0.0
"TISTUD-6581",False,"train",0.0,0.0,0.0,0.0,0.0,0.0,0.0,0.9682361483573914,0.0
"TISTUD-8866",False,"train",0.0,0.0,0.0,0.0,0.0,0.0,0.0,0.19190645217895508,0.762304961681366
"TISTUD-7689",False,"train",0.0,0.0,0.0,0.0,0.0,0.0,0.9863114356994629,0.0,0.0
"TISTUD-9145",False,"train",0.0,0.0,0.8773662447929382,0.07396905869245529,0.0,0.0,0.0,0.0,0.0
"TISTUD-8564",False,"train",0.0,0.0,0.0,0.9315707683563232,0.0,0.0,0.0,0.0,0.0
"TISTUD-6677",False,"train",0.0,0.0,0.0,0.0,0.0,0.0,0.9788239598274231,0.0,0.0
"TISTUD-5378",False,"train",0.0,0.0,0.0,0.0,0.0,0.0,0.9531739950180054,0.0,0.0
"TISTUD-7783",False,"train",0.0,0.0,0.0,0.0,0.0,0.0,0.26578038930892944,0.0,0.7208021879196167
"TISTUD-4978",False,"train",0.0,0.0,0.0,0.9841201305389404,0.0,0.0,0.0,0.0,0.0
"TISTUD-7726",False,"train",0.0,0.0,0.0,0.0,0.0,0.0,0.9555118083953857,0.0,0.0
"TISTUD-8791",False,"train",0.0,0.0,0.0,0.0,0.0,0.9890168309211731,0.0,0.0,0.0
"TISTUD-9156",True,"train",0.0,0.0,0.0,0.0,0.0,0.0,0.3719484508037567,0.6080943942070007,0.0
"TISTUD-7511",False,"train",0.0,0.0,0.0,0.0,0.0,0.6193690299987793,0.0,0.371982216835022,0.0
"TISTUD-9035",False,"train",0.0,0.0,0.0,0.0,0.0,0.6153475642204285,0.3764583468437195,0.0,0.0
"TISTUD-5393",False,"train",0.0,0.0,0.0,0.0,0.9783053994178772,0.0,0.0,0.0,0.0
"TISTUD-4360",False,"train",0.0,0.0,0.0,0.0,0.0,0.0,0.0,0.0,0.940710723400116
"TISTUD-7111",False,"train",0.0,0.0,0.0,0.0,0.9613254070281982,0.0,0.0,0.0,0.0
"TISTUD-2978",False,"train",0.0,0.0,0.0,0.0,0.0,0.9777584075927734,0.0,0.0,0.0
"TISTUD-8652",False,"train",0.0,0.0,0.0,0.0,0.0,0.0,0.0,0.0,0.9721967577934265
"TISTUD-5610",False,"train",0.0,0.0,0.0,0.0,0.0,0.0,0.9745864272117615,0.0,0.0
"TISTUD-7108",False,"train",0.0,0.0,0.0,0.0,0.379941463470459,0.0,0.0,0.5978113412857056,0.0
"TISTUD-7475",False,"train",0.0,0.0,0.0,0.0,0.0,0.0,0.0,0.0,0.9871101975440979
"TISTUD-5545",False,"train",0.0,0.0,0.0,0.0,0.0,0.9713118672370911,0.0,0.0,0.0
"TISTUD-8918",False,"train",0.0,0.0,0.0,0.0,0.9724375009536743,0.02152714692056179,0.0,0.0,0.0
"TISTUD-8819",False,"train",0.0,0.0,0.0,0.0,0.0,0.0,0.0,0.9903305172920227,0.0
"TISTUD-7463",False,"train",0.0,0.0,0.0,0.7188729643821716,0.0,0.0,0.0,0.0,0.270599901676178
"TISTUD-7632",False,"train",0.0,0.0,0.0,0.0,0.0,0.9876447319984436,0.0,0.0,0.0
"TISTUD-9093",False,"train",0.0,0.0,0.0,0.9765950441360474,0.0,0.0,0.0,0.0,0.0
"TISTUD-5294",False,"train",0.9986627697944641,0.0,0.0,0.0,0.0,0.0,0.0,0.0,0.0
"TISTUD-5986",False,"train",0.0,0.0,0.019145583733916283,0.0,0.0,0.6082096099853516,0.10752610117197037,0.0,0.25932273268699646
"TISTUD-8847",False,"train",0.0,0.0,0.9921956062316895,0.0,0.0,0.0,0.0,0.0,0.0
"TISTUD-3863",True,"train",0.0,0.0,0.0,0.0,0.0,0.0,0.0,0.0,0.9505849480628967
"TISTUD-8939",False,"train",0.0,0.0,0.0,0.0,0.4530203342437744,0.0,0.0,0.533789873123169,0.0
"TISTUD-5422",False,"train",0.0,0.0,0.0,0.0,0.0,0.0,0.0,0.0,0.980665385723114
"TISTUD-6144",False,"train",0.0,0.0,0.0,0.0,0.0,0.0,0.9849157333374023,0.0,0.0
"TISTUD-8718",False,"train",0.0,0.0,0.0,0.0,0.0,0.990638256072998,0.0,0.0,0.0
"TISTUD-8524",False,"train",0.0,0.0,0.0,0.0,0.9595668911933899,0.0,0.0,0.0,0.0
"TISTUD-5648",False,"train",0.0,0.0,0.9644331336021423,0.0,0.0,0.0,0.0,0.0,0.0
"TISTUD-4325",False,"train",0.0,0.0,0.9980835318565369,0.0,0.0,0.0,0.0,0.0,0.0
"TISTUD-5368",False,"train",0.0,0.0,0.0,0.0,0.0,0.0,0.09185563027858734,0.0,0.8830264806747437
"TISTUD-8967",False,"train",0.0,0.0,0.0,0.998099148273468,0.0,0.0,0.0,0.0,0.0
"TISTUD-6307",False,"train",0.0,0.0,0.0,0.0,0.0,0.0,0.0,0.9841185808181763,0.0
"TISTUD-5892",False,"train",0.0,0.0,0.0,0.0,0.0,0.0,0.0,0.0,0.9814695715904236
"TISTUD-7691",False,"train",0.0,0.0,0.0,0.0,0.0,0.9844010472297668,0.0,0.0,0.0
"TISTUD-5070",False,"train",0.0,0.0,0.0,0.0,0.0,0.0,0.0,0.0,0.9907383918762207
"TISTUD-2729",False,"train",0.0,0.0,0.0,0.0,0.0,0.0,0.0,0.9693280458450317,0.0
"TISTUD-5353",False,"train",0.0,0.0,0.0,0.7443293929100037,0.0,0.14590483903884888,0.0,0.0,0.09173155575990677
"TISTUD-5401",False,"train",0.0,0.0,0.0,0.0,0.0,0.9818499088287354,0.0,0.0,0.0
"TISTUD-7522",False,"train",0.0,0.0,0.0,0.0,0.0,0.0,0.0,0.9854204654693604,0.0
"TISTUD-8610",False,"train",0.0,0.0,0.0,0.0,0.0,0.2701405882835388,0.7235304117202759,0.0,0.0
"TISTUD-5168",False,"train",0.0,0.0,0.0,0.3292502462863922,0.6368996500968933,0.0,0.0,0.0,0.0
"TISTUD-8541",False,"train",0.0,0.0,0.0,0.0,0.0,0.0,0.0,0.0,0.9797811508178711
"TISTUD-9116",False,"train",0.030560998246073723,0.0,0.0,0.8975470066070557,0.060791414231061935,0.0,0.0,0.0,0.0
"TISTUD-5089",False,"train",0.0,0.0,0.0,0.0,0.0,0.0,0.0,0.0,0.9595791697502136
"TISTUD-6220",False,"train",0.0,0.0,0.0,0.0,0.0,0.0,0.0,0.9657992124557495,0.0
"TISTUD-5354",False,"train",0.7143906354904175,0.0,0.0,0.0,0.0,0.0,0.0,0.0,0.26565101742744446
"TISTUD-6969",False,"train",0.0,0.44817331433296204,0.0,0.0,0.06783214956521988,0.17045307159423828,0.0,0.0,0.3077453374862671
"TISTUD-4978",False,"train",0.0,0.0,0.0,0.9841201305389404,0.0,0.0,0.0,0.0,0.0
"TISTUD-7495",False,"train",0.7130395770072937,0.0,0.0,0.0,0.0,0.04487474635243416,0.0,0.0,0.2344174087047577
"TISTUD-8978",False,"train",0.0,0.0,0.0,0.0,0.0,0.0,0.6537646055221558,0.0,0.3211260437965393
"TISTUD-6443",False,"train",0.0,0.0,0.0,0.0,0.9407280087471008,0.0,0.0,0.0,0.0
"TISTUD-5470",False,"train",0.536116361618042,0.0,0.0,0.0,0.0,0.0,0.0,0.0,0.4285007417201996
"TISTUD-8779",False,"train",0.0,0.0,0.9949999451637268,0.0,0.0,0.0,0.0,0.0,0.0
"TISTUD-7132",False,"train",0.0,0.0,0.0,0.0,0.0,0.0,0.9722026586532593,0.0,0.0
"TISTUD-3474",False,"train",0.0,0.7797430753707886,0.0,0.0,0.0,0.0,0.0,0.1878262758255005,0.0
"TISTUD-4977",False,"train",0.0,0.2605634331703186,0.0,0.7183929085731506,0.0,0.0,0.0,0.0,0.0
"TISTUD-7965",False,"train",0.0,0.0,0.0,0.0,0.0,0.0,0.9730479121208191,0.0,0.0
"TISTUD-8925",False,"train",0.0,0.06194610893726349,0.0,0.7611404657363892,0.16846680641174316,0.0,0.0,0.0,0.0
"TISTUD-8859",False,"train",0.0,0.0,0.9917626976966858,0.0,0.0,0.0,0.0,0.0,0.0
"TISTUD-6951",False,"train",0.0,0.0,0.0,0.0,0.0,0.0,0.9960642457008362,0.0,0.0
"TISTUD-6009",False,"train",0.0,0.0,0.0,0.0,0.0,0.0,0.9869182705879211,0.0,0.0
"TISTUD-5833",False,"train",0.0,0.0,0.0,0.0,0.0,0.9657917022705078,0.0,0.0,0.0
"TISTUD-1335",False,"train",0.0,0.0,0.1352793276309967,0.0,0.0,0.0,0.0,0.0,0.8532727360725403
"TISTUD-7796",False,"train",0.0,0.996261715888977,0.0,0.0,0.0,0.0,0.0,0.0,0.0
"TISTUD-5424",False,"train",0.0,0.0,0.0,0.0,0.9828830361366272,0.0,0.0,0.0,0.0
"TISTUD-9137",False,"train",0.0,0.0,0.0,0.0,0.0,0.0,0.0,0.0,0.9882957935333252
"TISTUD-8527",False,"train",0.0,0.0,0.0,0.0,0.0,0.0,0.0,0.977756679058075,0.0
"TISTUD-6337",False,"train",0.0,0.0,0.0,0.0,0.0,0.0,0.11858056485652924,0.8715677857398987,0.0
"TISTUD-5473",False,"train",0.0,0.0,0.2181783765554428,0.0,0.7408577799797058,0.0,0.0,0.0,0.0
"TISTUD-7691",False,"train",0.0,0.0,0.0,0.0,0.0,0.9844010472297668,0.0,0.0,0.0
"TISTUD-7510",False,"train",0.0,0.0,0.0,0.0,0.0,0.0,0.9863162040710449,0.0,0.0
"TISTUD-4362",False,"train",0.010109405033290386,0.010105207562446594,0.37255632877349854,0.010107520036399364,0.0101114297285676,0.010109206661581993,0.010107054375112057,0.010108914226293564,0.5566849112510681
"TISTUD-8643",False,"train",0.0,0.0,0.0,0.0,0.0,0.20522776246070862,0.0,0.7884438037872314,0.0
"TISTUD-6689",False,"train",0.0,0.0,0.0,0.0,0.0,0.0,0.9797860980033875,0.0,0.0
"TISTUD-8859",False,"train",0.0,0.0,0.9917626976966858,0.0,0.0,0.0,0.0,0.0,0.0
"TISTUD-4191",False,"train",0.0,0.0,0.0,0.0,0.0,0.0,0.0,0.0,0.9722124934196472
"TISTUD-7684",False,"train",0.0,0.0,0.0,0.0,0.0,0.9871106743812561,0.0,0.0,0.0
"TISTUD-8023",False,"train",0.986522912979126,0.0,0.0,0.0,0.0,0.0,0.0,0.0,0.0
"TISTUD-2467",False,"train",0.0,0.0,0.0,0.0,0.28275731205940247,0.0,0.0,0.7048863768577576,0.0
"TISTUD-5767",False,"train",0.0,0.0,0.742691695690155,0.24433381855487823,0.0,0.0,0.0,0.0,0.0
"TISTUD-8838",False,"train",0.0,0.0,0.0,0.0,0.9897761344909668,0.0,0.0,0.0,0.0
"TISTUD-7338",False,"train",0.0,0.0,0.0,0.0,0.0,0.0,0.9505950808525085,0.0,0.0
"TISTUD-7591",False,"train",0.0,0.0,0.0,0.9555312395095825,0.0,0.0,0.0,0.0,0.0
"TISTUD-9055",False,"train",0.0,0.0,0.0,0.0,0.0,0.0,0.0,0.9882985353469849,0.0
"TISTUD-5686",False,"train",0.0,0.8859053254127502,0.0,0.0,0.0,0.10482970625162125,0.0,0.0,0.0
"TISTUD-6113",False,"train",0.0,0.0,0.0,0.9923970103263855,0.0,0.0,0.0,0.0,0.0
"TISTUD-7783",False,"train",0.0,0.0,0.0,0.0,0.0,0.0,0.26578038930892944,0.0,0.7208021879196167
"TISTUD-6443",False,"train",0.0,0.0,0.0,0.0,0.9407280087471008,0.0,0.0,0.0,0.0
"TISTUD-5078",False,"train",0.0,0.0,0.0,0.0,0.0,0.0,0.0,0.0,0.9907384514808655
"TISTUD-7880",False,"train",0.0,0.0,0.0,0.0,0.9907351732254028,0.0,0.0,0.0,0.0
"TISTUD-5052",False,"train",0.0,0.0,0.9745883941650391,0.0,0.0,0.0,0.0,0.0,0.0
"TISTUD-8934",False,"train",0.0,0.0,0.0,0.9920589327812195,0.0,0.0,0.0,0.0,0.0
"TISTUD-8936",False,"train",0.0,0.0,0.0,0.0,0.0,0.984664261341095,0.0,0.0,0.0
"TISTUD-4244",False,"train",0.0,0.0,0.0,0.0,0.0,0.0,0.568300724029541,0.4187173843383789,0.0
"TISTUD-8610",False,"train",0.0,0.0,0.0,0.0,0.0,0.2701405882835388,0.7235304117202759,0.0,0.0
"TISTUD-9075",False,"train",0.0,0.13031978905200958,0.0,0.7462716102600098,0.0,0.0,0.0,0.0,0.11450732499361038
"TISTUD-5886",False,"train",0.0,0.0,0.0,0.0,0.9738369584083557,0.0,0.0,0.0,0.0
"TISTUD-8682",False,"train",0.0,0.0,0.0,0.0,0.0,0.0,0.9670594930648804,0.0,0.0
"TISTUD-6702",False,"train",0.0,0.0,0.0,0.0,0.0,0.0,0.0,0.0,0.9846645593643188
"TISTUD-5976",False,"train",0.0,0.0,0.0,0.0,0.0,0.7846671342849731,0.0,0.0,0.19022884964942932
"TISTUD-8588",False,"train",0.0,0.0,0.0,0.0,0.0,0.9828982949256897,0.0,0.0,0.0
"TISTUD-7479",False,"train",0.0,0.0,0.0,0.0,0.0,0.0,0.9897147417068481,0.0,0.0
"TISTUD-5471",False,"train",0.0,0.0,0.0,0.0,0.0,0.0,0.0,0.8018484115600586,0.1693163961172104
"TISTUD-5419",False,"train",0.0,0.0,0.0,0.0,0.0,0.0,0.9863147139549255,0.0,0.0
"TISTUD-9042",False,"train",0.0,0.0,0.0,0.9505873918533325,0.0,0.0,0.0,0.0,0.0
"TISTUD-5381",False,"train",0.0,0.0,0.0,0.0,0.0,0.9385871887207031,0.05103468894958496,0.0,0.0
"TISTUD-5834",False,"train",0.0,0.0,0.0,0.0,0.0,0.0,0.988877534866333,0.0,0.0
"TISTUD-8741",False,"train",0.0,0.7301498055458069,0.0,0.0,0.230923593044281,0.0,0.0,0.0,0.0
"TISTUD-7616",False,"train",0.0,0.0,0.0,0.9822098612785339,0.0,0.0,0.0,0.0,0.0
"TISTUD-5824",False,"train",0.0,0.0,0.0,0.9056254029273987,0.0,0.09225387871265411,0.0,0.0,0.0
"TISTUD-8580",False,"train",0.0,0.0,0.0,0.0,0.5578386783599854,0.3910176753997803,0.038082756102085114,0.0,0.0
"TISTUD-5283",False,"train",0.0,0.0,0.0,0.0,0.9890176057815552,0.0,0.0,0.0,0.0
"TISTUD-7251",False,"train",0.0,0.0,0.0,0.0,0.9949758052825928,0.0,0.0,0.0,0.0
"TISTUD-8544",False,"train",0.0,0.0,0.0,0.0,0.0,0.0,0.97382652759552,0.0,0.0
"TISTUD-7822",False,"train",0.0,0.0,0.0,0.0,0.0,0.0,0.0,0.0,0.9841190576553345
"TISTUD-6888",False,"train",0.0,0.7162301540374756,0.0,0.0,0.0,0.26564422249794006,0.0,0.0,0.0
"TISTUD-9126",False,"train",0.0,0.0,0.0,0.0,0.978822648525238,0.0,0.0,0.0,0.0
"TISTUD-6337",False,"train",0.0,0.0,0.0,0.0,0.0,0.0,0.11858056485652924,0.8715677857398987,0.0
"TISTUD-8875",False,"train",0.0,0.0,0.0,0.0,0.0,0.0,0.0,0.9703503251075745,0.0
"TISTUD-7474",False,"train",0.0,0.0,0.0,0.9894121289253235,0.0,0.0,0.0,0.0,0.0
"TISTUD-7510",False,"train",0.0,0.0,0.0,0.0,0.0,0.0,0.9863162040710449,0.0,0.0
"TISTUD-7673",False,"train",0.0,0.0,0.7002419233322144,0.0,0.28507092595100403,0.0,0.0,0.0,0.0
"TISTUD-8682",False,"train",0.0,0.0,0.0,0.0,0.0,0.0,0.9670594930648804,0.0,0.0
"TISTUD-5642",False,"train",0.0,0.5895764231681824,0.0,0.0,0.0,0.0,0.0,0.39453423023223877,0.0
"TISTUD-5663",False,"train",0.0,0.0,0.0,0.0,0.0,0.0,0.0,0.9822080135345459,0.0
"TISTUD-8718",False,"train",0.0,0.0,0.0,0.0,0.0,0.990638256072998,0.0,0.0,0.0
"TISTUD-9043",False,"train",0.0,0.0,0.0,0.0,0.0,0.0,0.9797782897949219,0.0,0.0
"TISTUD-6116",False,"train",0.0,0.0,0.7605407238006592,0.0,0.0,0.0,0.0,0.0,0.21514229476451874
"TISTUD-5223",False,"train",0.0,0.0,0.8022813200950623,0.0,0.0,0.0,0.18115729093551636,0.0,0.0
"TISTUD-5322",False,"train",0.0,0.0,0.0,0.0,0.0,0.0,0.9783086180686951,0.0,0.0
"TISTUD-8458",False,"train",0.0,0.9993343353271484,0.0,0.0,0.0,0.0,0.0,0.0,0.0
"TISTUD-5302",False,"train",0.0,0.0,0.0,0.8363577723503113,0.0,0.0,0.0,0.0,0.12980206310749054
"TISTUD-8836",False,"train",0.0,0.0,0.0,0.9444072246551514,0.0,0.0,0.0,0.0,0.0
"TISTUD-9085",False,"train",0.0,0.0,0.0,0.0,0.0,0.0,0.9745780229568481,0.0,0.0
"TISTUD-8747",False,"train",0.0,0.0,0.0,0.0,0.0,0.0,0.9555350542068481,0.0,0.0
"TISTUD-5089",False,"train",0.0,0.0,0.0,0.0,0.0,0.0,0.0,0.0,0.9595791697502136
"TISTUD-8902",False,"train",0.0,0.0,0.0,0.976597011089325,0.0,0.0,0.0,0.0,0.0
"TISTUD-5504",False,"train",0.0,0.0,0.0,0.0,0.07802115380764008,0.0,0.0,0.024648219347000122,0.8858176469802856
"TISTUD-6113",False,"train",0.0,0.0,0.0,0.9923970103263855,0.0,0.0,0.0,0.0,0.0
"TISTUD-5225",False,"train",0.0,0.8609147667884827,0.0,0.01618034392595291,0.0,0.12141751497983932,0.0,0.0,0.0
"TISTUD-7799",False,"train",0.045954544097185135,0.0,0.0,0.0,0.0,0.0,0.9535584449768066,0.0,0.0
"TISTUD-9055",False,"train",0.0,0.0,0.0,0.0,0.0,0.0,0.0,0.9882985353469849,0.0
"TISTUD-6218",False,"train",0.0,0.0,0.0,0.0,0.0,0.0,0.034222424030303955,0.8211738467216492,0.13365447521209717
"TISTUD-5886",False,"train",0.0,0.0,0.0,0.0,0.9738369584083557,0.0,0.0,0.0,0.0
"TISTUD-9118",False,"train",0.0,0.0,0.0,0.06425711512565613,0.0,0.0,0.0,0.0,0.9317712187767029
"TISTUD-5759",False,"train",0.0,0.0,0.0,0.0,0.0,0.981469452381134,0.0,0.0,0.0
"TISTUD-8838",False,"train",0.0,0.0,0.0,0.0,0.9897761344909668,0.0,0.0,0.0,0.0
"TISTUD-7965",False,"train",0.0,0.0,0.0,0.0,0.0,0.0,0.9730479121208191,0.0,0.0
"TISTUD-8023",False,"train",0.986522912979126,0.0,0.0,0.0,0.0,0.0,0.0,0.0,0.0
"TISTUD-5648",False,"train",0.0,0.0,0.9644331336021423,0.0,0.0,0.0,0.0,0.0,0.0
"TISTUD-7251",False,"train",0.0,0.0,0.0,0.0,0.9949758052825928,0.0,0.0,0.0,0.0
"TISTUD-6647",False,"train",0.0,0.0,0.0,0.0,0.0,0.0,0.9822103381156921,0.0,0.0
"TISTUD-6702",False,"train",0.0,0.0,0.0,0.0,0.0,0.0,0.0,0.0,0.9846645593643188
"TISTUD-8919",False,"train",0.9879797697067261,0.0,0.0,0.0,0.0,0.0,0.0,0.0,0.0
"TISTUD-5089",False,"train",0.0,0.0,0.0,0.0,0.0,0.0,0.0,0.0,0.9595791697502136
"TISTUD-7110",False,"train",0.0,0.0,0.0,0.0,0.8521270751953125,0.0,0.11794185638427734,0.0,0.0
"TISTUD-8945",False,"train",0.0920117050409317,0.0,0.0,0.0,0.0,0.0,0.906482994556427,0.0,0.0
"TISTUD-5071",False,"train",0.0,0.0,0.0,0.0,0.0,0.0,0.0,0.0,0.9907382726669312
"TISTUD-4073",False,"train",0.5654171109199524,0.0,0.0,0.0,0.0,0.42406517267227173,0.0,0.0,0.0
"TISTUD-7822",False,"train",0.0,0.0,0.0,0.0,0.0,0.0,0.0,0.0,0.9841190576553345
"TISTUD-7822",False,"train",0.0,0.0,0.0,0.0,0.0,0.0,0.0,0.0,0.9841190576553345
"TISTUD-7946",True,"train",0.0,0.0,0.013135530985891819,0.0,0.07034995406866074,0.8289401531219482,0.0,0.0,0.08132047206163406
"TISTUD-5007",False,"train",0.0,0.0,0.0,0.0,0.0,0.0,0.0,0.987646758556366,0.0
"TISTUD-6399",False,"train",0.0,0.0,0.0,0.0,0.4064657390117645,0.15541972219944,0.0,0.0,0.4322522282600403
"TISTUD-7548",False,"train",0.0,0.0,0.0,0.0,0.9752916097640991,0.0,0.0,0.0,0.0
"TISTUD-7605",False,"train",0.0,0.04780743643641472,0.9509210586547852,0.0,0.0,0.0,0.0,0.0,0.0
"TISTUD-5977",False,"train",0.0,0.0,0.0,0.0,0.0,0.0,0.8820332884788513,0.0,0.09943700581789017
"TISTUD-7032",False,"train",0.0,0.0,0.0,0.0,0.0,0.9771937131881714,0.0,0.0,0.0
"TISTUD-5093",False,"train",0.0,0.0,0.9643744230270386,0.0,0.0,0.0,0.0,0.0,0.0
"TISTUD-6772",False,"train",0.0,0.0,0.0,0.9838281869888306,0.0,0.0,0.0,0.0,0.0
"TISTUD-5206",False,"train",0.0,0.0,0.0,0.0,0.0,0.0,0.9814695119857788,0.0,0.0
"TISTUD-8787",False,"train",0.0,0.0,0.0,0.9738398790359497,0.0,0.0,0.0,0.0,0.0
"TISTUD-7708",False,"train",0.0,0.0,0.0,0.0,0.0,0.9894124269485474,0.0,0.0,0.0
"TISTUD-7475",False,"train",0.0,0.0,0.0,0.0,0.0,0.0,0.0,0.0,0.9871101975440979
"TISTUD-6726",False,"train",0.0,0.0,0.9777443408966064,0.0,0.0,0.0,0.0,0.0,0.0
"TISTUD-4073",False,"train",0.5654171109199524,0.0,0.0,0.0,0.0,0.42406517267227173,0.0,0.0,0.0
"TISTUD-6442",False,"train",0.0,0.0,0.0,0.0,0.967066764831543,0.0,0.0,0.0,0.0
"TISTUD-6443",False,"train",0.0,0.0,0.0,0.0,0.9407280087471008,0.0,0.0,0.0,0.0
"TISTUD-1594",False,"train",0.0,0.0,0.0,0.0,0.0,0.13034431636333466,0.0,0.0,0.8264205455780029
"TISTUD-5370",False,"train",0.0,0.0,0.0,0.0,0.0,0.0,0.9806627035140991,0.0,0.0
"TISTUD-6444",False,"train",0.0,0.0,0.0,0.0,0.9407267570495605,0.0,0.0,0.0,0.0
"TISTUD-4357",False,"train",0.5874329805374146,0.0,0.0,0.0,0.0,0.0,0.0,0.0,0.3826269507408142
"TISTUD-4619",False,"train",0.972206711769104,0.0,0.0,0.0,0.0,0.0,0.0,0.0,0.0
"TISTUD-7960",False,"train",0.0,0.0,0.0,0.0,0.0,0.9777432680130005,0.0,0.0,0.0
"TISTUD-8967",False,"train",0.0,0.0,0.0,0.998099148273468,0.0,0.0,0.0,0.0,0.0
"TISTUD-9060",False,"train",0.0,0.0,0.0,0.30700919032096863,0.0,0.0,0.0,0.30851686000823975,0.376336932182312
"TISTUD-7611",False,"train",0.0,0.0,0.0,0.0,0.0,0.9818425178527832,0.0,0.0,0.0
"TISTUD-7061",False,"train",0.0,0.0,0.0,0.0,0.0,0.9771944880485535,0.0,0.0,0.0
"TISTUD-7510",False,"train",0.0,0.0,0.0,0.0,0.0,0.0,0.9863162040710449,0.0,0.0
"TISTUD-5538",False,"train",0.0,0.0,0.0,0.0,0.0,0.30955734848976135,0.0,0.0,0.6776773929595947
"TISTUD-5320",False,"train",0.0,0.660373330116272,0.0,0.0,0.0,0.0,0.0,0.13859406113624573,0.18513524532318115
"TISTUD-6755",False,"train",0.0,0.0,0.0,0.0,0.0,0.6406556367874146,0.0,0.0,0.3398846685886383
"TISTUD-6445",False,"train",0.0,0.0,0.0,0.0,0.9407305121421814,0.0,0.0,0.0,0.0
"TISTUD-5385",False,"train",0.6483966112136841,0.0,0.0,0.0,0.09849128872156143,0.0,0.0,0.0,0.232253298163414
"TISTUD-7708",False,"train",0.0,0.0,0.0,0.0,0.0,0.9894124269485474,0.0,0.0,0.0
"TISTUD-6337",False,"train",0.0,0.0,0.0,0.0,0.0,0.0,0.11858056485652924,0.8715677857398987,0.0
"TISTUD-5359",False,"train",0.0,0.0,0.0,0.9861008524894714,0.0,0.0,0.0,0.0,0.0
"TISTUD-7691",False,"train",0.0,0.0,0.0,0.0,0.0,0.9844010472297668,0.0,0.0,0.0
"TISTUD-5977",False,"train",0.0,0.0,0.0,0.0,0.0,0.0,0.8820332884788513,0.0,0.09943700581789017
"TISTUD-7515",False,"train",0.0,0.0,0.0,0.0,0.0,0.0,0.0,0.0,0.940700888633728
"TISTUD-2729",False,"train",0.0,0.0,0.0,0.0,0.0,0.0,0.0,0.9693280458450317,0.0
"TISTUD-5610",False,"train",0.0,0.0,0.0,0.0,0.0,0.0,0.9745864272117615,0.0,0.0
"TISTUD-5020",False,"train",0.0,0.0,0.0,0.0,0.0,0.24768266081809998,0.0,0.7353922724723816,0.0
"TISTUD-7485",False,"train",0.9841167330741882,0.0,0.0,0.0,0.0,0.0,0.0,0.0,0.0
"TISTUD-6425",False,"train",0.0,0.0,0.0,0.9703500270843506,0.0,0.0,0.0,0.0,0.0
"TISTUD-6677",False,"train",0.0,0.0,0.0,0.0,0.0,0.0,0.9788239598274231,0.0,0.0
"TISTUD-5322",False,"train",0.0,0.0,0.0,0.0,0.0,0.0,0.9783086180686951,0.0,0.0
"TISTUD-7129",False,"train",0.0,0.0,0.0,0.0,0.0,0.0,0.9629342555999756,0.0,0.0
"TISTUD-5310",False,"train",0.0,0.0,0.0,0.0,0.9765950441360474,0.0,0.0,0.0,0.0
"TISTUD-7331",False,"train",0.0,0.0,0.0,0.0,0.0,0.0,0.9657919406890869,0.0,0.0
"TISTUD-5421",False,"train",0.0,0.0,0.27773651480674744,0.0,0.39665213227272034,0.30336740612983704,0.0,0.0,0.0
"TISTUD-4932",False,"train",0.0,0.0,0.0,0.21257033944129944,0.21700525283813477,0.0,0.0,0.5510275959968567,0.0
"TISTUD-8890",False,"train",0.0,0.0,0.0,0.0,0.0,0.0,0.9793161749839783,0.0,0.0
"TISTUD-8875",False,"train",0.0,0.0,0.0,0.0,0.0,0.0,0.0,0.9703503251075745,0.0
"TISTUD-7659",False,"train",0.0,0.0,0.0,0.9745905995368958,0.0,0.0,0.0,0.0,0.0
"TISTUD-7684",False,"train",0.0,0.0,0.0,0.0,0.0,0.9871106743812561,0.0,0.0,0.0
"TISTUD-8865",False,"train",0.0,0.0,0.0,0.0,0.0,0.0,0.0,0.0,0.944403350353241
"TISTUD-8026",False,"train",0.0,0.0,0.0,0.0,0.0,0.0,0.0,0.0,0.9738123416900635
"TISTUD-4974",False,"train",0.0,0.0,0.0,0.0,0.0,0.786628007888794,0.0,0.0,0.19947457313537598
"TISTUD-8713",False,"train",0.0,0.0,0.0,0.0,0.0,0.9703519940376282,0.0,0.0,0.0
"TISTUD-5075",False,"train",0.0,0.0,0.0,0.0,0.0,0.0,0.0,0.0,0.9907383918762207
"TISTUD-9140",False,"train",0.0,0.33199357986450195,0.0,0.15595200657844543,0.0,0.0,0.0,0.3906533718109131,0.11660347878932953
"TISTUD-9142",False,"train",0.0,0.0,0.0,0.0,0.0,0.0,0.0,0.9879706501960754,0.0
"TISTUD-5132",False,"train",0.0,0.0,0.0,0.0,0.0,0.975950300693512,0.0,0.0,0.0
"TISTUD-7691",False,"train",0.0,0.0,0.0,0.0,0.0,0.9844010472297668,0.0,0.0,0.0
"TISTUD-7678",True,"train",0.5185719728469849,0.0,0.0,0.0,0.0,0.4460506737232208,0.0,0.0,0.0
"TISTUD-6917",False,"train",0.0,0.0,0.0,0.0,0.0,0.0,0.0,0.8267560005187988,0.16504552960395813
"TISTUD-7607",False,"train",0.0,0.0,0.0,0.0,0.0,0.0,0.0,0.0,0.9738429188728333
"TISTUD-6978",False,"train",0.0,0.0,0.0,0.0,0.0,0.0,0.0,0.9555245637893677,0.0
"TISTUD-5063",False,"train",0.01235282514244318,0.012353998608887196,0.01235202793031931,0.012351488694548607,0.9011636972427368,0.01235119067132473,0.012365966103971004,0.012352936901152134,0.0123558659106493
"TISTUD-5421",False,"train",0.0,0.0,0.27773651480674744,0.0,0.39665213227272034,0.30336740612983704,0.0,0.0,0.0
"TISTUD-8963",False,"train",0.0,0.0,0.0,0.0,0.0,0.0,0.0,0.0,0.96932053565979
"TISTUD-4035",False,"train",0.0,0.0,0.0,0.0,0.26829326152801514,0.6718015074729919,0.0,0.0,0.0
"TISTUD-5785",False,"train",0.0,0.0,0.0,0.0,0.0,0.0,0.0,0.0,0.9771785140037537
"TISTUD-8714",False,"train",0.0,0.0,0.0,0.0,0.9339912533760071,0.04654473811388016,0.0,0.0,0.0
"TISTUD-7488",False,"train",0.0,0.0,0.0,0.0,0.0,0.0,0.9315750002861023,0.0,0.0
"TISTUD-8984",False,"train",0.0,0.0,0.0,0.0,0.0,0.0,0.0,0.0,0.9793044328689575
"TISTUD-7781",False,"train",0.0,0.0,0.0,0.0,0.9793136119842529,0.0,0.0,0.0,0.0
"TISTUD-6122",False,"train",0.0,0.0,0.0,0.0,0.0,0.0,0.0,0.0,0.9629199504852295
"TISTUD-6102",False,"train",0.0,0.0,0.0,0.0,0.9703494906425476,0.0,0.0,0.0,0.0
"TISTUD-5770",False,"train",0.0,0.0,0.0,0.0,0.7878326773643494,0.0,0.0,0.0,0.18334315717220306
"TISTUD-5472",False,"train",0.0,0.0,0.0,0.0,0.0,0.0,0.0,0.0,0.9555370211601257
"TISTUD-5416",False,"train",0.0,0.0,0.0,0.0,0.0,0.0,0.9911919832229614,0.0,0.0
"TISTUD-5459",False,"train",0.0,0.0,0.0,0.0,0.0,0.0,0.0,0.0,0.9914460778236389
"TISTUD-8925",False,"train",0.0,0.06194610893726349,0.0,0.7611404657363892,0.16846680641174316,0.0,0.0,0.0,0.0
"TISTUD-6108",False,"train",0.0,0.0,0.0,0.0,0.9783042669296265,0.0,0.0,0.0,0.0
"TISTUD-7691",False,"train",0.0,0.0,0.0,0.0,0.0,0.9844010472297668,0.0,0.0,0.0
"TISTUD-5401",False,"train",0.0,0.0,0.0,0.0,0.0,0.9818499088287354,0.0,0.0,0.0
"TISTUD-7639",False,"train",0.0,0.0,0.0,0.0,0.4708135426044464,0.5118913650512695,0.0,0.0,0.0
"TISTUD-9113",False,"train",0.0,0.0,0.0,0.0,0.0,0.0,0.0,0.0,0.9576520323753357
"TISTUD-4191",False,"train",0.0,0.0,0.0,0.0,0.0,0.0,0.0,0.0,0.9722124934196472
"TISTUD-7852",False,"train",0.0,0.0,0.0,0.4991154968738556,0.0,0.0,0.0,0.0,0.4850063621997833
"TISTUD-8934",False,"train",0.0,0.0,0.0,0.9920589327812195,0.0,0.0,0.0,0.0,0.0
"TISTUD-7015",False,"train",0.0,0.0,0.0,0.0,0.0,0.5623716711997986,0.42942890524864197,0.0,0.0
"TISTUD-4325",False,"train",0.0,0.0,0.9980835318565369,0.0,0.0,0.0,0.0,0.0,0.0
"TISTUD-8564",False,"train",0.0,0.0,0.0,0.9315707683563232,0.0,0.0,0.0,0.0,0.0
"TISTUD-8516",False,"train",0.0,0.0,0.9964274764060974,0.0,0.0,0.0,0.0,0.0,0.0
"TISTUD-7548",False,"train",0.0,0.0,0.0,0.0,0.9752916097640991,0.0,0.0,0.0,0.0
"TISTUD-8495",False,"train",0.0,0.0,0.0,0.0,0.0,0.9825579524040222,0.0,0.0,0.0
"TISTUD-8938",False,"train",0.0,0.0,0.0,0.0,0.0,0.9531949758529663,0.0,0.0,0.0
"TISTUD-8939",False,"train",0.0,0.0,0.0,0.0,0.4530203342437744,0.0,0.0,0.533789873123169,0.0
"TISTUD-6219",False,"train",0.0,0.0,0.0,0.0,0.0,0.0,0.0,0.9657988548278809,0.0
"TISTUD-8905",False,"train",0.0,0.0,0.0,0.9793146848678589,0.0,0.0,0.0,0.0,0.0
"TISTUD-5321",False,"train",0.0,0.0,0.0,0.0,0.0,0.0,0.9476729035377502,0.0,0.0
"TISTUD-8530",False,"train",0.9771938920021057,0.0,0.0,0.0,0.0,0.0,0.0,0.0,0.0
"TISTUD-7495",False,"train",0.7130395770072937,0.0,0.0,0.0,0.0,0.04487474635243416,0.0,0.0,0.2344174087047577
"TISTUD-7477",False,"train",0.0,0.0,0.0,0.0,0.0,0.0,0.9682396650314331,0.0,0.0
"TISTUD-5364",False,"train",0.765120804309845,0.0,0.0,0.0,0.0,0.0,0.0,0.0,0.20244914293289185
"TISTUD-5543",False,"train",0.0,0.0,0.6231126189231873,0.0,0.0,0.3212984800338745,0.0,0.0,0.0
"TISTUD-7249",False,"train",0.0,0.0,0.955531656742096,0.0,0.0,0.0,0.0,0.0,0.0
"TISTUD-7450",False,"train",0.0,0.0,0.0,0.0,0.0,0.0,0.0,0.0,0.9613193273544312
"TISTUD-8665",False,"train",0.0,0.0,0.0,0.9759596586227417,0.0,0.0,0.0,0.0,0.0
"TISTUD-5668",False,"train",0.0,0.0,0.0,0.0,0.0,0.1268029659986496,0.35113725066185,0.337328165769577,0.17497658729553223
"TISTUD-7529",False,"train",0.0,0.0,0.0,0.0,0.0,0.9867216348648071,0.0,0.0,0.0
"TISTUD-7684",False,"train",0.0,0.0,0.0,0.0,0.0,0.9871106743812561,0.0,0.0,0.0
"TISTUD-7659",False,"train",0.0,0.0,0.0,0.9745905995368958,0.0,0.0,0.0,0.0,0.0
"TISTUD-5247",False,"train",0.0,0.0,0.0,0.0,0.9935986995697021,0.0,0.0,0.0,0.0
"TISTUD-4675",False,"train",0.0,0.0,0.0,0.0,0.0,0.0,0.9902094602584839,0.0,0.0
"TISTUD-5364",False,"train",0.765120804309845,0.0,0.0,0.0,0.0,0.0,0.0,0.0,0.20244914293289185
"TISTUD-7466",False,"train",0.4558795094490051,0.0,0.0,0.0,0.0,0.5313571691513062,0.0,0.0,0.0
"TISTUD-6009",False,"train",0.0,0.0,0.0,0.0,0.0,0.0,0.9869182705879211,0.0,0.0
"TISTUD-5206",False,"train",0.0,0.0,0.0,0.0,0.0,0.0,0.9814695119857788,0.0,0.0
"TISTUD-5557",False,"train",0.9966817498207092,0.0,0.0,0.0,0.0,0.0,0.0,0.0,0.0
"TISTUD-4191",False,"train",0.0,0.0,0.0,0.0,0.0,0.0,0.0,0.0,0.9722124934196472
"TISTUD-8902",False,"train",0.0,0.0,0.0,0.976597011089325,0.0,0.0,0.0,0.0,0.0
"TISTUD-6125",False,"train",0.0,0.0,0.0,0.0,0.0,0.0,0.0,0.9208471775054932,0.05691109225153923
"TISTUD-5960",False,"train",0.0,0.0,0.9818497896194458,0.0,0.0,0.0,0.0,0.0,0.0
"TISTUD-6709",False,"train",0.0,0.0,0.0,0.0,0.0,0.0,0.0,0.9613232016563416,0.0
"TISTUD-8840",True,"train",0.01853376068174839,0.018528353422880173,0.01852991059422493,0.8517546653747559,0.018530158326029778,0.018528690561652184,0.018534373492002487,0.018532006070017815,0.018528079614043236
"TISTUD-8926",False,"train",0.010102743282914162,0.010102830827236176,0.01010239589959383,0.010105312801897526,0.010104812681674957,0.010105051100254059,0.010103629902005196,0.9191692471504211,0.010103940963745117
"TISTUD-8926",False,"train",0.010102743282914162,0.010102830827236176,0.01010239589959383,0.010105312801897526,0.010104812681674957,0.010105051100254059,0.010103629902005196,0.9191692471504211,0.010103940963745117
"TISTUD-9113",False,"train",0.0,0.0,0.0,0.0,0.0,0.0,0.0,0.0,0.9576520323753357
"TISTUD-9055",False,"train",0.0,0.0,0.0,0.0,0.0,0.0,0.0,0.9882985353469849,0.0
"TISTUD-7338",False,"train",0.0,0.0,0.0,0.0,0.0,0.0,0.9505950808525085,0.0,0.0
"TISTUD-5970",False,"train",0.0,0.0,0.0,0.0,0.0,0.0,0.9595676064491272,0.0,0.0
"TISTUD-6281",False,"train",0.0,0.0,0.0,0.0,0.0,0.0,0.0,0.9576522707939148,0.0
"TISTUD-5663",False,"train",0.0,0.0,0.0,0.0,0.0,0.0,0.0,0.9822080135345459,0.0
"TISTUD-5824",False,"train",0.0,0.0,0.0,0.9056254029273987,0.0,0.09225387871265411,0.0,0.0,0.0
"TISTUD-8540",False,"train",0.0,0.0,0.0,0.8836935758590698,0.0,0.0,0.10311248898506165,0.0,0.0
"TISTUD-6531",False,"train",0.0,0.0,0.0,0.0,0.6246931552886963,0.3536887466907501,0.0,0.0,0.0
"TISTUD-8588",False,"train",0.0,0.0,0.0,0.0,0.0,0.9828982949256897,0.0,0.0,0.0
"TISTUD-8643",False,"train",0.0,0.0,0.0,0.0,0.0,0.20522776246070862,0.0,0.7884438037872314,0.0
"TISTUD-5765",False,"train",0.0,0.0,0.0,0.4751235246658325,0.0,0.0,0.5043874979019165,0.0,0.0
"TISTUD-7180",False,"train",0.0,0.0,0.0,0.0,0.0,0.0,0.09801378846168518,0.0,0.8923764824867249
"TISTUD-9108",False,"train",0.9258742928504944,0.0,0.0,0.0,0.0,0.0,0.0,0.0,0.0
"TISTUD-1108",False,"train",0.0,0.0,0.0,0.0,0.0,0.0,0.0,0.0,0.9861015677452087
"TISTUD-8682",False,"train",0.0,0.0,0.0,0.0,0.0,0.0,0.9670594930648804,0.0,0.0
"TISTUD-8944",False,"train",0.0,0.0,0.0,0.0,0.0,0.0,0.0,0.9407057762145996,0.0
"TISTUD-8787",False,"train",0.0,0.0,0.0,0.9738398790359497,0.0,0.0,0.0,0.0,0.0
"TISTUD-8889",False,"train",0.23603644967079163,0.33384063839912415,0.428882896900177,0.0,0.0,0.0,0.0,0.0,0.0
"TISTUD-7852",False,"train",0.0,0.0,0.0,0.4991154968738556,0.0,0.0,0.0,0.0,0.4850063621997833
"TISTUD-5295",False,"train",0.0,0.0,0.0,0.0,0.0,0.0,0.8755650520324707,0.11920937150716782,0.0
"TISTUD-5064",False,"train",0.15442995727062225,0.3389788568019867,0.0,0.0,0.0,0.5040653944015503,0.0,0.0,0.0
"TISTUD-6281",False,"train",0.0,0.0,0.0,0.0,0.0,0.0,0.0,0.9576522707939148,0.0
"TISTUD-6124",False,"train",0.0,0.0,0.0,0.0,0.0,0.0,0.9722042083740234,0.0,0.0
"TISTUD-5383",False,"train",0.0,0.0,0.0,0.0,0.6823670268058777,0.294048011302948,0.0,0.0,0.0
"TISTUD-5953",False,"train",0.0,0.0,0.0,0.9482353329658508,0.0,0.03786380589008331,0.0,0.0,0.0
"TISTUD-7852",False,"train",0.0,0.0,0.0,0.4991154968738556,0.0,0.0,0.0,0.0,0.4850063621997833
"TISTUD-5936",False,"train",0.0,0.0,0.0,0.0,0.3396899700164795,0.0,0.0,0.0,0.6426147818565369
"TISTUD-8938",False,"train",0.0,0.0,0.0,0.0,0.0,0.9531949758529663,0.0,0.0,0.0
"TISTUD-9029",False,"train",0.0,0.0,0.0,0.0,0.0,0.0,0.9797879457473755,0.0,0.0
"TISTUD-5322",False,"train",0.0,0.0,0.0,0.0,0.0,0.0,0.9783086180686951,0.0,0.0
"TISTUD-5007",False,"train",0.0,0.0,0.0,0.0,0.0,0.0,0.0,0.987646758556366,0.0
"TISTUD-5078",False,"train",0.0,0.0,0.0,0.0,0.0,0.0,0.0,0.0,0.9907384514808655
"TISTUD-8902",False,"train",0.0,0.0,0.0,0.976597011089325,0.0,0.0,0.0,0.0,0.0
"TISTUD-9048",False,"train",0.0,0.0,0.0,0.1605394184589386,0.18944360315799713,0.0,0.0,0.6437717080116272,0.0
"TISTUD-7485",False,"train",0.9841167330741882,0.0,0.0,0.0,0.0,0.0,0.0,0.0,0.0
"TISTUD-5325",False,"train",0.0,0.0,0.0,0.0,0.0,0.0,0.9818510413169861,0.0,0.0
"TISTUD-6446",False,"train",0.0,0.0,0.0,0.0,0.9476986527442932,0.0,0.0,0.0,0.0
"TISTUD-9047",False,"train",0.0,0.9828912615776062,0.0,0.0,0.0,0.0,0.0,0.0,0.0
"TISTUD-8465",False,"train",0.0,0.0,0.0,0.0,0.0,0.9752976894378662,0.0,0.0,0.0
"TISTUD-5359",False,"train",0.0,0.0,0.0,0.9861008524894714,0.0,0.0,0.0,0.0,0.0
"TISTUD-5416",False,"train",0.0,0.0,0.0,0.0,0.0,0.0,0.9911919832229614,0.0,0.0
"TISTUD-9117",False,"train",0.0,0.0,0.0,0.9894859194755554,0.0,0.0,0.0,0.0,0.0
"TISTUD-6220",False,"train",0.0,0.0,0.0,0.0,0.0,0.0,0.0,0.9657992124557495,0.0
"TISTUD-4362",False,"train",0.010109405033290386,0.010105207562446594,0.37255632877349854,0.010107520036399364,0.0101114297285676,0.010109206661581993,0.010107054375112057,0.010108914226293564,0.5566849112510681
"TISTUD-8847",False,"train",0.0,0.0,0.9921956062316895,0.0,0.0,0.0,0.0,0.0,0.0
"TISTUD-3474",False,"train",0.0,0.7797430753707886,0.0,0.0,0.0,0.0,0.0,0.1878262758255005,0.0
"TISTUD-6507",False,"train",0.6554267406463623,0.0,0.0,0.0,0.0,0.0,0.0,0.0,0.3229500353336334
"TISTUD-5473",False,"train",0.0,0.0,0.2181783765554428,0.0,0.7408577799797058,0.0,0.0,0.0,0.0
"TISTUD-7852",False,"train",0.0,0.0,0.0,0.4991154968738556,0.0,0.0,0.0,0.0,0.4850063621997833
"TISTUD-5557",False,"train",0.9966817498207092,0.0,0.0,0.0,0.0,0.0,0.0,0.0,0.0
"TISTUD-5045",False,"train",0.0,0.8656193017959595,0.0,0.0,0.0,0.0,0.0,0.0,0.12532979249954224
"TISTUD-4793",False,"train",0.0,0.0,0.0,0.0,0.0,0.0,0.9576359987258911,0.0,0.0
"TISTUD-9029",False,"train",0.0,0.0,0.0,0.0,0.0,0.0,0.9797879457473755,0.0,0.0
"TISTUD-7607",False,"train",0.0,0.0,0.0,0.0,0.0,0.0,0.0,0.0,0.9738429188728333
"TISTUD-5914",False,"train",0.0,0.0,0.9858826398849487,0.0,0.0,0.0,0.0,0.0,0.0
"TISTUD-4073",False,"train",0.5654171109199524,0.0,0.0,0.0,0.0,0.42406517267227173,0.0,0.0,0.0
"TISTUD-7804",False,"train",0.0,0.0,0.0,0.0,0.0,0.0,0.98382967710495,0.0,0.0
"TISTUD-6514",False,"train",0.0,0.0,0.9838298559188843,0.0,0.0,0.0,0.0,0.0,0.0
"TISTUD-6350",False,"train",0.0,0.0,0.0,0.12810765206813812,0.0,0.0,0.0,0.0,0.8591307401657104
"TISTUD-8791",False,"train",0.0,0.0,0.0,0.0,0.0,0.9890168309211731,0.0,0.0,0.0
"TISTUD-7804",False,"train",0.0,0.0,0.0,0.0,0.0,0.0,0.98382967710495,0.0,0.0
"TISTUD-5070",False,"train",0.0,0.0,0.0,0.0,0.0,0.0,0.0,0.0,0.9907383918762207
"TISTUD-9075",False,"valid",0.0,0.13031978905200958,0.0,0.7462716102600098,0.0,0.0,0.0,0.0,0.11450732499361038
"TISTUD-9148",False,"valid",0.0,0.5134299993515015,0.0,0.0,0.10069748759269714,0.0,0.35249555110931396,0.0,0.0
"TISTUD-5370",False,"valid",0.0,0.0,0.0,0.0,0.0,0.0,0.9806627035140991,0.0,0.0
"TISTUD-8465",False,"valid",0.0,0.0,0.0,0.0,0.0,0.9752976894378662,0.0,0.0,0.0
"TISTUD-7122",False,"valid",0.0,0.0,0.0,0.0,0.0,0.0,0.9738271832466125,0.0,0.0
"TISTUD-8916",False,"valid",0.0,0.0,0.5471174120903015,0.4299910366535187,0.0,0.0,0.0,0.0,0.0
"TISTUD-8898",False,"valid",0.0,0.0,0.0,0.0,0.97383713722229,0.0,0.0,0.0,0.0
"TISTUD-7678",True,"valid",0.5185719728469849,0.0,0.0,0.0,0.0,0.4460506737232208,0.0,0.0,0.0
"TISTUD-8928",False,"valid",0.0,0.0,0.0,0.0,0.0,0.0,0.0,0.9644299149513245,0.0
"TISTUD-7132",False,"valid",0.0,0.0,0.0,0.0,0.0,0.0,0.9722026586532593,0.0,0.0
"TISTUD-9004",False,"valid",0.0,0.0,0.0,0.0,0.0,0.0,0.6710032224655151,0.0,0.28319329023361206
"TISTUD-7331",False,"valid",0.0,0.0,0.0,0.0,0.0,0.0,0.9657919406890869,0.0,0.0
"TISTUD-7684",False,"valid",0.0,0.0,0.0,0.0,0.0,0.9871106743812561,0.0,0.0,0.0
"TISTUD-9027",False,"valid",0.0,0.0,0.0,0.0,0.0,0.0,0.978816568851471,0.0,0.0
"TISTUD-5937",False,"valid",0.0,0.0,0.0,0.0,0.0,0.9832174777984619,0.0,0.0,0.0
"TISTUD-8750",False,"valid",0.0,0.0,0.0,0.0,0.0,0.0,0.0,0.9730460047721863,0.0
"TISTUD-5960",False,"valid",0.0,0.0,0.9818497896194458,0.0,0.0,0.0,0.0,0.0,0.0
"TISTUD-7691",False,"valid",0.0,0.0,0.0,0.0,0.0,0.9844010472297668,0.0,0.0,0.0
"TISTUD-8457",False,"valid",0.0,0.0,0.0,0.0,0.0,0.0,0.9722053408622742,0.0,0.0
"TISTUD-8540",False,"valid",0.0,0.0,0.0,0.8836935758590698,0.0,0.0,0.10311248898506165,0.0,0.0
"TISTUD-7632",False,"valid",0.0,0.0,0.0,0.0,0.0,0.9876447319984436,0.0,0.0,0.0
"TISTUD-5069",False,"valid",0.0,0.0,0.0,0.0,0.0,0.0,0.0,0.0,0.9907384514808655
"TISTUD-5200",False,"valid",0.0,0.0,0.0,0.395643413066864,0.0,0.0,0.0,0.0,0.592000424861908
"TISTUD-4977",False,"valid",0.0,0.2605634331703186,0.0,0.7183929085731506,0.0,0.0,0.0,0.0,0.0
"TISTUD-5223",False,"valid",0.0,0.0,0.8022813200950623,0.0,0.0,0.0,0.18115729093551636,0.0,0.0
"TISTUD-8641",False,"valid",0.0,0.0,0.0,0.0,0.0,0.0,0.9802360534667969,0.0,0.0
"TISTUD-8577",False,"valid",0.6687526702880859,0.015080584213137627,0.31408512592315674,0.0,0.0,0.0,0.0,0.0,0.0
"TISTUD-5007",False,"valid",0.0,0.0,0.0,0.0,0.0,0.0,0.0,0.987646758556366,0.0
"TISTUD-5283",False,"valid",0.0,0.0,0.0,0.0,0.9890176057815552,0.0,0.0,0.0,0.0
"TISTUD-8475",False,"valid",0.0,0.0,0.0,0.0,0.0,0.0,0.0,0.0,0.9788174629211426
"TISTUD-6250",False,"valid",0.0,0.0,0.2587416470050812,0.507887065410614,0.0,0.0,0.0,0.2222430557012558,0.0
"TISTUD-7251",False,"valid",0.0,0.0,0.0,0.0,0.9949758052825928,0.0,0.0,0.0,0.0
"TISTUD-5779",False,"valid",0.0,0.0,0.0,0.0,0.0,0.0,0.0,0.0,0.9841199517250061
"TISTUD-8859",False,"valid",0.0,0.0,0.9917626976966858,0.0,0.0,0.0,0.0,0.0,0.0
"TISTUD-8641",False,"valid",0.0,0.0,0.0,0.0,0.0,0.0,0.9802360534667969,0.0,0.0
"TISTUD-6445",False,"valid",0.0,0.0,0.0,0.0,0.9407305121421814,0.0,0.0,0.0,0.0
"TISTUD-5294",False,"valid",0.9986627697944641,0.0,0.0,0.0,0.0,0.0,0.0,0.0,0.0
"TISTUD-5473",False,"valid",0.0,0.0,0.2181783765554428,0.0,0.7408577799797058,0.0,0.0,0.0,0.0
"TISTUD-5635",False,"valid",0.0,0.7002148628234863,0.06036019325256348,0.0,0.0,0.16691578924655914,0.0,0.0,0.06802215427160263
"TISTUD-8883",False,"valid",0.8160712122917175,0.0,0.1815190315246582,0.0,0.0,0.0,0.0,0.0,0.0
"TISTUD-9053",False,"valid",0.0,0.0,0.0,0.0,0.0,0.0,0.0,0.9754382371902466,0.014450867660343647
"TISTUD-7678",True,"valid",0.5185719728469849,0.0,0.0,0.0,0.0,0.4460506737232208,0.0,0.0,0.0
"TISTUD-5621",False,"valid",0.0,0.0,0.0,0.0,0.0,0.9777600169181824,0.0,0.0,0.0
"TISTUD-8846",False,"valid",0.33956319093704224,0.29674044251441956,0.0,0.0,0.3616252541542053,0.0,0.0,0.0,0.0
"TISTUD-8658",False,"valid",0.0,0.0,0.0,0.9923951029777527,0.0,0.0,0.0,0.0,0.0
"TISTUD-6951",False,"valid",0.0,0.0,0.0,0.0,0.0,0.0,0.9960642457008362,0.0,0.0
"TISTUD-8665",False,"valid",0.0,0.0,0.0,0.9759596586227417,0.0,0.0,0.0,0.0,0.0
"TISTUD-5422",False,"valid",0.0,0.0,0.0,0.0,0.0,0.0,0.0,0.0,0.980665385723114
"TISTUD-9126",False,"valid",0.0,0.0,0.0,0.0,0.978822648525238,0.0,0.0,0.0,0.0
"TISTUD-4978",False,"valid",0.0,0.0,0.0,0.9841201305389404,0.0,0.0,0.0,0.0,0.0
"TISTUD-4361",False,"valid",0.0,0.0,0.0,0.0,0.0,0.0,0.0,0.0,0.9576452374458313
"TISTUD-8882",False,"valid",0.0,0.0,0.9931052327156067,0.0,0.0,0.0,0.0,0.0,0.0
"TISTUD-3863",True,"valid",0.0,0.0,0.0,0.0,0.0,0.0,0.0,0.0,0.9505849480628967
"TISTUD-8641",False,"valid",0.0,0.0,0.0,0.0,0.0,0.0,0.9802360534667969,0.0,0.0
"TISTUD-8932",False,"valid",0.0,0.0,0.0,0.0,0.0,0.0,0.9730424880981445,0.0,0.0
"TISTUD-5251",False,"valid",0.0,0.0,0.0,0.9765914082527161,0.0,0.0,0.0,0.0,0.0
"TISTUD-8530",False,"valid",0.9771938920021057,0.0,0.0,0.0,0.0,0.0,0.0,0.0,0.0
"TISTUD-7652",False,"valid",0.0,0.0,0.9896536469459534,0.0,0.0,0.0,0.0,0.0,0.0
"TISTUD-6237",False,"valid",0.0,0.0,0.0,0.0,0.0,0.9914477467536926,0.0,0.0,0.0
"TISTUD-8835",False,"valid",0.0,0.0,0.0,0.0,0.0,0.0,0.0,0.0,0.9745753407478333
"TISTUD-6422",False,"valid",0.0,0.0,0.4118822515010834,0.0,0.0,0.0,0.0,0.0,0.5686507821083069
"TISTUD-5477",False,"valid",0.0,0.0,0.0,0.0,0.0,0.0,0.0,0.9595728516578674,0.0
"TISTUD-6709",False,"valid",0.0,0.0,0.0,0.0,0.0,0.0,0.0,0.9613232016563416,0.0
"TISTUD-5419",False,"valid",0.0,0.0,0.0,0.0,0.0,0.0,0.9863147139549255,0.0,0.0
"TISTUD-6531",False,"valid",0.0,0.0,0.0,0.0,0.6246931552886963,0.3536887466907501,0.0,0.0,0.0
"TISTUD-8506",False,"valid",0.0,0.9965773820877075,0.0,0.0,0.0,0.0,0.0,0.0,0.0
"TISTUD-7473",False,"valid",0.0,0.0,0.0,0.0,0.0,0.0,0.0,0.0,0.98844975233078
"TISTUD-6834",False,"valid",0.0,0.0,0.0,0.0,0.0,0.0,0.0,0.0,0.9722001552581787
"TISTUD-6201",False,"valid",0.0,0.0,0.9810715317726135,0.0,0.0,0.0,0.0,0.0,0.0
"TISTUD-5425",False,"valid",0.0,0.0,0.0,0.0,0.0,0.9730480909347534,0.0,0.0,0.0
"TISTUD-7804",False,"valid",0.0,0.0,0.0,0.0,0.0,0.0,0.98382967710495,0.0,0.0
"TISTUD-9113",False,"valid",0.0,0.0,0.0,0.0,0.0,0.0,0.0,0.0,0.9576520323753357
"TISTUD-5468",False,"valid",0.0,0.0,0.0,0.0,0.0,0.0,0.0,0.0,0.9476855397224426
"TISTUD-7522",False,"valid",0.0,0.0,0.0,0.0,0.0,0.0,0.0,0.9854204654693604,0.0
"TISTUD-7251",False,"valid",0.0,0.0,0.0,0.0,0.9949758052825928,0.0,0.0,0.0,0.0
"TISTUD-8464",False,"valid",0.0,0.6445480585098267,0.0,0.0,0.0,0.09490582346916199,0.0,0.0,0.2534457743167877
"TISTUD-5761",False,"valid",0.3906781077384949,0.0,0.0,0.0,0.6071344017982483,0.0,0.0,0.0,0.0
"TISTUD-1594",False,"valid",0.0,0.0,0.0,0.0,0.0,0.13034431636333466,0.0,0.0,0.8264205455780029
"TISTUD-6198",False,"valid",0.0,0.0,0.0,0.0,0.0,0.0,0.8669886589050293,0.0,0.12249024957418442
"TISTUD-6309",False,"valid",0.0,0.0,0.0,0.0,0.9806613922119141,0.0,0.0,0.0,0.0
"TISTUD-7822",False,"valid",0.0,0.0,0.0,0.0,0.0,0.0,0.0,0.0,0.9841190576553345
"TISTUD-4847",False,"valid",0.0,0.0,0.0,0.0,0.0,0.0,0.0,0.7220107913017273,0.2645680010318756
"TISTUD-7474",False,"valid",0.0,0.0,0.0,0.9894121289253235,0.0,0.0,0.0,0.0,0.0
"TISTUD-5337",False,"valid",0.0,0.8697588443756104,0.0,0.0,0.0,0.0,0.0,0.0,0.10665321350097656
"TISTUD-5200",False,"valid",0.0,0.0,0.0,0.395643413066864,0.0,0.0,0.0,0.0,0.592000424861908
"TISTUD-8641",False,"valid",0.0,0.0,0.0,0.0,0.0,0.0,0.9802360534667969,0.0,0.0
"TISTUD-7477",False,"valid",0.0,0.0,0.0,0.0,0.0,0.0,0.9682396650314331,0.0,0.0
"TISTUD-5710",False,"valid",0.0,0.0,0.0,0.0,0.0,0.0,0.0,0.0,0.9315667152404785
"TISTUD-4217",False,"valid",0.0,0.0,0.0,0.0,0.0,0.0,0.0,0.0,0.9721959829330444
"TISTUD-7779",False,"valid",0.0,0.0,0.0,0.0,0.7180591225624084,0.0,0.26725560426712036,0.0,0.0
"TISTUD-8925",False,"valid",0.0,0.06194610893726349,0.0,0.7611404657363892,0.16846680641174316,0.0,0.0,0.0,0.0
"TISTUD-8882",False,"valid",0.0,0.0,0.9931052327156067,0.0,0.0,0.0,0.0,0.0,0.0
"TISTUD-5423",False,"valid",0.0,0.9528490304946899,0.0,0.0,0.0406225360929966,0.0,0.0,0.0,0.0
"TISTUD-7109",False,"valid",0.0,0.0,0.0,0.0,0.974587082862854,0.0,0.0,0.0,0.0
"TISTUD-5151",False,"valid",0.0,0.0,0.0,0.0,0.688860297203064,0.0,0.0,0.0,0.30632728338241577
"TISTUD-6742",False,"valid",0.0,0.0,0.0,0.0,0.0,0.0,0.0,0.0,0.9765904545783997
"TISTUD-6234",False,"valid",0.0,0.0,0.0,0.0,0.0,0.0,0.0,0.9874736070632935,0.0
"TISTUD-9043",False,"valid",0.0,0.0,0.0,0.0,0.0,0.0,0.9797782897949219,0.0,0.0
"TISTUD-5660",False,"valid",0.0,0.0,0.0,0.0,0.0,0.3320960998535156,0.0,0.0,0.6456670165061951
"TISTUD-5648",False,"valid",0.0,0.0,0.9644331336021423,0.0,0.0,0.0,0.0,0.0,0.0
"TISTUD-4886",False,"valid",0.0,0.0,0.0,0.0,0.0,0.0,0.9752892255783081,0.0,0.0
"TISTUD-6299",False,"valid",0.0,0.0,0.0,0.0,0.0,0.9738391637802124,0.0,0.0,0.0
"TISTUD-5312",False,"valid",0.0,0.0,0.0,0.0,0.0,0.9777638912200928,0.0,0.0,0.0
"TISTUD-6689",False,"valid",0.0,0.0,0.0,0.0,0.0,0.0,0.9797860980033875,0.0,0.0
"TISTUD-9042",False,"valid",0.0,0.0,0.0,0.9505873918533325,0.0,0.0,0.0,0.0,0.0
"TISTUD-7331",False,"valid",0.0,0.0,0.0,0.0,0.0,0.0,0.9657919406890869,0.0,0.0
"TISTUD-7430",False,"valid",0.012355257757008076,0.012353211641311646,0.01235433854162693,0.9011522531509399,0.012357784435153008,0.012355341576039791,0.0123539287596941,0.01235639676451683,0.012361418455839157
"TISTUD-6307",False,"valid",0.0,0.0,0.0,0.0,0.0,0.0,0.0,0.9841185808181763,0.0
"TISTUD-7956",False,"valid",0.0,0.0,0.0,0.0,0.0,0.0,0.0,0.0,0.9884491562843323
"TISTUD-7052",False,"valid",0.803413450717926,0.0,0.0,0.0,0.1004670187830925,0.0,0.0,0.0,0.08023397624492645
"TISTUD-8526",False,"valid",0.0,0.0,0.0,0.0,0.0,0.8240737915039062,0.0,0.16858112812042236,0.0
"TISTUD-8685",False,"valid",0.0,0.0,0.0,0.0,0.9981625080108643,0.0,0.0,0.0,0.0
"TISTUD-3421",False,"valid",0.0,0.0,0.0,0.23948650062084198,0.0,0.0,0.0,0.0,0.7490662932395935
"TISTUD-4360",False,"valid",0.0,0.0,0.0,0.0,0.0,0.0,0.0,0.0,0.940710723400116
"TISTUD-4619",False,"valid",0.972206711769104,0.0,0.0,0.0,0.0,0.0,0.0,0.0,0.0
"TISTUD-5281",False,"valid",0.0,0.0,0.0,0.3748128414154053,0.0,0.0,0.0,0.6099241375923157,0.0
"TISTUD-4619",False,"valid",0.972206711769104,0.0,0.0,0.0,0.0,0.0,0.0,0.0,0.0
"TISTUD-8506",False,"valid",0.0,0.9965773820877075,0.0,0.0,0.0,0.0,0.0,0.0,0.0
"TISTUD-8926",False,"valid",0.010102743282914162,0.010102830827236176,0.01010239589959383,0.010105312801897526,0.010104812681674957,0.010105051100254059,0.010103629902005196,0.9191692471504211,0.010103940963745117
"TISTUD-5388",False,"valid",0.0,0.0,0.0,0.0,0.0,0.9613258242607117,0.0,0.0,0.0
"TISTUD-6531",False,"valid",0.0,0.0,0.0,0.0,0.6246931552886963,0.3536887466907501,0.0,0.0,0.0
"TISTUD-6951",False,"valid",0.0,0.0,0.0,0.0,0.0,0.0,0.9960642457008362,0.0,0.0
"TISTUD-8927",False,"valid",0.4014456570148468,0.5884305834770203,0.0,0.0,0.0,0.0,0.0,0.0,0.0
"TISTUD-5680",False,"valid",0.0,0.0,0.0,0.9879781603813171,0.0,0.0,0.0,0.0,0.0
"TISTUD-7616",False,"valid",0.0,0.0,0.0,0.9822098612785339,0.0,0.0,0.0,0.0,0.0
"TISTUD-7621",False,"valid",0.0,0.17580187320709229,0.8197277188301086,0.0,0.0,0.0,0.0,0.0,0.0
"TISTUD-8902",False,"valid",0.0,0.0,0.0,0.976597011089325,0.0,0.0,0.0,0.0,0.0
"TISTUD-5779",False,"valid",0.0,0.0,0.0,0.0,0.0,0.0,0.0,0.0,0.9841199517250061
"TISTUD-9159",True,"test",0.0,0.0,0.0,0.0,0.0,0.2245110124349594,0.0,0.7581636905670166,0.0
"TISTUD-9138",False,"test",0.0,0.0,0.0,0.801284909248352,0.0,0.0,0.0,0.08501991629600525,0.07858105003833771
"TISTUD-9125",False,"test",0.0,0.04949818551540375,0.9136970639228821,0.0,0.0,0.0,0.032525643706321716,0.0,0.0
"TISTUD-9121",False,"test",0.0,0.0,0.0,0.0,0.0,0.0,0.6413559913635254,0.32620784640312195,0.0
"TISTUD-9111",False,"test",0.0,0.0,0.0,0.9364305734634399,0.0,0.0,0.0,0.0,0.0
"TISTUD-9097",False,"test",0.0,0.0,0.0,0.0,0.0,0.0,0.5406604409217834,0.0,0.4377185106277466
"TISTUD-9092",False,"test",0.0,0.0,0.0,0.0,0.0,0.9730328917503357,0.0,0.0,0.0
"TISTUD-9086",False,"test",0.0,0.0,0.0,0.2879495322704315,0.0,0.0,0.41744282841682434,0.06917808204889297,0.20556260645389557
"TISTUD-9063",False,"test",0.0,0.0,0.0,0.0,0.0,0.0,0.4079737663269043,0.32158133387565613,0.255280077457428
"TISTUD-9045",False,"test",0.0,0.0,0.0,0.0,0.38450029492378235,0.0,0.0,0.0,0.600527286529541
"TISTUD-9040",False,"test",0.0,0.0,0.0,0.0,0.0,0.0,0.0,0.0,0.9258824586868286
"TISTUD-9031",False,"test",0.0,0.0,0.0,0.0,0.0,0.0,0.5670945048332214,0.1128312349319458,0.30202847719192505
"TISTUD-9017",False,"test",0.0,0.0,0.0,0.0,0.0,0.0,0.9315851926803589,0.0,0.0
"TISTUD-8983",False,"test",0.0,0.0,0.0,0.29374411702156067,0.4948900043964386,0.09115419536828995,0.0,0.10665202885866165,0.0
"TISTUD-8979",False,"test",0.0,0.0,0.0,0.0,0.0,0.0,0.9629318714141846,0.0,0.0
"TISTUD-8977",False,"test",0.0,0.0,0.0,0.6584648489952087,0.0,0.0,0.31156519055366516,0.0,0.0
"TISTUD-8966",False,"test",0.0,0.0,0.0,0.0,0.0,0.0,0.707187831401825,0.27724289894104004,0.0
"TISTUD-8948",False,"test",0.22497883439064026,0.5183062553405762,0.0,0.09209712594747543,0.16247209906578064,0.0,0.0,0.0,0.0
"TISTUD-8933",False,"test",0.0,0.0,0.0,0.0,0.6932393908500671,0.0,0.07619578391313553,0.20375308394432068,0.0
"TISTUD-8930",False,"test",0.0,0.05300736427307129,0.0,0.0,0.0,0.44257208704948425,0.4805859625339508,0.0,0.0
"TISTUD-8929",False,"test",0.0,0.0,0.0,0.8132715821266174,0.0,0.15288661420345306,0.0,0.0,0.0
"TISTUD-8922",False,"test",0.0,0.0,0.04662630707025528,0.0,0.0,0.0,0.86721271276474,0.0,0.07099679112434387
"TISTUD-8913",True,"test",0.0,0.7363086342811584,0.0,0.0,0.0,0.0,0.18834996223449707,0.06272026151418686,0.0
"TISTUD-8912",False,"test",0.0,0.0,0.0,0.0,0.0,0.0,0.0,0.9504268765449524,0.0
"TISTUD-8911",False,"test",0.0,0.0,0.0,0.0,0.0,0.3971181809902191,0.0,0.5690349340438843,0.0
"TISTUD-8885",False,"test",0.0,0.026492437347769737,0.0,0.16517901420593262,0.14829637110233307,0.6284181475639343,0.0,0.0,0.023203792050480843
"TISTUD-8881",False,"test",0.0,0.0,0.0,0.0,0.0,0.0,0.0,0.0,0.9802303910255432
"TISTUD-8873",False,"test",0.0,0.0,0.0,0.0,0.0,0.0,0.0,0.947671115398407,0.0
"TISTUD-8852",False,"test",0.0,0.0,0.0,0.0,0.24513982236385345,0.0,0.35231104493141174,0.0,0.3745596408843994
"TISTUD-8795",False,"test",0.0,0.0,0.0,0.0,0.6323364973068237,0.0,0.0,0.35549330711364746,0.0
"TISTUD-8794",False,"test",0.0,0.136298269033432,0.3947714865207672,0.0,0.0793900266289711,0.0,0.0,0.3847410976886749,0.0
"TISTUD-8788",False,"test",0.035268355160951614,0.5360338687896729,0.40689152479171753,0.0,0.01759544014930725,0.0,0.0,0.0,0.0
"TISTUD-8769",False,"test",0.16690191626548767,0.0,0.0,0.0,0.0,0.506731390953064,0.31352701783180237,0.0,0.0
"TISTUD-8764",False,"test",0.0,0.0,0.5733668804168701,0.0,0.0,0.0,0.06977735459804535,0.0,0.33383455872535706
"TISTUD-8698",False,"test",0.0,0.0,0.03564991429448128,0.0,0.0,0.6680120825767517,0.2862209677696228,0.0,0.0
"TISTUD-8693",False,"test",0.0,0.0,0.0,0.30458953976631165,0.0,0.0,0.3449675440788269,0.0,0.33492591977119446
"TISTUD-8659",False,"test",0.0,0.0,0.0,0.2661679685115814,0.20142780244350433,0.0,0.0,0.026105670258402824,0.49760332703590393
"TISTUD-8584",False,"test",0.0,0.14220263063907623,0.7563574314117432,0.09461265802383423,0.0,0.0,0.0,0.0,0.0
"TISTUD-8576",False,"test",0.1864272654056549,0.09424188733100891,0.647860586643219,0.0,0.05491597577929497,0.0,0.0,0.01280332449823618,0.0
"TISTUD-8573",False,"test",0.0,0.2654171884059906,0.12838491797447205,0.046789418905973434,0.2140907496213913,0.18597260117530823,0.09961745142936707,0.0,0.05765262618660927
"TISTUD-8569",False,"test",0.7122244238853455,0.14366702735424042,0.04996445029973984,0.0,0.08743848651647568,0.0,0.0,0.0,0.0
"TISTUD-8531",False,"test",0.0,0.0,0.0,0.0,0.0,0.8647671937942505,0.0,0.0,0.10926917940378189
"TISTUD-8529",False,"test",0.0,0.0,0.0,0.0,0.0,0.0,0.6350106596946716,0.0,0.3325568437576294
"TISTUD-8523",False,"test",0.12807898223400116,0.3146790564060211,0.5045924782752991,0.0,0.0,0.050484076142311096,0.0,0.0,0.0
"TISTUD-8509",False,"test",0.0,0.0,0.0,0.0,0.0,0.0,0.0,0.7035796046257019,0.2574998438358307
"TISTUD-8476",False,"test",0.0,0.0,0.0,0.31233590841293335,0.0,0.4151875674724579,0.0,0.0,0.2621992528438568
"TISTUD-8474",False,"test",0.0,0.0,0.0,0.0,0.0,0.6118793487548828,0.0,0.3695903420448303,0.0
"TISTUD-8461",False,"test",0.0,0.0,0.0,0.0,0.0,0.5341786742210388,0.22101277112960815,0.0,0.23310048878192902
"TISTUD-8453",False,"test",0.0,0.0,0.0,0.0,0.0,0.0,0.9828912019729614,0.0,0.0
"TISTUD-8019",False,"test",0.0,0.0,0.0,0.0,0.0,0.2277175784111023,0.03566228225827217,0.0,0.7266536355018616
"TISTUD-8009",False,"test",0.0,0.0,0.0,0.0,0.0,0.0,0.0,0.9814720153808594,0.0
"TISTUD-7991",False,"test",0.0,0.0,0.0,0.337536096572876,0.27861571311950684,0.28279751539230347,0.0,0.0,0.09372545033693314
"TISTUD-7979",False,"test",0.0,0.0,0.0,0.0,0.0,0.0,0.0,0.4845021367073059,0.4866642355918884
"TISTUD-7942",False,"test",0.0,0.0,0.0,0.19975438714027405,0.06855591386556625,0.0,0.22983218729496002,0.0,0.49089306592941284
"TISTUD-7916",False,"test",0.0,0.0,0.0,0.21439553797245026,0.0,0.15545609593391418,0.5192088484764099,0.0,0.09737742692232132
"TISTUD-7911",False,"test",0.0,0.0,0.0,0.0,0.0,0.3939758837223053,0.06475861370563507,0.0,0.5286052823066711
"TISTUD-7910",False,"test",0.0,0.0,0.0,0.0,0.0,0.940721333026886,0.0,0.0,0.0
"TISTUD-7905",False,"test",0.011115595698356628,0.011118968017399311,0.011117541231215,0.011121016927063465,0.011117815040051937,0.011117378249764442,0.011116823181509972,0.44460827112197876,0.47756657004356384
"TISTUD-7879",False,"test",0.0,0.0,0.0,0.9364489316940308,0.0,0.0,0.0,0.0,0.0
"TISTUD-7791",False,"test",0.0,0.021530015394091606,0.0,0.0,0.12425125390291214,0.0,0.5339968204498291,0.046735621988773346,0.2665233314037323
"TISTUD-7784",False,"test",0.0,0.0,0.0,0.15242695808410645,0.0,0.386810839176178,0.0,0.06668389588594437,0.3835853040218353
"TISTUD-7758",False,"test",0.26839280128479004,0.0,0.0,0.0,0.0,0.0,0.3172856569290161,0.0,0.3853069841861725
"TISTUD-7756",True,"test",0.0,0.0,0.0,0.0,0.0,0.0,0.8695628643035889,0.0,0.10359611362218857
"TISTUD-7754",False,"test",0.0,0.0,0.0,0.0,0.0,0.0,0.9444193840026855,0.0,0.0
"TISTUD-7732",False,"test",0.0,0.0,0.0,0.48459383845329285,0.0,0.4667564034461975,0.0,0.0,0.0
"TISTUD-7719",False,"test",0.0,0.0,0.0,0.05981387197971344,0.10230764746665955,0.5984781384468079,0.22527648508548737,0.0,0.012125423178076744
"TISTUD-7706",False,"test",0.0,0.0,0.0,0.6103953123092651,0.0,0.0,0.1364808976650238,0.0,0.2439834028482437
"TISTUD-7705",False,"test",0.04788459837436676,0.0,0.0,0.0,0.0,0.0,0.5029460787773132,0.23971377313137054,0.19586913287639618
"TISTUD-7683",False,"test",0.0,0.0,0.0,0.0,0.0,0.7958685755729675,0.19250738620758057,0.0,0.0
"TISTUD-7682",False,"test",0.0,0.0,0.0,0.042242806404829025,0.01460077241063118,0.0,0.3991616368293762,0.10266720503568649,0.43818199634552
"TISTUD-7642",False,"test",0.0,0.22727416455745697,0.0,0.2794932425022125,0.09538669884204865,0.0,0.3912084996700287,0.0,0.0
"TISTUD-7622",False,"test",0.0,0.0,0.0,0.0,0.0,0.0,0.5457325577735901,0.2175469696521759,0.23017798364162445
"TISTUD-7612",False,"test",0.0,0.0,0.0,0.0,0.1974654495716095,0.5135594606399536,0.27138978242874146,0.0,0.0
"TISTUD-7606",False,"test",0.0,0.0,0.0,0.5461381077766418,0.0,0.25757095217704773,0.14163096249103546,0.0,0.043941475450992584
"TISTUD-7597",False,"test",0.0,0.0,0.0,0.0,0.0,0.2702534794807434,0.3958453834056854,0.3223952651023865,0.0
"TISTUD-7595",False,"test",0.0,0.0,0.0,0.0,0.0,0.0,0.9945047497749329,0.0,0.0
"TISTUD-7593",False,"test",0.0,0.8469517827033997,0.10028859972953796,0.0,0.045253753662109375,0.0,0.0,0.0,0.0
"TISTUD-7523",False,"test",0.0,0.0,0.0,0.42516016960144043,0.0,0.0,0.16877324879169464,0.0,0.3901825249195099
"TISTUD-7518",False,"test",0.0,0.0,0.0,0.0,0.0,0.509981095790863,0.3574535846710205,0.0,0.1187940388917923
"TISTUD-7469",False,"test",0.0,0.0,0.0,0.6141413450241089,0.0,0.0,0.0,0.0,0.36537134647369385
"TISTUD-7467",False,"test",0.0,0.0,0.0,0.4670168161392212,0.0,0.0,0.0,0.0,0.5018206834793091
"TISTUD-7461",False,"test",0.0,0.0,0.0,0.09326464682817459,0.0,0.7678253650665283,0.08569680154323578,0.044518910348415375,0.0
"TISTUD-7449",False,"test",0.0,0.0,0.15809054672718048,0.0,0.8008783459663391,0.0,0.0,0.0,0.0
"TISTUD-7447",False,"test",0.0,0.0,0.0,0.2633979022502899,0.0,0.5217904448509216,0.20117701590061188,0.0,0.0
"TISTUD-7446",False,"test",0.0,0.0,0.0,0.0,0.0,0.0,0.5412205457687378,0.12534917891025543,0.3217187225818634
"TISTUD-7426",False,"test",0.0,0.0,0.0,0.0,0.0,0.0,0.22619572281837463,0.7367360591888428,0.0
"TISTUD-7341",False,"test",0.0,0.0,0.0,0.0,0.0,0.0,0.8585261702537537,0.11858507245779037,0.0
"TISTUD-7212",False,"test",0.2590285837650299,0.0,0.0,0.0,0.0,0.0,0.0,0.0,0.7166445255279541
"TISTUD-7171",False,"test",0.0,0.0,0.0,0.5267773866653442,0.0,0.0,0.10180281847715378,0.0,0.36160722374916077
"TISTUD-7087",False,"test",0.23461009562015533,0.0,0.20528867840766907,0.0,0.14475440979003906,0.0,0.0,0.39613717794418335,0.0
"TISTUD-7076",False,"test",0.0,0.30732330679893494,0.020272206515073776,0.0,0.09873480349779129,0.08759946376085281,0.0,0.339935302734375,0.14196309447288513
"TISTUD-7066",False,"test",0.0,0.0,0.23753972351551056,0.0,0.0,0.42121949791908264,0.16842272877693176,0.16594822704792023,0.0
"TISTUD-7018",False,"test",0.0,0.0,0.0,0.0,0.0,0.0,0.3302769362926483,0.0,0.6573702096939087
"TISTUD-6979",False,"test",0.0,0.0,0.0,0.0,0.0,0.3651244044303894,0.07241537421941757,0.5509482026100159,0.0
"TISTUD-6924",False,"test",0.0,0.0,0.0,0.33841174840927124,0.36723488569259644,0.0,0.0,0.2704882323741913,0.0
"TISTUD-6898",False,"test",0.0,0.0,0.0,0.0,0.0,0.6702960133552551,0.21404442191123962,0.10352518409490585,0.0
"TISTUD-6847",True,"test",0.0,0.0,0.0,0.03416580706834793,0.0,0.0,0.0889396220445633,0.3608437180519104,0.5039273500442505
"TISTUD-6824",False,"test",0.0,0.0,0.0,0.0,0.0,0.3556746244430542,0.6053943634033203,0.0,0.0
"TISTUD-6786",False,"test",0.022781124338507652,0.5122250914573669,0.0,0.03481917083263397,0.06475281715393066,0.03692305460572243,0.3019229471683502,0.025391818955540657,0.0
"TISTUD-6722",False,"test",0.0,0.0,0.042301855981349945,0.13910309970378876,0.6729838252067566,0.0,0.0,0.1398104578256607,0.0
"TISTUD-6603",False,"test",0.0,0.0,0.0,0.273403137922287,0.0,0.0,0.18411996960639954,0.0,0.5239447355270386
"TISTUD-6594",False,"test",0.18571406602859497,0.0,0.0,0.061627473682165146,0.0,0.0,0.4862062931060791,0.0,0.25575926899909973
"TISTUD-6580",False,"test",0.0,0.0,0.0,0.0,0.06070409342646599,0.0,0.3535691499710083,0.0,0.5715229511260986
"TISTUD-6523",False,"test",0.0,0.0,0.0,0.0,0.0,0.0,0.9783053398132324,0.0,0.0
"TISTUD-6511",False,"test",0.7509379982948303,0.1493978649377823,0.0,0.0,0.09548483788967133,0.0,0.0,0.0,0.0
"TISTUD-6458",False,"test",0.0,0.08539091795682907,0.0,0.0,0.0,0.0,0.6547257900238037,0.0,0.22952240705490112
"TISTUD-6456",False,"test",0.0,0.0,0.0,0.0,0.9364465475082397,0.0,0.0,0.0,0.0
"TISTUD-6447",False,"test",0.0,0.0,0.0,0.0,0.9316129684448242,0.0,0.0,0.0,0.0
"TISTUD-6423",True,"test",0.0,0.0,0.0,0.0,0.0,0.1872134506702423,0.39898714423179626,0.17440511286258698,0.22513636946678162
"TISTUD-6323",False,"test",0.0,0.0,0.0,0.7016820311546326,0.0,0.0,0.0,0.0,0.2766929268836975
"TISTUD-6297",False,"test",0.0,0.0,0.19145433604717255,0.0,0.0,0.0,0.0,0.3753916323184967,0.3979666233062744
"TISTUD-6280",False,"test",0.0,0.0,0.0,0.0,0.0,0.1717352569103241,0.29183635115623474,0.385252982378006,0.142059788107872
"TISTUD-6273",False,"test",0.0,0.0,0.0,0.0,0.08946925401687622,0.0,0.40303412079811096,0.0,0.46572956442832947
"TISTUD-6272",False,"test",0.0,0.0,0.0,0.0,0.0,0.0,0.9306018948554993,0.0,0.0
"TISTUD-6270",False,"test",0.0,0.0,0.0,0.0,0.5493960380554199,0.0,0.0,0.0,0.4217489957809448
"TISTUD-6261",False,"test",0.0,0.0,0.0,0.14798304438591003,0.0,0.0,0.40786758065223694,0.0,0.4317898452281952
"TISTUD-6251",False,"test",0.045382995158433914,0.0,0.05619822442531586,0.0,0.17160554230213165,0.0,0.0,0.17846760153770447,0.5427851676940918
"TISTUD-6235",False,"test",0.0,0.0,0.0,0.0,0.0,0.0,0.0,0.9874736070632935,0.0
"TISTUD-6155",False,"test",0.0,0.0,0.0,0.0,0.0,0.0,0.6499557495117188,0.3319256007671356,0.0
"TISTUD-6148",False,"test",0.0,0.0,0.0,0.12541024386882782,0.0,0.14991343021392822,0.0,0.0,0.7123126983642578
"TISTUD-6129",False,"test",0.0,0.07611647248268127,0.2494528740644455,0.0,0.0,0.0,0.0,0.4851999878883362,0.173346146941185
"TISTUD-6123",False,"test",0.0,0.0,0.0,0.0,0.0,0.0,0.6556107401847839,0.1158747747540474,0.2094450443983078
"TISTUD-6109",False,"test",0.06646021455526352,0.0,0.0,0.2205914556980133,0.1031837910413742,0.32510530948638916,0.04672238603234291,0.0,0.23390892148017883
"TISTUD-6094",False,"test",0.0,0.0,0.0,0.0,0.0,0.0,0.28053951263427734,0.0,0.6965160369873047
"TISTUD-6084",False,"test",0.0,0.0,0.0,0.0,0.0,0.19777078926563263,0.4546482563018799,0.0,0.33205676078796387
"TISTUD-6031",False,"test",0.0,0.0,0.0,0.0,0.2732234001159668,0.34928828477859497,0.36440232396125793,0.0,0.0
"TISTUD-6012",False,"test",0.0,0.0,0.0,0.0,0.0,0.6332576870918274,0.3328411877155304,0.016794197261333466,0.0
"TISTUD-5999",False,"test",0.0,0.0,0.0,0.0,0.1499641239643097,0.4393467605113983,0.400730162858963,0.0,0.0
"TISTUD-5943",False,"test",0.0,0.0,0.0,0.0,0.06047630310058594,0.4240930378437042,0.0,0.0,0.48976704478263855
"TISTUD-5918",False,"test",0.0,0.0,0.0,0.0,0.0,0.40370580554008484,0.0,0.0,0.5694549083709717
"TISTUD-5868",False,"test",0.0,0.0,0.38725775480270386,0.0,0.3558407425880432,0.0,0.23388426005840302,0.0,0.0
"TISTUD-5858",False,"test",0.21692927181720734,0.0,0.0,0.0,0.0,0.29681041836738586,0.10624208301305771,0.22080238163471222,0.15771618485450745
"TISTUD-5849",False,"test",0.0,0.0,0.0,0.0,0.23246459662914276,0.0,0.7439418435096741,0.0,0.0
"TISTUD-5843",False,"test",0.0,0.0,0.0,0.20249682664871216,0.0,0.0,0.18558697402477264,0.0,0.5997795462608337
"TISTUD-5823",False,"test",0.0,0.0,0.035365328192710876,0.0,0.0,0.95143723487854,0.0,0.0,0.0
"TISTUD-5822",False,"test",0.0,0.0,0.20529326796531677,0.0,0.0,0.34272241592407227,0.0,0.0,0.4241730272769928
"TISTUD-5821",False,"test",0.0,0.0,0.0,0.2778431177139282,0.0,0.0,0.0,0.0,0.6978269219398499
"TISTUD-5811",False,"test",0.0,0.0,0.0,0.32797005772590637,0.0,0.5361836552619934,0.0,0.0,0.1024799719452858
"TISTUD-5808",False,"test",0.0,0.0,0.07904911786317825,0.5369583368301392,0.0,0.0,0.3684242367744446,0.0,0.0
"TISTUD-5749",False,"test",0.0,0.0,0.0,0.0,0.0,0.5217702984809875,0.0,0.4493865668773651,0.0
"TISTUD-5732",False,"test",0.0,0.0,0.0,0.0,0.0,0.6221561431884766,0.0,0.0,0.3708321452140808
"TISTUD-5693",False,"test",0.0,0.0,0.0,0.5185407996177673,0.0,0.0,0.0,0.0,0.46095964312553406
"TISTUD-5681",False,"test",0.0,0.0605803020298481,0.0,0.10781654715538025,0.0,0.29425808787345886,0.0,0.1688588559627533,0.36039483547210693
"TISTUD-5665",False,"test",0.0,0.0,0.18627706170082092,0.24194984138011932,0.0,0.42282360792160034,0.0,0.0,0.12669213116168976
"TISTUD-5664",False,"test",0.0,0.0,0.0,0.0,0.0,0.3816695809364319,0.14913639426231384,0.4461861252784729,0.0
"TISTUD-5662",False,"test",0.01011606678366661,0.010117437690496445,0.010115589015185833,0.010121637023985386,0.01012069545686245,0.010125077329576015,0.16170528531074524,0.010117720812559128,0.7674605250358582
"TISTUD-5661",False,"test",0.0,0.0,0.0,0.0,0.0,0.0,0.2324800044298172,0.0,0.7242776155471802
"TISTUD-5643",False,"test",0.0,0.0,0.0,0.0,0.32779446244239807,0.0,0.0,0.0,0.6444078683853149
"TISTUD-5631",False,"test",0.0,0.20007392764091492,0.0,0.0,0.0,0.0,0.09245668351650238,0.0,0.6883979439735413
"TISTUD-5629",False,"test",0.0,0.0,0.0,0.0,0.16864050924777985,0.0,0.0,0.14838935434818268,0.6649366021156311
"TISTUD-5622",False,"test",0.0,0.0,0.0,0.1747489869594574,0.0,0.3090752959251404,0.035315752029418945,0.0,0.46729162335395813
"TISTUD-5551",False,"test",0.0,0.6447218060493469,0.0,0.0,0.0,0.3356301486492157,0.0,0.0,0.0
"TISTUD-5541",False,"test",0.0,0.0,0.0,0.0,0.24690848588943481,0.0,0.0,0.20094040036201477,0.5203666090965271
"TISTUD-5513",False,"test",0.0,0.0,0.0,0.0,0.17539799213409424,0.0,0.7788015604019165,0.0,0.0
"TISTUD-5510",False,"test",0.0,0.0,0.0,0.6530745029449463,0.0,0.0,0.0,0.0,0.3200768232345581
"TISTUD-5503",False,"test",0.0,0.0,0.0,0.0,0.4075915515422821,0.0,0.14776712656021118,0.0,0.41898179054260254
"TISTUD-5502",False,"test",0.0,0.0,0.0,0.0,0.957646906375885,0.0,0.0,0.0,0.0
"TISTUD-5492",True,"test",0.0,0.0,0.12998589873313904,0.0,0.0,0.0,0.3259504735469818,0.0,0.5089364051818848
"TISTUD-5479",False,"test",0.0,0.0,0.23036499321460724,0.0,0.0,0.0,0.0,0.0,0.7177374362945557
"TISTUD-5469",False,"test",0.010113348253071308,0.010113186202943325,0.010113353841006756,0.010114263743162155,0.010112173855304718,0.6074127554893494,0.010114762000739574,0.3217899799346924,0.0101161552593112
"TISTUD-5467",False,"test",0.0,0.0,0.08726520091295242,0.0,0.0,0.0,0.0,0.0,0.8898404240608215
"TISTUD-5462",False,"test",0.0,0.06601910293102264,0.0,0.0,0.0,0.0,0.0,0.464749813079834,0.44825130701065063
"TISTUD-5441",False,"test",0.0,0.0,0.0,0.0,0.0,0.0,0.47963947057724,0.0,0.4987335801124573
"TISTUD-5439",False,"test",0.0,0.0,0.0,0.0,0.23324517905712128,0.0,0.11775164306163788,0.33235442638397217,0.30969732999801636
"TISTUD-5431",False,"test",0.0,0.0,0.0,0.029772503301501274,0.21540744602680206,0.0,0.5639006495475769,0.0,0.1849396824836731
"TISTUD-5418",False,"test",0.0,0.1618279665708542,0.0,0.0,0.0,0.0,0.48960062861442566,0.04391183704137802,0.29567793011665344
"TISTUD-5417",False,"test",0.0,0.0,0.0,0.0,0.14882168173789978,0.0,0.5883185267448425,0.11980099231004715,0.13543903827667236
"TISTUD-5408",False,"test",0.0,0.0,0.0,0.0,0.7418234944343567,0.0,0.22111660242080688,0.0,0.0
"TISTUD-5403",False,"test",0.304993212223053,0.0,0.0,0.0,0.0,0.0,0.2411142736673355,0.0,0.43674236536026
"TISTUD-5392",False,"test",0.0,0.0,0.0,0.2424677610397339,0.0,0.0,0.0,0.0,0.7324181795120239
"TISTUD-5386",False,"test",0.29812175035476685,0.0,0.0,0.5194595456123352,0.0,0.0,0.0,0.0,0.15771186351776123
"TISTUD-5372",False,"test",0.0,0.0,0.0,0.0,0.0,0.22457802295684814,0.0,0.0,0.7465941905975342
"TISTUD-5369",False,"test",0.0,0.0,0.0,0.0,0.27511247992515564,0.0,0.0,0.0,0.6937456727027893
"TISTUD-5366",False,"test",0.0,0.0,0.0,0.0,0.24741455912590027,0.28250637650489807,0.05049843341112137,0.08267524838447571,0.33055081963539124
"TISTUD-5365",False,"test",0.0,0.0,0.0,0.0,0.0854039117693901,0.0,0.4431900978088379,0.0,0.4528649151325226
"TISTUD-5360",False,"test",0.0,0.26262718439102173,0.0,0.0,0.2118733823299408,0.5052593350410461,0.0,0.0,0.0
"TISTUD-5355",False,"test",0.6116483211517334,0.0,0.0,0.15891312062740326,0.0,0.0,0.21089984476566315,0.0,0.0
"TISTUD-5338",False,"test",0.0,0.0,0.0,0.12471259385347366,0.0,0.6966407299041748,0.1692458838224411,0.0,0.0
"TISTUD-5329",False,"test",0.0,0.0,0.0,0.19171422719955444,0.053813669830560684,0.731461226940155,0.0,0.0,0.0
"TISTUD-5327",False,"test",0.0,0.0,0.0,0.0,0.0,0.14751070737838745,0.315400630235672,0.35075974464416504,0.17750221490859985
"TISTUD-5326",False,"test",0.0,0.0,0.0,0.22667182981967926,0.0,0.1436765491962433,0.10948582738637924,0.21002419292926788,0.29954415559768677
"TISTUD-5292",False,"test",0.0,0.0,0.0,0.0,0.0,0.0,0.6012259721755981,0.3814769685268402,0.0
"TISTUD-5279",False,"test",0.0,0.0,0.0,0.0,0.0,0.0,0.7573868036270142,0.0,0.2087552845478058
"TISTUD-5263",False,"test",0.0,0.0,0.3896332085132599,0.0,0.0,0.0,0.0,0.5860342383384705,0.0
"TISTUD-5235",False,"test",0.0,0.0,0.0,0.0,0.0,0.3935798704624176,0.20012794435024261,0.06524597853422165,0.3319287896156311
"TISTUD-5199",False,"test",0.07562632858753204,0.0,0.0,0.22297346591949463,0.0,0.5033119916915894,0.18484777212142944,0.0,0.0
"TISTUD-5195",False,"test",0.0,0.0,0.0,0.0,0.0,0.0,0.0,0.2706374228000641,0.7103766202926636
"TISTUD-5158",False,"test",0.8810405731201172,0.05708577111363411,0.0,0.0,0.058058302849531174,0.0,0.0,0.0,0.0
"TISTUD-5109",False,"test",0.4943293035030365,0.058284465223550797,0.0,0.0,0.3862287700176239,0.0,0.0,0.058876439929008484,0.0
"TISTUD-5105",False,"test",0.0,0.0,0.4985044598579407,0.0,0.0,0.0,0.0,0.12864118814468384,0.3600090444087982
"TISTUD-5077",False,"test",0.0,0.0,0.0,0.0,0.0,0.0,0.0,0.0,0.9907383322715759
"TISTUD-5076",False,"test",0.0,0.0,0.0,0.0,0.0,0.0,0.0,0.0,0.9907383322715759
"TISTUD-5074",False,"test",0.0,0.0,0.0,0.0,0.0,0.0,0.0,0.0,0.9907382130622864
"TISTUD-5068",False,"test",0.0,0.0,0.0,0.0,0.0,0.0,0.0,0.0,0.9907383918762207
"TISTUD-5060",False,"test",0.0,0.0,0.4419955909252167,0.0,0.0,0.0,0.0,0.2171146273612976,0.32752466201782227
"TISTUD-5059",False,"test",0.0,0.0,0.5051531791687012,0.0,0.10977557301521301,0.0476163811981678,0.0,0.0,0.3224128782749176
"TISTUD-5046",False,"test",0.0,0.15700769424438477,0.0,0.0,0.0,0.0,0.2386970818042755,0.0,0.5852265954017639
"TISTUD-5040",False,"test",0.0,0.0,0.0,0.40593451261520386,0.0,0.41391271352767944,0.0,0.0,0.16921603679656982
"TISTUD-5039",False,"test",0.0,0.04640650004148483,0.0,0.0,0.0,0.5396001935005188,0.39976558089256287,0.0,0.0
"TISTUD-5029",False,"test",0.0,0.0,0.05911513790488243,0.0,0.0,0.27134212851524353,0.44616371393203735,0.0,0.20350950956344604
"TISTUD-4956",False,"test",0.14932698011398315,0.0,0.0,0.0,0.0,0.17092451453208923,0.5102145671844482,0.0,0.1536434292793274
"TISTUD-4930",False,"test",0.0,0.0,0.2784087657928467,0.12019800394773483,0.05028437450528145,0.17865335941314697,0.36702635884284973,0.0,0.0
"TISTUD-4831",False,"test",0.0,0.0,0.0,0.0,0.0,0.0,0.0,0.0,0.9613187313079834
"TISTUD-4783",False,"test",0.0,0.0,0.0,0.484590619802475,0.0,0.4795537292957306,0.0,0.0,0.0
"TISTUD-4525",False,"test",0.0,0.0,0.18112321197986603,0.056698206812143326,0.2644124925136566,0.0,0.4255800247192383,0.06392768025398254,0.0
"TISTUD-4518",False,"test",0.051251158118247986,0.0,0.0,0.0,0.0,0.0,0.0,0.31883031129837036,0.6165598034858704
"TISTUD-4389",False,"test",0.0,0.0,0.0,0.2970481812953949,0.0,0.4715070426464081,0.2203209549188614,0.0,0.0
"TISTUD-4364",False,"test",0.0,0.0,0.0,0.0,0.0,0.0,0.0,0.0,0.9476858973503113
"TISTUD-4359",False,"test",0.0,0.0,0.0,0.0,0.0,0.0,0.0,0.0,0.9444007277488708
"TISTUD-4356",False,"test",0.0,0.0,0.0,0.0,0.0,0.0,0.25428926944732666,0.20417828857898712,0.5044444799423218
"TISTUD-4336",False,"test",0.0,0.0,0.0,0.4554135501384735,0.06361255049705505,0.0,0.0,0.0,0.47054195404052734
"TISTUD-4335",False,"test",0.0,0.0,0.0,0.0,0.0,0.0,0.6509501934051514,0.0,0.32856112718582153
"TISTUD-4318",False,"test",0.0,0.0,0.0,0.25304287672042847,0.0,0.4989476203918457,0.03869997337460518,0.017050577327609062,0.18661397695541382
"TISTUD-4215",False,"test",0.0,0.0,0.0,0.05264534056186676,0.0,0.16892139613628387,0.1877756118774414,0.0,0.5721126198768616
"TISTUD-4087",False,"test",0.10243061929941177,0.4197049140930176,0.0,0.0,0.0,0.10245037823915482,0.24966605007648468,0.01867988146841526,0.10547090321779251
"TISTUD-4031",False,"test",0.0,0.0,0.0,0.0,0.22529840469360352,0.0,0.0,0.7337065935134888,0.0
"TISTUD-4022",False,"test",0.0,0.0,0.0,0.0,0.0,0.974583625793457,0.0,0.0,0.0
"TISTUD-4014",False,"test",0.18941935896873474,0.0,0.0,0.0,0.0,0.0,0.0,0.4060892164707184,0.3878084719181061
"TISTUD-3971",False,"test",0.0,0.0,0.0,0.0,0.0,0.24128471314907074,0.16288164258003235,0.0,0.5749775767326355
"TISTUD-3970",False,"test",0.0,0.0,0.0,0.0,0.0,0.8093485832214355,0.0,0.0,0.16182228922843933
"TISTUD-3814",False,"test",0.0,0.12145742774009705,0.2857387363910675,0.0,0.0,0.0,0.0,0.4404183626174927,0.1355379968881607
"TISTUD-3804",False,"test",0.0,0.0,0.0,0.0,0.0,0.0,0.14608263969421387,0.0,0.8270450830459595
"TISTUD-3669",False,"test",0.0,0.0,0.0,0.0,0.0,0.05203039199113846,0.39989525079727173,0.2345372587442398,0.3068167269229889
"TISTUD-3142",False,"test",0.0,0.0,0.0,0.7546674609184265,0.0,0.0,0.0,0.0,0.1966063678264618
"TISTUD-3022",False,"test",0.0,0.08184191584587097,0.0,0.0,0.0,0.4985296130180359,0.0,0.0,0.4040992558002472
"TISTUD-2948",False,"test",0.0,0.0,0.4039405882358551,0.0,0.0,0.0,0.20955146849155426,0.3513462245464325,0.0
"TISTUD-2905",False,"test",0.049968548119068146,0.0,0.0,0.08464883267879486,0.0,0.8416112661361694,0.0,0.0,0.011682276614010334
"TISTUD-2300",False,"test",0.15417329967021942,0.0,0.07386273890733719,0.3851160705089569,0.0,0.1599680781364441,0.0,0.0,0.21970246732234955
"TISTUD-1541",False,"test",0.0,0.08202408999204636,0.0,0.0,0.3719078302383423,0.0,0.0,0.0,0.5212917923927307
"TISTUD-273",False,"test",0.0,0.2371930330991745,0.0,0.0,0.0,0.0,0.1536768525838852,0.2868224084377289,0.30636289715766907
